NongDo/Fusa 17.1h.grd
DSAA
463	323
2	464
2	324
0	10
[rows 56 to 83 of 323, columns 256 to 319 of 463]
0 0 0 0 0 0 0 0 0 0 0 0 0 0 0 0 0 0 0 0 0 0 0 0 0 0 0 0 0 0 0 0 0 0 0 0 0 0 0 0 0 0 0 0 0 0 0 0 0 0 0 0 0 0 0 0 0 0 0 0 0 0 0 0
0 0 0 0 0 0 0 0 0 0 0 0 0 0 0 0 0 0 0 0 0 0 0 0 0 0 0 0 0 0 0 0 0 0 0 0 0 0 0 0 0 0 0 0 0 0 0 0 0 0 0 0 0 0 0 0 0 0 0 0 0 0 0 0
0 0 0 0 0 0 0 0 0 0 0 0 0 0 0 0 0 0 0 0 0 0 0 0 0 0 0 0 0 0 0 0 0 0 0 0 0 0 0 0 0 0 0 0 0 0 0 0 0 0 0 0 0 0 0 0 0 0 0 0 0 0 0 0
0 0 0 0 0 0 0 0 0 0 0 0 0 0 0 0 0 0 0 0 0 0 0 0 0 0 0 0 0 0 0 0 0 0 0 0 0 0 0 0 0 0 0 0 0 0 0 0 0 0 0 0 0 0 0 0 0 0 0 0 0 0 0 0
0 0 0 0 0 0 0 0 0 0 0 0 0 0 0 0 0 0 0 0 0 0 0 0 0 0 0 0 0 0 0 0 0 0 0 0 0 0 0 0 0 0 0 0 0 0 0 0 0 0 0 0 0 0 0 0 0 0 0 0 0 0 0 0
0 0 0 0 0 0 0 0 0 0 0 0 0 0 0 0 0 0 0 0 0 0 0 0 0 0 0 0 0 0 0 0 0 0 0 0 0 0 0 0 0 0 0 0 0 0 0 0 0 0 0 0 0 0 0 0 0 0 0 0 0 0 0 0
0 0 0 0 0 0 0 0 0 0 0 0 0 0 0 0 0 0 0 0 0 0 0 0 0 0 0 0 0 0 0 0 0 0 0 0 0 0 0 0 0 0 0 0 0 0 0 0 0 0 0 0 0 0 0 0 0 0 0 0 0 0 0 0
0 0 0 0 0 0 0 0 0 0 0 0 0 0 0 0 0 0 0 0 0 0 0 0 0 0 0 0 0 0 0 0 0 0 0 0 0 0 0 0 0 0 0 0 0 0 0 0 0 0 0 0 0 0 0 0 0 0 0 0 0 0 7.08200126678078E-03 7.09026848791958E-03
0 0 0 0 0 0 0 0 0 0 0 0 0 0 0 0 0 0 0 0 0 0 0 0 0 0 0 0 0 0 0 0 0 0 0 0 0 0 0 0 0 0 0 0 0 0 0 0 0 0 0 0 0 0 0 0 0 0 7.04899700787495E-03 7.05719113650985E-03 7.06527643270392E-03 7.07338428273775E-03 7.08200126678078E-03 7.09026848791958E-03
0 0 0 0 0 0 0 0 0 0 0 0 0 0 0 0 0 0 0 0 0 0 0 0 0 0 0 0 0 0 0 0 0 0 0 0 0 0 0 0 0 0 0 0 0 0 0 0 0 0 0 0 0 0 7.01497707090376E-03 7.02368241679256E-03 7.0321101017256E-03 7.04043332514449E-03 7.04899700787495E-03 7.05719113650985E-03 7.06527643270392E-03 7.07338428273775E-03 7.08155502161426E-03 7.08969118970802E-03
0 0 0 0 0 0 0 0 0 0 0 0 0 0 0 0 0 0 0 0 0 0 0 0 0 0 0 0 0 0 0 0 0 0 0 0 0 0 0 0 0 0 0 0 0 0 0 0 0 0 0 6.98638771519731E-03 6.99614224047559E-03 7.00560237009978E-03 7.01497707090376E-03 7.02368241679256E-03 7.0321101017256E-03 7.04043332514449E-03 7.04869532227303E-03 7.05688297028117E-03 7.06493809928478E-03 7.07295818045001E-03 7.08094696491667E-03 7.08894100039031E-03
0 0 0 0 0 0 0 0 0 0 0 0 0 0 0 0 0 0 0 0 0 0 0 0 0 0 0 0 0 0 0 0 0 0 0 0 0 0 0 0 0 0 0 0 0 6.92239355284422E-03 6.93408819793881E-03 6.94514765689939E-03 6.95573551201982E-03 6.96606466690676E-03 6.97618881885417E-03 6.98638771519731E-03 6.99614224047559E-03 7.00560237009978E-03 7.01472138258526E-03 7.02347061952749E-03 7.03193800916863E-03 7.04026275228768E-03 7.04846739966345E-03 7.05661965530951E-03 7.06465971265426E-03 7.07264456154159E-03 7.08057575730816E-03 7.08849630363545E-03
0 0 0 0 0 0 0 0 0 0 0 0 0 0 0 0 0 0 0 0 0 0 0 0 0 0 0 0 0 0 0 0 0 0 0 0 0 0 0 0 0 0 0 6.89624694538942E-03 6.90932598184294E-03 6.92239355284422E-03 6.93408819793881E-03 6.94514765689939E-03 6.95573551201982E-03 6.96606466690676E-03 6.97618881885417E-03 6.98622040211537E-03 6.99597675448328E-03 7.00544730687178E-03 7.01457808347115E-03 7.02340991166136E-03 7.03197970784318E-03 7.04038657845745E-03 7.04865533059421E-03 7.05684316626669E-03 7.06493240306735E-03 7.07296030768965E-03 7.08093069663224E-03 7.08887204639757E-03
6.38957823039408E-03 6.4031890797814E-03 6.41653906502807E-03 6.42965729527458E-03 6.44257103770252E-03 6.45538770946013E-03 6.46803121588603E-03 6.48050452001423E-03 6.49282888508607E-03 6.50513198485082E-03 6.51744752484313E-03 6.5298461301886E-03 6.54217874334706E-03 6.55436718068282E-03 6.56635059334589E-03 6.57822322898722E-03 6.58997760310373E-03 6.60170092102348E-03 6.61329156773551E-03 6.62475759968697E-03 6.63609719409282E-03 6.6474406663307E-03 6.65880446818288E-03 6.67027839926647E-03 6.68173006388396E-03 6.69310667744472E-03 6.70432856340808E-03 6.71547188228656E-03 6.7264804977327E-03 6.73741813728905E-03 6.74816437160735E-03 6.7587436780154E-03 6.76916711740651E-03 6.77963674477533E-03 6.79033503137366E-03 0 0 0 0 6.84579726742223E-03 6.85730733775689E-03 6.86988197669407E-03 6.88292035748213E-03 6.89624694538942E-03 6.90932598184294E-03 6.92196290388196E-03 6.93379771505162E-03 6.94498693768967E-03 6.95569982919657E-03 6.96612840008343E-03 6.97632266579287E-03 6.98636697771046E-03 6.99617326746468E-03 7.00572878525115E-03 7.01498315394874E-03 7.02397064645096E-03 7.03271452035287E-03 7.04128866622298E-03 7.04971455788119E-03 7.05804022145675E-03 7.06626556621024E-03 7.07442278989667E-03 7.08252052732538E-03 7.09058547722219E-03
6.38957823039408E-03 6.4031890797814E-03 6.41653906502807E-03 6.42965729527458E-03 6.44257103770252E-03 6.45538770946013E-03 6.46803121588603E-03 6.48050452001423E-03 6.49282888508607E-03 6.50513198485082E-03 6.51744752484313E-03 6.5298461301886E-03 6.54217874334706E-03 6.55436718068282E-03 6.56635059334589E-03 6.57822322898722E-03 6.58997760310373E-03 6.60170092102348E-03 6.61329156773551E-03 6.62475759968697E-03 6.63609719409282E-03 6.6474406663307E-03 6.65880446818288E-03 6.67027839926647E-03 6.68173006388396E-03 6.69310667744472E-03 6.70432856340808E-03 6.71547188228656E-03 6.7264804977327E-03 6.73741813728905E-03 6.74816437160735E-03 6.7587436780154E-03 6.76916711740651E-03 6.77963674477533E-03 6.79033503137366E-03 6.80271961861443E-03 6.81359592992457E-03 6.8244672225342E-03 6.83541028221967E-03 6.84579726742223E-03 6.85730733775689E-03 6.86988197669407E-03 6.88292035748213E-03 6.89611580942631E-03 6.90910565458641E-03 6.92170536230426E-03 6.93370297414902E-03 6.94512117098955E-03 6.95607571832573E-03 6.96672003815587E-03 6.97710049482065E-03 6.98730128817382E-03 6.99726980748909E-03 7.00700728987596E-03 7.01647358049769E-03 7.02569242412017E-03 7.03468332716104E-03 7.04350475694773E-03 7.05217396140969E-03 7.06073087925256E-03 7.06918200583506E-03 7.07755676183938E-03 7.08587136713073E-03 7.09415400428363E-03
6.38984947532188E-03 6.40372859581183E-03 6.41722427392907E-03 6.43044674816145E-03 6.4434511786432E-03 6.4563436119974E-03 6.46905894333191E-03 6.48158911733272E-03 6.49396696531735E-03 6.50630738654377E-03 6.51865420204154E-03 6.53109703243785E-03 6.54347528840852E-03 6.55568149499354E-03 6.56768803561544E-03 6.57958090941482E-03 6.59136470788273E-03 6.60311233343696E-03 6.61473948717129E-03 6.62623916964772E-03 6.63762077383669E-03 6.64899484741739E-03 6.66039021025323E-03 6.67190723943157E-03 6.6834104059502E-03 6.69482064736226E-03 6.70608209611579E-03 6.71725687152979E-03 0.006728299816531 6.73925357388085E-03 6.75001073526028E-03 6.76056668582992E-03 6.77092908016645E-03 6.78125659706592E-03 6.79170918305437E-03 6.80271961861443E-03 6.81359592992457E-03 6.8244672225342E-03 6.83541028221967E-03 6.84657064169271E-03 6.85833318144206E-03 6.87086024499965E-03 6.88377240010324E-03 6.89680343288034E-03 6.90970975949821E-03 6.92236258312369E-03 6.93456769980905E-03 6.94628517142335E-03 6.95756782630603E-03 6.96852425929175E-03 6.97919582198944E-03 6.98966344104841E-03 6.99989522707234E-03 7.00990102215514E-03 7.0196541130829E-03 7.02917314896579E-03 7.03847742449463E-03 7.04761558417212E-03 7.05660169535545E-03 7.06546655441026E-03 7.07422051810397E-03 7.08289237357636E-03 7.09150365783418E-03 7.10008344675517E-03
6.39097144740616E-03 6.40503124486298E-03 6.41871120477117E-03 6.43210521024603E-03 6.44527192734434E-03 6.45830228922181E-03 6.47115133772034E-03 6.48380743445678E-03 6.49631271179357E-03 6.50875789961888E-03 6.52118673083806E-03 6.5336934232731E-03 6.5461245064644E-03 6.55836847026845E-03 6.57043289047521E-03 6.58238353051292E-03 6.59423408085161E-03 6.60603750552364E-03 6.61773815393169E-03 6.62931960351676E-03 6.64080262892727E-03 6.65226720258371E-03 6.66374704363198E-03 6.67533808240062E-03 6.68691374264442E-03 6.69838653157761E-03 6.70972788566751E-03 6.72097484159289E-03 6.73209232752731E-03 6.74309736497769E-03 6.75390848340979E-03 6.7644999531155E-03 6.77488529607427E-03 6.78517532095513E-03 6.79549428075594E-03 6.80609755117119E-03 6.8168042310101E-03 6.82760202175262E-03 6.83854106670048E-03 6.84980986043413E-03 6.86153980116459E-03 6.87386499918546E-03 6.88655394613764E-03 6.89940903690872E-03 6.91224517467952E-03 6.92496275666923E-03 6.93737308714045E-03 6.94939974254092E-03 6.96103833005985E-03 6.9723546516525E-03 6.98337719251283E-03 6.9941782612058E-03 7.0047363456952E-03 7.01506696373731E-03 7.02515655856323E-03 7.03502233205208E-03 7.04468560480313E-03 7.05418757284226E-03 7.06354026531075E-03 7.07276584382574E-03 7.08187935153215E-03 7.09090681060271E-03 7.09987392932442E-03 7.10880857684494E-03
6.39289781659047E-03 6.40717812488487E-03 6.42110312285172E-03 6.43474113722057E-03 6.44814279542716E-03 6.4613752978329E-03 6.47441817864678E-03 6.48727572288652E-03 6.49998344189496E-03 6.51260935993359E-03 6.52518988031371E-03 6.53777994183779E-03 6.55027308922212E-03 6.56260019030794E-03 6.57477106395499E-03 6.58683105642004E-03 6.59879571569533E-03 6.61070065145397E-03 6.62251510004864E-03 6.63423485065981E-03 6.64587841739451E-03 6.65750134774392E-03 6.66913312464587E-03 0.006680830058544 6.6924994427445E-03 6.70408204360171E-03 6.71555370592112E-03 6.72692667186879E-03 6.73816924794532E-03 6.74927951310285E-03 6.76019693314157E-03 6.77090264619474E-03 6.78140735683071E-03 6.79178892241767E-03 6.80214265693015E-03 6.81263978198844E-03 6.82324839224598E-03 6.83399087265107E-03 6.8449131624773E-03 6.8561531963647E-03 6.86778439560359E-03 6.87990224282544E-03 6.89237157429795E-03 6.9050672678133E-03 6.91784208566572E-03 6.93060069122828E-03 6.94317373743634E-03 6.95546231008091E-03 6.96742647280012E-03 6.97909153339509E-03 6.99047159106345E-03 7.00161597516632E-03 7.01251358855478E-03 7.0231818822929E-03 7.03361824636458E-03 7.04384391739702E-03 7.05388126081667E-03 7.06376313489167E-03 7.07350007270498E-03 7.0831102186652E-03 7.09260930948365E-03 7.10202304866826E-03 7.11137775662632E-03 7.12069988279686E-03
6.39571940877421E-03 6.41029752385193E-03 6.42454062657951E-03 6.43849549114356E-03 6.45220407513719E-03 6.4657146702023E-03 6.4790297660068E-03 6.49216502581189E-03 6.5051432241722E-03 6.51801322172048E-03 6.53080088206945E-03 6.54352886576991E-03 6.55614941124076E-03 6.56862808867323E-03 6.58096437618571E-03 6.59318973402309E-03 6.60532213411206E-03 6.61738717815925E-03 6.62937746874444E-03 6.64129737851946E-03 6.6531570825293E-03 6.66499324271314E-03 6.67682679608083E-03 6.68868264365992E-03 6.70051273643697E-03 6.71227563516348E-03 6.72393833522906E-03 6.73549527473645E-03 6.74691939633645E-03 6.75819764636953E-03 6.76929096893862E-03 6.78018539981266E-03 6.79088417376602E-03 6.80144266324079E-03 6.81193397028618E-03 6.82247923395863E-03 6.83311394792589E-03 6.84388968550509E-03 6.85485142903419E-03 6.86610042252278E-03 6.87769388824328E-03 6.88970409521964E-03 6.90205643809559E-03 6.91466470083896E-03 6.92740434563524E-03 6.94018814922287E-03 6.95287544341446E-03 6.96535446570542E-03 6.97756847697118E-03 6.9895125545093E-03 7.00118997795374E-03 7.01262829935853E-03 7.0238301205273E-03 7.03480661959536E-03 7.04556645182863E-03 7.0561293427135E-03 7.06651876631144E-03 7.07676088621249E-03 7.08687011399846E-03 7.09685809816178E-03 7.10674172887364E-03 7.11654431527763E-03 7.12629207409649E-03 7.13600865664766E-03
6.39961350152671E-03 6.41457610484111E-03 6.42921705529872E-03 6.44356932538262E-03 6.45766579791597E-03 6.47154696817534E-03 6.48522306350729E-03 6.49871199289021E-03 6.51203082180902E-03 6.52521469727275E-03 6.53827990180085E-03 6.55124042459579E-03 6.56407790937812E-03 6.57677970777114E-03 6.58934659084407E-03 6.60180360120514E-03 6.61416930514908E-03 6.62646925782605E-03 6.63870757010361E-03 6.65089198944089E-03 6.66302854623105E-03 6.67514110594248E-03 6.68724181615213E-03 6.69934340136917E-03 6.71141798059196E-03 6.72343355256272E-03 6.73535255511881E-03 6.74715909125454E-03 6.75882663885828E-03 6.77034105292636E-03 6.78167463400228E-03 6.79281658512264E-03 6.8037665623111E-03 6.81456649324238E-03 6.82527525856157E-03 6.83598978230339E-03 6.84677068834594E-03 6.85768499790563E-03 6.86878029984158E-03 6.88013903992331E-03 6.89180911192992E-03 6.90385010071397E-03 6.91620927721934E-03 6.92881737631566E-03 6.94156563738023E-03 6.95437860838215E-03 6.96713459965394E-03 6.97972901868451E-03 6.99209914018659E-03 7.00422523962721E-03 7.01610384848313E-03 7.02775321549811E-03 7.03917980500034E-03 7.05039541834463E-03 7.06141252556203E-03 7.07225137721361E-03 7.08293545291238E-03 7.09348818659788E-03 7.10392409846892E-03 7.11425205208601E-03 7.12448803023479E-03 7.13465316400213E-03 7.14477182780641E-03 7.15486391588138E-03
6.40474608032488E-03 6.42019330737569E-03 6.43532436421349E-03 6.45016471570535E-03 6.4647402899121E-03 6.4790864680952E-03 6.49321364404928E-03 6.50713867316651E-03 6.52087726703061E-03 6.53445586245121E-03 6.54788520571852E-03 6.56117706881461E-03 6.57432698348763E-03 6.5873354167877E-03 6.60021076273023E-03 6.61297728005786E-03 6.62565513147038E-03 6.63827203682123E-03 6.65083698888313E-03 6.66335899461031E-03 6.6758435100578E-03 6.68830630936367E-03 6.70075313541492E-03 6.71319095689962E-03 6.72559832111414E-03 6.73794383570452E-03 6.75018846648175E-03 6.76231062822861E-03 6.7742842440166E-03 6.78609607848439E-03 6.79772436935337E-03 6.80916039186343E-03 6.82040495010005E-03 6.83149435524412E-03 6.84248113982033E-03 6.85345169871865E-03 6.86447432049526E-03 6.87562091876943E-03 6.88694159223918E-03 6.89850978141789E-03 6.91036395007259E-03 6.92255269320019E-03 6.93502201853884E-03 6.94770680525328E-03 6.96051006946958E-03 6.97336671200407E-03 6.98616940956241E-03 6.99882057237866E-03 7.01126071821594E-03 7.02347021569918E-03 7.0354496660658E-03 7.04721421079109E-03 7.05877440375155E-03 7.07014178376276E-03 7.08133169024705E-03 7.09236632684509E-03 7.10327212460571E-03 7.11406874235132E-03 7.12477052365243E-03 7.13538227051715E-03 7.14591930855944E-03 7.15640143528246E-03 7.16685064562062E-03 7.17728084697489E-03
6.41131742794634E-03 6.42735739339421E-03 6.4430811300498E-03 6.45850897932044E-03 6.47366249478171E-03 6.48856953799368E-03 6.50324057769433E-03 6.5176923220865E-03 6.53193967130708E-03 6.54600262174119E-03 6.55988934206285E-03 6.57361033591154E-03 6.58716911559553E-03 6.60057644633977E-03 6.61384881297146E-03 6.62701202170702E-03 6.64008916700693E-03 6.65310962098122E-03 6.66608514059398E-03 6.6790263683667E-03 6.69193908978599E-03 6.70483378148416E-03 6.71771062304067E-03 6.73057383240352E-03 6.74339924812578E-03 6.75615021254266E-03 6.76878583681608E-03 6.7812825795685E-03 6.79361467286995E-03 6.80577106443691E-03 6.81773358780995E-03 6.82949603790699E-03 6.84106425193941E-03 6.8524760187552E-03 6.86378313446289E-03 6.87506850446063E-03 6.88640074221053E-03 6.89784856532337E-03 6.90946210570014E-03 6.92130916684669E-03 6.93342082197937E-03 6.94582360578237E-03 6.95845431420785E-03 6.97125141740743E-03 6.98412853326878E-03 6.99702528367185E-03 7.00984274132128E-03 7.02249696798469E-03 7.03493701423519E-03 7.04715163159091E-03 7.05914828254241E-03 7.07094340667439E-03 7.08255228644789E-03 7.09398780121336E-03 7.10526946489076E-03 7.11642440705028E-03 7.1274805089821E-03 7.13845321284321E-03 7.14935543473895E-03 7.16019014114646E-03 7.17097290390367E-03 7.18172098017703E-03 7.19245243903252E-03 7.20317358659312E-03
6.41955219717828E-03 6.43629682488338E-03 6.45272073382679E-03 6.46883922434106E-03 6.48467041849968E-03 6.50023517803215E-03 6.51554628631872E-03 6.53061930122781E-03 6.54546792149349E-03 6.56010740947707E-03 6.5745460127207E-03 6.58879289684097E-03 6.60285842255593E-03 6.6167609871163E-03 6.63052370146275E-03 6.64417490584994E-03 6.65774126746137E-03 6.67125358159708E-03 6.68472608077105E-03 6.6981706018022E-03 6.71159345011385E-03 6.72500190184295E-03 6.73839090505303E-03 6.75176069583962E-03 6.76507649562325E-03 6.77829386833723E-03 6.79137062755672E-03 6.80428384041639E-03 6.81700789862438E-03 6.82953464278472E-03 6.84184843623436E-03 6.85394861197745E-03 6.86585087773701E-03 6.87759935712438E-03 6.88924678527028E-03 6.90087632854154E-03 6.91255026690877E-03 6.92433059156726E-03 6.93626428626994E-03 6.94841206692056E-03 6.96079085115791E-03 6.97340827878846E-03 6.9862004101083E-03 6.99910200292764E-03 7.01203697238869E-03 7.02494841852053E-03 7.03775348711351E-03 7.05037257722837E-03 7.06276850766295E-03 7.07493835647563E-03 7.08689691452208E-03 7.09866253991263E-03 7.11025986528877E-03 7.12170282352652E-03 7.13302122974405E-03 7.14424403734382E-03 7.1553978569522E-03 7.16649210313033E-03 7.17754201934055E-03 7.18854733078127E-03 7.19952387128832E-03 7.21048746452605E-03 7.22145092322315E-03 7.2324130193722E-03
6.42974139486754E-03 6.44730508658299E-03 6.46454018911861E-03 6.48145696527364E-03 6.49806961676252E-03 6.51439396578218E-03 6.5304434972252E-03 6.54623320728415E-03 6.56177628480234E-03 6.57708508956753E-03 6.59216840078787E-03 6.60703519347495E-03 6.62170172443795E-03 6.6361938921957E-03 6.6505401655306E-03 6.66477125713644E-03 6.67891655991155E-03 6.69300636249413E-03 6.70705648953884E-03 6.72108158370618E-03 6.7350886537895E-03 6.74908198113456E-03 6.76305162004437E-03 6.77698837799601E-03 6.79084285895416E-03 6.80456406727573E-03 6.81810858733882E-03 6.83145397067156E-03 6.84457774402849E-03 6.85747361964854E-03 6.87013019691875E-03 6.88255886529697E-03 6.89478726773021E-03 6.90686697305465E-03 6.91885449751711E-03 6.93083005964457E-03 6.94284609097394E-03 6.95495827075602E-03 6.96720710753985E-03 6.97964035732554E-03 6.99226068655564E-03 0.007005057618076 7.01796617442711E-03 7.03092690578594E-03 7.04387499519662E-03 0.007056756712551 7.06949977879468E-03 7.08203894639314E-03 7.09435148473319E-03 7.10643950401686E-03 7.11832325161715E-03 7.13002545795883E-03 7.1415763860311E-03 7.15299597123696E-03 7.16432326590493E-03 7.17558293594172E-03 7.18679766029792E-03 7.19797465520412E-03 7.20913050430991E-03 7.22026399066268E-03 7.23139277048844E-03 7.24252616487723E-03 7.25367211875067E-03 7.26482558194135E-03
6.44222602657534E-03 6.4607276950988E-03 6.4788884656991E-03 6.49671308167854E-03 6.51421222970697E-03 6.53139737699194E-03 6.54828264096405E-03 6.56488247718528E-03 6.58121077704822E-03 6.59727786458929E-03 6.61309490777564E-03 6.6286709656056E-03 6.64402931416998E-03 6.65920245169507E-03 6.67422205438522E-03 6.68911919640184E-03 6.70392379343006E-03 6.71866586625877E-03 6.7333639624885E-03 6.74803383607331E-03 6.76268123020695E-03 6.77730742176232E-03 6.79189497172831E-03 6.80642715937958E-03 6.82084050126735E-03 6.83507253142481E-03 6.84907580060739E-03 6.86283360553289E-03 6.87633028617509E-03 6.88956489419227E-03 6.9025377754471E-03 6.91526981811314E-03 6.92779668478768E-03 6.94017900964711E-03 6.95247573199456E-03 6.96476817954045E-03 6.97710080795283E-03 6.98951496821553E-03 7.00203645637988E-03 7.01470195394795E-03 7.02750590275021E-03 7.04041899735243E-03 7.0533849184049E-03 7.06634762973974E-03 7.07925619007001E-03 7.09205983691177E-03 7.10470469356232E-03 7.11713102514167E-03 7.12932756796548E-03 7.14130701373056E-03 0.00715310116504 7.16473275964889E-03 7.17623486777749E-03 7.18762906536459E-03 0.007198952886326 7.21023083437453E-03 7.22148724971854E-03 7.23272542991471E-03 7.24395979160593E-03 7.25518779089563E-03 7.2664241424932E-03 7.2776780405603E-03 7.28895834903398E-03 7.30025693481152E-03
6.45742480703694E-03 6.47698466689223E-03 6.49618562552437E-03 6.51502714530769E-03 6.53351674500724E-03 6.55166248886205E-03 6.56947877763592E-03 6.58698044233208E-03 6.60418153164981E-03 6.62109208557362E-03 6.63772625858317E-03 6.65409587043357E-03 6.67023171719051E-03 6.68617125697877E-03 6.70194621247753E-03 6.71758600164311E-03 6.7331198791257E-03 6.74857688049481E-03 6.76397620712855E-03 6.77933347335245E-03 6.79465253405977E-03 6.80993234977477E-03 6.82514766627498E-03 6.8402714223891E-03 6.85522011880869E-03 6.86992364306558E-03 6.88433913163106E-03 6.89846082488111E-03 6.91227949766884E-03 6.92580312906384E-03 6.93904293898303E-03 0.006952029797542 6.96480788474281E-03 6.97744714233802E-03 6.99000753085771E-03 7.00256893465715E-03 7.01516076829456E-03 7.02781057929685E-03 7.04053225931348E-03 7.0533544728426E-03 7.06626050414416E-03 7.07921084858722E-03 7.09215962544484E-03 7.10505899494849E-03 7.11787146448053E-03 7.1305495356156E-03 7.14305449490101E-03 7.15533384211364E-03 7.1673930616994E-03 7.1792539660442E-03 7.19095644466407E-03 7.20251934238761E-03 7.21397730390527E-03 7.22535015984906E-03 7.23667170175868E-03 7.24796330323586E-03 7.25925019497816E-03 7.27053148206085E-03 7.28182013962634E-03 7.29311119960313E-03 7.30441929706948E-03 7.31575270985473E-03 7.32712258775191E-03 7.33851853312311E-03
6.47582780894565E-03 6.49656631912731E-03 6.51691976114736E-03 6.53688318470217E-03 6.55646224936278E-03 6.57566313284693E-03 6.5945013142521E-03 6.61299157379412E-03 6.63114784101023E-03 6.64898075765642E-03 6.66650942148208E-03 6.68375027173007E-03 6.70074107427343E-03 6.71752147874316E-03 6.73411947459894E-03 6.7505617800689E-03 6.76687592407672E-03 6.7830890642041E-03 6.79921815731038E-03 6.81527608243865E-03 6.83126399591575E-03 6.84718058421503E-03 6.86299149182619E-03 6.87865373030501E-03 6.89406149440341E-03 6.90915204034667E-03 6.92390127174157E-03 6.9383160936149E-03 6.95239145306786E-03 6.96614115922699E-03 6.97958314660261E-03 6.99275964404574E-03 7.00572588618562E-03 7.01855943438647E-03 7.03131601479497E-03 7.04407071784607E-03 7.05683149728449E-03 7.06961934795723E-03 7.08244760728699E-03 7.09533824909892E-03 7.10826524805688E-03 7.12117776972804E-03 7.13404454583952E-03 7.14682667739783E-03 7.15950148264695E-03 7.17201961092278E-03 7.18435824800612E-03 7.19647083964633E-03 7.20838700196555E-03 7.22013405594148E-03 0.007231750674617 7.24324797034853E-03 7.2546639545832E-03 7.26601550394863E-03 7.27733448325705E-03 7.28863578324223E-03 7.29994098564935E-03 7.31124387053833E-03 7.32255926537519E-03 7.33387968370612E-03 7.34522329346734E-03 7.35659654383103E-03 7.36800904865099E-03 7.3794489596475E-03
6.49798456872121E-03 6.52001654090773E-03 6.54162691797959E-03 6.56280966295732E-03 6.58356901351101E-03 6.60391232550833E-03 6.62385547405491E-03 6.64341223321659E-03 6.66259649696662E-03 6.68142247250669E-03 6.69991257766657E-03 6.71809402034077E-03 6.73600850121924E-03 6.75368931554927E-03 6.77115867315108E-03 6.78844303056655E-03 6.80556685472865E-03 6.82255344217058E-03 6.83941403134235E-03 6.85615420597336E-03 6.87277148682163E-03 6.88926493841826E-03 6.90559771846381E-03 6.92169170265775E-03 6.93743676495513E-03 6.95280527445169E-03 6.96779551957114E-03 6.98241715854009E-03 6.99666732475982E-03 7.01056451533716E-03 7.02413253271707E-03 7.03742534683932E-03 7.05050653163572E-03 7.06345315939465E-03 7.07632042521952E-03 0.007089161903206 7.10197163767509E-03 7.11478222999628E-03 7.12761297766324E-03 7.14047196011524E-03 7.15332197207655E-03 7.16611849839798E-03 7.17884390927368E-03 7.19146718562882E-03 7.20397226919212E-03 7.21630931433485E-03 7.22846425048981E-03 7.24040948806758E-03 7.25219635027377E-03 7.26384195280269E-03 7.27537667243989E-03 7.2868090043432E-03 7.29818048552057E-03 7.3095035025611E-03 7.32080907093174E-03 7.33210359944824E-03 7.34340276285052E-03 7.35469858390014E-03 7.36600686653884E-03 7.37732103058037E-03 7.38866321014867E-03 7.40003262634338E-03 7.41143504849742E-03 7.42286021428277E-03
