NongDo/Fusa 14.2h.grd
DSAA
463	323
2	464
2	324
0	10
[rows 140 to 167 of 323, columns 192 to 255 of 463]
7.07452290583606E-03 7.13534439752171E-03 7.19538257817538E-03 7.25452897513878E-03 7.31264924528606E-03 7.36957528135883E-03 7.42514944849477E-03 7.47920902561669E-03 0.007531597390063 7.5821507422031E-03 7.63071386341853E-03 7.67713667141267E-03 7.72129515813431E-03 7.76308795335481E-03 7.80243732416305E-03 7.83929232538219E-03 7.8736310535422E-03 7.90546289851201E-03 7.93481850209845E-03 7.96174936915618E-03 7.98632149127667E-03 8.0086125225214E-03 8.02870507689342E-03 8.04668616186116E-03 8.06264322950036E-03 8.07666147723698E-03 8.08882554193315E-03 8.09922313657144E-03 8.1079667607042E-03 8.11518940995003E-03 8.12103551753148E-03 8.12564409103546E-03 8.12914167335401E-03 8.13164392831791E-03 8.13325253129711E-03 8.13405312164429E-03 8.13411223265722E-03 8.13348095883119E-03 8.13219826883559E-03 8.13029391886433E-03 8.1277988449025E-03 8.12473742158303E-03 8.12112761642101E-03 8.1169854409294E-03 8.11233064709954E-03 8.10717705875787E-03 8.10154199026072E-03 8.08935278358673E-03 0 0 0 0 0 0 0 0 0 0 0 0 0 0 0 0
7.13622356180996E-03 7.19629711113415E-03 7.25546013008468E-03 7.31360815779053E-03 7.37061073486853E-03 7.42630251326922E-03 7.48053922484457E-03 7.53316986366984E-03 7.58404743780777E-03 7.63301557043983E-03 7.67992666204727E-03 7.72463682964065E-03 7.76702914568195E-03 7.80700890850327E-03 7.84450419758914E-03 7.87947068180955E-03 7.91189550861063E-03 7.94179919657753E-03 7.96922282191494E-03 7.99422903041964E-03 8.01689355436256E-03 0.008037302506728 8.05554745896783E-03 8.07172428081444E-03 8.08592860958263E-03 8.09825415455764E-03 8.10879469094678E-03 8.11764531137595E-03 8.12493187591102E-03 8.13080199550662E-03 8.13540514534176E-03 8.13887994445963E-03 8.14135045904136E-03 8.14292771030908E-03 8.14370630951507E-03 8.14376490995898E-03 8.14316385419132E-03 8.14194617853028E-03 8.1401415174011E-03 8.13776933684807E-03 8.13485767309267E-03 8.1314297243844E-03 8.12749376691043E-03 8.12305799782974E-03 8.11815336142821E-03 8.11284063561925E-03 8.10154199026072E-03 0 0 0 0 0 0 0 0 0 0 0 0 0 0 0 0 0
7.19644964236634E-03 7.25568281986084E-03 7.31388577449978E-03 7.37095446415265E-03 7.42676088342142E-03 7.48115048166511E-03 7.53399616402683E-03 7.58515750981828E-03 7.63449398122595E-03 7.68185395220616E-03 7.72709487427993E-03 7.77008005722957E-03 7.81069926779036E-03 7.84886324149353E-03 7.88450565789299E-03 7.91759018408717E-03 7.94811424248622E-03 7.97610949867712E-03 8.00162843020021E-03 8.02474578230774E-03 8.04554743508668E-03 8.06412775731948E-03 8.08058663184711E-03 8.09502776922781E-03 8.10755383827159E-03 8.11826601528115E-03 8.1272662950598E-03 8.13466006973727E-03 8.14058781275994E-03 8.14520657519268E-03 8.14866529765251E-03 8.15110010168249E-03 8.15263168732355E-03 8.1533673145628E-03 8.15339677750119E-03 8.15279034379154E-03 8.15159986013827E-03 8.14986186143702E-03 8.1475990041862E-03 8.14481662108385E-03 8.1415323792274E-03 8.13777055633704E-03 8.13353102997723E-03 8.12880825606834E-03 8.12364424806944E-03 8.11284063561925E-03 0 0 0 0 0 0 0 0 0 0 0 0 0 0 0 0 0 0
7.25521026980821E-03 7.31352074352466E-03 7.37068827923418E-03 7.42660569627255E-03 7.48115149116711E-03 7.53419327373929E-03 7.58561304444403E-03 7.63527919840464E-03 7.68305332221053E-03 7.72878765074853E-03 7.77234330876404E-03 7.81359341180932E-03 7.85243166050041E-03 7.88877407083052E-03 7.92256113340761E-03 7.95376691593009E-03 7.98240026090267E-03 8.0085043101269E-03 8.03214513699945E-03 8.05341043274714E-03 8.07239666438429E-03 8.08920559917158E-03 8.10394468804466E-03 8.11672414453608E-03 8.12765214970719E-03 8.13683645711075E-03 8.14438716452625E-03 8.15042149594505E-03 8.15509050527228E-03 8.15855660200437E-03 8.16096567159681E-03 8.16244912597342E-03 8.16312415390451E-03 8.16309446589538E-03 8.16244609293908E-03 8.16124077415815E-03 8.15952014692197E-03 8.15731386568032E-03 8.15463820810005E-03 8.15148587255591E-03 8.1478567950679E-03 8.14377408475004E-03 8.13923382013836E-03 8.13422811185119E-03 8.12364424806944E-03 0 0 0 0 0 0 0 0 0 0 0 0 0 0 0 0 0 0 0
7.31256242163891E-03 7.36987586832156E-03 7.42593700809464E-03 7.48064171884667E-03 7.5338829059778E-03 7.58554684342167E-03 7.63551546030627E-03 7.68366353060344E-03 7.7298529565079E-03 7.77394148902486E-03 7.8157949021909E-03 7.85529451275037E-03 7.8923363012094E-03 7.92684380733568E-03 7.9587671059262E-03 7.98809230699027E-03 8.01484089735648E-03 8.03906989068717E-03 8.06086105938009E-03 8.08031472959786E-03 8.09753697297768E-03 8.11263686446504E-03 8.12572838282351E-03 8.13692616900673E-03 8.14634235754587E-03 8.15409043076681E-03 8.16028867886434E-03 8.1650661756994E-03 8.16858101644864E-03 8.17099453960684E-03 8.17244548455035E-03 8.17306194912228E-03 8.17295912342998E-03 8.17223588314814E-03 8.17097146262579E-03 8.16922110743449E-03 8.16701682320238E-03 8.16437567214173E-03 8.16130070154157E-03 8.15777625478567E-03 8.15379001881277E-03 8.14936182709217E-03 8.14450000802724E-03 8.13422811185119E-03 0 0 0 0 0 0 0 0 0 0 0 0 0 0 0 0 0 0 0 0
7.36863027532174E-03 7.42488382458092E-03 7.47978238666823E-03 7.53322931692755E-03 7.58512854514272E-03 7.63537743627544E-03 7.68386138609567E-03 7.73045705197981E-03 7.77502826886453E-03 7.81743826410085E-03 7.8575580843559E-03 7.89527448259375E-03 7.93049061599183E-03 7.96313957390322E-03 7.99318393767447E-03 8.02062314277642E-03 8.04549388260714E-03 8.06786897671602E-03 8.08784570713376E-03 8.10553611992651E-03 8.12105440029534E-03 8.13451599671646E-03 8.14603861004955E-03 8.15573929344065E-03 8.16373344535155E-03 8.17013891649442E-03 8.17508016778148E-03 8.17869723532155E-03 8.18115261118757E-03 8.18260111032426E-03 8.18317514757624E-03 8.1830005026766E-03 8.18219088676999E-03 8.1808407317608E-03 8.17902264373715E-03 8.17678357140491E-03 0.008174140493511 8.1710906718062E-03 8.16762283701514E-03 8.16371262794628E-03 8.15934274307655E-03 8.15454157720521E-03 8.14450000802724E-03 0 0 0 0 0 0 0 0 0 0 0 0 0 0 0 0 0 0 0 0 0
7.42350877230971E-03 7.47864691492277E-03 7.53233457451974E-03 7.5844818736851E-03 7.63499855915145E-03 7.68379035184626E-03 7.7307474125132E-03 7.77574758621764E-03 7.81865789437578E-03 7.85934637877482E-03 7.89768913472734E-03 7.9335797959902E-03 7.96693353197962E-03 7.99769618169026E-03 8.02584568651056E-03 8.05139592905002E-03 8.07440097446353E-03 8.09495073216537E-03 8.11315696836155E-03 8.12914190312842E-03 8.14302591889975E-03 8.15492757005003E-03 8.16496489168758E-03 8.17325693392419E-03 8.17992194219726E-03 8.18508144453949E-03 8.18886517945312E-03 8.19141712540477E-03 8.19289540016218E-03 8.19345202160217E-03 8.19321969785983E-03 8.19232022263231E-03 8.19086351306061E-03 8.18894282746424E-03 8.18662947715573E-03 8.18395895862533E-03 8.18091982263947E-03 8.17747310556764E-03 8.17359707917565E-03 8.16926881121883E-03 8.16449864945187E-03 8.15454157720521E-03 0 0 0 0 0 0 0 0 0 0 0 0 0 0 0 0 0 0 0 0 0 0
7.47725056487103E-03 7.53121622463517E-03 7.58364024336815E-03 7.63443784980791E-03 7.68352376485292E-03 7.73081118428001E-03 7.77619325511268E-03 7.81954882887831E-03 7.86074838692413E-03 7.8996657404578E-03 7.93618426278634E-03 7.97020723294126E-03 8.00166440365013E-03 8.03051819292687E-03 8.05676421216704E-03 8.08043173051177E-03 8.10159355571955E-03 8.12035733904763E-03 8.13684706889524E-03 8.15119261099845E-03 8.16351779790283E-03 8.17394116151359E-03 8.18258016251299E-03 8.1895549467726E-03 8.19498453279303E-03 8.19899224540984E-03 8.2017103713633E-03 8.20328410358996E-03 8.20386789661933E-03 8.2036094767565E-03 8.20264045367093E-03 8.20107960945791E-03 8.19903408254184E-03 8.19659918748795E-03 8.19385222005077E-03 8.19081865120668E-03 8.18743183371691E-03 8.18357012594627E-03 8.17923875097072E-03 8.17444323071093E-03 8.16449864945187E-03 0 0 0 0 0 0 0 0 0 0 0 0 0 0 0 0 0 0 0 0 0 0 0
7.52987023584183E-03 7.58260121668433E-03 7.63370214931391E-03 7.68309328908056E-03 7.73069451708887E-03 7.77642480574175E-03 7.8201784303786E-03 7.86183547664793E-03 7.90127115170097E-03 7.93836669692163E-03 7.97301559129174E-03 8.00513340250269E-03 8.03466742450973E-03 8.0615992138738E-03 8.08594371537852E-03 8.10774741593065E-03 8.12710289643723E-03 8.14413357375015E-03 8.1589722286349E-03 8.17175312877768E-03 8.18260046485885E-03 8.19163167403477E-03 8.19896340678218E-03 8.20471454300193E-03 8.20900210398873E-03 8.21194969154977E-03 8.21369062000244E-03 8.21437015967517E-03 8.21413929807595E-03 8.2131407113743E-03 8.21150237878972E-03 8.20933953930436E-03 8.20675876908152E-03 8.20386316545809E-03 8.20075167539701E-03 8.19745683090881E-03 8.19381126238017E-03 8.1894213069165E-03 8.18452784682501E-03 8.17444323071093E-03 0 0 0 0 0 0 0 0 0 0 0 0 0 0 0 0 0 0 0 0 0 0 0 0
7.58135123644552E-03 0.007632778417117 7.6824899885042E-03 7.73041159300718E-03 7.77646769873174E-03 7.82058155192872E-03 7.86264867729788E-03 7.90255109307394E-03 7.94017005647619E-03 7.97539650741149E-03 8.00813670595904E-03 8.03832122008301E-03 8.06591778573023E-03 8.0909292374264E-03 8.11339108271811E-03 8.13336769170426E-03 8.1509694422776E-03 8.16633301183677E-03 8.17959703394849E-03 8.19089681317829E-03 8.20035456432306E-03 8.20808515690147E-03 8.21420239658262E-03 8.21882191288904E-03 0.008222057867726 8.22403281366889E-03 8.22488018435289E-03 8.22474498596816E-03 8.22377613373668E-03 8.22211017497857E-03 8.21986728977823E-03 8.21715438665986E-03 8.21407463523137E-03 8.21075241238903E-03 8.20736096852131E-03 8.20402180037311E-03 8.20045690463585E-03 8.19509783130245E-03 8.18452784682501E-03 0 0 0 0 0 0 0 0 0 0 0 0 0 0 0 0 0 0 0 0 0 0 0 0 0
7.63164825753499E-03 7.68169691713812E-03 7.7299478747295E-03 7.77633256938212E-03 7.82077954344556E-03 7.8632147745529E-03 7.90353573278624E-03 7.94162833460707E-03 7.97738207608121E-03 8.01069896692641E-03 8.0415005581264E-03 8.06973614967921E-03 8.09539646390299E-03 8.11850605203754E-03 8.13912104475621E-03 8.15732387014231E-03 8.17324017460719E-03 0.008187015975406 8.1987923945281E-03 8.20870310085611E-03 8.21686615864691E-03 8.22339206223362E-03 8.22838950032759E-03 8.23196912240676E-03 8.23424154893824E-03 8.23532826037782E-03 8.23536299697249E-03 8.23448965424164E-03 8.23285467480675E-03 8.23058974193719E-03 8.22780333203861E-03 8.22457980448589E-03 8.22099773010483E-03 8.21720660961043E-03 8.21357327769597E-03 8.21059191765545E-03 8.20864489363237E-03 8.19509783130245E-03 0 0 0 0 0 0 0 0 0 0 0 0 0 0 0 0 0 0 0 0 0 0 0 0 0 0
7.68069106785591E-03 7.72928249988843E-03 7.77599812435226E-03 7.82077570609171E-03 7.86354765848594E-03 7.9042414577142E-03 7.94275821147758E-03 7.97899047743517E-03 8.01283784428224E-03 8.04421526615206E-03 8.07306243087721E-03 8.09935077773031E-03 8.12309403579835E-03 8.14433850735231E-03 8.16316025627868E-03 8.17965881332914E-03 8.19397106959539E-03 8.2062486638068E-03 8.2166330749151E-03 0.008225253341104 8.23222087882558E-03 8.23763997303589E-03 8.24161267545466E-03 8.24424300554627E-03 8.24563798001907E-03 8.24591764893864E-03 8.24521568583754E-03 8.24367571274918E-03 8.24144539522146E-03 8.23865392695335E-03 8.23539204721736E-03 8.23169508077417E-03 8.2275467775885E-03 8.22303326741598E-03 8.21889315365012E-03 8.21624485153781E-03 8.21588350065955E-03 0 0 0 0 0 0 0 0 0 0 0 0 0 0 0 0 0 0 0 0 0 0 0 0 0 0 0
7.72839380100543E-03 7.77544886119002E-03 7.8205551875668E-03 7.86365649634675E-03 7.90468866191187E-03 7.94358157009719E-03 7.98024230866524E-03 8.01457172172289E-03 8.04648172597087E-03 8.07590324996601E-03 8.10279689541739E-03 8.12715655740781E-03 8.14901854668838E-03 8.16845138765269E-03 8.18555025305644E-03 8.20042759067281E-03 8.21322719964133E-03 8.22410484650669E-03 8.23319981040269E-03 8.24063361390213E-03 8.24650891400522E-03 8.25092126658634E-03 8.25396376822979E-03 8.25573438325081E-03 8.25633732145115E-03 8.25588969205397E-03 8.25452322236213E-03 8.25238282960333E-03 8.24962469949845E-03 8.24638600550044E-03 8.24274499344444E-03 8.23866031857523E-03 8.23385281087115E-03 8.22786913555297E-03 8.22234553169411E-03 8.2194157229738E-03 8.21588350065955E-03 0 0 0 0 0 0 0 0 0 0 0 0 0 0 0 0 0 0 0 0 0 0 0 0 0 0 0
7.77465852064649E-03 7.82010088905902E-03 7.86352701187503E-03 7.90488712887663E-03 7.94412121576204E-03 7.98116267231901E-03 8.01592536836443E-03 8.0483209235225E-03 8.07827682424329E-03 8.10574254855125E-03 8.13070007590335E-03 8.1531651160761E-03 8.17319688227794E-03 8.19088541661993E-03 8.20634271571184E-03 8.21968987278189E-03 8.23107625083048E-03 8.24065987806652E-03 8.24857300632492E-03 8.25492645435205E-03 0.008259812501135 8.2633171101861E-03 8.26552489285167E-03 8.26652754982818E-03 8.26642527319296E-03 8.26533095099946E-03 8.2633725076915E-03 8.26069564068496E-03 8.25747551431519E-03 8.25388211765376E-03 8.25002407698329E-03 8.24585157986478E-03 8.24067587031569E-03 8.23121328972491E-03 8.22234553169411E-03 8.2194157229738E-03 0 0 0 0 0 0 0 0 0 0 0 0 0 0 0 0 0 0 0 0 0 0 0 0 0 0 0 0
7.81939027615637E-03 7.86314887151492E-03 7.90483006702706E-03 7.94439169326402E-03 7.98177860784219E-03 8.01692742786298E-03 8.04976099159792E-03 8.08020527577069E-03 8.10820639384656E-03 8.13373297562243E-03 8.15678822376207E-03 8.17740933777993E-03 8.19567744119813E-03 8.21170161651128E-03 8.22560703093555E-03 8.23752330613635E-03 8.24760452629981E-03 8.25600543940201E-03 8.26284574804224E-03 8.26822402314566E-03 8.2722217454144E-03 8.27491633970027E-03 8.27638533200477E-03 8.27671328090738E-03 8.27599418982158E-03 8.27433572628612E-03 8.27186007788958E-03 8.26870763964783E-03 8.26507501104461E-03 8.26119919102506E-03 8.25732032722848E-03 8.25378709175318E-03 8.2511840711007E-03 8.23121328972491E-03 0 0 0 0 0 0 0 0 0 0 0 0 0 0 0 0 0 0 0 0 0 0 0 0 0 0 0 0 0 0
7.86249888368877E-03 7.90451007630892E-03 7.94439001661207E-03 7.98210493419801E-03 8.01760553182823E-03 8.05083094055292E-03 8.08171767894835E-03 8.11020929599863E-03 8.13627200761077E-03 8.15989317489961E-03 8.1810976894384E-03 8.19994322791465E-03 8.21652980207844E-03 8.23098305066344E-03 8.24343793446206E-03 8.25403207814029E-03 8.26291878756072E-03 8.2702452221806E-03 8.27611792991371E-03 8.28062255004571E-03 8.28383044179185E-03 8.28581126245978E-03 8.28663581745376E-03 8.28638109471297E-03 8.28513387052944E-03 8.28299369086935E-03 8.28006983302631E-03 8.27648599252111E-03 8.2724501676239E-03 8.26826143059904E-03 8.26425597624045E-03 8.26115285808619E-03 8.26067162281432E-03 0 0 0 0 0 0 0 0 0 0 0 0 0 0 0 0 0 0 0 0 0 0 0 0 0 0 0 0 0 0 0
7.90390077719921E-03 7.94411173931154E-03 7.98214680618854E-03 8.01797893404454E-03 8.05156459386997E-03 8.08285012069122E-03 8.11178989118834E-03 8.13834563033653E-03 8.16250331562343E-03 8.18426959871999E-03 8.20369076823284E-03 8.22084329576666E-03 8.23584319476048E-03 8.24882863583476E-03 8.25994151282141E-03 8.26932506446503E-03 8.27712689436301E-03 8.28348315630129E-03 8.28848726461077E-03 8.29221442385651E-03 8.29472818766854E-03 8.29609024655815E-03 8.29636320569073E-03 8.29561745800501E-03 8.29393222342656E-03 8.2913944390382E-03 8.28809019486975E-03 8.28410477032521E-03 8.27962113271297E-03 8.27494893982431E-03 8.27030671392885E-03 8.26584309983528E-03 8.26067162281432E-03 0 0 0 0 0 0 0 0 0 0 0 0 0 0 0 0 0 0 0 0 0 0 0 0 0 0 0 0 0 0 0
7.94351343859933E-03 7.98188398923982E-03 8.01804359074141E-03 8.05197139634777E-03 8.08363270939738E-03 8.11298559175062E-03 8.14000063660555E-03 8.16465863987029E-03 8.18696504816219E-03 8.20694580609829E-03 8.22466575065627E-03 8.24021818107814E-03 8.25373170303347E-03 8.26535292634436E-03 8.27522820790457E-03 8.28350423649303E-03 8.2903212189162E-03 8.29580070342479E-03 8.30002543528938E-03 8.30306227818963E-03 8.30496813939346E-03 8.3057975427484E-03 8.30560659842201E-03 8.30445950951325E-03 8.30242569221969E-03 8.29957181665533E-03 8.29594505643465E-03 8.29157201479783E-03 8.28659870270461E-03 8.2813277619975E-03 8.27591118608699E-03 8.26584309983528E-03 0 0 0 0 0 0 0 0 0 0 0 0 0 0 0 0 0 0 0 0 0 0 0 0 0 0 0 0 0 0 0 0
7.98128624344926E-03 8.01779106650738E-03 8.05205933402078E-03 8.08407894410233E-03 8.11382683791618E-03 8.14127282372754E-03 8.16640290333982E-03 8.18921740997616E-03 8.2097408311164E-03 8.22801661096765E-03 8.24412553089476E-03 8.25817549693418E-03 8.27030432152867E-03 8.28066440526632E-03 8.28940444175672E-03 8.29667044108441E-03 8.30259145765254E-03 8.30727679053707E-03 8.31080264350998E-03 8.3132280771265E-03 8.31460291261743E-03 8.31497654554083E-03 8.31440222510361E-03 8.31293924460574E-03 8.31064603612776E-03 8.30755824354666E-03 8.30364577352291E-03 8.29882906847142E-03 8.29330823087591E-03 8.28741848711143E-03 8.27591118608699E-03 0 0 0 0 0 0 0 0 0 0 0 0 0 0 0 0 0 0 0 0 0 0 0 0 0 0 0 0 0 0 0 0 0
8.01719874446331E-03 8.05183027620763E-03 8.08421048620851E-03 8.11433813918334E-03 8.14220097059401E-03 8.16777938206712E-03 8.19107653802158E-03 8.21211222263051E-03 8.23092892442428E-03 8.24758468026432E-03 8.26217475471295E-03 8.27481938493425E-03 8.28566242509539E-03 8.29485922210031E-03 8.30255764740785E-03 8.30890107892851E-03 0.008314009062157 8.31797984386448E-03 8.32088327302988E-03 8.32277225241227E-03 8.3236910421822E-03 8.32368515253667E-03 8.32280670377944E-03 8.32111459468752E-03 8.31866404024261E-03 8.3154676656721E-03 8.31137010567206E-03 8.30594261206395E-03 8.29974328613379E-03 8.28741848711143E-03 0 0 0 0 0 0 0 0 0 0 0 0 0 0 0 0 0 0 0 0 0 0 0 0 0 0 0 0 0 0 0 0 0 0
8.05126000353252E-03 8.08402823913452E-03 8.11454200309817E-03 8.14280964040374E-03 8.16882812266111E-03 8.1925900537936E-03 8.21411687308435E-03 8.23344645849845E-03 8.25063691468676E-03 8.26575985631699E-03 8.2789235834745E-03 8.29025784233636E-03 8.29990962319812E-03 8.30803466746642E-03 8.31477822026836E-03 8.32027984882168E-03 8.32465031271583E-03 8.32797922892243E-03 8.33033120865996E-03 8.33175515207569E-03 8.33229234274118E-03 8.33198437177438E-03 8.33088064542822E-03 8.32904593204853E-03 8.32655812434418E-03 8.32347867766413E-03 8.31957284571759E-03 8.31293876317647E-03 8.29974328613379E-03 0 0 0 0 0 0 0 0 0 0 0 0 0 0 0 0 0 0 0 0 0 0 0 0 0 0 0 0 0 0 0 0 0 0 0
8.08350212677121E-03 8.11443247133772E-03 8.14311487153957E-03 8.16956589227191E-03 8.19379296776187E-03 8.21580223059273E-03 8.2356314627956E-03 8.25333526294657E-03 8.26898534756943E-03 8.28266563815655E-03 8.29449413286758E-03 8.30460780818825E-03 8.31315480664806E-03 8.32028937087915E-03 8.3261538152764E-03 8.33088361219824E-03 8.33458315064305E-03 8.33733517463089E-03 8.33920058762719E-03 8.34022628967871E-03 8.34045239218973E-03 8.33991796280015E-03 8.33866911536348E-03 8.33677405400684E-03 0.008334355432962 8.3317386345744E-03 8.32975523051153E-03 8.31293876317647E-03 0 0 0 0 0 0 0 0 0 0 0 0 0 0 0 0 0 0 0 0 0 0 0 0 0 0 0 0 0 0 0 0 0 0 0 0
8.1139866658811E-03 8.1431170635673E-03 8.1700140126916E-03 8.19470174816671E-03 8.2171991952518E-03 8.23752714298467E-03 8.25573796579387E-03 8.27190018022653E-03 8.28609669821186E-03 8.29842292005661E-03 8.30900392751596E-03 8.31798066710112E-03 8.32550077878036E-03 8.3317170058778E-03 8.33676931313527E-03 8.34078902668293E-03 8.34387539253344E-03 8.3461070884849E-03 8.34754349724192E-03 8.34823158427804E-03 8.34821306137219E-03 8.34752763101502E-03 8.34621662539572E-03 8.34432343170352E-03 8.34189897750942E-03 8.3392897912607E-03 8.33883265209937E-03 0 0 0 0 0 0 0 0 0 0 0 0 0 0 0 0 0 0 0 0 0 0 0 0 0 0 0 0 0 0 0 0 0 0 0 0 0
8.14279908847421E-03 8.1701778888589E-03 8.1953447185179E-03 8.21833109631781E-03 8.23916776638953E-03 8.25789082402902E-03 8.2745647049395E-03 8.28926942720614E-03 8.3020970371361E-03 8.31315308842405E-03 8.32256662442549E-03 8.33048019437854E-03 8.33704170904863E-03 8.34240216251277E-03 8.34669965485601E-03 8.35006165010526E-03 8.35258480679893E-03 8.35434584144648E-03 8.35540381835851E-03 8.35580764960931E-03 8.35560437454912E-03 8.3548427761917E-03 8.3535723702808E-03 8.35180336292112E-03 8.34926753272958E-03 8.34442728106451E-03 8.33883265209937E-03 0 0 0 0 0 0 0 0 0 0 0 0 0 0 0 0 0 0 0 0 0 0 0 0 0 0 0 0 0 0 0 0 0 0 0 0 0
8.17004276032977E-03 8.19572478908681E-03 8.21922144506287E-03 8.24057237238282E-03 8.25982068700161E-03 8.27701617972918E-03 8.29223318698049E-03 8.30556198242977E-03 8.31710215849872E-03 8.32696581082291E-03 8.33528317813651E-03 8.34219910914456E-03 8.34786230869468E-03 8.35242187873729E-03 8.35601387577444E-03 8.35876340898545E-03 8.36076702371377E-03 8.3621008543966E-03 8.36282463531976E-03 8.36299011640002E-03 8.36265150873167E-03 8.36187962902749E-03 8.36078102593051E-03 8.35951325360743E-03 8.35829931919278E-03 8.34442728106451E-03 0 0 0 0 0 0 0 0 0 0 0 0 0 0 0 0 0 0 0 0 0 0 0 0 0 0 0 0 0 0 0 0 0 0 0 0 0 0
8.19583384577671E-03 8.21987802928213E-03 8.24176812715603E-03 8.26155189891654E-03 8.27928397775655E-03 8.2950262291843E-03 8.30886174747921E-03 8.32088957821727E-03 8.33121459520126E-03 8.33995293706926E-03 8.34723695190531E-03 0.008353214411059 8.35803377979739E-03 8.36184217828656E-03 8.36477397474501E-03 8.36695304405207E-03 8.36847650301425E-03 8.36942102097893E-03 8.36984849509059E-03 8.36981508923473E-03 8.36938296039296E-03 8.36864398423197E-03 8.36775876152166E-03 8.36700997602234E-03 8.36659697436013E-03 0 0 0 0 0 0 0 0 0 0 0 0 0 0 0 0 0 0 0 0 0 0 0 0 0 0 0 0 0 0 0 0 0 0 0 0 0 0 0
8.2202869488663E-03 8.2427533126966E-03 8.2631001545259E-03 8.28138378774762E-03 8.29766961622064E-03 8.31203015788149E-03 8.32455583895832E-03 8.33535160524155E-03 8.34452563902808E-03 8.35219866478892E-03 8.35850671633228E-03 8.36359928387614E-03 8.36762331010511E-03 8.37072478035305E-03 8.37303752174003E-03 8.37468407570198E-03 8.37576141251455E-03 8.37634827804341E-03 8.37651079944848E-03 8.37631195246734E-03 8.3758239973187E-03 8.37514734924147E-03 8.37443934836906E-03 8.3738907246061E-03 8.36659697436013E-03 0 0 0 0 0 0 0 0 0 0 0 0 0 0 0 0 0 0 0 0 0 0 0 0 0 0 0 0 0 0 0 0 0 0 0 0 0 0 0
8.24351283644548E-03 8.26446163621472E-03 8.28332884172436E-03 8.30017931208397E-03 8.31508746149524E-03 8.32813503785286E-03 8.33941767282228E-03 8.34904404084375E-03 8.35712603254314E-03 8.36378896968303E-03 8.36917189719605E-03 8.37342499554339E-03 8.37669487662562E-03 8.37912635068544E-03 8.38085303671637E-03 8.38199600235353E-03 8.38265312277992E-03 8.38290602310613E-03 8.38282571177723E-03 8.38248299447538E-03 8.38196005370474E-03 8.38136576025007E-03 8.38087263594571E-03 8.38054291698364E-03 0 0 0 0 0 0 0 0 0 0 0 0 0 0 0 0 0 0 0 0 0 0 0 0 0 0 0 0 0 0 0 0 0 0 0 0 0 0 0 0
