NongDo/Fusa 11.6h.grd
DSAA
463	323
2	464
2	324
0	10
[rows 140 to 167 of 323, columns 192 to 255 of 463]
6.69419081655406E-03 6.81030914142248E-03 6.92364202642797E-03 7.03404562253535E-03 7.14134830798131E-03 7.24531296788113E-03 7.34571748613152E-03 7.44233391079813E-03 7.53494797108175E-03 0.007623330875372 7.70726272732717E-03 7.78652225489628E-03 7.86092526359224E-03 7.9303250631715E-03 7.99461554123125E-03 8.05373845697703E-03 8.10769008908019E-03 8.15652844515253E-03 8.20035786821424E-03 8.23932445041705E-03 8.27360243913852E-03 8.3033848190061E-03 8.32886734075875E-03 8.35024155493175E-03 8.36768714540908E-03 8.38136908860735E-03 8.39144490349196E-03 8.3980784931973E-03 8.40146048346433E-03 8.4018048845819E-03 8.39934876903052E-03 8.39433894787746E-03 8.38703048002712E-03 8.37767621945137E-03 8.36652798494663E-03 8.35381109384233E-03 8.33974936205577E-03 8.32453824814708E-03 8.30832853348279E-03 8.29118869184911E-03 8.27321322321889E-03 8.25451914651758E-03 8.23526850956814E-03 8.21568980423546E-03 8.19621631783073E-03 8.1776481535431E-03 8.16132999101442E-03 8.13638344850603E-03 0 0 0 0 0 0 0 0 0 0 0 0 0 0 0 0
6.81482726806211E-03 0.006927314929895 7.03686025237103E-03 7.14333537391477E-03 7.24658284913402E-03 7.34637713513693E-03 7.44252830808268E-03 7.5348373392294E-03 7.62311290090648E-03 7.70714180211919E-03 7.78671775196118E-03 7.86162985035378E-03 7.93170519280246E-03 7.99680679771916E-03 8.05683621323673E-03 8.1117437716537E-03 8.16153834467832E-03 8.20629446419899E-03 8.2461323469165E-03 8.28121496025569E-03 8.31173021551443E-03 8.33788000050486E-03 8.35986639291584E-03 8.37788445574569E-03 8.39211461727511E-03 8.40272290408427E-03 8.40987226530044E-03 8.4137374992524E-03 8.41452558284745E-03 8.41246328855814E-03 8.40779659346561E-03 8.40078053075712E-03 8.39168001093622E-03 8.38075408015037E-03 8.36826198088602E-03 8.35443030043836E-03 8.33948970769846E-03 8.32363597230973E-03 8.30700993294049E-03 8.28964692465929E-03 8.27164846410382E-03 0.008253195784449 8.23452101874725E-03 8.21599449638215E-03 8.19841618008711E-03 8.18327031599863E-03 8.16132999101442E-03 0 0 0 0 0 0 0 0 0 0 0 0 0 0 0 0 0
6.92928259389499E-03 7.03816864216468E-03 7.14398582006244E-03 7.24661108620103E-03 7.34589345970665E-03 7.44163027846857E-03 7.53366678389723E-03 7.62182616721671E-03 7.70592991433858E-03 7.78577229645036E-03 7.86115381540414E-03 7.93187457111836E-03 7.99777193105555E-03 8.05871688798526E-03 8.11461944130441E-03 8.16544269150347E-03 8.21121225616633E-03 8.25202112077683E-03 8.28800840300232E-03 8.31935627737923E-03 8.34626719476672E-03 8.36895152632114E-03 8.38761632706633E-03 8.4024580960454E-03 8.41365605053879E-03 8.42137605471034E-03 8.42578604605666E-03 8.42707571599965E-03 8.42546947817748E-03 8.42120032247722E-03 8.41452041339856E-03 0.008405693855074 8.39499644847575E-03 8.38269399194208E-03 8.36905467084918E-03 8.3543070003408E-03 8.33868739648994E-03 8.32239057158906E-03 8.30554818495059E-03 8.28816837888211E-03 8.2703766150321E-03 8.25246544273409E-03 8.2348103574718E-03 8.21806226772595E-03 8.20355922319829E-03 8.18327031599863E-03 0 0 0 0 0 0 0 0 0 0 0 0 0 0 0 0 0 0
7.03804179673901E-03 7.14337968203631E-03 7.24554229110883E-03 7.34440201475393E-03 7.43981770435252E-03 7.53162657940808E-03 7.61969055986221E-03 7.70384820506265E-03 7.78392376255287E-03 7.85971637760111E-03 7.93103055486706E-03 7.99768192575225E-03 8.05951424758898E-03 8.11640757171591E-03 8.16828422948893E-03 8.21512610035096E-03 8.25697945001226E-03 8.29395778620398E-03 8.32622329248361E-03 8.35397849677916E-03 8.37744016631152E-03 8.39682503308528E-03 8.41234313821945E-03 8.42418982470179E-03 8.43254100202882E-03 8.43756162471027E-03 8.43942484256602E-03 8.43833568406516E-03 8.4345327457196E-03 8.42825146392887E-03 8.4197511746539E-03 8.40930668407355E-03 8.39720500822977E-03 8.38371710355126E-03 8.36911963300357E-03 8.35365310731006E-03 8.33755174836294E-03 8.32100468520966E-03 8.30413352925691E-03 8.2869620498162E-03 8.26966502193062E-03 8.25270707746844E-03 8.23676214151017E-03 8.22296308394449E-03 8.20355922319829E-03 0 0 0 0 0 0 0 0 0 0 0 0 0 0 0 0 0 0 0
7.14163023152512E-03 7.24348254996703E-03 7.34205968437438E-03 7.43723784891021E-03 7.52889576960846E-03 7.61690109493647E-03 7.7011149111969E-03 7.78138589685854E-03 7.85753750332415E-03 7.92937673025177E-03 7.9967141753665E-03 8.05937915754295E-03 8.1172209970804E-03 8.17013445380882E-03 8.21806058929177E-03 8.26100447230567E-03 8.29903641603667E-03 8.33229460586237E-03 8.36096691924105E-03 8.38527464741784E-03 8.40544591479202E-03 8.42170195083793E-03 8.43425293259974E-03 8.44328970867683E-03 8.44898324106404E-03 8.45149731176452E-03 8.45101032579482E-03 8.44774027944915E-03 8.44193694661723E-03 8.4338366510564E-03 8.42370705430338E-03 8.41183539282812E-03 8.39852022652464E-03 8.38403816523543E-03 8.36867475726647E-03 8.35268843514793E-03 8.3363066962563E-03 8.31971176198176E-03 8.30302442224994E-03 8.28633429831892E-03 0.008269926803702 8.25455070971988E-03 0.008241358769779 8.22296308394449E-03 0 0 0 0 0 0 0 0 0 0 0 0 0 0 0 0 0 0 0 0
7.24059348152486E-03 7.33902585364328E-03 7.43409044457598E-03 7.52567217026322E-03 7.61366180726153E-03 7.69794327611164E-03 7.77838355871387E-03 7.85483432995227E-03 7.92712115388021E-03 7.99505936573322E-03 8.05846798522609E-03 8.11718678856229E-03 8.17108012213973E-03 8.22006242320743E-03 8.26409958342813E-03 8.30322268965044E-03 8.33753006896713E-03 8.36718693528177E-03 8.39240533833122E-03 8.41342219070846E-03 8.43047295538851E-03 8.44378028602649E-03 8.45354985079999E-03 8.45996539689298E-03 8.46319286677892E-03 8.46339502356189E-03 8.46075452908302E-03 8.45549791550228E-03 8.44788334364933E-03 8.43815391852297E-03 8.42658664066426E-03 8.41347990454878E-03 8.39914285982585E-03 8.38386368082951E-03 8.3679388085611E-03 8.3516410248315E-03 8.33519677456595E-03 8.3187837711876E-03 8.30255441788535E-03 8.2867176003742E-03 8.27181376336789E-03 8.25900676416377E-03 0.008241358769779 0 0 0 0 0 0 0 0 0 0 0 0 0 0 0 0 0 0 0 0 0
7.33531149031269E-03 7.4303780588754E-03 7.52198979962252E-03 7.61003845648675E-03 7.69441893716351E-03 7.77502692932062E-03 7.85173777443871E-03 7.92440530678117E-03 7.9928596621471E-03 8.05692444114793E-03 8.11642849480437E-03 8.1712253632157E-03 8.22120258862631E-03 8.26630010260781E-03 8.30651369608375E-03 8.34190217992265E-03 8.37259423948113E-03 8.39878281670538E-03 8.42070094991885E-03 8.43859683845604E-03 8.4527087166167E-03 8.46325553894429E-03 8.47043428937233E-03 8.47442102419735E-03 8.47537696131849E-03 8.47346437173632E-03 8.46887030679177E-03 8.46182358872343E-03 8.45258646693368E-03 8.4414157943422E-03 8.42860172979422E-03 8.41445338206746E-03 8.39928933873743E-03 8.38341314390724E-03 8.36713821166652E-03 8.35075946529047E-03 8.33450410427238E-03 8.31855141202149E-03 8.30314429700799E-03 8.28871230449486E-03 8.27625136139236E-03 8.25900676416377E-03 0 0 0 0 0 0 0 0 0 0 0 0 0 0 0 0 0 0 0 0 0 0
7.42603437186274E-03 7.51776557260952E-03 7.6059556736244E-03 7.69050135760679E-03 7.77130221361253E-03 7.8482650528076E-03 7.92127078950795E-03 7.99017524798654E-03 8.05481428395603E-03 8.11502230184221E-03 8.17064265078941E-03 8.22154743131846E-03 8.26765131276996E-03 8.30892544810013E-03 8.3453988250842E-03 8.37715880257087E-03 8.40436510752649E-03 8.42723753145785E-03 8.44602503224818E-03 8.46098176511638E-03 8.4723438015582E-03 8.48032229795127E-03 8.48510469609104E-03 8.4868585002388E-03 8.48573946538532E-03 8.48190914827802E-03 8.47555790471662E-03 8.46691651294545E-03 8.45625250768824E-03 8.44383381039657E-03 8.4299658743585E-03 8.41497148712516E-03 8.39917956156283E-03 8.3829082036857E-03 8.36650761409597E-03 8.35032695838065E-03 8.33458448334796E-03 8.31944392851064E-03 8.3053791412886E-03 8.29318835989234E-03 8.27625136139236E-03 0 0 0 0 0 0 0 0 0 0 0 0 0 0 0 0 0 0 0 0 0 0 0
7.5129231157387E-03 7.60132720009692E-03 7.68610352990301E-03 7.76715471504646E-03 7.84438697175312E-03 7.91771655745469E-03 7.98702763034655E-03 8.05217893663748E-03 8.11301475303386E-03 8.16938335297391E-03 8.22114729728589E-03 8.26820144833517E-03 8.31049181136315E-03 8.3480239703636E-03 8.38086174178583E-03 8.40912241325874E-03 8.43299613119614E-03 8.45272476784436E-03 8.4685669360484E-03 8.48077720574634E-03 8.48958495610735E-03 8.49519183466633E-03 8.4977756313173E-03 8.49749394855435E-03 8.49449655995411E-03 8.48894471364018E-03 8.48103200125159E-03 8.47099065933292E-03 8.4590945880544E-03 8.44562260444376E-03 8.43089461370592E-03 8.4152471498618E-03 8.39902073261887E-03 8.38256022756935E-03 8.36629771619905E-03 8.3507046409682E-03 8.33597927658443E-03 8.32206161005116E-03 8.31004752574837E-03 8.29318835989234E-03 0 0 0 0 0 0 0 0 0 0 0 0 0 0 0 0 0 0 0 0 0 0 0 0
7.59607614484414E-03 7.68114207261613E-03 7.76249494758557E-03 7.84004504948044E-03 7.91370586157247E-03 7.98340170778314E-03 8.04902079705136E-03 8.11042658425985E-03 8.16747441119448E-03 8.22002996519023E-03 8.26797882202511E-03 8.31124245251718E-03 8.34980185567279E-03 8.38369892487438E-03 8.41303238229792E-03 8.43794882267112E-03 8.45866432475725E-03 8.47543752377431E-03 8.48853143115956E-03 8.49819602421249E-03 8.50465090011298E-03 8.50808647084362E-03 8.50866967431574E-03 8.50654826852482E-03 8.50186735902576E-03 8.49478856196692E-03 8.48550844793508E-03 8.47425961040157E-03 8.46132404673817E-03 8.44699448487523E-03 8.43160185372588E-03 8.41548913205166E-03 8.39900509275196E-03 8.38255155178352E-03 8.36674332690828E-03 8.35235654435178E-03 8.33970224809343E-03 8.32727389195199E-03 8.31004752574837E-03 0 0 0 0 0 0 0 0 0 0 0 0 0 0 0 0 0 0 0 0 0 0 0 0 0
7.67554341955381E-03 7.75724799199372E-03 7.8351579295663E-03 7.90919300876201E-03 7.97927465565561E-03 8.04533354186394E-03 8.10726333184957E-03 8.16493576986701E-03 8.21822099425302E-03 8.2670040336827E-03 8.31119667571039E-03 8.35075174761034E-03 8.38568755617245E-03 8.41608125268915E-03 8.44206470936877E-03 8.46381242853041E-03 8.48156129941851E-03 8.49557997087313E-03 8.50613069090017E-03 8.51345527943141E-03 8.51776136102813E-03 8.51922680806582E-03 8.51800708125845E-03 8.51424094666522E-03 8.50807035433731E-03 8.49965799676223E-03 8.48920306685315E-03 8.47693749475198E-03 8.46315370674013E-03 8.44816407703566E-03 8.4323075549136E-03 8.41591750864303E-03 8.39932405507178E-03 8.38300040299066E-03 8.36793400869666E-03 8.35571482412032E-03 8.34823225717831E-03 8.32727389195199E-03 0 0 0 0 0 0 0 0 0 0 0 0 0 0 0 0 0 0 0 0 0 0 0 0 0 0
7.75134125336182E-03 7.82965532725509E-03 7.90409883122756E-03 7.9746029143477E-03 8.04109791567205E-03 8.1035195195196E-03 8.16176948897171E-03 8.21573211418023E-03 8.26529517699601E-03 8.3103654808441E-03 8.3508841428511E-03 8.3868388555503E-03 8.41828353867933E-03 8.44532887431141E-03 8.46813714919089E-03 8.48690790216621E-03 8.50189230467555E-03 8.51336322536418E-03 8.52157890182435E-03 8.52676986714716E-03 8.52913021838972E-03 8.52882472968928E-03 8.52599787194455E-03 8.52078106838729E-03 8.51331459727209E-03 8.50376187736282E-03 8.49232278806905E-03 8.47922907191762E-03 8.46478893587362E-03 8.44934565135781E-03 8.43325080723059E-03 8.41680251602968E-03 8.40021820074941E-03 8.38391460146557E-03 8.36949234819222E-03 8.35978748722498E-03 8.35879984889249E-03 0 0 0 0 0 0 0 0 0 0 0 0 0 0 0 0 0 0 0 0 0 0 0 0 0 0 0
7.82347299999128E-03 7.89836934193096E-03 7.96932732092015E-03 8.03628981952507E-03 8.09919660317318E-03 8.15799016065904E-03 8.21258347213319E-03 8.26287550853473E-03 8.30877479197411E-03 8.35021359586083E-03 8.38716477562824E-03 8.41964967625373E-03 8.44775562446777E-03 8.47162557077961E-03 8.4914491470421E-03 8.50744440943165E-03 8.51987088929659E-03 8.52900269557233E-03 8.5350907088716E-03 8.53835190164811E-03 8.53896655790195E-03 8.5370864345289E-03 8.53284578534191E-03 8.52637101486141E-03 8.5178025144585E-03 8.50730364029433E-03 8.49507141045628E-03 8.4813340841377E-03 8.46642654768049E-03 8.45075422482325E-03 8.43471339304965E-03 8.41856599731446E-03 8.40220664997888E-03 8.38526432336627E-03 8.3705203262434E-03 8.36152047069767E-03 8.35879984889249E-03 0 0 0 0 0 0 0 0 0 0 0 0 0 0 0 0 0 0 0 0 0 0 0 0 0 0 0
7.89193787540734E-03 7.96339629927383E-03 8.03085738772035E-03 8.09427760264237E-03 8.15360780612037E-03 8.20879891541375E-03 8.25977584707419E-03 8.30645546631358E-03 8.34877105553081E-03 8.38668286782186E-03 8.42019461961813E-03 8.44935877589905E-03 8.4742946738252E-03 8.4951746929819E-03 8.51221114571431E-03 8.52563443764945E-03 8.5357101032862E-03 8.54271018446691E-03 8.54687360376711E-03 8.54840256385084E-03 8.54746463225697E-03 8.54420074704669E-03 8.53873776710503E-03 8.53119758621387E-03 8.52172139053174E-03 8.51047220611957E-03 8.49763958697892E-03 8.48343698860724E-03 8.46824303128875E-03 8.45259011693989E-03 8.43702214814523E-03 8.42194835192309E-03 8.40685177987056E-03 8.38715093784081E-03 8.3705203262434E-03 8.36152047069767E-03 0 0 0 0 0 0 0 0 0 0 0 0 0 0 0 0 0 0 0 0 0 0 0 0 0 0 0 0
7.95675273019364E-03 8.02476276423503E-03 8.08872692416018E-03 8.14861753244609E-03 8.20439808602189E-03 8.25602727799873E-03 8.3034448655853E-03 8.34659009707824E-03 8.38542408216933E-03 8.41993435708667E-03 8.4501538132308E-03 8.47616392409678E-03 8.49811277051232E-03 8.51619730978781E-03 8.53064668464232E-03 8.54170190099514E-03 8.54963207056542E-03 8.55470138802403E-03 8.55713377563643E-03 8.55711836185317E-03 8.55481264867725E-03 8.55034956282408E-03 8.5438514330699E-03 8.53543668848624E-03 8.52524657744962E-03 8.51344211631525E-03 8.50019890487867E-03 8.48570096629046E-03 8.47038192348156E-03 8.45498721600809E-03 8.44040806677406E-03 8.42794618426642E-03 8.41959549705822E-03 8.38715093784081E-03 0 0 0 0 0 0 0 0 0 0 0 0 0 0 0 0 0 0 0 0 0 0 0 0 0 0 0 0 0 0
8.0179475010596E-03 8.08251075764722E-03 8.14299172655337E-03 8.1993801398248E-03 8.2516536231647E-03 8.29977739585043E-03 8.34371221857126E-03 8.38342291257302E-03 8.4188986568732E-03 8.45015184540673E-03 8.47724340644672E-03 8.50028088588064E-03 8.51943573104731E-03 8.53492486661583E-03 8.54698893368751E-03 8.55587756586847E-03 8.56185760247566E-03 8.56518269469219E-03 8.56606414804649E-03 8.56468106484116E-03 8.56118425669848E-03 8.55570042165659E-03 8.54834897163209E-03 8.53924768284845E-03 8.52853577519472E-03 8.5163689366792E-03 8.50289876497057E-03 8.48826557249067E-03 8.47294544159975E-03 8.45793302076814E-03 8.44445435227654E-03 8.4347828193077E-03 8.43367283412273E-03 0 0 0 0 0 0 0 0 0 0 0 0 0 0 0 0 0 0 0 0 0 0 0 0 0 0 0 0 0 0 0
8.07556651179491E-03 8.13670050842303E-03 8.19373075991144E-03 8.24666218489491E-03 8.29548651516168E-03 8.34018179548177E-03 8.38073381825074E-03 8.41713179766807E-03 8.44939060334634E-03 8.47754636193718E-03 8.50168564148072E-03 8.52193847932468E-03 8.53849498382645E-03 8.5515863337255E-03 8.56146079983692E-03 8.56837361517238E-03 8.57258562499483E-03 8.57433934114284E-03 0.008573836728709 8.57125163380425E-03 8.56673198768554E-03 8.56040019118172E-03 8.55237347513576E-03 8.54277085109278E-03 8.5317282648297E-03 8.51939166189264E-03 8.50588206098139E-03 8.49128948404152E-03 8.47610209351689E-03 8.46149459317857E-03 8.44860898405565E-03 8.43866025075751E-03 8.43367283412273E-03 0 0 0 0 0 0 0 0 0 0 0 0 0 0 0 0 0 0 0 0 0 0 0 0 0 0 0 0 0 0 0
8.12966574133886E-03 8.18740517832823E-03 8.24103463257681E-03 8.29057358893889E-03 8.33603124444592E-03 8.37740344398792E-03 8.41469673689524E-03 8.44792409419903E-03 8.47712384400311E-03 8.50235420601018E-03 8.52372230394144E-03 8.54137743836045E-03 8.5555241054632E-03 8.56640315393016E-03 8.57426823405928E-03 8.57937793275326E-03 8.58198665059733E-03 8.58232632340614E-03 8.58059423384769E-03 8.57696247342457E-03 8.57157819634188E-03 8.56456293395395E-03 8.5560338179265E-03 8.54611190683631E-03 8.53493121106284E-03 8.52262266665286E-03 8.50927354092766E-03 8.49495286595939E-03 8.48019664614181E-03 8.46632067754766E-03 8.45450020081351E-03 8.43866025075751E-03 0 0 0 0 0 0 0 0 0 0 0 0 0 0 0 0 0 0 0 0 0 0 0 0 0 0 0 0 0 0 0 0
8.18035271387941E-03 8.23475008098042E-03 8.2850453575251E-03 8.33127578176564E-03 8.37347000068622E-03 8.41163995713917E-03 8.44581072788099E-03 8.47601836422433E-03 8.50232263649119E-03 8.5248003840546E-03 0.008543575375254 8.55881318359356E-03 8.57072894775941E-03 8.5795704859344E-03 8.58559514007159E-03 8.58906153960811E-03 8.59021666917118E-03 8.58928670805957E-03 8.5864693913187E-03 8.58193772464779E-03 8.57583928310105E-03 8.56829667396991E-03 8.55943024509923E-03 8.54936885859089E-03 8.53825223389843E-03 8.52620283186598E-03 8.51326427303076E-03 8.49948164773198E-03 8.48560760910065E-03 8.47316090684798E-03 8.45450020081351E-03 0 0 0 0 0 0 0 0 0 0 0 0 0 0 0 0 0 0 0 0 0 0 0 0 0 0 0 0 0 0 0 0 0
8.22776587602385E-03 8.27889191576724E-03 8.32593879593787E-03 8.36896347874149E-03 8.40801124440189E-03 8.44310730855324E-03 8.47429687770933E-03 8.50163789681928E-03 8.52520908375877E-03 8.54510151307879E-03 8.56145350449806E-03 8.57444404788884E-03 8.58429569175732E-03 8.59126081742959E-03 8.59559851000187E-03 8.59756660771725E-03 8.59740786001198E-03 8.59534535375246E-03 8.59157945885368E-03 8.58628785857891E-03 8.57962118591245E-03 8.5717028710906E-03 8.56266011062404E-03 8.55264350685199E-03 8.54182182527939E-03 8.53035756414883E-03 8.51825832600037E-03 8.50529894320527E-03 8.49286339611517E-03 8.47316090684798E-03 0 0 0 0 0 0 0 0 0 0 0 0 0 0 0 0 0 0 0 0 0 0 0 0 0 0 0 0 0 0 0 0 0 0
8.27206600576623E-03 8.32000593481245E-03 8.36390500224276E-03 8.40383712077771E-03 8.43986132278031E-03 8.47201755780467E-03 8.50037147072224E-03 8.52500000937462E-03 8.54599695305843E-03 8.56346582835028E-03 8.5775572622297E-03 8.5884602555563E-03 8.59640213696175E-03 8.60163819083137E-03 8.60442891714791E-03 8.60503133522388E-03 8.60368632052794E-03 8.6006175321323E-03 8.59603029814836E-03 8.59011009442629E-03 8.58301393601651E-03 8.57486808847291E-03 8.56581043605473E-03 8.55602976234144E-03 8.54577545575903E-03 8.53540040035125E-03 8.52505633856753E-03 8.51290699132818E-03 8.49286339611517E-03 0 0 0 0 0 0 0 0 0 0 0 0 0 0 0 0 0 0 0 0 0 0 0 0 0 0 0 0 0 0 0 0 0 0 0
8.31342616329897E-03 8.35827563516265E-03 8.39913517318179E-03 8.43609291837522E-03 8.46922228817843E-03 8.4985790874644E-03 8.52424602289386E-03 8.54631625072407E-03 8.56489520804339E-03 8.58009705334662E-03 8.59208089888439E-03 8.60104335664895E-03 8.60721523182718E-03 8.61085407323592E-03 8.61222277647486E-03 8.61157834694076E-03 8.60916287188554E-03 8.60520347223318E-03 8.59991250876566E-03 8.59348539291729E-03 8.58608882838996E-03 8.5778583379564E-03 8.56894934863592E-03 8.55959800097468E-03 8.55019262167026E-03 8.54162826323038E-03 8.53586186008344E-03 8.51290699132818E-03 0 0 0 0 0 0 0 0 0 0 0 0 0 0 0 0 0 0 0 0 0 0 0 0 0 0 0 0 0 0 0 0 0 0 0 0
8.35203763662966E-03 8.39389873180796E-03 8.43183120618075E-03 8.46593576749281E-03 8.49630035999841E-03 8.52299751842566E-03 8.54612414836158E-03 8.56578538692919E-03 8.58209496147311E-03 8.59517666854096E-03 8.60519540594627E-03 8.61235234624907E-03 8.61688109060202E-03 8.61904230110997E-03 8.61910252161898E-03 8.61731970106173E-03 8.61393924299406E-03 8.60919470563681E-03 8.60330765041741E-03 8.59648529350204E-03 8.58890836752218E-03 8.58073189372603E-03 8.57213953840627E-03 8.56340453921007E-03 8.55495058086457E-03 8.54798524191433E-03 8.54713621085335E-03 0 0 0 0 0 0 0 0 0 0 0 0 0 0 0 0 0 0 0 0 0 0 0 0 0 0 0 0 0 0 0 0 0 0 0 0 0
8.38809712893743E-03 8.42707528510508E-03 8.46219534737988E-03 8.49356920002237E-03 8.52129864996657E-03 8.54547310018688E-03 8.56620003740205E-03 8.58359332621565E-03 8.59777249245237E-03 8.60886963448789E-03 8.61705266558812E-03 8.6225257237225E-03 8.62552659641978E-03 8.62631930392148E-03 8.62517455088273E-03 8.62235243546221E-03 8.61810405425489E-03 8.61267142520769E-03 8.60628739643527E-03 8.59917273943274E-03 8.59152745984626E-03 8.58354299876509E-03 8.57546350819896E-03 8.5676260552275E-03 8.56020630322259E-03 8.5519864636473E-03 8.54713621085335E-03 0 0 0 0 0 0 0 0 0 0 0 0 0 0 0 0 0 0 0 0 0 0 0 0 0 0 0 0 0 0 0 0 0 0 0 0 0
8.42179713438699E-03 8.45799643686827E-03 8.49041551481289E-03 8.5191777243767E-03 8.54439839790889E-03 8.56618100891043E-03 8.58464072816029E-03 8.59989846161085E-03 8.61207768456255E-03 8.62131533899235E-03 8.62778071735841E-03 8.63168207119879E-03 8.63326200522586E-03 8.63278797025268E-03 8.63053475091951E-03 8.6267654360987E-03 8.62173879942174E-03 8.61570757519895E-03 8.60891820120478E-03 8.60160812488864E-03 8.59400196799947E-03 8.58634633580985E-03 8.57902313370716E-03 8.57272370427414E-03 8.56851131762818E-03 8.5519864636473E-03 0 0 0 0 0 0 0 0 0 0 0 0 0 0 0 0 0 0 0 0 0 0 0 0 0 0 0 0 0 0 0 0 0 0 0 0 0 0
8.45331928686161E-03 8.48684114009613E-03 8.5166680551479E-03 8.54293400826794E-03 8.56576619345192E-03 8.58527954601622E-03 8.60159526819878E-03 8.61483944647462E-03 8.62513729383216E-03 8.63262861888385E-03 8.6374857920704E-03 8.63992137366204E-03 8.64018173343944E-03 8.63853767696076E-03 8.63526839926025E-03 8.63063950861897E-03 8.62491853420607E-03 8.61837193690907E-03 8.61126205534033E-03 8.60384834391184E-03 8.59638673002206E-03 8.58918343878361E-03 8.58278680405173E-03 8.57833220984112E-03 8.57762498734637E-03 0 0 0 0 0 0 0 0 0 0 0 0 0 0 0 0 0 0 0 0 0 0 0 0 0 0 0 0 0 0 0 0 0 0 0 0 0 0 0
8.48281943921272E-03 8.51376095890877E-03 8.54109934685904E-03 8.56497905974784E-03 8.58553765737233E-03 8.60289915943485E-03 8.61718865732205E-03 8.62853415826785E-03 8.63706110785311E-03 0.008642912919618 8.64626639038105E-03 8.6473370317103E-03 8.64637382756616E-03 8.64365130007282E-03 8.63945337576644E-03 8.63404806871591E-03 8.62771189783168E-03 8.62072787856203E-03 8.61337687062812E-03 8.60594530896818E-03 8.59873023436433E-03 8.59210551819395E-03 8.5867312419103E-03 8.58365962295637E-03 8.57762498734637E-03 0 0 0 0 0 0 0 0 0 0 0 0 0 0 0 0 0 0 0 0 0 0 0 0 0 0 0 0 0 0 0 0 0 0 0 0 0 0 0
8.51043356866671E-03 8.53888853143322E-03 8.5638393156678E-03 8.58544006483828E-03 8.60383605352898E-03 8.6191582156927E-03 8.63153298302263E-03 8.64108808364109E-03 8.64795000208876E-03 8.65226558141903E-03 8.65421506309781E-03 0.008654016110708 0.008651920696716 8.64820658838329E-03 0.008643161665252 8.63705776690709E-03 8.63018106727709E-03 8.62283364656686E-03 8.6153173560081E-03 8.60794928362784E-03 8.60108087005669E-03 8.59519844867186E-03 8.59121235415927E-03 8.59062095755128E-03 0 0 0 0 0 0 0 0 0 0 0 0 0 0 0 0 0 0 0 0 0 0 0 0 0 0 0 0 0 0 0 0 0 0 0 0 0 0 0 0
