NongDo/Fusa 12.1h.grd
DSAA
463	323
2	464
2	324
0	10
[rows 252 to 279 of 323, columns 0 to 63 of 463]
0 0 0 0 0 0 0 0 0 0 0 0 0 0 0 0 0 0 0 0 0 0 0 0 0 0 0 0 0 0 0 0 0 0 0 0 0 0 3.9854024670225E-03 3.99512156451217E-03 4.00083346289421E-03 4.00575147669538E-03 4.01123283850253E-03 0.004017487301068 4.02457890306246E-03 4.03251509750282E-03 4.0413482324492E-03 4.05109957858602E-03 4.06183071855979E-03 4.07359161075355E-03 4.08644456460465E-03 4.10045224634138E-03 4.11565926687466E-03 4.13211143016371E-03 4.14982943030547E-03 4.16884703860639E-03 4.18915825988383E-03 4.21076178126536E-03 4.23362836350121E-03 4.25774472397826E-03 4.28304974758622E-03 4.3094490039392E-03 0.004336834454531 4.36508821921452E-03
0 0 0 0 0 0 0 0 0 0 0 0 0 0 0 0 0 0 0 0 0 0 0 0 0 0 0 0 0 0 0 0 0 0 0 0 0 3.97708593845433E-03 3.9854024670225E-03 3.99034407995983E-03 3.99577337144784E-03 4.00143768547514E-03 4.00766223139331E-03 4.01458318303152E-03 4.02230570081864E-03 4.0308777412394E-03 4.0403711363992E-03 4.05082629851624E-03 4.06231465868237E-03 4.07489957793569E-03 4.08864695504672E-03 4.10362026131616E-03 4.11986146845549E-03 4.13741227102781E-03 4.1562868975295E-03 4.17650865527006E-03 4.19806185460633E-03 4.22093175552646E-03 4.24507451784424E-03 4.27045761230583E-03 4.29700488951348E-03 4.3246063109574E-03 4.3531392517475E-03 4.3824726636903E-03
0 0 0 0 0 0 0 0 0 0 0 0 0 0 0 0 0 0 0 0 0 0 0 0 0 0 0 0 0 0 0 0 0 0 0 0 3.97025688804144E-03 3.97708593845433E-03 3.98139628484489E-03 3.98632235902245E-03 3.99186378166151E-03 3.99796192337095E-03 4.00472433989927E-03 4.01221291543948E-03 4.02052414469853E-03 4.02972037440482E-03 4.03988284597631E-03 4.05106422604862E-03 4.06334314264708E-03 4.07679292585194E-03 4.09148183312766E-03 4.10747258417073E-03 4.12480278478056E-03 4.14350757071681E-03 4.16359183861199E-03 4.18506905575412E-03 4.20791041398458E-03 4.23208449844426E-03 4.25753001708339E-03 4.28419573948152E-03 4.3119871812664E-03 4.34077806941737E-03 4.37043142911181E-03 4.40080386960475E-03
0 0 0 0 0 0 0 0 0 0 0 0 0 0 0 0 0 0 0 0 0 0 0 0 0 0 0 0 0 0 0 0 0 0 0 3.96742630553911E-03 3.97025688804144E-03 3.97365470013277E-03 3.9778437373006E-03 3.98282683252666E-03 3.98857420532081E-03 3.99503882569685E-03 4.00226731758508E-03 4.01028283979706E-03 4.01917200170314E-03 4.02900385068978E-03 4.03986197791534E-03 4.05180787798426E-03 4.06492317885477E-03 4.07929148977302E-03 4.09497952524478E-03 4.11204839289658E-03 4.13052884218823E-03 4.15044813020474E-03 4.17179776856985E-03 4.19458169327628E-03 4.21875435762007E-03 4.24426363410861E-03 4.27102967615143E-03 4.29898158548533E-03 4.32800778803799E-03 4.35796336611535E-03 4.38869786557046E-03 4.42005645964133E-03
0 0 0 0 0 0 0 0 0 0 0 0 0 0 0 0 0 0 0 0 0 0 0 0 0 0 0 0 0 0 0 0 0 0 0 3.96742630553911E-03 3.96773250757535E-03 3.97037769654278E-03 3.97446031627132E-03 3.97957812660495E-03 3.9855956093598E-03 3.99243955582557E-03 4.00013235204871E-03 4.00868702032591E-03 4.01818026766053E-03 4.02868451061703E-03 4.04028422982099E-03 4.05304912751307E-03 4.06706326380467E-03 4.08241563497798E-03 4.09917098189213E-03 4.11738619044854E-03 4.13708379811503E-03 4.15828094019206E-03 4.18095598494085E-03 4.20509615195367E-03 4.23063562276443E-03 4.2575019574722E-03 4.28559703911805E-03 4.31482938052432E-03 4.34506730926904E-03 4.37614917345169E-03 4.40791223479773E-03 4.44019276354135E-03
0 0 0 0 0 0 0 0 0 0 0 0 0 0 0 0 0 0 0 0 0 0 0 0 0 0 0 0 0 0 0 0 0 0 3.95723639865136E-03 3.96244312830473E-03 3.96374569900047E-03 3.96667375771199E-03 3.97096968522732E-03 3.97636620558198E-03 3.98273883458958E-03 3.99001493610439E-03 3.99820784553883E-03 4.0073451819712E-03 4.01749332041934E-03 4.02872937756287E-03 4.04113410320853E-03 4.05479023843705E-03 4.06977978831318E-03 4.08619534155282E-03 4.1040974587585E-03 4.12353713351888E-03 4.14452593342784E-03 4.16706848848986E-03 4.19112841912084E-03 4.21666657717008E-03 4.24359955679506E-03 4.27183325073623E-03 4.30125201065864E-03 4.33174029068306E-03 4.3631511765706E-03 4.39530639229765E-03 4.42803201282245E-03 4.46115791140211E-03
0 0 0 0 0 0 0 0 0 0 0 0 0 0 0 0 0 0 0 0 0 0 0 0 0 0 0 0 0 0 0 0 0 0 3.95723639865136E-03 3.95754824294882E-03 3.95927338171359E-03 3.96258383100596E-03 3.96724755693396E-03 3.97304179192383E-03 3.9798612122107E-03 3.98764446961002E-03 3.99640848646012E-03 4.00619597837215E-03 4.01707220004645E-03 4.02911763457393E-03 4.04241114485491E-03 4.05704440675593E-03 4.07309881805612E-03 4.09066752148133E-03 4.10980541141974E-03 4.13055442962971E-03 4.15291212190588E-03 4.17686692698199E-03 4.20236266817716E-03 4.22933412391839E-03 4.25767662807068E-03 4.28727509936769E-03 4.31799559465415E-03 4.34970240628315E-03 4.38223306790643E-03 4.41539436181068E-03 4.44900383243663E-03 4.48288935013434E-03
0 0 0 0 0 0 0 0 0 0 0 0 0 0 0 0 0 0 0 0 0 0 0 0 0 0 0 0 0 0 0 0 0 0 3.95207437441757E-03 3.95219384754754E-03 3.95430219336936E-03 3.95807900718766E-03 3.96322081236529E-03 3.96951603082401E-03 3.97687505098911E-03 3.9852526238302E-03 3.99467508472272E-03 4.00520129958191E-03 4.01689657918242E-03 4.0298484603223E-03 4.04412968728336E-03 4.05984183437356E-03 4.07706194200703E-03 4.09588453420618E-03 4.11635555794003E-03 4.13850383163376E-03 4.16230805013095E-03 4.18773600179949E-03 4.21470982070517E-03 4.24313727689512E-03 4.27289187092683E-03 4.30383562531919E-03 4.33581852848196E-03 4.36868709511782E-03 4.40226916045923E-03 4.43635499179798E-03 4.47075799460848E-03 4.50530996260511E-03
0 0 0 0 0 0 0 0 0 0 0 0 0 0 0 0 0 0 0 0 0 0 0 0 0 0 0 0 0 0 0 0 0 0 3.94580417365103E-03 3.94602103119813E-03 3.94868484583229E-03 3.95306637571162E-03 3.95880860798049E-03 3.9657176151642E-03 3.97372270465078E-03 3.98279627739736E-03 3.99297688884544E-03 4.00434626650057E-03 4.01696935777591E-03 4.03093903267841E-03 4.04632161663334E-03 4.06322683742794E-03 4.08172248165137E-03 4.1019082711428E-03 4.12381546713849E-03 4.14745272693395E-03 4.17277522482771E-03 4.19972828973738E-03 4.22821005269495E-03 4.25810154159612E-03 4.28925365886955E-03 4.32150674717941E-03 4.35469571779613E-03 4.3886543519908E-03 4.42320463560567E-03 4.45811956617187E-03 4.49321654112951E-03 4.52833912277155E-03
0 0 0 0 0 0 0 0 0 0 0 0 0 0 0 0 0 0 0 0 0 0 0 0 0 0 0 0 0 0 0 0 0 3.92733188172441E-03 3.93673270269681E-03 3.93857711824089E-03 3.94229810691379E-03 3.94749038019245E-03 3.95397287103233E-03 3.96161620293438E-03 3.97038237438364E-03 3.98026571689665E-03 3.99131325545012E-03 4.00364593401843E-03 4.01731661947697E-03 4.03243076158794E-03 4.04903754463894E-03 4.06726557223335E-03 4.08715485392153E-03 4.1088219954571E-03 4.13226874338027E-03 4.15747839039139E-03 4.18437995344212E-03 4.21289484526773E-03 4.24289754645302E-03 0.004274240062858 4.3067557032207E-03 4.34026274851648E-03 4.37458562663077E-03 4.40954291349455E-03 4.44496456170228E-03 4.48060098421884E-03 4.51628949829405E-03 4.55189177393604E-03
0 0 0 0 0 0 0 0 0 0 0 0 0 0 0 0 0 0 0 0 0 0 0 0 0 0 0 0 0 0 0 0 0 3.92733188172441E-03 3.9278630147775E-03 3.93049929776961E-03 3.93521999548146E-03 3.94136111547427E-03 3.94871542937759E-03 3.95721319198468E-03 3.96685965806539E-03 3.97767625818023E-03 3.98972338645719E-03 4.00314370559498E-03 4.01799282162169E-03 4.03438020429516E-03 4.05234896431808E-03 4.07203097050633E-03 4.09345326872244E-03 4.11671791364247E-03 4.14179677728504E-03 4.16864670623922E-03 4.19717289886079E-03 4.2272683599645E-03 4.25878262481766E-03 4.2915425800422E-03 4.32536529905878E-03 4.36005533582649E-03 4.39542775660477E-03 4.4312892224763E-03 4.4674591994251E-03 4.50370489234323E-03 4.53989069266466E-03 4.57589169552042E-03
0 0 0 0 0 0 0 0 0 0 0 0 0 0 0 0 0 0 0 0 0 0 0 0 0 0 0 0 0 0 0 0 0 3.91806230465438E-03 3.91839024785031E-03 3.92195970100313E-03 3.92769095520328E-03 3.93480939115407E-03 3.94311580261081E-03 3.95256533650408E-03 3.96320225973506E-03 3.97507344656744E-03 3.98826273981609E-03 4.00290907031551E-03 4.01908009046912E-03 4.03688296283513E-03 4.05636118706599E-03 4.07763311371565E-03 4.10072642333473E-03 4.12568631107644E-03 4.15247417139117E-03 4.18101311071619E-03 4.21119037955354E-03 4.24285907026714E-03 4.27585236311083E-03 4.30997125387215E-03 4.34502224396161E-03 4.38080161844642E-03 4.41711818139122E-03 4.45377145469956E-03 4.49057089833141E-03 4.52734481354484E-03 4.5639529826973E-03 4.60028679886177E-03
0 0 0 0 0 0 0 0 0 0 0 0 0 0 0 0 0 0 0 0 0 0 0 0 0 0 0 0 0 0 0 0 3.88330863055664E-03 3.90437493692547E-03 3.90760561919902E-03 3.91286712421766E-03 3.91979480738916E-03 3.92796269655422E-03 3.93728756975809E-03 3.94777752402552E-03 3.95951090622446E-03 3.97256037161381E-03 3.98702315251925E-03 4.00303746869058E-03 4.02067458851709E-03 4.0400387340061E-03 4.06116681854975E-03 4.0841622517732E-03 4.10903331918301E-03 4.13577990754029E-03 4.16433828486363E-03 4.1946021533744E-03 4.22643345952772E-03 4.25965267870422E-03 4.29407353036873E-03 4.32947867644516E-03 4.36566728409108E-03 4.40243228378351E-03 4.43958216734569E-03 4.4769174025976E-03 4.51426180636487E-03 4.55148215864895E-03 4.58844133745734E-03 4.62503833885067E-03
0 0 0 0 0 0 0 0 0 0 0 0 0 0 0 0 0 0 0 0 0 0 0 0 0 0 0 0 0 0 0 3.87596916547905E-03 3.88330863055664E-03 3.89095132683831E-03 3.89694448365713E-03 3.90375297660176E-03 3.91181623763316E-03 3.92102021862891E-03 3.93139675716407E-03 3.94299735591423E-03 3.95592325434252E-03 3.97026455088375E-03 3.98612634142245E-03 4.00364545581938E-03 4.02289051608119E-03 4.04395492946093E-03 4.0668624956527E-03 4.09169282357643E-03 0.004118429757529 4.14703296091819E-03 4.17740657327371E-03 4.20941079535469E-03 4.24288169026062E-03 4.27761204636779E-03 4.31339772789184E-03 4.35000904147748E-03 4.38724101882944E-03 4.42489024787777E-03 4.46277336900639E-03 4.50070232499584E-03 4.53851579598756E-03 4.57610204234382E-03 4.61333595305304E-03 4.65012056763902E-03
0 0 0 0 0 0 0 0 0 0 0 0 0 0 0 0 0 0 0 0 0 0 0 0 0 0 0 0 0 0 0 3.87596916547905E-03 3.87650260997492E-03 3.88099393130914E-03 3.88722499103553E-03 3.89488460372752E-03 3.9039063400883E-03 3.9141262827103E-03 3.92559060753293E-03 3.93837467134896E-03 3.95258910479193E-03 3.96833277576109E-03 3.98571080017399E-03 4.00486189226788E-03 4.02584439540446E-03 4.04873365018192E-03 4.07353208091812E-03 4.10029349075751E-03 4.12896889361323E-03 4.15947965950015E-03 0.004191692933736 4.22543466163987E-03 4.26051402172186E-03 4.29670095507978E-03 4.33377905531142E-03 4.37150816968783E-03 4.40968573241793E-03 4.44811893424993E-03 4.48663923596232E-03 4.52507335752831E-03 4.56327810235583E-03 4.60115517209376E-03 4.63858831512147E-03 4.67548306780343E-03
0 0 0 0 0 0 0 0 0 0 0 0 0 0 0 0 0 0 0 0 0 0 0 0 0 0 0 0 0 0 0 3.86673564393879E-03 3.86705516709356E-03 3.87119651362204E-03 3.8778132083549E-03 3.88622599170191E-03 3.89616487317925E-03 3.90741244977514E-03 3.92001540899579E-03 3.93406186642854E-03 3.94966115988261E-03 3.96691581913539E-03 3.98592275730024E-03 4.00682569015169E-03 4.02966429387783E-03 4.05448700050574E-03 4.08127011721885E-03 4.11003618426146E-03 4.14070307933962E-03 4.17314765952936E-03 4.20720243269319E-03 4.24265645776623E-03 4.27929650715437E-03 4.31687085028699E-03 4.35515922344533E-03 4.39391115918249E-03 4.43293554675378E-03 4.47205602729506E-03 4.5111233828193E-03 4.5499810764659E-03 4.58850043707758E-03 4.62659316931315E-03 4.66414963301552E-03 4.70107395614641E-03
0 0 0 0 0 0 0 0 0 0 0 0 0 0 0 0 0 0 0 0 0 0 0 0 0 0 0 0 0 0 3.8398300080894E-03 3.85330526418621E-03 3.85578218467306E-03 3.86092779049645E-03 3.86836811708705E-03 3.87766651669626E-03 3.88860054426526E-03 3.90096483543438E-03 3.91479799471337E-03 3.93020151970169E-03 3.94728658314764E-03 3.96616094888564E-03 3.98691231444027E-03 4.00967525757657E-03 4.03446881002011E-03 4.06131363696985E-03 4.09015695348568E-03 4.12098432498235E-03 4.15367308282935E-03 4.18805725270945E-03 4.22393224496908E-03 4.26105532033372E-03 4.29919128378812E-03 4.33807283446208E-03 4.3774743788919E-03 4.41714964857909E-03 4.45692457343587E-03 4.49663950783794E-03 4.53616374597967E-03 4.57536028667662E-03 4.61411897732046E-03 4.65235369675084E-03 4.68995503991099E-03 4.72682638736189E-03
0 0 0 0 0 0 0 0 0 0 0 0 0 0 0 0 0 0 0 0 0 0 0 0 0 0 0 0 0 0 3.8398300080894E-03 3.84067748384993E-03 3.84423454922374E-03 3.85048805619797E-03 3.85895824806511E-03 3.86929411779318E-03 3.88132259380463E-03 3.89490015532577E-03 3.91006844268614E-03 3.92693652533033E-03 3.94561183680212E-03 3.96621507519398E-03 3.98882395716895E-03 4.01354511896022E-03 4.04037981103179E-03 4.06931757401492E-03 4.10027646361726E-03 4.13319179522233E-03 4.16790713851644E-03 4.20420832683028E-03 4.24185768275831E-03 4.2805829923036E-03 4.32013243834015E-03 4.36022810356739E-03 4.40064271294632E-03 4.44114889813173E-03 4.48158390045306E-03 4.52180570524475E-03 4.56170312386899E-03 4.60116214168653E-03 4.64008624677547E-03 4.67838422910061E-03 4.71594889080811E-03 4.75268160390956E-03
0 0 0 0 0 0 0 0 0 0 0 0 0 0 0 0 0 0 0 0 0 0 0 0 0 0 0 0 0 3.8091943205508E-03 3.82462684555679E-03 3.82724370229913E-03 3.83242174792061E-03 3.83996852984695E-03 3.84962976215089E-03 3.86114900947792E-03 3.87441238425887E-03 3.88933032047282E-03 3.90595563348699E-03 3.92440524144035E-03 3.94478495485587E-03 3.96722343860221E-03 3.99178623364075E-03 4.01855285788181E-03 4.04749882409014E-03 4.07858218248731E-03 4.1116854811489E-03 4.14669774842888E-03 4.18342028361063E-03 4.22159578356751E-03 4.26095341708747E-03 4.30119861031169E-03 4.34206700872386E-03 4.38327758324481E-03 4.42460916850372E-03 4.46585252270291E-03 4.5068592822913E-03 4.54750354122547E-03 4.58769268495329E-03 4.62733450627861E-03 4.66634457202243E-03 4.70462554378464E-03 4.74206794937546E-03 4.77857200515804E-03
0 0 0 0 0 0 0 0 0 0 0 0 0 0 0 0 0 0 0 0 0 0 0 0 0 0 0 0 0 3.8091943205508E-03 3.81012720801624E-03 3.81400753402769E-03 3.8206270073427E-03 3.82953146913583E-03 3.84049953415293E-03 3.85333674357494E-03 3.86797782093197E-03 3.88437125370354E-03 3.9025837059346E-03 3.92273991627343E-03 3.94494038777082E-03 3.96931828729021E-03 3.99592405138735E-03 4.02481026097687E-03 4.05592396769344E-03 4.08918514556603E-03 4.1244390430666E-03 4.16152749611105E-03 4.20021426160025E-03 4.24019743378409E-03 4.28117738675296E-03 4.32284502594702E-03 4.36493077131868E-03 4.40715815417729E-03 4.44931282915017E-03 4.49120511896841E-03 4.53269927837003E-03 4.5736854712571E-03 4.61408610312014E-03 4.65383147680147E-03 4.69284680845564E-03 4.73102553874652E-03 4.76825398601824E-03 4.80443264677172E-03
0 0 0 0 0 0 0 0 0 0 0 0 0 0 0 0 0 0 0 0 0 0 0 0 0 0 0 0 3.7761070091119E-03 3.79267765537049E-03 3.79534772267458E-03 3.80083500556708E-03 3.80893012429128E-03 3.8192680785785E-03 3.83166262242441E-03 3.84595810103201E-03 3.86212694562494E-03 3.88014311152907E-03 3.90007950900045E-03 3.92206939435562E-03 3.94620435657492E-03 3.97262026184055E-03 4.00134749023489E-03 4.03241503565262E-03 4.0657362885265E-03 4.10118870812089E-03 4.1385773083312E-03 4.17770187580129E-03 4.21828955431202E-03 4.25999357057775E-03 4.30249366670659E-03 4.34547731921778E-03 4.38867593652604E-03 4.43182103810832E-03 4.47470714900106E-03 4.5171637201023E-03 4.55906622721271E-03 4.60031655642178E-03 4.64084842180164E-03 4.68061433146641E-03 4.71954913972151E-03 4.75753099658238E-03 4.79444328326371E-03 4.8301918674767E-03
0 0 0 0 0 0 0 0 0 0 0 0 0 0 0 0 0 0 0 0 0 0 0 0 0 0 0 0 3.7761070091119E-03 3.77699696500462E-03 3.78083672248199E-03 3.78783620991316E-03 3.7974689821523E-03 3.80933408213384E-03 3.82327441800716E-03 3.83916034752426E-03 3.85699691597383E-03 3.87677507748501E-03 3.89856758818535E-03 3.92251896165522E-03 3.94869674559151E-03 3.97724659486891E-03 4.00816619669417E-03 4.04146361760907E-03 4.07701624610655E-03 4.11465133601744E-03 4.15413783613876E-03 4.19522897700924E-03 4.23763145410066E-03 4.28094638983904E-03 4.32485112821714E-03 4.36903992331759E-03 4.4132472000019E-03 4.45721717361504E-03 4.50074668897525E-03 4.54369058552472E-03 4.58592589897179E-03 4.62736601987635E-03 4.66794696758652E-03 4.70764507790089E-03 4.74640649223178E-03 4.78408341483963E-03 4.82056661086057E-03 4.85577368990671E-03
0 0 0 0 0 0 0 0 0 0 0 0 0 0 0 0 0 0 0 0 0 0 0 0 0 0 0 0 3.76014087143181E-03 3.76067798696333E-03 3.76619139121017E-03 3.77499414229113E-03 3.7863449485443E-03 3.7998743485114E-03 3.81548616969457E-03 3.83309279389101E-03 3.85272783247555E-03 3.87440015151581E-03 3.89817846322529E-03 3.92420684260784E-03 3.95253464790152E-03 3.98330180069506E-03 4.01647770054926E-03 4.05203688148484E-03 4.08981838140641E-03 4.12960653435044E-03 4.1711361467251E-03 4.21411329994637E-03 4.25821020423375E-03 4.30301388253234E-03 4.34820825453995E-03 4.39349529684682E-03 4.43861136613126E-03 4.48331405437384E-03 4.52740617252624E-03 4.57076037008723E-03 4.61325256730327E-03 4.65480327601391E-03 4.69535121607771E-03 4.73488928327067E-03 4.77336044391444E-03 4.81060767469523E-03 4.84653932781219E-03 4.88108972475044E-03
0 0 0 0 0 0 0 0 0 0 0 0 0 0 0 0 0 0 0 0 0 0 0 0 0 0 0 3.70247425886193E-03 3.73746969746854E-03 3.74303596596971E-03 3.75162054642885E-03 3.76262692723724E-03 3.77585198853789E-03 3.79114763195734E-03 3.80852441083767E-03 3.8279519884484E-03 3.8494900649265E-03 3.8731681311919E-03 3.89904787805135E-03 3.9272610411415E-03 3.95783495947237E-03 3.99088881343857E-03 4.02636811787409E-03 4.06419319245661E-03 4.10417774814418E-03 4.14606119875413E-03 4.18955445288615E-03 4.23430710116634E-03 4.27997055113613E-03 4.32615417280005E-03 4.37253119641092E-03 4.41881948702782E-03 4.4647498620543E-03 4.51010451981792E-03 4.55467638230229E-03 4.59836146167342E-03 4.64102460309666E-03 4.68259706040466E-03 4.72300884556279E-03 4.76226487500206E-03 4.80031714741258E-03 4.83700742689797E-03 4.87226361492047E-03 4.90604430242527E-03
0 0 0 0 0 0 0 0 0 0 0 0 0 0 0 0 0 0 0 0 0 0 0 0 0 0 3.68026948266875E-03 3.70247425886193E-03 3.71598640714554E-03 3.72659311554987E-03 3.73805268086464E-03 3.75119030294918E-03 3.76628621238713E-03 3.78338822780494E-03 3.80259536793448E-03 3.82392460710933E-03 3.84745552177154E-03 3.87323203279994E-03 3.90130709581126E-03 3.93179263517785E-03 3.96468900184056E-03 4.00008346896874E-03 4.03788327241523E-03 4.07796360001494E-03 4.12010393494011E-03 4.16401044055873E-03 4.20936568882676E-03 4.25578237202318E-03 4.30290289280132E-03 4.35035426736852E-03 4.39781409344148E-03 4.44500569244742E-03 4.49166171395224E-03 4.53757559222965E-03 4.58254400782282E-03 4.6264669635162E-03 4.6692037616946E-03 4.71068907498007E-03 4.75085316141237E-03 4.78970495708878E-03 4.82719292353556E-03 4.86318142745986E-03 4.89763297823027E-03 4.93053434664535E-03
0 0 0 0 0 0 0 0 0 0 0 0 0 0 0 0 0 0 0 0 0 0 0 0 0 3.67066212672946E-03 3.68026948266875E-03 3.69003753640866E-03 3.70122586485825E-03 3.7130291073158E-03 3.72620179244571E-03 3.74108749598109E-03 3.75793435430653E-03 3.77683274525794E-03 3.79790649692934E-03 3.8211964386206E-03 3.8467894979184E-03 3.87473830309871E-03 3.90508443908701E-03 3.93790897228099E-03 3.97318123585362E-03 4.0109385755588E-03 4.0510517240766E-03 4.09335001278223E-03 4.13758181046008E-03 4.18342474599867E-03 4.23054000247447E-03 4.27851937269353E-03 4.32699804932371E-03 4.37562201869828E-03 4.4240731824456E-03 4.47207909133103E-03 4.51937172146697E-03 4.56575122671862E-03 4.6110175317212E-03 4.65506252989465E-03 4.69775042573285E-03 4.73901270971106E-03 4.77878621684335E-03 4.81707358204017E-03 4.85384475588763E-03 4.88899855372724E-03 4.92252828038908E-03 4.95445592574516E-03
0 0 0 0 0 0 0 0 0 0 0 0 0 0 0 0 0 0 0 0 0 0 0 0 0 3.67066212672946E-03 3.67155038387256E-03 3.6784768931421E-03 3.68885746385478E-03 3.70138201134849E-03 3.71588683365188E-03 3.73234865387087E-03 3.75089955896822E-03 3.7716129669753E-03 3.79460349714166E-03 3.81991474642263E-03 3.8476291961877E-03 3.87780851143819E-03 3.91047947315459E-03 3.94568555888957E-03 3.98335965407277E-03 4.02348388562873E-03 4.06588493872269E-03 4.11035008205437E-03 4.15659728893403E-03 4.20428548575935E-03 4.25306006715117E-03 4.3025007946294E-03 4.35223974732255E-03 4.40194234888882E-03 4.45129496026609E-03 4.50002049201271E-03 4.54784811133998E-03 4.59458076233092E-03 4.64002357325583E-03 4.68405681186806E-03 4.72655014344234E-03 4.76743657935932E-03 4.8066659014152E-03 4.84424104901094E-03 4.88014911323259E-03 4.91433601079123E-03 4.94683807884179E-03 4.97771134299092E-03
0 0 0 0 0 0 0 0 0 0 0 0 0 0 0 0 0 0 0 0 0 0 0 0 3.63829671223734E-03 3.6549833358412E-03 3.65857636846844E-03 3.6663094758949E-03 3.67735847026404E-03 3.69096047451028E-03 3.70686154688874E-03 3.72492693213922E-03 3.74522478100776E-03 3.76781786482929E-03 3.79279441520673E-03 3.82019769358268E-03 3.85009036283438E-03 3.88255240903544E-03 3.91759033648083E-03 3.95519781302727E-03 0.00399527847392 4.03774170818492E-03 4.0823844709403E-03 4.12894414118962E-03 4.17711990011868E-03 4.22655728436312E-03 4.2768924353611E-03 4.3277026825056E-03 4.37860777101866E-03 4.42930476014231E-03 4.4794674790233E-03 4.52881048429604E-03 4.57705638204986E-03 4.62400960269617E-03 4.66948490994555E-03 4.71334129877581E-03 4.75547221407179E-03 4.79580699913543E-03 4.83432634911899E-03 4.87102797498736E-03 4.90593856889523E-03 4.93905407217039E-03 4.97044866714928E-03 5.00021195482821E-03
