NongDo/Fusa 10.8h.grd
DSAA
463	323
2	464
2	324
0	10
[rows 252 to 279 of 323, columns 0 to 63 of 463]
0 0 0 0 0 0 0 0 0 0 0 0 0 0 0 0 0 0 0 0 0 0 0 0 0 0 0 0 0 0 0 0 0 0 0 0 0 0 0.003058881201632 3.03963075872184E-03 3.04006272542162E-03 3.05495493348219E-03 3.0788632726396E-03 3.10903143518095E-03 3.14380003222448E-03 3.18181905569045E-03 3.2222708639043E-03 3.26441417949435E-03 3.30786737769624E-03 3.3523236003318E-03 3.39763459318486E-03 3.44371456087904E-03 3.49047353091654E-03 3.53787154427088E-03 3.58583947227839E-03 3.6343811253277E-03 3.68343002350873E-03 3.73296224629247E-03 3.78291395747849E-03 3.83328114933895E-03 3.88398007616938E-03 3.93487918758706E-03 3.98583178990543E-03 4.03668025881841E-03
0 0 0 0 0 0 0 0 0 0 0 0 0 0 0 0 0 0 0 0 0 0 0 0 0 0 0 0 0 0 0 0 0 0 0 0 0 3.07455839161244E-03 0.003058881201632 3.06194030904035E-03 3.0747273568987E-03 3.09656014581614E-03 3.12506727018221E-03 3.1582164286288E-03 3.19476526795215E-03 3.23373010352793E-03 3.27453976499758E-03 3.31667737488882E-03 3.35988957556033E-03 3.40399783315869E-03 3.44891298097517E-03 3.49459742629856E-03 3.54099230152921E-03 3.58807887474251E-03 3.63579929227588E-03 3.68415336274317E-03 3.73307640336561E-03 3.78253031248141E-03 3.83243372971751E-03 3.88275076893252E-03 3.93338033526298E-03 3.98416993466948E-03 4.03495334304809E-03 4.08555627379339E-03
0 0 0 0 0 0 0 0 0 0 0 0 0 0 0 0 0 0 0 0 0 0 0 0 0 0 0 0 0 0 0 0 0 0 0 0 3.09016984615445E-03 3.07455839161244E-03 3.07817765943317E-03 3.09112890001307E-03 3.11190881828585E-03 3.13901678745469E-03 3.17092171697165E-03 3.20617143693308E-03 3.24390905065578E-03 3.28345134711297E-03 3.32442016004594E-03 3.36645736070703E-03 3.40941595569813E-03 0.003453206485147 3.49779586091675E-03 3.54317887467741E-03 3.58932009305154E-03 3.63621149259748E-03 3.6837995092553E-03 3.73208119684309E-03 3.78098422907997E-03 3.83045022439716E-03 3.88037581117222E-03 3.93069829332568E-03 3.98129104490526E-03 4.03198258634428E-03 4.08258965632398E-03 4.13292401625431E-03
0 0 0 0 0 0 0 0 0 0 0 0 0 0 0 0 0 0 0 0 0 0 0 0 0 0 0 0 0 0 0 0 0 0 0 3.1090631483258E-03 3.09016984615445E-03 3.09304566949134E-03 3.10529776197337E-03 3.12527583502749E-03 3.15138341741955E-03 3.18209428619605E-03 3.21628714572807E-03 3.25288599029826E-03 3.29131958313856E-03 3.33114379732705E-03 3.37211186378733E-03 3.41398841217067E-03 3.45668984353831E-03 3.50020978318036E-03 3.54454611313709E-03 3.58972165594855E-03 3.63571340342525E-03 3.68252109226034E-03 3.73008474311052E-03 0.003778398598788 3.82737349196996E-03 3.87692238562891E-03 3.92691967333905E-03 3.97727569345906E-03 4.02784503115385E-03 4.07843311877346E-03 4.12884207992512E-03 4.1788724784236E-03
0 0 0 0 0 0 0 0 0 0 0 0 0 0 0 0 0 0 0 0 0 0 0 0 0 0 0 0 0 0 0 0 0 0 0 3.1090631483258E-03 3.10917766043123E-03 3.11962408698044E-03 3.13815894195529E-03 3.16294624021568E-03 3.19249497932661E-03 3.22547256230891E-03 3.26100718144614E-03 3.29832045146896E-03 3.33706359186094E-03 3.37693806181659E-03 3.41777692307468E-03 3.45943567593507E-03 3.50189592678037E-03 3.54519773456156E-03 3.58936143691119E-03 3.63442461237246E-03 3.68037180183421E-03 3.72720205726648E-03 3.77485228101873E-03 3.82329655983557E-03 3.87241666953858E-03 3.92210077370779E-03 3.97220463924078E-03 4.02261263526638E-03 4.07315329051097E-03 4.1236152819859E-03 4.17378996268089E-03 4.22347167624736E-03
0 0 0 0 0 0 0 0 0 0 0 0 0 0 0 0 0 0 0 0 0 0 0 0 0 0 0 0 0 0 0 0 0 0 3.15859425328956E-03 3.12861325262324E-03 3.13602922810704E-03 3.15195481377332E-03 3.17474572493692E-03 3.20259441719746E-03 3.23419010124067E-03 3.26842528968572E-03 3.30461557376589E-03 3.34224572660145E-03 3.38104615105882E-03 3.42083084705071E-03 3.46147910463341E-03 3.50293576846002E-03 3.5452050913866E-03 3.58836539143868E-03 3.63245303129542E-03 3.67751449182405E-03 3.72353209374994E-03 3.77049687132651E-03 3.81833390053013E-03 3.86697870182355E-03 3.91629593938651E-03 3.96614648874379E-03 4.01636788764724E-03 4.06681370403381E-03 4.11729941874239E-03 4.16759726439829E-03 4.2174893627724E-03 4.26676804965307E-03
0 0 0 0 0 0 0 0 0 0 0 0 0 0 0 0 0 0 0 0 0 0 0 0 0 0 0 0 0 0 0 0 0 0 3.15859425328956E-03 3.1579362898347E-03 3.16895509532592E-03 3.18822890512214E-03 3.2135662195399E-03 3.24312942201706E-03 3.27575351531966E-03 3.31051624894721E-03 3.34690205946792E-03 3.38454664455166E-03 3.42323647341238E-03 3.4628480591949E-03 3.50329773736698E-03 3.54458508293544E-03 3.58673743295276E-03 3.62985334921653E-03 3.67397791981855E-03 3.71915722337633E-03 3.76536330527581E-03 3.81256918958939E-03 3.86067630460405E-03 3.9095852234028E-03 3.95913715504249E-03 4.00916919556321E-03 4.05949981248765E-03 4.10996040077073E-03 4.16035238110603E-03 4.21043583455599E-03 4.25998822733175E-03 4.30880656346561E-03
0 0 0 0 0 0 0 0 0 0 0 0 0 0 0 0 0 0 0 0 0 0 0 0 0 0 0 0 0 0 0 0 0 0 3.19182858091514E-03 3.1925829138871E-03 3.20537836886173E-03 3.22648453935482E-03 3.25315143485244E-03 3.28350839638271E-03 3.31649841247435E-03 3.35135331299371E-03 3.38764415307688E-03 3.42512263576401E-03 3.46360933037503E-03 3.50303487473221E-03 3.54332098062495E-03 3.5845132961994E-03 3.62664493163311E-03 3.66983202920025E-03 3.71412089096928E-03 3.75954474779242E-03 3.80605272744246E-03 3.85359052555423E-03 3.90203499818636E-03 3.95125148949906E-03 4.00105812395943E-03 4.05126578135382E-03 4.10167843996441E-03 4.15210951562881E-03 4.20235698753424E-03 4.2521662093009E-03 4.3013160114433E-03 4.34961650876812E-03
0 0 0 0 0 0 0 0 0 0 0 0 0 0 0 0 0 0 0 0 0 0 0 0 0 0 0 0 0 0 0 0 0 0 3.22744727088899E-03 3.22863862129115E-03 3.24288500087005E-03 3.2651690175809E-03 3.29243862371979E-03 3.32299315161323E-03 3.3559341588915E-03 3.39059884566688E-03 3.42662169822194E-03 3.46384519609082E-03 3.5021187404766E-03 3.54139709527913E-03 3.58160060351345E-03 3.62280727255121E-03 3.66504070160143E-03 3.7084394199884E-03 3.75303558322799E-03 3.79883279177813E-03 3.84574728076419E-03 3.89369644548859E-03 3.94252949116046E-03 3.99208003904251E-03 4.0421422059614E-03 4.09250477526382E-03 4.14295906596259E-03 4.19330853659282E-03 4.24335172391822E-03 4.29281866302114E-03 4.34150125295765E-03 4.38923285575357E-03
0 0 0 0 0 0 0 0 0 0 0 0 0 0 0 0 0 0 0 0 0 0 0 0 0 0 0 0 0 0 0 0 0 3.28661168108641E-03 3.25498934755567E-03 3.26265778338631E-03 3.27969143972542E-03 3.3029785410789E-03 3.33046267912918E-03 3.36091470643816E-03 3.39360631902151E-03 3.42798203748141E-03 3.46368442201532E-03 3.50068630721979E-03 3.53880226950243E-03 3.57802767346822E-03 3.6182534347862E-03 3.65961683554629E-03 3.70209493043722E-03 3.74586631820135E-03 3.79091417051346E-03 3.83720007234394E-03 3.88460679250876E-03 3.93302319495683E-03 3.9822739299118E-03 4.03215812931557E-03 4.08245582984015E-03 4.13293402089042E-03 4.18337905658473E-03 4.2335793104369E-03 4.2833522987714E-03 4.33240479012967E-03 4.38056333367033E-03 4.42769123739748E-03
0 0 0 0 0 0 0 0 0 0 0 0 0 0 0 0 0 0 0 0 0 0 0 0 0 0 0 0 0 0 0 0 0 3.28661168108641E-03 3.28593002812009E-03 3.29671785117053E-03 3.31543230458873E-03 3.3391604609812E-03 3.36662151921388E-03 3.39684803879931E-03 3.42923066663638E-03 3.46328821821539E-03 3.49875405177491E-03 3.53562172423833E-03 3.57369238011493E-03 3.61297630744949E-03 3.65337905313537E-03 3.69505379619697E-03 3.7379707362495E-03 3.78228211459141E-03 3.82790598268557E-03 3.87477133048185E-03 3.92273711247964E-03 3.9716594191598E-03 4.0213344064985E-03 4.07153539457828E-03 4.12202966061743E-03 4.17257623324933E-03 4.22295816934717E-03 4.27295431393652E-03 4.32236848814392E-03 4.3709394859785E-03 4.41853889224935E-03 4.46504765111649E-03
0 0 0 0 0 0 0 0 0 0 0 0 0 0 0 0 0 0 0 0 0 0 0 0 0 0 0 0 0 0 0 0 0 3.31530945071067E-03 3.31633313001183E-03 3.32876299832502E-03 3.34858859587757E-03 3.37285002711113E-03 3.40040875783031E-03 3.43051882172816E-03 3.46271105189481E-03 3.49660244141031E-03 3.53197697078116E-03 3.56882106223634E-03 3.60698472885288E-03 3.64648272965404E-03 3.6872394048706E-03 3.72938508282389E-03 3.77290840689458E-03 3.81785546663412E-03 3.86414302215804E-03 3.9116513692933E-03 3.96022318098448E-03 4.00966141995956E-03 4.05974913762041E-03 4.11023123241501E-03 4.16086959428336E-03 4.21142130640382E-03 4.26166964191652E-03 4.31139110283679E-03 4.36038014731086E-03 4.40846105897468E-03 4.45549880988953E-03 4.50139318157205E-03
0 0 0 0 0 0 0 0 0 0 0 0 0 0 0 0 0 0 0 0 0 0 0 0 0 0 0 0 0 0 0 0 3.35705636811223E-03 3.33578824424409E-03 3.34278399736889E-03 3.3579448268485E-03 3.37899875462804E-03 3.40383870682475E-03 3.43162374582722E-03 3.46176071335269E-03 3.49390971040764E-03 0.003527775033795 3.56320325919867E-03 3.60018464748068E-03 3.63861210526497E-03 3.67850912986311E-03 3.71980746341482E-03 3.76261265779863E-03 3.80688270869442E-03 3.85259557088657E-03 3.89964234828177E-03 3.94786779737577E-03 3.99708406869779E-03 4.04705410909782E-03 4.09754148030303E-03 4.14827363514802E-03 4.19901013966742E-03 4.24951097572557E-03 4.29956596266939E-03 4.34895917933995E-03 4.39750770134599E-03 4.44508482709147E-03 4.49155641133026E-03 4.53682818140439E-03
0 0 0 0 0 0 0 0 0 0 0 0 0 0 0 0 0 0 0 0 0 0 0 0 0 0 0 0 0 0 0 3.36934887349495E-03 3.35705636811223E-03 3.35691322618321E-03 3.36709220576009E-03 3.38432481974595E-03 3.40652336384468E-03 3.43202233911385E-03 3.4601483649425E-03 3.49046606943404E-03 3.5227359835871E-03 3.55675462521629E-03 3.59240813869328E-03 3.62971663456702E-03 3.66860528331497E-03 3.70909846578365E-03 3.75112281315624E-03 3.79474616121325E-03 3.83990157647892E-03 3.88650782729824E-03 3.93441736671544E-03 3.98343194780782E-03 4.03333347992234E-03 4.08385231479184E-03 4.13473392471401E-03 4.18569582775286E-03 4.23649736033706E-03 4.2869093438987E-03 4.33673738453787E-03 4.38578434578811E-03 4.43388592837707E-03 4.48094087963188E-03 4.5268277616685E-03 4.57145340951693E-03
0 0 0 0 0 0 0 0 0 0 0 0 0 0 0 0 0 0 0 0 0 0 0 0 0 0 0 0 0 0 0 3.36934887349495E-03 3.36921900439948E-03 3.37565069374694E-03 3.3891557868027E-03 3.40823139220868E-03 3.43145821451449E-03 3.4575677978868E-03 3.48607815692798E-03 3.51667658879404E-03 3.54920927127866E-03 3.58353729640466E-03 3.61959345576657E-03 3.65742960393809E-03 3.69699026235449E-03 3.73828706489471E-03 3.78122967232306E-03 3.82585133704482E-03 3.87204188159207E-03 3.91967048708082E-03 3.96854103814499E-03 4.01841283029053E-03 4.06903535069947E-03 4.12011394832968E-03 4.17138343702397E-03 4.22255278952125E-03 4.27338846383813E-03 4.32367900723152E-03 4.37325185230918E-03 4.42193003328936E-03 4.4695715993991E-03 4.51608912298816E-03 4.56136921408039E-03 4.60531824604574E-03
0 0 0 0 0 0 0 0 0 0 0 0 0 0 0 0 0 0 0 0 0 0 0 0 0 0 0 0 0 0 0 3.38337657139746E-03 3.38416027742023E-03 3.39348347301986E-03 3.40924304893461E-03 3.42974574532989E-03 3.45386719611959E-03 3.48057869709463E-03 3.50952402665078E-03 3.54052022666259E-03 3.5734679352239E-03 3.6082922771068E-03 3.64494619245022E-03 3.68352632491735E-03 3.72397580701882E-03 3.76627971464256E-03 3.81032398099032E-03 3.85610049040835E-03 3.9034619625161E-03 3.95221660808842E-03 4.00212520589455E-03 4.05290009484869E-03 4.10426540451061E-03 4.1559023052658E-03 4.20754520488494E-03 4.25889399402323E-03 4.30973281746641E-03 4.3598732445445E-03 4.40916742877809E-03 4.45745922728221E-03 4.50462317757346E-03 4.55058166875503E-03 4.59522664477071E-03 4.63845974329313E-03
0 0 0 0 0 0 0 0 0 0 0 0 0 0 0 0 0 0 0 0 0 0 0 0 0 0 0 0 0 0 3.40117959937609E-03 3.39166981949646E-03 3.39744113078142E-03 3.40975564249767E-03 3.42738919839407E-03 3.44908727516763E-03 3.47397670195431E-03 3.50125904059139E-03 3.53071225499719E-03 3.56222537605602E-03 3.59574123120841E-03 3.63123818488315E-03 3.66870743545764E-03 3.70824960032625E-03 3.74979121591898E-03 3.79329195453483E-03 3.83861317648013E-03 3.88569848753536E-03 3.93434643161621E-03 3.98431173175337E-03 4.03530840523313E-03 4.08701133970349E-03 4.13911970649927E-03 4.19129929515606E-03 4.24328041147416E-03 4.29477244961583E-03 4.34558349935122E-03 4.39554527957993E-03 4.44453091704445E-03 4.49240717056553E-03 4.53907071894361E-03 4.58444404848074E-03 4.62841671485694E-03 4.67088733023753E-03
0 0 0 0 0 0 0 0 0 0 0 0 0 0 0 0 0 0 0 0 0 0 0 0 0 0 0 0 0 0 3.40117959937609E-03 3.40149255541278E-03 3.40997277866269E-03 3.4244345917936E-03 3.44355662091815E-03 3.46626843901005E-03 3.49188533303827E-03 3.51982740048494E-03 3.54991257012729E-03 3.5820995257369E-03 3.61636361441166E-03 3.65274617035689E-03 3.69124967597601E-03 3.73195023961567E-03 3.77477133679641E-03 3.81963886222872E-03 3.8663841573936E-03 3.9148828385582E-03 3.96489571753851E-03 4.01611527482108E-03 4.06821593618368E-03 4.1208382463496E-03 4.17366449212182E-03 4.22635146554468E-03 4.27862989571168E-03 4.33023553107391E-03 4.38098967130353E-03 4.43074377543236E-03 4.47939184584151E-03 4.52682666395764E-03 4.57296036610185E-03 4.61770823814398E-03 4.66096089240103E-03 4.70261324822016E-03
0 0 0 0 0 0 0 0 0 0 0 0 0 0 0 0 0 0 0 0 0 0 0 0 0 0 0 0 0 3.40929201901436E-03 3.40449413784941E-03 3.4098399630633E-03 3.42113301131405E-03 3.43746487098574E-03 3.45787617605757E-03 3.48152606004367E-03 3.50790517406461E-03 3.53658509442324E-03 3.56744008404219E-03 3.60046861346911E-03 3.63567856989769E-03 3.67314908758514E-03 3.71288625544786E-03 3.75493988213297E-03 3.7992126429857E-03 3.84559579068074E-03 3.8938795243343E-03 3.94387978554263E-03 3.99530483720956E-03 4.04779574287098E-03 4.10098779509706E-03 4.15449820448636E-03 4.20799774704178E-03 4.2611439249526E-03 4.31367696143263E-03 4.36535548116836E-03 4.41601664534563E-03 4.46552810589161E-03 4.51380228755044E-03 4.56075582069008E-03 4.60631517783132E-03 4.65038822385043E-03 4.69286213104921E-03 4.7336301980971E-03
0 0 0 0 0 0 0 0 0 0 0 0 0 0 0 0 0 0 0 0 0 0 0 0 0 0 0 0 0 3.40929201901436E-03 3.40973711087882E-03 3.41755741234372E-03 3.43099458814565E-03 3.44889594407174E-03 3.47047713020276E-03 3.49507003544277E-03 3.52230125354385E-03 3.55185472935759E-03 3.5836423647247E-03 3.6177045939628E-03 3.65406332124592E-03 3.69282336434453E-03 3.73398408770016E-03 3.77756557524157E-03 3.82344261943597E-03 3.87145915304728E-03 0.003921360601142 3.97290268383819E-03 4.02575149355003E-03 4.07949479554672E-03 4.13373568102744E-03 4.18807890058654E-03 4.24219356650089E-03 4.29574649143769E-03 4.34848638053656E-03 4.40019505117048E-03 4.45072221737392E-03 4.49995086599538E-03 4.54780678557475E-03 4.5942309668547E-03 4.63916190802282E-03 4.68249767939219E-03 4.72412086522617E-03 4.76392623746476E-03
0 0 0 0 0 0 0 0 0 0 0 0 0 0 0 0 0 0 0 0 0 0 0 0 0 0 0 0 3.40984646918494E-03 3.40876585976012E-03 3.41359355029151E-03 3.42412147682221E-03 3.43949814317368E-03 3.45883966666156E-03 3.48156317738117E-03 3.50715669277876E-03 3.53536047853298E-03 3.56593815504747E-03 0.003598842337197 3.6341402365965E-03 3.67185634763599E-03 3.71210747400541E-03 3.75487225740555E-03 3.80014220609947E-03 3.84775199860556E-03 3.89749165963315E-03 3.94905763537179E-03 4.00215467572882E-03 4.05640750657945E-03 4.11135311507305E-03 4.16657424422761E-03 4.22167825035786E-03 4.27633959330364E-03 4.33023719923133E-03 4.38312954634663E-03 4.43481968595025E-03 4.48516771548898E-03 4.5340662646306E-03 4.58144988123906E-03 4.62728338312686E-03 4.67151816998382E-03 4.71403691847305E-03 4.75472059773811E-03 4.79347278578165E-03
0 0 0 0 0 0 0 0 0 0 0 0 0 0 0 0 0 0 0 0 0 0 0 0 0 0 0 0 3.40984646918494E-03 3.41019340540019E-03 3.41714890249849E-03 3.42967837234086E-03 3.44671809233405E-03 3.46741652607821E-03 3.49132059046271E-03 3.51802545095233E-03 3.54736310094696E-03 3.57916253493129E-03 3.61338888915437E-03 3.65014429274477E-03 3.68942481873732E-03 3.73136477827697E-03 3.77590033798065E-03 3.82299324021857E-03 3.87243338020489E-03 3.92394627243446E-03 3.97718717786625E-03 4.03180471954079E-03 4.08740567631138E-03 4.14346834401125E-03 4.19957992495925E-03 4.25536250422361E-03 4.31049655108801E-03 4.36467702160979E-03 4.41766269379889E-03 4.46928465827378E-03 4.5194016491553E-03 4.56791629356078E-03 4.61476213222838E-03 4.65992978829271E-03 4.70338602705221E-03 4.74498805944313E-03 4.78462864515822E-03 4.82222871252503E-03
0 0 0 0 0 0 0 0 0 0 0 0 0 0 0 0 0 0 0 0 0 0 0 0 0 0 0 0 3.40993882352788E-03 3.41074445028169E-03 3.41963062868357E-03 3.43407171468825E-03 3.45273592520811E-03 3.4748311107152E-03 3.50001577784629E-03 3.52798140787276E-03 3.55863282382384E-03 3.5918499593926E-03 3.62761942972708E-03 3.66604463044113E-03 3.70710123221515E-03 3.75091112637188E-03 3.79736956228131E-03 3.84639074181557E-03 3.89771331154437E-03 3.9510127931945E-03 4.00590895012877E-03 4.06199613549021E-03 4.11884164650071E-03 4.17591773837599E-03 4.23282826409697E-03 4.28920789842862E-03 4.34473916423706E-03 4.39913224378714E-03 4.45215052251636E-03 4.50364323182368E-03 4.55346533196809E-03 4.60152568576653E-03 4.64775918326089E-03 4.69217459719215E-03 4.73473819148793E-03 4.7753030702859E-03 4.8137867415349E-03 4.85013334743326E-03
0 0 0 0 0 0 0 0 0 0 0 0 0 0 0 0 0 0 0 0 0 0 0 0 0 0 0 3.38252987369181E-03 3.40114562298403E-03 3.40808491810057E-03 3.42051435932595E-03 3.43727870189875E-03 3.45771936156523E-03 3.48133980811297E-03 3.50795597841734E-03 3.53736732041655E-03 3.56953390238347E-03 3.60439118427191E-03 3.64192355091393E-03 3.68222566448459E-03 3.72524436465859E-03 0.003771067904922 3.81956006409713E-03 3.87055858012201E-03 3.92377341338712E-03 3.97882736810211E-03 4.03531922920294E-03 4.09277983536001E-03 4.15075803245038E-03 4.20876252096534E-03 4.26638742920772E-03 4.32328852288849E-03 4.37913991919841E-03 4.43367949414487E-03 4.48665604831786E-03 4.53794427369879E-03 4.58738534685832E-03 4.63490051081661E-03 4.68041562251579E-03 4.72395452294488E-03 4.7654981160632E-03 4.80490463528938E-03 4.84211879219989E-03 4.87711648286315E-03
0 0 0 0 0 0 0 0 0 0 0 0 0 0 0 0 0 0 0 0 0 0 0 0 0 0 3.36876683419332E-03 3.38252987369181E-03 3.39292462834338E-03 3.40514401255811E-03 3.4208016281033E-03 3.43983668851621E-03 3.46209687944389E-03 3.48734801690024E-03 3.51554450314502E-03 3.54657408843789E-03 3.58044566317656E-03 3.61712900947265E-03 3.65661267594517E-03 3.69896538077516E-03 3.74410097684143E-03 3.79205955941292E-03 0.003842650217456 3.89565318842284E-03 3.95073818380943E-03 4.00749400510899E-03 4.06549317450373E-03 4.12423036303621E-03 4.18324965709225E-03 4.24208618834065E-03 4.30034196084408E-03 4.35767841727194E-03 4.41376954361056E-03 4.46836384414128E-03 4.52121363604685E-03 4.57219688696672E-03 4.62114970702958E-03 4.66800004061856E-03 4.71267833813924E-03 4.75521635902503E-03 4.79559561594954E-03 4.83370679661331E-03 4.86953830400425E-03 4.90310065107301E-03
0 0 0 0 0 0 0 0 0 0 0 0 0 0 0 0 0 0 0 0 0 0 0 0 0 3.36429428981418E-03 3.36876683419332E-03 3.37699537934286E-03 3.38863042199611E-03 3.40333526648508E-03 3.42126596169385E-03 3.44226467795627E-03 3.46629546471043E-03 3.49325559484496E-03 3.52317012184873E-03 3.55598707968611E-03 3.59173827917112E-03 3.63042131883275E-03 3.67201657081351E-03 3.71655728155028E-03 3.76391885027206E-03 3.81407304008219E-03 3.86678454618859E-03 3.92177573203855E-03 3.97868287474466E-03 4.03706701842071E-03 4.09648391515666E-03 4.15641100526132E-03 4.21638710325445E-03 4.27597321368481E-03 4.3347770792566E-03 4.39246344770532E-03 4.44870258437882E-03 4.50324883219654E-03 4.55585892167118E-03 4.60640281200237E-03 4.65472647879908E-03 4.70075988145589E-03 4.74444817720194E-03 4.78582228972508E-03 4.8248925480195E-03 4.86159277968426E-03 4.89594904216385E-03 4.92801212925929E-03
0 0 0 0 0 0 0 0 0 0 0 0 0 0 0 0 0 0 0 0 0 0 0 0 0 3.36429428981418E-03 3.36508477354094E-03 3.37300218503453E-03 3.38580259748917E-03 3.40227252661667E-03 3.42204795208521E-03 3.4448496128702E-03 3.47065499168118E-03 3.49941872118399E-03 3.53119280785929E-03 3.56595056986116E-03 3.60372963285051E-03 3.64454733382474E-03 3.68837611405148E-03 3.73520187376837E-03 3.78485768247954E-03 3.83724424791153E-03 3.89207194379176E-03 3.94901509812538E-03 4.00767779724147E-03 4.06760706801615E-03 4.12834761980113E-03 4.1893693797629E-03 4.25020959586155E-03 4.31045351017726E-03 4.36971385839434E-03 4.42764703832484E-03 4.48391781651639E-03 4.53828324601024E-03 4.59050964073638E-03 4.64045777442207E-03 4.68798682495137E-03 4.73303707548415E-03 4.77557772735531E-03 4.81564728113078E-03 4.85327874130852E-03 4.88846111948834E-03 4.92126891528693E-03 4.95178914792037E-03
0 0 0 0 0 0 0 0 0 0 0 0 0 0 0 0 0 0 0 0 0 0 0 0 3.34359077178147E-03 3.35385545156559E-03 3.35859123848637E-03 3.36868011786366E-03 3.38326817373244E-03 3.40152576145219E-03 3.4231042213295E-03 3.44773348511078E-03 3.47540215947801E-03 3.50610878447906E-03 3.53989782726406E-03 3.5767579967481E-03 3.61670394144044E-03 3.65978218839756E-03 3.70594304513143E-03 3.75511224915025E-03 3.80709205949063E-03 3.86169425598016E-03 3.91859893283475E-03 3.97742382876964E-03 4.0377572218707E-03 4.09913717947631E-03 4.16110369047931E-03 4.2231291594417E-03 4.28473659534642E-03 4.34554859069418E-03 4.40516142828012E-03 4.46321968966461E-03 4.51938027605181E-03 4.57340402687298E-03 4.62507478261097E-03 4.67423686294942E-03 4.72078600616732E-03 4.76466920582519E-03 4.80590018760214E-03 4.84451958249027E-03 4.88060556481486E-03 4.91420169424761E-03 4.94542197947405E-03 4.97438621565642E-03
