NongDo/Fusa 12.8h.grd
DSAA
463	323
2	464
2	324
0	10
[rows 56 to 83 of 323, columns 256 to 319 of 463]
0 0 0 0 0 0 0 0 0 0 0 0 0 0 0 0 0 0 0 0 0 0 0 0 0 0 0 0 0 0 0 0 0 0 0 0 0 0 0 0 0 0 0 0 0 0 0 0 0 0 0 0 0 0 0 0 0 0 0 0 0 0 0 0
0 0 0 0 0 0 0 0 0 0 0 0 0 0 0 0 0 0 0 0 0 0 0 0 0 0 0 0 0 0 0 0 0 0 0 0 0 0 0 0 0 0 0 0 0 0 0 0 0 0 0 0 0 0 0 0 0 0 0 0 0 0 0 0
0 0 0 0 0 0 0 0 0 0 0 0 0 0 0 0 0 0 0 0 0 0 0 0 0 0 0 0 0 0 0 0 0 0 0 0 0 0 0 0 0 0 0 0 0 0 0 0 0 0 0 0 0 0 0 0 0 0 0 0 0 0 0 0
0 0 0 0 0 0 0 0 0 0 0 0 0 0 0 0 0 0 0 0 0 0 0 0 0 0 0 0 0 0 0 0 0 0 0 0 0 0 0 0 0 0 0 0 0 0 0 0 0 0 0 0 0 0 0 0 0 0 0 0 0 0 0 0
0 0 0 0 0 0 0 0 0 0 0 0 0 0 0 0 0 0 0 0 0 0 0 0 0 0 0 0 0 0 0 0 0 0 0 0 0 0 0 0 0 0 0 0 0 0 0 0 0 0 0 0 0 0 0 0 0 0 0 0 0 0 0 0
0 0 0 0 0 0 0 0 0 0 0 0 0 0 0 0 0 0 0 0 0 0 0 0 0 0 0 0 0 0 0 0 0 0 0 0 0 0 0 0 0 0 0 0 0 0 0 0 0 0 0 0 0 0 0 0 0 0 0 0 0 0 0 0
0 0 0 0 0 0 0 0 0 0 0 0 0 0 0 0 0 0 0 0 0 0 0 0 0 0 0 0 0 0 0 0 0 0 0 0 0 0 0 0 0 0 0 0 0 0 0 0 0 0 0 0 0 0 0 0 0 0 0 0 0 0 0 0
0 0 0 0 0 0 0 0 0 0 0 0 0 0 0 0 0 0 0 0 0 0 0 0 0 0 0 0 0 0 0 0 0 0 0 0 0 0 0 0 0 0 0 0 0 0 0 0 0 0 0 0 0 0 0 0 0 0 0 0 0 0 5.92688537505459E-03 5.92460163759893E-03
0 0 0 0 0 0 0 0 0 0 0 0 0 0 0 0 0 0 0 0 0 0 0 0 0 0 0 0 0 0 0 0 0 0 0 0 0 0 0 0 0 0 0 0 0 0 0 0 0 0 0 0 0 0 0 0 0 0 5.93083009282021E-03 5.93076012694284E-03 5.93129113290857E-03 5.93153124779718E-03 5.92688537505459E-03 5.92460163759893E-03
0 0 0 0 0 0 0 0 0 0 0 0 0 0 0 0 0 0 0 0 0 0 0 0 0 0 0 0 0 0 0 0 0 0 0 0 0 0 0 0 0 0 0 0 0 0 0 0 0 0 0 0 0 0 5.92754355454657E-03 5.92907989005729E-03 5.93125873969841E-03 5.93326790442677E-03 5.93083009282021E-03 5.93076012694284E-03 5.93129113290857E-03 5.93153124779718E-03 5.93062328765052E-03 5.92976039336596E-03
0 0 0 0 0 0 0 0 0 0 0 0 0 0 0 0 0 0 0 0 0 0 0 0 0 0 0 0 0 0 0 0 0 0 0 0 0 0 0 0 0 0 0 0 0 0 0 0 0 0 0 5.92162796626754E-03 5.92488551978486E-03 5.92832788303467E-03 5.92754355454657E-03 5.92907989005729E-03 5.93125873969841E-03 5.93326790442677E-03 5.93429547530994E-03 5.93547868861308E-03 5.93667282883751E-03 5.93759653446444E-03 5.93803560495834E-03 5.93818278946383E-03
0 0 0 0 0 0 0 0 0 0 0 0 0 0 0 0 0 0 0 0 0 0 0 0 0 0 0 0 0 0 0 0 0 0 0 0 0 0 0 0 0 0 0 0 0 5.88769624763497E-03 5.8938723877139E-03 5.90073240937531E-03 5.90765094312872E-03 5.91432069525265E-03 5.92033021550476E-03 5.92162796626754E-03 5.92488551978486E-03 5.92832788303467E-03 5.93089986433209E-03 5.9336461690917E-03 5.93646050505451E-03 5.9391054855436E-03 5.94137579567338E-03 5.94343861091016E-03 5.9452627444906E-03 5.94679650184411E-03 5.9479854524745E-03 5.94884520502601E-03
0 0 0 0 0 0 0 0 0 0 0 0 0 0 0 0 0 0 0 0 0 0 0 0 0 0 0 0 0 0 0 0 0 0 0 0 0 0 0 0 0 0 0 5.87559460458145E-03 5.88352910688961E-03 5.88769624763497E-03 5.8938723877139E-03 5.90073240937531E-03 5.90765094312872E-03 5.91432069525265E-03 5.92033021550476E-03 5.92507489970298E-03 5.92962109811404E-03 5.93389976811442E-03 5.93773613820598E-03 5.94135232209387E-03 5.9447806438613E-03 5.94798572439237E-03 5.95090446246876E-03 5.95355335265395E-03 5.95591127753992E-03 5.95796963507157E-03 5.95971315976654E-03 5.96114814063209E-03
5.16921901942232E-03 5.18847774172096E-03 5.20847126867594E-03 5.22868335464794E-03 5.2488534304639E-03 5.26898926071251E-03 5.28883819026239E-03 5.30836861814292E-03 5.32760441466068E-03 5.34674920487498E-03 5.36580878439165E-03 5.38485583696587E-03 5.40359701878896E-03 5.42193111546078E-03 5.43981135124377E-03 5.45744907798541E-03 5.4748450965472E-03 5.49214964393648E-03 5.50918487289675E-03 5.52598618129916E-03 5.54256387125602E-03 5.5591261290102E-03 5.57564998216584E-03 5.59222546311497E-03 5.60858009506839E-03 5.62462795916308E-03 5.64026584520197E-03 5.6556491518285E-03 5.67071063374805E-03 5.68558981884706E-03 5.70016316354155E-03 5.71459980237971E-03 5.72909962619136E-03 5.74425278413535E-03 5.76078459187544E-03 0 0 0 0 5.83401993610049E-03 5.84519416327851E-03 5.85746899189908E-03 5.86923071404406E-03 5.87559460458145E-03 5.88352910688961E-03 5.89087159360751E-03 5.89828372383829E-03 5.90569222260002E-03 5.91294133831696E-03 5.91990791032575E-03 5.92638544729608E-03 5.93225301217935E-03 5.93765500853577E-03 5.94264012948297E-03 5.94720289483053E-03 5.95143351272176E-03 5.95537388015264E-03 5.95904690777475E-03 5.96243748201758E-03 5.96554936094138E-03 5.96836888572159E-03 5.97089593533228E-03 5.97312783842246E-03 5.97507772607255E-03
5.16921901942232E-03 5.18847774172096E-03 5.20847126867594E-03 5.22868335464794E-03 5.2488534304639E-03 5.26898926071251E-03 5.28883819026239E-03 5.30836861814292E-03 5.32760441466068E-03 5.34674920487498E-03 5.36580878439165E-03 5.38485583696587E-03 5.40359701878896E-03 5.42193111546078E-03 5.43981135124377E-03 5.45744907798541E-03 5.4748450965472E-03 5.49214964393648E-03 5.50918487289675E-03 5.52598618129916E-03 5.54256387125602E-03 5.5591261290102E-03 5.57564998216584E-03 5.59222546311497E-03 5.60858009506839E-03 5.62462795916308E-03 5.64026584520197E-03 5.6556491518285E-03 5.67071063374805E-03 5.68558981884706E-03 5.70016316354155E-03 5.71459980237971E-03 5.72909962619136E-03 5.74425278413535E-03 5.76078459187544E-03 5.78235476363851E-03 5.79750432624806E-03 5.81188715997922E-03 5.82551234692376E-03 5.83401993610049E-03 5.84519416327851E-03 5.85746899189908E-03 5.86923071404406E-03 5.87931766386648E-03 5.88877333178742E-03 5.89759870439437E-03 5.90596218107503E-03 5.91395831175313E-03 5.92161826976878E-03 5.9289395711354E-03 5.93582932868806E-03 5.94225954523714E-03 5.94821270087607E-03 5.95371967569255E-03 5.95879517948928E-03 5.96350017014277E-03 5.96787703690248E-03 5.97196454317075E-03 5.97576579855236E-03 5.97928898903929E-03 5.98252766226325E-03 5.98548807633844E-03 5.98817584857926E-03 5.99060818622511E-03
5.17321339850035E-03 5.19414282638533E-03 5.21482908703511E-03 5.23539394441667E-03 5.25580120413627E-03 5.2761075152954E-03 5.29610621995324E-03 5.3157590126908E-03 5.33511886395705E-03 5.35435801244244E-03 5.37349344595638E-03 5.39261413507682E-03 5.41140996156947E-03 5.42973857431847E-03 5.44762610692547E-03 5.46526690311184E-03 5.48268376036111E-03 5.49999014636218E-03 5.51704244790428E-03 5.53385685688783E-03 5.55047125891965E-03 5.56705287875197E-03 5.58359494878417E-03 5.60018770394376E-03 5.61655402717033E-03 5.63256914568658E-03 5.64818039168925E-03 5.66351520070505E-03 5.67852547269753E-03 5.69330490069331E-03 5.70775235976123E-03 5.72198550931816E-03 5.73617422003323E-03 5.75072156899151E-03 5.76596424323565E-03 5.78235476363851E-03 5.79750432624806E-03 5.81188715997922E-03 5.82551234692376E-03 5.83801095751949E-03 5.85069800533418E-03 0.00586356441613 5.87583579850543E-03 5.88711275659032E-03 5.89753661308445E-03 5.90724397451988E-03 5.91630445830175E-03 5.92483178455699E-03 5.9329119450068E-03 5.94059080959999E-03 5.94783844405386E-03 5.95465716338458E-03 5.96100962535096E-03 5.96691556960502E-03 5.97239034642126E-03 5.97748627332655E-03 5.98224599550985E-03 5.98671024279496E-03 5.9908888613973E-03 5.99479238971956E-03 5.99842041261083E-03 6.00178671213917E-03 6.00490297324618E-03 6.00778629504515E-03
5.18164807991094E-03 5.20358572725817E-03 5.2249568420948E-03 5.24599582393485E-03 5.2667694838955E-03 5.28735401785872E-03 5.30760726203175E-03 5.3274989057705E-03 5.34710419385602E-03 5.36654978205482E-03 5.38584740648776E-03 5.40506889312923E-03 5.42391291128973E-03 5.44225254982946E-03 5.46018849506455E-03 5.47787757362946E-03 5.49535442361761E-03 5.51269342062141E-03 5.52980216715449E-03 5.54668346742322E-03 5.56339753422605E-03 5.58005941057712E-03 5.59666730553039E-03 5.6132809663605E-03 5.62963221653148E-03 5.64559565430955E-03 5.66117299907372E-03 5.67644912792994E-03 5.69139004536711E-03 5.70604409387626E-03 5.72034872432467E-03 5.7343771126273E-03 5.74827950742688E-03 5.76231460199608E-03 5.77665426915832E-03 0.005791423095873 5.80592685774818E-03 5.82006936715308E-03 5.83383090904813E-03 5.84727916417877E-03 5.86059441909866E-03 5.87377299918178E-03 5.8863768150946E-03 5.89819384496952E-03 5.90920985530731E-03 5.91951008297301E-03 5.9291083995139E-03 5.93809326825359E-03 5.94655110708784E-03 5.95455444116306E-03 5.96210815952768E-03 5.96923387653887E-03 5.97590038860576E-03 5.98212660395781E-03 5.98793162595071E-03 5.99336254886477E-03 5.99846235460259E-03 6.00326985184845E-03 6.00779642133609E-03 6.01205427190953E-03 6.0160502968568E-03 6.0197996241398E-03 6.02331730792833E-03 6.0266204941284E-03
5.19296516351857E-03 5.21562976178042E-03 5.23765113021478E-03 5.25923370887605E-03 5.28046892257919E-03 5.30142060656531E-03 5.32200852768577E-03 5.34224054201125E-03 5.36218157298094E-03 0.005381916740605 5.40145002661766E-03 5.42077854712063E-03 5.43968076203575E-03 5.45811368367346E-03 5.4761816156061E-03 5.49399887151429E-03 5.51160176745198E-03 5.52903463863022E-03 5.54624496731666E-03 5.56325495738794E-03 5.58011871555236E-03 5.59690867688799E-03 5.61362018643902E-03 5.6302405995073E-03 5.64655484289488E-03 5.6624920975036E-03 5.67806162321052E-03 5.69330424191181E-03 5.70819191903357E-03 5.72274324376357E-03 5.73692254152981E-03 5.75080103831753E-03 5.76450123376363E-03 5.77820020203624E-03 5.79201817577218E-03 5.8060269382989E-03 5.81997314907206E-03 5.83378966602816E-03 5.84745588216794E-03 5.86102017952017E-03 5.87444738280396E-03 5.88767050986407E-03 5.90039095338357E-03 5.91246747551461E-03 5.92383897623967E-03 5.93452326446565E-03 5.94450117802173E-03 5.95383420731639E-03 5.9625995196308E-03 5.97087168169321E-03 5.97867886033115E-03 5.98604555803499E-03 5.9929566382983E-03 5.99943746926387E-03 6.00551122994247E-03 6.01122686487773E-03 6.01662633946654E-03 6.02174162326002E-03 6.0265833807692E-03 6.03116726958429E-03 6.03550358866019E-03 6.03960942546583E-03 6.04350022734925E-03 6.04719126802412E-03
5.20638016226035E-03 5.22973638844122E-03 5.25242674202217E-03 5.27460967755951E-03 5.29637580491997E-03 5.31778332417916E-03 5.33881004127651E-03 5.35947565227695E-03 5.37981324115495E-03 5.39987698721148E-03 5.41966102643105E-03 5.43913989074121E-03 5.45821126184105E-03 5.47686295869205E-03 5.49515697496552E-03 5.51318071295218E-03 5.53097513656571E-03 5.54857525184715E-03 5.56596790973505E-03 5.58317373459582E-03 5.60022014225505E-03 5.61714862597795E-03 5.6339459903838E-03 5.65057528523127E-03 5.66690862996947E-03 5.68288421722576E-03 5.69848179635069E-03 5.71371656250608E-03 5.72857178126575E-03 5.7430555845198E-03 5.75716176040256E-03 5.7709472584287E-03 5.78450056771438E-03 5.79795373188226E-03 5.81140633308474E-03 5.82492939835277E-03 5.83844876563434E-03 5.85194022554469E-03 5.86537824242582E-03 5.87877748204126E-03 5.89207059364372E-03 5.90517623452399E-03 5.91787722259014E-03 5.93004040160787E-03 5.94157245970791E-03 5.95245623233051E-03 5.96266212855857E-03 5.97221746071965E-03 5.98118633561033E-03 5.98963685357558E-03 5.99760984320917E-03 6.00513758488955E-03 6.01222884494453E-03 6.01890777293398E-03 6.02520415513023E-03 6.0311596969463E-03 6.03681345096747E-03 6.04219508171178E-03 6.04731977244617E-03 6.05220077045938E-03 6.05685092674456E-03 6.0612860163088E-03 6.06552088633924E-03 6.06956865272267E-03
5.22179452223766E-03 5.24586686856202E-03 5.26927121542241E-03 5.29212591719022E-03 5.31450991080076E-03 5.33648254885224E-03 5.35804494514644E-03 5.37921595740729E-03 5.40001272078242E-03 5.42046914939066E-03 5.44057688099727E-03 5.46032304720833E-03 5.4796681576704E-03 5.49861792294376E-03 5.51721364441981E-03 5.53552249487348E-03 5.55358438866257E-03 5.57143641787833E-03 5.58908125693112E-03 5.60653201482104E-03 5.62379774579753E-03 5.64089802830995E-03 5.6578147583943E-03 5.67451412051996E-03 5.6909134017476E-03 5.70695602200566E-03 5.72260348835501E-03 5.73785495432301E-03 5.75269842534567E-03 5.76714477335423E-03 5.78120089298415E-03 5.79491244765236E-03 5.80834580943847E-03 5.82160590933523E-03 5.83478325065493E-03 5.8479582648723E-03 5.86113235352913E-03 5.87430975935479E-03 5.8874689800452E-03 5.90060919428366E-03 5.91366505353703E-03 5.92656015379408E-03 5.93911704456546E-03 5.95120733420487E-03 5.96272604171844E-03 5.97363820382013E-03 5.98390305166233E-03 5.99353335106534E-03 6.00257941714346E-03 6.01110042022523E-03 6.01914309228848E-03 6.02674802495399E-03 6.03393818185081E-03 6.04074253891423E-03 6.04719258930045E-03 6.05332536588623E-03 6.05917593412654E-03 0.006064772564024 6.07013175436827E-03 6.0752664698136E-03 6.08018992257533E-03 6.08491556125585E-03 6.08945590553601E-03 6.09382068784414E-03
5.23917740301476E-03 5.26404094130063E-03 5.28823436284393E-03 5.31184810641515E-03 5.33494729664753E-03 5.35758788746746E-03 5.37977604097382E-03 0.005401529281514 5.42286174963524E-03 5.44379695853814E-03 5.46432949719203E-03 5.48445958126619E-03 5.50417844759292E-03 5.52350455790377E-03 5.54247623793244E-03 5.5611481637553E-03 5.57955698775523E-03 5.59773934005813E-03 5.61569987266288E-03 5.63344513013171E-03 5.65097528661622E-03 5.66829558047839E-03 5.68538498733291E-03 5.70221530215576E-03 5.71872358079627E-03 5.73485459765714E-03 5.75056532526331E-03 5.76584714834901E-03 5.78069133842048E-03 5.7951114560062E-03 5.80911945088806E-03 5.82275459111928E-03 5.83607371293484E-03 5.84916686200799E-03 5.86211945222221E-03 5.87501811681786E-03 5.88789518414866E-03 5.90077076910688E-03 5.9136322660863E-03 5.92647539339717E-03 5.93923889047995E-03 5.95185324258857E-03 5.96416134174451E-03 5.97604431158264E-03 5.98740260832696E-03 5.99819468222054E-03 6.00837494843412E-03 6.01794168958195E-03 6.0269356453714E-03 6.03541324564295E-03 6.04342723463583E-03 6.05102222899875E-03 6.05823036206408E-03 6.0650821171357E-03 6.07161001526483E-03 6.07784930176557E-03 6.08383360885148E-03 6.08958719741953E-03 6.09512668970422E-03 6.10046277452719E-03 6.10560843201719E-03 6.11057577413394E-03 6.11537418184151E-03 6.12000833744913E-03
5.25861825432325E-03 5.28437786860581E-03 5.30945854384926E-03 5.33393031545209E-03 5.35784751290792E-03 5.38125494598438E-03 5.40416202185967E-03 5.42658818424872E-03 5.44854793860157E-03 5.47005855263411E-03 5.49111951905379E-03 5.51173943023326E-03 5.53192728365721E-03 5.55171336795991E-03 5.57113817067031E-03 5.59024832869618E-03 5.6090775603946E-03 5.62765845788397E-03 5.64599363425889E-03 5.66408576116082E-03 5.68192977807184E-03 5.6995208685285E-03 5.71683406118798E-03 5.73384535361979E-03 5.75049604866611E-03 5.76673007560365E-03 5.78250634025071E-03 5.79781643516924E-03 5.81265459880204E-03 5.82703776566331E-03 5.84098092486623E-03 5.85452178136428E-03 5.86771632330678E-03 5.88064868110542E-03 5.89340070535168E-03 5.90605956768291E-03 5.91866745847661E-03 5.93124918322597E-03 5.94380081605522E-03 5.95631923107798E-03 5.96874957662208E-03 5.98101627093587E-03 5.99297912375044E-03 0.006004538288515 6.01560900791212E-03 6.02614681917998E-03 6.03610356185265E-03 6.04547651861681E-03 6.05430109895224E-03 6.06263288282852E-03 6.07052642614362E-03 6.07802762437343E-03 6.0851732912509E-03 6.09199516596203E-03 6.09852677157445E-03 6.10480363707804E-03 6.11085643876256E-03 6.11670475858643E-03 6.12236342356444E-03 6.12784254287197E-03 6.13315526644612E-03 6.1383103150808E-03 6.14331280586019E-03 6.14816151986464E-03
5.28023072918274E-03 5.30700800286177E-03 5.33308659618196E-03 5.35852029187478E-03 5.38335480491844E-03 5.40762580745997E-03 5.43134990614153E-03 5.45454583979643E-03 5.47722775092919E-03 5.49940984859975E-03 5.52109860225407E-03 5.5423071464945E-03 5.56305818268893E-03 5.58338948129586E-03 5.60334280873571E-03 5.62296009026277E-03 5.64227309976839E-03 5.66131002473751E-03 5.68007178156824E-03 5.69855723687293E-03 5.71675734840868E-03 5.73466066925856E-03 5.75223733916946E-03 5.76946145175896E-03 5.78626781756434E-03 5.80260113206942E-03 5.81842771862547E-03 5.83374479030353E-03 5.84855011574082E-03 5.86286463850996E-03 5.87670673638142E-03 5.89011895207873E-03 5.90316358548432E-03 5.91592345899108E-03 5.92847506354017E-03 5.94090195776535E-03 5.95324210225838E-03 5.96551996220911E-03 5.97773700325521E-03 5.98989017456635E-03 6.0019244411648E-03 6.01376706839719E-03 6.02530330009288E-03 6.03644533549892E-03 6.04712538024043E-03 6.05730264130776E-03 6.06693873929721E-03 6.07602449914209E-03 6.08459562901908E-03 6.09270471491019E-03 6.10040523099541E-03 6.10774236690358E-03 6.1147583450541E-03 6.12148543045484E-03 6.1279615352745E-03 6.13421855199429E-03 6.14028173538061E-03 6.14616533233431E-03 6.1518851101238E-03 6.15744872261708E-03 6.16286869231202E-03 6.16815174234664E-03 6.1732979507303E-03 6.17830118001855E-03
5.3042459127848E-03 5.33216748051156E-03 5.35936163938557E-03 5.38586851462474E-03 5.41172615340758E-03 5.43696443510137E-03 5.46160418277316E-03 5.48566483005886E-03 5.50916148704144E-03 5.5321074397713E-03 5.55451476548835E-03 5.57640052360575E-03 5.59779737238586E-03 5.61874965256236E-03 5.63929906299736E-03 5.65948349251762E-03 5.67933238610158E-03 5.69886758289227E-03 5.71808829802432E-03 5.73699327306978E-03 5.75557069250232E-03 5.77380286029814E-03 5.79165514360188E-03 5.80909098405054E-03 5.82603584839383E-03 5.84244032126032E-03 5.85828061030634E-03 5.87356033319908E-03 5.88828526098234E-03 5.9024795952046E-03 5.91616800221421E-03 5.92940591921351E-03 5.94226380470011E-03 5.95482323851225E-03 5.96715711781706E-03 0.005979337280967 5.99139112993238E-03 6.00334225666095E-03 6.01519383986889E-03 6.02693789091849E-03 6.03852081336974E-03 6.04987515119191E-03 6.0609084782615E-03 6.07155432099647E-03 6.08176174583754E-03 6.0914954636998E-03 6.10072352502959E-03 6.10944378161822E-03 6.11769390011864E-03 6.12552004134742E-03 6.13297150223949E-03 6.14009326395013E-03 6.14692819401504E-03 6.1535121166209E-03 6.15988613475316E-03 6.16607330038355E-03 6.17209164640308E-03 6.17795362799551E-03 6.1836750849407E-03 6.18926292802608E-03 6.19473064825535E-03 6.20007866265809E-03 6.20530276006555E-03 6.21039506449826E-03
5.33093445503001E-03 5.3601333724536E-03 5.38856508300776E-03 5.41625799209532E-03 5.44324457410849E-03 5.46955052923319E-03 5.49520049043117E-03 5.52021494015685E-03 5.54461174099531E-03 5.56840401352822E-03 5.59161043908234E-03 5.61425053242535E-03 5.63636612922892E-03 5.65800515762294E-03 5.67920609957902E-03 5.70000097107349E-03 5.7204150043143E-03 5.74046658074297E-03 5.76015638944055E-03 5.77948122751425E-03 5.79842509774304E-03 5.81696519120218E-03 5.83505945927206E-03 5.85266551087882E-03 5.86970400018049E-03 5.88612538370574E-03 5.90191278000957E-03 5.9170833164245E-03 5.9316550466364E-03 5.94566091279454E-03 5.95913993813539E-03 5.97215386758633E-03 5.98477579266681E-03 5.99708812818551E-03 6.00915870052495E-03 6.02105288769921E-03 6.03278906305171E-03 6.04437881713842E-03 6.05581876866659E-03 6.0671010798911E-03 6.07817953469637E-03 6.08899149461337E-03 6.09947172879492E-03 6.10956916963357E-03 6.11924993265306E-03 6.12848603208488E-03 6.13725944099447E-03 6.14556698956694E-03 6.15344709527547E-03 6.16094741447426E-03 6.16811778731996E-03 6.1749973594947E-03 6.18162655704031E-03 6.18803780026127E-03 6.19426729703305E-03 6.20033667215992E-03 6.20626263486745E-03 6.21205271431839E-03 6.21772016576514E-03 6.22326997056842E-03 6.22871337577533E-03 6.23405242624684E-03 6.23928364714246E-03 6.24439655682332E-03
5.36065204140197E-03 5.39125689244068E-03 5.42104346366146E-03 5.45003099268164E-03 5.47824802323946E-03 5.50571770895477E-03 5.53246745952735E-03 5.55851996806656E-03 5.58389468437548E-03 5.6086066428369E-03 5.63268025352123E-03 5.65613978720516E-03 5.67903408160446E-03 5.7014105659595E-03 5.72330068286499E-03 5.7447294164666E-03 5.76571790532669E-03 5.78628158750852E-03 5.80642119161559E-03 5.82613199105747E-03 5.84539580091213E-03 5.86418743569195E-03 5.88245892674336E-03 5.90015927570614E-03 5.91720221476525E-03 5.9335456968919E-03 5.94918877202925E-03 5.96416458042913E-03 5.97850123193349E-03 5.99224354884626E-03 6.00544249721069E-03 6.0181660242714E-03 6.03049013993924E-03 6.04249798572329E-03 6.05425185786328E-03 6.06580757447782E-03 6.07716974588766E-03 6.08834083719083E-03 6.09931378667657E-03 6.11008255600824E-03 6.12060388695287E-03 6.13082746480833E-03 6.14071172542003E-03 6.15022248251266E-03 6.15933956665966E-03 6.16804241761113E-03 6.17632382377023E-03 6.18418415185871E-03 6.19166707177757E-03 6.19881968524635E-03 6.20568953061656E-03 6.21230742461101E-03 6.21870988252055E-03 6.22492282112622E-03 6.23097594732411E-03 6.23688809863865E-03 6.24267523392568E-03 6.24834075905399E-03 6.25389580079149E-03 6.2593433302553E-03 6.26469459400588E-03 6.26995266737296E-03 6.27511649216378E-03 6.28017395782611E-03
5.39381037107565E-03 5.42594244703442E-03 5.45719186355309E-03 5.48757201050942E-03 5.51711007207129E-03 5.5458289451016E-03 5.57375910744692E-03 5.60092417568722E-03 5.62734437759776E-03 5.65303715441006E-03 5.67803364952316E-03 5.70236336722506E-03 5.72607830290622E-03 5.74922099517839E-03 5.77181248190485E-03 5.79387126134444E-03 5.81541430844278E-03 5.83645416264045E-03 5.85698948039338E-03 5.87701350892072E-03 5.89650847280988E-03 5.91545192463401E-03 5.93379069432613E-03 5.95146174691784E-03 5.96837571594648E-03 5.98451561485281E-03 5.99990753686212E-03 6.0145971222289E-03 6.02861774497782E-03 6.04201976286961E-03 6.05486087319512E-03 6.06721729257707E-03 6.07917067414457E-03 6.09080334606106E-03 6.10216827955485E-03 6.11331030164031E-03 6.12421903159976E-03 6.13489764955931E-03 6.14534478066135E-03 6.1555542208817E-03 6.16548566062312E-03 6.1750953749082E-03 6.18436464550265E-03 6.19327383229255E-03 6.20181549672925E-03 6.20997146902143E-03 6.21774632043153E-03 6.22514513577646E-03 6.23222165025676E-03 6.23901849120622E-03 6.24557386972342E-03 6.25190946895822E-03 6.25805961124915E-03 6.26404441784914E-03 6.26988824965565E-03 6.27560378134787E-03 6.28120328462819E-03 6.28668687458866E-03 6.29206642249937E-03 6.2973439589977E-03 6.30253268296664E-03 6.3076351932078E-03 6.31265018858946E-03 6.31756573971221E-03
5.43085087096158E-03 5.46461481741491E-03 5.49741776877766E-03 5.52927341908457E-03 5.56020818324302E-03 5.59024850895154E-03 5.61942581671296E-03 5.64776284826317E-03 5.67528028198283E-03 5.70200069034083E-03 5.72795748062825E-03 5.75319119803707E-03 5.77775097412452E-03 5.80166399856478E-03 5.82494113986431E-03 5.84759897335355E-03 5.86964961990108E-03 5.89110095586701E-03 5.91194721656729E-03 5.93217715534097E-03 5.95177572825002E-03 5.97072725441622E-03 5.98898526762992E-03 6.00646159500146E-03 6.02308619333422E-03 6.03889051683901E-03 6.05392384669033E-03 6.06823055166592E-03 6.08184563507615E-03 6.09482287191565E-03 6.10722411999544E-03 6.11913307899623E-03 6.1306339732958E-03 6.14180302264116E-03 6.15269053929605E-03 6.16332067775508E-03 6.17367820572779E-03 6.1837837375616E-03 6.19364425587829E-03 6.20324591210395E-03 6.21254699852673E-03 6.22152239402698E-03 6.23017010019436E-03 6.23848003106597E-03 6.24644931072251E-03 0.00625406271441 6.26133082455628E-03 6.26827254173729E-03 6.27495023084787E-03 6.28138886037275E-03 6.28761397534124E-03 6.29364344316608E-03 6.29951095866502E-03 6.30523050778482E-03 6.3108230330236E-03 6.3162930555693E-03 6.32164791722569E-03 6.32688748994136E-03 6.33202424542845E-03 6.33706153500636E-03 6.34201514804932E-03 6.34688222271426E-03 6.35166006974972E-03 6.3563395314764E-03
