NongDo/Fusa 18.6h.grd
DSAA
463	323
2	464
2	324
0	10
[rows 252 to 279 of 323, columns 0 to 63 of 463]
0 0 0 0 0 0 0 0 0 0 0 0 0 0 0 0 0 0 0 0 0 0 0 0 0 0 0 0 0 0 0 0 0 0 0 0 0 0 3.95319744791926E-03 3.96547709638932E-03 3.97222012242148E-03 3.97809547395923E-03 3.98481414462198E-03 3.99275193841441E-03 4.00208228462998E-03 4.0128926368114E-03 4.0253160371307E-03 4.03943993842497E-03 4.05539926553609E-03 4.0733083874506E-03 4.09328828909358E-03 4.11545009029042E-03 4.13986287852565E-03 4.16658041409538E-03 4.19559687319384E-03 4.22691061068996E-03 4.26044266304155E-03 4.29610672896662E-03 4.33376106756437E-03 4.37329117180951E-03 4.41451768837853E-03 4.45720916542071E-03 4.50110922784579E-03 4.54594466829925E-03
0 0 0 0 0 0 0 0 0 0 0 0 0 0 0 0 0 0 0 0 0 0 0 0 0 0 0 0 0 0 0 0 0 0 0 0 0 3.94246699379043E-03 3.95319744791926E-03 3.95901390759157E-03 3.96540785473738E-03 3.97226325748782E-03 3.98006000674214E-03 3.98904864739381E-03 3.99943179481232E-03 4.01133816424797E-03 4.02492330689175E-03 4.04029765087419E-03 4.05760761786519E-03 4.07698439811233E-03 4.0985524912516E-03 4.12242146136371E-03 4.14865113646668E-03 4.17728175881265E-03 4.20828864890282E-03 4.24164429517562E-03 4.27724394727168E-03 4.31496920851372E-03 4.35464536859424E-03 4.39611884519993E-03 4.43917934514969E-03 4.48356517402719E-03 4.52899352681984E-03 4.57516941968603E-03
0 0 0 0 0 0 0 0 0 0 0 0 0 0 0 0 0 0 0 0 0 0 0 0 0 0 0 0 0 0 0 0 0 0 0 0 3.93334567133299E-03 3.94246699379043E-03 3.94759807954172E-03 3.95337023467254E-03 3.95997621565262E-03 3.96749818268497E-03 3.97615766366488E-03 3.98610358788118E-03 3.99751850896773E-03 4.01054294611954E-03 4.02534178220573E-03 4.04203843589034E-03 4.06078622305079E-03 4.08172718219334E-03 4.10498603698566E-03 4.13066643173013E-03 4.15881471636742E-03 4.18945230524664E-03 4.22252954972104E-03 4.25799288291975E-03 4.29570597562502E-03 4.3355133498518E-03 4.37720361040919E-03 4.42058651962535E-03 4.4654173313589E-03 4.5114055815069E-03 4.55824500520433E-03 4.60562295429076E-03
0 0 0 0 0 0 0 0 0 0 0 0 0 0 0 0 0 0 0 0 0 0 0 0 0 0 0 0 0 0 0 0 0 0 0 3.92890939825265E-03 3.93334567133299E-03 3.93744480244887E-03 3.9423327661846E-03 3.94820994602762E-03 3.95519714748242E-03 3.96336053522258E-03 3.97284160984549E-03 3.98373701644493E-03 3.99621380174038E-03 4.01041801341144E-03 4.0265149268855E-03 4.04463602075351E-03 4.06493386450026E-03 4.08756047063255E-03 4.11263258989628E-03 4.14024442191967E-03 4.17042284219097E-03 4.20316691998121E-03 4.23839426567101E-03 4.27602434251782E-03 4.31588328862031E-03 4.35777294537205E-03 4.40144536285697E-03 4.44667450259729E-03 4.49318629695342E-03 0.004540660561231 4.58877187885656E-03 4.63719443235677E-03
0 0 0 0 0 0 0 0 0 0 0 0 0 0 0 0 0 0 0 0 0 0 0 0 0 0 0 0 0 0 0 0 0 0 0 3.92890939825265E-03 3.92929697276745E-03 3.93228541340827E-03 3.93701355314701E-03 3.94314832279927E-03 0.003950647189943 3.95952001674521E-03 3.96987100638012E-03 3.9817817927092E-03 3.99540683543244E-03 4.01089447810112E-03 4.02840726648071E-03 4.04808300701491E-03 4.07007171748593E-03 4.09452563340608E-03 4.12155014042183E-03 4.15122331423089E-03 4.18354810507487E-03 0.004218495862641 4.25595150552494E-03 4.29579495725264E-03 4.33780896248459E-03 4.38175550372365E-03 4.42735351356309E-03 4.47434259292814E-03 4.52241773931688E-03 4.57123616378477E-03 4.62045853457027E-03 4.6697527485445E-03
0 0 0 0 0 0 0 0 0 0 0 0 0 0 0 0 0 0 0 0 0 0 0 0 0 0 0 0 0 0 0 0 0 0 3.91324740800237E-03 3.92152926365732E-03 3.92292450130821E-03 3.9262209107185E-03 3.93127745976187E-03 3.93791297261915E-03 3.9460815966737E-03 3.95578060056997E-03 3.96709849682748E-03 3.98013511335622E-03 3.99503262585348E-03 4.01194373576633E-03 4.03101994370544E-03 4.05241032285774E-03 4.07625280361024E-03 4.1026950416758E-03 4.13182499312998E-03 4.16369926719092E-03 4.19828986461687E-03 4.23553457525374E-03 4.27528240211191E-03 4.31735952423791E-03 4.36151136152043E-03 4.40745978114115E-03 4.45489477765017E-03 4.50352035630432E-03 4.55301276902637E-03 4.60301027579606E-03 4.65316435354578E-03 4.70314332180871E-03
0 0 0 0 0 0 0 0 0 0 0 0 0 0 0 0 0 0 0 0 0 0 0 0 0 0 0 0 0 0 0 0 0 0 3.91324740800237E-03 3.9136874040296E-03 3.91554932466301E-03 3.91935612334102E-03 3.92499892090531E-03 3.93233767797062E-03 3.94133959444635E-03 3.95200915336325E-03 3.96443794287763E-03 3.9787461416622E-03 3.99507467812496E-03 4.01357769232559E-03 4.03439572229897E-03 4.05768027281464E-03 4.08355606265208E-03 4.11215875662006E-03 4.14355371435815E-03 4.17776841588153E-03 4.21473683543781E-03 4.2543560548359E-03 4.29643140446611E-03 4.34073812870829E-03 4.38698100031995E-03 4.43484601934292E-03 4.48399661622173E-03 4.53411155184547E-03 4.58485198471501E-03 4.63584362737974E-03 4.68673574905632E-03 4.73720621637517E-03
0 0 0 0 0 0 0 0 0 0 0 0 0 0 0 0 0 0 0 0 0 0 0 0 0 0 0 0 0 0 0 0 0 0 3.90474361573393E-03 3.90487055400383E-03 3.90722996987198E-03 3.91171713774981E-03 3.91813800614424E-03 3.9263570584479E-03 3.93635592554998E-03 3.94815672813997E-03 3.96186390035012E-03 3.97762038896408E-03 3.99556520989927E-03 0.004015857223802 4.03861618907935E-03 4.06399459661356E-03 4.09209387480431E-03 4.12303615146092E-03 4.15685647987224E-03 4.1935439566308E-03 4.23298518180617E-03 4.27502951951587E-03 4.31943745774147E-03 4.36593460389621E-03 4.41418828401169E-03 4.46384965396128E-03 4.5145630180501E-03 4.56598936826031E-03 4.61778809011227E-03 4.66957301722184E-03 4.72100018762672E-03 4.77176781679029E-03
0 0 0 0 0 0 0 0 0 0 0 0 0 0 0 0 0 0 0 0 0 0 0 0 0 0 0 0 0 0 0 0 0 0 3.89452470876258E-03 3.89476588404896E-03 3.89787223944292E-03 3.90325905361237E-03 3.91065812859084E-03 3.91994560703124E-03 3.93112457204214E-03 3.94423981278018E-03 3.95941200975564E-03 3.97681651367829E-03 3.99658748950832E-03 4.01888322615496E-03 4.04379825847264E-03 4.07148078989817E-03 4.10199658789465E-03 4.13545715055433E-03 4.17185542591472E-03 4.21112883509018E-03 4.25310891765989E-03 4.29759621312284E-03 4.34430552049919E-03 4.39291715434374E-03 4.44306464357977E-03 4.49437152333137E-03 4.54646867540153E-03 4.59900982801329E-03 4.65166115879168E-03 4.7040266308352E-03 4.75578323906311E-03 4.80666170712686E-03
0 0 0 0 0 0 0 0 0 0 0 0 0 0 0 0 0 0 0 0 0 0 0 0 0 0 0 0 0 0 0 0 0 3.86653982011176E-03 3.88084758590338E-03 3.88295278166299E-03 3.88743194172369E-03 3.89401261821818E-03 3.90260684001694E-03 3.91315837832566E-03 3.92571236692152E-03 3.94034337074092E-03 3.95718151087381E-03 3.97645598665211E-03 3.99827558404171E-03 4.02280555879773E-03 4.05009486607768E-03 4.08030176039139E-03 4.11342445200859E-03 4.14957742472947E-03 4.18868534625839E-03 4.23062494339694E-03 4.27517106219808E-03 4.32207615496648E-03 4.37101394881111E-03 4.42162037292182E-03 4.47350839376768E-03 4.52627890252433E-03 4.57956095762981E-03 4.63299947030422E-03 4.68628821014367E-03 4.73901651227279E-03 4.79090679405528E-03 4.84172982991399E-03
0 0 0 0 0 0 0 0 0 0 0 0 0 0 0 0 0 0 0 0 0 0 0 0 0 0 0 0 0 0 0 0 0 3.86653982011176E-03 3.86727641159896E-03 3.87032375727796E-03 3.87613735376022E-03 3.88411760798862E-03 3.89410748474526E-03 3.90611582956089E-03 3.9202445518112E-03 3.93660535964919E-03 3.95534394320266E-03 3.97671329184568E-03 4.0008133259035E-03 4.02779892154077E-03 4.05768825025176E-03 4.09062130970499E-03 4.12655255021092E-03 4.16554507123185E-03 4.2074509507675E-03 4.2520882274161E-03 4.29918354300162E-03 4.34843824199283E-03 4.39948680989017E-03 4.45193222674476E-03 4.50537336938416E-03 4.55940641152389E-03 4.61366440308191E-03 4.66779132590583E-03 4.72147895619904E-03 4.7743618756733E-03 4.82621711901543E-03 4.87684365057434E-03
0 0 0 0 0 0 0 0 0 0 0 0 0 0 0 0 0 0 0 0 0 0 0 0 0 0 0 0 0 0 0 0 0 3.85255552522769E-03 3.85293816770904E-03 3.85720677459473E-03 3.86443882595233E-03 3.87388672258918E-03 3.88540543673131E-03 3.89903393792815E-03 3.91492616151243E-03 3.93322702441107E-03 3.95411025296071E-03 3.97781177078603E-03 4.00443144424264E-03 4.03409907049587E-03 4.06680754386696E-03 4.10264867767972E-03 4.14155444583024E-03 4.1834709753622E-03 4.22821283615685E-03 4.27552950079986E-03 4.32511260701642E-03 4.37659926831208E-03 4.4296033382277E-03 4.48369796803079E-03 4.53848012041669E-03 4.59355227259289E-03 4.64855922988423E-03 4.70315484875224E-03 4.75702982821248E-03 4.80991985505355E-03 4.86160715237252E-03 4.91192033044702E-03
0 0 0 0 0 0 0 0 0 0 0 0 0 0 0 0 0 0 0 0 0 0 0 0 0 0 0 0 0 0 0 0 3.80481494914926E-03 3.83327762784669E-03 3.83712793235526E-03 3.84361916151895E-03 3.85256023573691E-03 3.86361317252894E-03 3.87678678831343E-03 3.89219417840078E-03 3.91003559126393E-03 3.93048740883064E-03 3.95373332656775E-03 3.97999350355944E-03 4.00935157061886E-03 4.04190739754788E-03 4.07761484765273E-03 4.11651425144574E-03 4.1584821931221E-03 4.20337358680583E-03 4.25094552973081E-03 4.30089010304379E-03 4.35285582475042E-03 4.40643298402874E-03 4.46121414449846E-03 4.51675819887776E-03 4.57266743209971E-03 4.62855909636564E-03 4.68409899100861E-03 4.73896209811945E-03 4.79287104600656E-03 4.84562315312485E-03 4.89701495998632E-03 4.94689219979961E-03
0 0 0 0 0 0 0 0 0 0 0 0 0 0 0 0 0 0 0 0 0 0 0 0 0 0 0 0 0 0 0 3.79457761268264E-03 3.80481494914926E-03 3.81444427594201E-03 3.82181100526752E-03 3.83038553447117E-03 3.84099292221401E-03 3.85367499959517E-03 3.86859273001985E-03 3.8859195697175E-03 3.90588484134945E-03 3.92868119884255E-03 3.95448921618402E-03 3.98350983259057E-03 4.01579880639196E-03 4.05141161832577E-03 4.09025207733265E-03 4.13229656444475E-03 4.17736321407731E-03 4.22522739671935E-03 4.27558344698415E-03 4.3280641011369E-03 4.38227874589866E-03 4.43778281494207E-03 4.49415407699575E-03 4.55094846828641E-03 4.60777926325828E-03 4.66428854558367E-03 4.7201732910833E-03 4.77514111789595E-03 4.82894494461817E-03 4.8814188536227E-03 4.93238412875566E-03 4.98169824061285E-03
0 0 0 0 0 0 0 0 0 0 0 0 0 0 0 0 0 0 0 0 0 0 0 0 0 0 0 0 0 0 0 3.79457761268264E-03 3.79525584739309E-03 3.80055694754323E-03 3.80814768606247E-03 3.81791991911877E-03 3.83000106851832E-03 3.84433850837975E-03 3.8611048331029E-03 3.88050231362276E-03 3.90276703324552E-03 3.92809126317037E-03 3.95663727825548E-03 3.98858865842126E-03 4.02396132554562E-03 4.06275510912429E-03 4.10481313194613E-03 4.15004844362513E-03 4.19821059704807E-03 4.24900383985326E-03 4.30205771114675E-03 4.35695059351208E-03 4.41325563647965E-03 4.47050458224259E-03 4.52827185027381E-03 4.58611438730573E-03 4.64366589507817E-03 4.70060127166872E-03 4.75665477684543E-03 4.81156835610455E-03 4.86512973808709E-03 4.91719795019834E-03 4.96761280637053E-03 5.01624078474815E-03
0 0 0 0 0 0 0 0 0 0 0 0 0 0 0 0 0 0 0 0 0 0 0 0 0 0 0 0 0 0 0 3.78178382386418E-03 3.78214561673067E-03 3.7870089916556E-03 3.79519427574789E-03 3.8061486924371E-03 3.81973498024195E-03 3.83582067419719E-03 3.85457342319896E-03 3.87620795189591E-03 3.9009481857578E-03 3.92897629923885E-03 3.96041957025247E-03 3.99544717707947E-03 4.0340221134676E-03 4.07607692623121E-03 4.12139107708924E-03 4.16981053625039E-03 4.22102235875119E-03 4.27465417877102E-03 4.33028087229665E-03 4.38742792946634E-03 4.44564388483586E-03 4.5044411164699E-03 4.56340450492562E-03 4.62209309496782E-03 4.68017308889628E-03 4.73735731215694E-03 4.7934194409118E-03 4.84813572673676E-03 4.90132338227753E-03 4.95286213971468E-03 5.0026066017372E-03 5.05042683497624E-03
0 0 0 0 0 0 0 0 0 0 0 0 0 0 0 0 0 0 0 0 0 0 0 0 0 0 0 0 0 0 3.74620765427387E-03 3.76402689983349E-03 3.76684523032906E-03 3.77306113424144E-03 3.78252289622107E-03 3.79494282491283E-03 3.8102319293942E-03 3.82826788422155E-03 3.8492050483448E-03 0.003873264879091 3.90065697165798E-03 3.9315527483389E-03 3.96604547170818E-03 4.00426373926751E-03 4.04611343014548E-03 4.09146359901971E-03 4.14003271000642E-03 4.19159568756642E-03 4.2457695696168E-03 4.3021154225326E-03 4.36015495124862E-03 4.41937460261102E-03 4.47930270672446E-03 4.53944421693943E-03 4.59939188786322E-03 4.6587283574708E-03 4.71715813273853E-03 4.77442766623063E-03 4.83034476222753E-03 4.88472200564416E-03 4.93741184474056E-03 4.98830399976568E-03 5.03725931936361E-03 5.08415292708957E-03
0 0 0 0 0 0 0 0 0 0 0 0 0 0 0 0 0 0 0 0 0 0 0 0 0 0 0 0 0 0 3.74620765427387E-03 3.74724701851364E-03 3.75141722528692E-03 3.75920120765086E-03 3.77028845310418E-03 3.78446096254474E-03 3.80167325324446E-03 3.82187209335485E-03 3.84520606760869E-03 3.87189167259098E-03 3.90210967388171E-03 3.93602835458227E-03 3.97370255496515E-03 4.01519316567482E-03 4.06035741685367E-03 4.10899865093275E-03 4.16077954386482E-03 4.21539014521289E-03 4.27239667246735E-03 4.33129040203069E-03 4.39155149224188E-03 4.45263515051108E-03 4.5140611180106E-03 4.57533606917725E-03 4.63606533037811E-03 4.69587303743836E-03 4.75449024356491E-03 4.8116953767736E-03 4.86732864787295E-03 4.92124118375084E-03 4.97331372928613E-03 5.02343815757843E-03 5.07148488751443E-03 5.11733303219952E-03
0 0 0 0 0 0 0 0 0 0 0 0 0 0 0 0 0 0 0 0 0 0 0 0 0 0 0 0 0 3.7070206393037E-03 3.72673512161043E-03 3.72967788093098E-03 3.73595312476441E-03 3.74562906073734E-03 3.75862754036458E-03 3.77481980530321E-03 3.79421725837894E-03 3.81681937452156E-03 3.84277315264956E-03 3.87228277374666E-03 3.90549869754268E-03 3.94257359485262E-03 3.98351981239442E-03 4.02833487921354E-03 4.07681820221852E-03 4.12871178341428E-03 4.18361805892602E-03 4.24115606000854E-03 4.30083320246298E-03 4.36208586883098E-03 4.42435684479177E-03 4.48708488478168E-03 4.54978911137167E-03 4.61198930889125E-03 4.67331267483981E-03 4.73341980884057E-03 4.79207012747076E-03 4.84906905509442E-03 4.90428520444497E-03 4.95760521606708E-03 5.00893672394026E-03 5.05817362651885E-03 5.10519081198535E-03 5.14987362552252E-03
0 0 0 0 0 0 0 0 0 0 0 0 0 0 0 0 0 0 0 0 0 0 0 0 0 0 0 0 0 3.7070206393037E-03 3.70813825423051E-03 3.71265418521234E-03 3.72091289626019E-03 3.7326429996946E-03 3.74777415283367E-03 3.76622980830975E-03 3.78806503919067E-03 3.8133076574948E-03 3.84209697770924E-03 3.87462110360455E-03 3.91098943447613E-03 3.95133224820169E-03 3.99561456489444E-03 4.04377344376568E-03 4.09555136911469E-03 4.15062287656572E-03 4.20853292948782E-03 4.26883465585687E-03 4.33099206141967E-03 4.39438862795813E-03 4.45844038561214E-03 4.52258417636844E-03 4.58634999795805E-03 4.64927994953606E-03 4.71102101062821E-03 4.77126940832623E-03 4.82980785435534E-03 4.88646670845138E-03 4.94113635926971E-03 4.99373888645929E-03 5.04420625966831E-03 5.09243177357495E-03 5.13829382991123E-03 5.18168772384636E-03
0 0 0 0 0 0 0 0 0 0 0 0 0 0 0 0 0 0 0 0 0 0 0 0 0 0 0 0 3.66587854324306E-03 3.68642252586007E-03 3.68942763524021E-03 3.69608112532545E-03 3.70648812681046E-03 3.72045764157498E-03 3.73794545829425E-03 3.75890512951333E-03 3.78342211934608E-03 3.81153336694556E-03 3.84335827232015E-03 3.87906499947376E-03 3.91871454288133E-03 3.96241112432605E-03 4.01006481437421E-03 4.06155964872707E-03 4.11657724637197E-03 4.17472353228344E-03 4.2354871888841E-03 4.2983688340498E-03 4.36279531368198E-03 4.42810237633224E-03 4.49369494790206E-03 4.55902592400949E-03 4.62364358598503E-03 4.68711440324669E-03 4.74910498429531E-03 4.8093439937232E-03 0.004867633761723 4.92382248363419E-03 4.97781659347906E-03 5.0295726100465E-03 5.07904787102843E-03 5.12612919740331E-03 5.17070226880425E-03 5.21268076535445E-03
0 0 0 0 0 0 0 0 0 0 0 0 0 0 0 0 0 0 0 0 0 0 0 0 0 0 0 0 3.66587854324306E-03 3.66692367168747E-03 3.67143682284611E-03 3.68022448780902E-03 3.69295957762137E-03 3.70937068879344E-03 3.72943257918401E-03 3.75311482195058E-03 3.78052683232751E-03 3.81170470862565E-03 3.8467340741763E-03 3.88576941928488E-03 3.92879917824184E-03 3.97591341425543E-03 4.02694954350622E-03 4.08174298388004E-03 4.13991558273215E-03 4.20099879526804E-03 4.26443872231092E-03 4.32968075266313E-03 4.3961429105223E-03 4.46310725445736E-03 4.52999713865337E-03 4.59629497893936E-03 4.66156628158179E-03 4.7254047939477E-03 4.78748470279034E-03 4.84757382206652E-03 4.9054803167294E-03 4.96107064294741E-03 5.01425667254129E-03 5.06503131567434E-03 5.11337975500016E-03 5.1591722142572E-03 5.20231686098078E-03 5.24275506332717E-03
0 0 0 0 0 0 0 0 0 0 0 0 0 0 0 0 0 0 0 0 0 0 0 0 0 0 0 0 3.64639427313952E-03 3.64703125877931E-03 0.003653790059521 3.66518834183069E-03 3.68057308688898E-03 3.69967383005703E-03 3.72252313262331E-03 3.74912644548672E-03 3.7796114525021E-03 0.00381401431278 3.85238928741018E-03 3.89485692755006E-03 3.94134591136844E-03 3.99190748476779E-03 4.04631493514478E-03 4.10433780224713E-03 4.16553687404222E-03 4.22938952187242E-03 4.29530999360189E-03 4.36269191793028E-03 4.43092143082785E-03 4.49928979477397E-03 4.56725159058869E-03 4.63431435965125E-03 4.70005423102057E-03 4.76409019615518E-03 4.82610786209593E-03 4.88590233586691E-03 4.94328509296877E-03 4.9981374549967E-03 5.05038034432428E-03 5.10003467678835E-03 5.14709666348985E-03 0.005191444191781 5.23302162920215E-03 5.27180355511969E-03
0 0 0 0 0 0 0 0 0 0 0 0 0 0 0 0 0 0 0 0 0 0 0 0 0 0 0 3.57977324195033E-03 3.61946701818021E-03 3.62603385494948E-03 3.63687120523075E-03 3.65148157026693E-03 3.66979186618196E-03 3.69177072027786E-03 3.71756638880351E-03 3.74723922572349E-03 3.78092865229038E-03 3.81867727534398E-03 3.86050054322983E-03 3.90647392432334E-03 3.95646278188257E-03 4.01045980582285E-03 4.06818634049267E-03 4.12931801689749E-03 4.19338153304901E-03 4.2598006666899E-03 4.32797862277099E-03 4.39725004673205E-03 4.46699177066714E-03 4.5365508260524E-03 4.60538256091072E-03 4.67302802803217E-03 4.73906037400525E-03 4.80313661714637E-03 4.86493218774487E-03 4.92427796364939E-03 4.9809781572647E-03 5.03493701326102E-03 5.08607522804058E-03 5.13443991150694E-03 5.1800537495534E-03 5.22281133596736E-03 5.26269567358932E-03 5.29972252378402E-03
0 0 0 0 0 0 0 0 0 0 0 0 0 0 0 0 0 0 0 0 0 0 0 0 0 0 3.55502577161299E-03 3.57977324195033E-03 3.59459788571348E-03 3.60729860879707E-03 3.62201937331051E-03 3.63979228529331E-03 0.003661062725966 3.68600432537412E-03 3.71485169368333E-03 3.74769985272834E-03 3.78468913079494E-03 3.82585601658401E-03 3.87118241794128E-03 3.92068889918127E-03 3.97417762546302E-03 4.0315699871835E-03 4.09251443735598E-03 4.15661652470422E-03 4.22335873713864E-03 4.29213480065684E-03 4.36233222823749E-03 4.43325921650394E-03 4.50429786991036E-03 4.57483644045241E-03 4.64435002118322E-03 4.71239396198178E-03 4.77854706753764E-03 4.84248423589077E-03 4.90389231913992E-03 4.96261331269093E-03 5.01845577408465E-03 5.07134231443956E-03 5.12121069480121E-03 5.16812672915303E-03 5.21212402820517E-03 5.25314261143659E-03 5.29121987793525E-03 5.32641349770423E-03
0 0 0 0 0 0 0 0 0 0 0 0 0 0 0 0 0 0 0 0 0 0 0 0 0 3.54385344897368E-03 3.55502577161299E-03 3.56553486502018E-03 3.57824353865725E-03 3.59276737245051E-03 3.61005620852948E-03 3.63057540594624E-03 3.65470145516876E-03 3.68263072920811E-03 3.71460012828568E-03 0.003750704662674 3.79106133883163E-03 3.83569395669309E-03 3.88454586137429E-03 3.93757370632496E-03 3.99451660483858E-03 4.05520581593188E-03 4.11923035613682E-03 4.18612867247523E-03 4.25534950935315E-03 4.3262655046567E-03 4.39825937195394E-03 4.47063346989232E-03 4.54277357945816E-03 4.61410682059861E-03 4.68412363856395E-03 4.75238959362427E-03 4.81848457213284E-03 4.88209620725504E-03 4.94292551250944E-03 5.00081517960711E-03 5.05559649669549E-03 5.10720710728227E-03 5.15561471970087E-03 5.20089593253936E-03 5.24312354316758E-03 5.28229096508501E-03 5.31848099413436E-03 5.35179630860866E-03
0 0 0 0 0 0 0 0 0 0 0 0 0 0 0 0 0 0 0 0 0 0 0 0 0 3.54385344897368E-03 3.54484766112065E-03 3.55260663136336E-03 3.5650291756686E-03 3.58103079740319E-03 3.60058255405529E-03 3.62374136674832E-03 3.65073968881267E-03 3.68173340862314E-03 3.71691987651252E-03 3.75636305073936E-03 3.80013831780263E-03 3.84825537315186E-03 3.90062203247491E-03 3.95712385945781E-03 4.01743857617841E-03 4.08130799473769E-03 4.14825528534096E-03 4.21776547634032E-03 4.28925724445654E-03 4.3620985713745E-03 4.43567281058438E-03 4.50928629635822E-03 4.58233134015767E-03 0.004654270960751 4.72460840862522E-03 4.79290512542172E-03 4.85874058499592E-03 4.92181321404466E-03 4.98184637765173E-03 5.03868435980103E-03 5.09218688420619E-03 5.14231732567172E-03 5.18908413396295E-03 5.23258279407813E-03 5.27291642689692E-03 5.31014160873071E-03 5.34439437619934E-03 5.37581490296349E-03
0 0 0 0 0 0 0 0 0 0 0 0 0 0 0 0 0 0 0 0 0 0 0 0 3.50610003815058E-03 3.52561074294818E-03 3.5297427492213E-03 3.53905657585383E-03 3.55303878452925E-03 3.57111550637317E-03 3.59316104436975E-03 3.61911353923489E-03 3.64912638560788E-03 3.68332892376623E-03 3.72185638515633E-03 3.76473908097096E-03 3.81198545840278E-03 3.86360532014828E-03 3.9194620186916E-03 3.97935883674816E-03 4.04293161763868E-03 0.004109816703525 4.17950321594422E-03 4.25141604615611E-03 4.32496420690882E-03 4.39951648676048E-03 4.47446216762437E-03 4.54912144979373E-03 4.62287764426529E-03 4.69524325354413E-03 4.76570880321376E-03 4.83382824864606E-03 4.89917996920658E-03 4.96147660167934E-03 5.02047521768934E-03 5.07601639505863E-03 5.12801547366047E-03 5.17645817542859E-03 5.22141475078526E-03 5.26299255844953E-03 5.30134541787964E-03 5.33658789427112E-03 5.36889609894443E-03 5.39844091086557E-03
