NongDo/Fusa 13.9h.grd
DSAA
463	323
2	464
2	324
0	10
[rows 56 to 83 of 323, columns 256 to 319 of 463]
0 0 0 0 0 0 0 0 0 0 0 0 0 0 0 0 0 0 0 0 0 0 0 0 0 0 0 0 0 0 0 0 0 0 0 0 0 0 0 0 0 0 0 0 0 0 0 0 0 0 0 0 0 0 0 0 0 0 0 0 0 0 0 0
0 0 0 0 0 0 0 0 0 0 0 0 0 0 0 0 0 0 0 0 0 0 0 0 0 0 0 0 0 0 0 0 0 0 0 0 0 0 0 0 0 0 0 0 0 0 0 0 0 0 0 0 0 0 0 0 0 0 0 0 0 0 0 0
0 0 0 0 0 0 0 0 0 0 0 0 0 0 0 0 0 0 0 0 0 0 0 0 0 0 0 0 0 0 0 0 0 0 0 0 0 0 0 0 0 0 0 0 0 0 0 0 0 0 0 0 0 0 0 0 0 0 0 0 0 0 0 0
0 0 0 0 0 0 0 0 0 0 0 0 0 0 0 0 0 0 0 0 0 0 0 0 0 0 0 0 0 0 0 0 0 0 0 0 0 0 0 0 0 0 0 0 0 0 0 0 0 0 0 0 0 0 0 0 0 0 0 0 0 0 0 0
0 0 0 0 0 0 0 0 0 0 0 0 0 0 0 0 0 0 0 0 0 0 0 0 0 0 0 0 0 0 0 0 0 0 0 0 0 0 0 0 0 0 0 0 0 0 0 0 0 0 0 0 0 0 0 0 0 0 0 0 0 0 0 0
0 0 0 0 0 0 0 0 0 0 0 0 0 0 0 0 0 0 0 0 0 0 0 0 0 0 0 0 0 0 0 0 0 0 0 0 0 0 0 0 0 0 0 0 0 0 0 0 0 0 0 0 0 0 0 0 0 0 0 0 0 0 0 0
0 0 0 0 0 0 0 0 0 0 0 0 0 0 0 0 0 0 0 0 0 0 0 0 0 0 0 0 0 0 0 0 0 0 0 0 0 0 0 0 0 0 0 0 0 0 0 0 0 0 0 0 0 0 0 0 0 0 0 0 0 0 0 0
0 0 0 0 0 0 0 0 0 0 0 0 0 0 0 0 0 0 0 0 0 0 0 0 0 0 0 0 0 0 0 0 0 0 0 0 0 0 0 0 0 0 0 0 0 0 0 0 0 0 0 0 0 0 0 0 0 0 0 0 0 0 6.64866110355201E-03 6.64887657954572E-03
0 0 0 0 0 0 0 0 0 0 0 0 0 0 0 0 0 0 0 0 0 0 0 0 0 0 0 0 0 0 0 0 0 0 0 0 0 0 0 0 0 0 0 0 0 0 0 0 0 0 0 0 0 0 0 0 0 0 6.64551540896305E-03 6.64665773269287E-03 6.64789784888193E-03 6.64899647498452E-03 6.64866110355201E-03 6.64887657954572E-03
0 0 0 0 0 0 0 0 0 0 0 0 0 0 0 0 0 0 0 0 0 0 0 0 0 0 0 0 0 0 0 0 0 0 0 0 0 0 0 0 0 0 0 0 0 0 0 0 0 0 0 0 0 0 6.63905323702469E-03 6.64099549200613E-03 6.64301831337037E-03 6.64492032604366E-03 6.64551540896305E-03 6.64665773269287E-03 6.64789784888193E-03 6.64899647498452E-03 6.64969733072848E-03 6.65033187521116E-03
0 0 0 0 0 0 0 0 0 0 0 0 0 0 0 0 0 0 0 0 0 0 0 0 0 0 0 0 0 0 0 0 0 0 0 0 0 0 0 0 0 0 0 0 0 0 0 0 0 0 0 6.63198334727431E-03 6.63481628589152E-03 6.63758163557165E-03 6.63905323702469E-03 6.64099549200613E-03 6.64301831337037E-03 6.64492032604366E-03 6.64646742961127E-03 6.64798411482264E-03 6.64942505748781E-03 6.65072231151252E-03 6.65180938598755E-03 6.65274165436751E-03
0 0 0 0 0 0 0 0 0 0 0 0 0 0 0 0 0 0 0 0 0 0 0 0 0 0 0 0 0 0 0 0 0 0 0 0 0 0 0 0 0 0 0 0 0 6.60808839457264E-03 6.61266539570092E-03 6.61719222681625E-03 6.62154680673507E-03 6.62569849244641E-03 6.62954659324012E-03 6.63198334727431E-03 6.63481628589152E-03 6.63758163557165E-03 6.63996727382584E-03 6.64227273707392E-03 6.64449122484449E-03 6.6465811010819E-03 6.64848609991344E-03 6.65026335152206E-03 6.65189519126231E-03 6.65337332724502E-03 6.65467932745957E-03 6.65581865416545E-03
0 0 0 0 0 0 0 0 0 0 0 0 0 0 0 0 0 0 0 0 0 0 0 0 0 0 0 0 0 0 0 0 0 0 0 0 0 0 0 0 0 0 0 6.59787441262386E-03 6.60363441903591E-03 6.60808839457264E-03 6.61266539570092E-03 6.61719222681625E-03 6.62154680673507E-03 6.62569849244641E-03 6.62954659324012E-03 6.63293637251159E-03 6.63614400268687E-03 6.63915288864881E-03 6.6419058790328E-03 6.64447787077113E-03 6.64688997006868E-03 6.64915224869807E-03 6.65125204424721E-03 6.65320228109197E-03 6.65499333870188E-03 6.65662637139807E-03 6.65809486009012E-03 6.65940015802106E-03
6.13131029392973E-03 6.14554044275112E-03 6.15971662303435E-03 6.17377591088872E-03 6.1876820317907E-03 6.20150259403071E-03 6.21512004259354E-03 6.22852777071887E-03 6.24174520479274E-03 6.25489748979682E-03 6.26799236158035E-03 6.28107139457401E-03 6.2939539581372E-03 6.30656947862815E-03 6.31887947482107E-03 6.33099889578606E-03 6.34292064751538E-03 6.35472623743596E-03 6.36630399574456E-03 6.3776673459407E-03 6.38881789768414E-03 6.39987464712388E-03 6.41082513221135E-03 6.42171975533795E-03 6.43240361540524E-03 6.44282941336808E-03 6.45294166114603E-03 6.46282762193044E-03 6.47245059737388E-03 6.48188432835904E-03 6.49105281790173E-03 6.5000279967591E-03 6.50887844709363E-03 6.51783676833642E-03 6.52711827481477E-03 0 0 0 0 6.56994127275188E-03 6.57724769326937E-03 6.58489444940218E-03 6.59224707511228E-03 6.59787441262386E-03 6.60363441903591E-03 6.60892039764903E-03 6.61389458541573E-03 6.61860791572786E-03 6.62307761421525E-03 6.62732492628353E-03 6.63130969160499E-03 6.63501603957732E-03 6.63846999100158E-03 6.64168568923991E-03 6.64465613807436E-03 6.6474177664187E-03 6.64999148694449E-03 6.65239975434151E-03 6.65464372639539E-03 6.65673206593033E-03 6.65866016597721E-03 6.66043100816318E-03 6.66204237036322E-03 6.6634974185581E-03
6.13131029392973E-03 6.14554044275112E-03 6.15971662303435E-03 6.17377591088872E-03 6.1876820317907E-03 6.20150259403071E-03 6.21512004259354E-03 6.22852777071887E-03 6.24174520479274E-03 6.25489748979682E-03 6.26799236158035E-03 6.28107139457401E-03 6.2939539581372E-03 6.30656947862815E-03 6.31887947482107E-03 6.33099889578606E-03 6.34292064751538E-03 6.35472623743596E-03 6.36630399574456E-03 6.3776673459407E-03 6.38881789768414E-03 6.39987464712388E-03 6.41082513221135E-03 6.42171975533795E-03 6.43240361540524E-03 6.44282941336808E-03 6.45294166114603E-03 6.46282762193044E-03 6.47245059737388E-03 6.48188432835904E-03 6.49105281790173E-03 6.5000279967591E-03 6.50887844709363E-03 6.51783676833642E-03 6.52711827481477E-03 6.5380483778112E-03 6.54680881549722E-03 6.55524876404315E-03 6.56338244977829E-03 6.56994127275188E-03 6.57724769326937E-03 6.58489444940218E-03 6.59224707511228E-03 6.59890044992756E-03 6.60508999921282E-03 6.61080894960155E-03 6.61609564504309E-03 6.62101779940143E-03 6.62563788351732E-03 6.63000703997573E-03 6.63411980848589E-03 6.63798969076664E-03 6.64160326298294E-03 6.64497200764329E-03 6.64809677739397E-03 6.65100418089058E-03 6.65371449151539E-03 6.65625173594546E-03 6.65862164794668E-03 6.66083342780458E-03 6.66288606178512E-03 6.66478421725944E-03 6.66652913577074E-03 6.66812531696873E-03
6.13232426473161E-03 6.14711565902522E-03 6.1615425879989E-03 6.17574237828074E-03 6.18975319088743E-03 6.20365521828999E-03 6.21734794667244E-03 6.2308156560272E-03 6.24409247546474E-03 6.25728854386516E-03 6.27042129635215E-03 6.28354730373128E-03 6.29647042814831E-03 6.30909271920183E-03 6.32141572170294E-03 6.3335453552436E-03 6.34548629989443E-03 6.3573022411304E-03 6.36889862389481E-03 6.38027507895633E-03 6.39144697332611E-03 6.40251310215416E-03 6.41347263644035E-03 6.42438078672798E-03 6.43507612030425E-03 6.44548882182861E-03 6.45558982251756E-03 6.46545323880478E-03 6.47505244183256E-03 6.4844407771937E-03 6.49355486404233E-03 6.50244380545308E-03 6.51117328502819E-03 6.51991957156685E-03 6.52880630982625E-03 6.5380483778112E-03 6.54680881549722E-03 6.55524876404315E-03 6.56338244977829E-03 6.5711435905726E-03 6.57892661889841E-03 6.58673602725251E-03 6.59421598582348E-03 6.6011855799611E-03 6.6076453195134E-03 6.61363230538318E-03 6.61915369732267E-03 6.62426863926318E-03 6.62904447627758E-03 6.63353999636529E-03 6.63776946527427E-03 6.64175655405891E-03 6.64548772602103E-03 6.64897379334826E-03 6.65221865231772E-03 6.65524557496527E-03 6.65807462902056E-03 6.66072823416294E-03 6.66321343840208E-03 6.66553908625177E-03 6.66770709531772E-03 6.66972437446707E-03 6.67159473448471E-03 6.67332281927562E-03
6.13467392845612E-03 0.006149821099746 6.16452742349082E-03 6.17894095539132E-03 6.19312960930776E-03 6.20717173716363E-03 6.22099691131464E-03 6.23458888584053E-03 6.24799280618566E-03 6.2612918874586E-03 6.2745035416072E-03 6.28768478044519E-03 6.3006452052373E-03 6.31328705800478E-03 6.3256509510207E-03 6.33781952851595E-03 6.34980539927127E-03 6.36165012806587E-03 6.37328807607247E-03 6.3847086553704E-03 6.39593858415578E-03 6.40704591641499E-03 6.41803530566826E-03 0.006428952917327 6.43964403630258E-03 6.45003416535428E-03 6.46012171162569E-03 6.46995713882462E-03 6.47952334321137E-03 6.48885107083849E-03 6.49790039455007E-03 6.50670084814576E-03 0.006515318581843 6.52387678100351E-03 6.53245442507719E-03 6.54113882977857E-03 6.54967034365865E-03 6.55801580657182E-03 6.56617579630538E-03 6.57420582505814E-03 6.58214777157839E-03 6.5899943160884E-03 6.59751934898053E-03 6.60460671401977E-03 6.61121939461792E-03 6.61738014804769E-03 6.6230768919575E-03 6.62835333824115E-03 6.63326666879056E-03 6.63787667434296E-03 6.64220761698528E-03 6.64628895951394E-03 6.65011310422258E-03 6.65369294959611E-03 6.65703638218038E-03 6.66016473560596E-03 6.66309802070665E-03 6.66585620272869E-03 6.66844643467948E-03 6.67087697020653E-03 6.67315299148905E-03 6.67528169352757E-03 6.67726856589885E-03 6.67911823159276E-03
6.13787415584236E-03 6.15332407264247E-03 6.16832925980653E-03 6.18300911741351E-03 6.19743284719166E-03 6.21166356317921E-03 6.22566538116033E-03 6.23944092059558E-03 6.25302648992729E-03 6.26648011065271E-03 6.27981306739235E-03 6.29304378504125E-03 6.30603707136644E-03 6.31873816273609E-03 6.3311840636514E-03 6.34343238156749E-03 6.35549646946613E-03 6.36739998677013E-03 6.37910241263464E-03 6.39060209460842E-03 6.40191968871075E-03 6.41309783229414E-03 6.42413853438655E-03 6.43505213040666E-03 6.44572139533371E-03 6.45609793312863E-03 6.46618073552755E-03 6.47599673994579E-03 6.48553353308247E-03 6.49480693681186E-03 6.50379584705133E-03 6.51253116733129E-03 0.006521069487234 6.52950110251911E-03 6.53788844186118E-03 6.54628879043284E-03 6.5546043102891E-03 6.5628133774353E-03 6.57091068584667E-03 6.57893026512423E-03 6.58684630198627E-03 6.59462671451033E-03 6.6021132737226E-03 6.60922210286064E-03 6.61590459763521E-03 6.62216000391972E-03 6.62796782265063E-03 6.63335707212016E-03 6.63837533266546E-03 6.64307594001488E-03 6.64748878292517E-03 0.006651641801644 6.65553647589026E-03 6.65918879965583E-03 6.6626105111861E-03 6.66582341638166E-03 6.66884664729137E-03 6.67169633839676E-03 6.67437939602936E-03 6.67690444466297E-03 6.67927820541025E-03 6.6815085447062E-03 6.68360134767629E-03 6.68556078726394E-03
6.14173000670669E-03 6.15749464915925E-03 6.17282454812631E-03 6.18780899641324E-03 6.20251041686079E-03 6.21697910284418E-03 6.23121038735983E-03 6.24521775569785E-03 6.25902079033686E-03 6.27265728091868E-03 0.006286130733762 6.29943597842234E-03 0.006312508128229 6.32532082462038E-03 6.33788999499657E-03 6.35025473147345E-03 6.36242930430624E-03 6.37442751097088E-03 6.38623134342037E-03 6.39784136583682E-03 6.4092642256126E-03 6.42052289880844E-03 6.43161364217342E-03 6.44252600055514E-03 6.45319271449362E-03 6.46357746916047E-03 6.4736662059576E-03 6.48347045634304E-03 6.49298419894158E-03 6.50221615486437E-03 6.51116324164386E-03 6.51985390860536E-03 6.52833160693034E-03 6.53666610554595E-03 6.54491160352384E-03 6.55311522956979E-03 6.56125113695895E-03 6.56931437400659E-03 6.57729410327436E-03 6.58520241084483E-03 6.59300479089183E-03 6.60066220382524E-03 6.6080603221565E-03 6.61512633509261E-03 6.62180441449499E-03 6.62808094940994E-03 6.63393529387278E-03 6.63938114600637E-03 6.64445783997686E-03 6.64921033495866E-03 6.65367079976547E-03 6.65786601937245E-03 6.66180833110749E-03 6.66551313925717E-03 6.6689964593162E-03 6.67227739342805E-03 6.67537374049795E-03 6.6782992098175E-03 6.68106238217972E-03 6.68367037269961E-03 6.68613107921065E-03 6.68845187266252E-03 6.69063865116656E-03 6.69269498573696E-03
6.14625395594414E-03 6.16236021084697E-03 6.17804367145381E-03 6.19337089558576E-03 6.20839389125414E-03 6.22315816787597E-03 6.2376706103394E-03 6.25194649697693E-03 6.26599795767113E-03 6.27984922185076E-03 6.29349871264419E-03 6.30694143794712E-03 6.32014853363315E-03 6.33311076945017E-03 6.34583689641356E-03 6.35835381249075E-03 6.37067346359969E-03 6.38280782708786E-03 6.39474700121708E-03 6.40648901211568E-03 6.41803158224084E-03 6.42938411062305E-03 6.4405378372823E-03 6.45147927172892E-03 6.46216564204944E-03 6.47256815028336E-03 6.48266718144088E-03 6.49246633975221E-03 6.50196225526627E-03 6.51116441610909E-03 6.52007765962245E-03 6.52872758941442E-03 6.53714944213926E-03 6.54540023019512E-03 6.55352886330514E-03 6.56158157181957E-03 6.56956218519285E-03 6.57747606691699E-03 0.006585312356946 6.59307249073648E-03 6.60072279071174E-03 6.60822656255156E-03 6.6154921709131E-03 6.62245474635031E-03 6.62905972161648E-03 6.63528866562146E-03 6.64111936147981E-03 6.64655905028953E-03 6.65163924958913E-03 6.65639768739376E-03 6.6608660668019E-03 6.66507136704142E-03 6.66903102498956E-03 6.67276203386805E-03 6.6762816114634E-03 6.67960713458261E-03 6.68275458504673E-03 6.68573618209361E-03 6.68856062278544E-03 6.69123451349266E-03 6.69376584592919E-03 6.69616120045053E-03 6.69842577632745E-03 6.70056220591106E-03
6.15147762046293E-03 6.16797062988249E-03 6.18404788280927E-03 6.19976109564616E-03 6.21515285397526E-03 6.23026429259974E-03 6.24510425580191E-03 6.2596870608224E-03 6.27402323949865E-03 6.2881293576529E-03 6.30200292656602E-03 6.3156433020768E-03 6.3290393643717E-03 6.3421919044913E-03 6.35511076866107E-03 6.36781601630824E-03 6.38031709729579E-03 6.39262449696246E-03 6.40472878095597E-03 6.41662411333394E-03 6.42830360227151E-03 6.43976779007501E-03 6.45100498016346E-03 6.46200257604843E-03 6.4727281836819E-03 6.48315603362869E-03 6.49326750031076E-03 6.50306366525769E-03 6.51254360181635E-03 6.52171843672133E-03 6.53059625021296E-03 6.53920038391394E-03 6.5475628133688E-03 6.55573317373762E-03 6.56375700853994E-03 6.57168055632395E-03 6.57951885940199E-03 6.58728185169117E-03 6.59496169517496E-03 6.60255599208582E-03 6.61003236692753E-03 6.61735722112764E-03 6.6244519910933E-03 6.63125993072591E-03 6.63773381726016E-03 6.64385501507682E-03 6.64960191812084E-03 6.65497639805748E-03 6.66000483592204E-03 6.6647208954285E-03 6.66915616721124E-03 6.67333654483202E-03 6.67728198438713E-03 6.68100934159705E-03 6.68453624547279E-03 6.68787903662167E-03 6.6910527362471E-03 6.69406734494725E-03 6.69693124651407E-03 6.69964984622023E-03 6.70223093628439E-03 6.70468050392028E-03 6.70700270291488E-03 6.70919865148481E-03
6.15747921471028E-03 6.17441468335031E-03 6.19093578961735E-03 6.20708358912231E-03 6.22289380273987E-03 6.2384000204528E-03 6.25361279671083E-03 6.26854644068827E-03 6.28321069459316E-03 6.29761711762202E-03 6.31176470093808E-03 6.32565606797788E-03 6.33929070868126E-03 6.35267707519486E-03 6.36582717991167E-03 6.37875678430219E-03 6.3914735994976E-03 6.40398529905311E-03 6.41628098625373E-03 6.42835181926198E-03 6.44018740133078E-03 6.45178208271602E-03 6.46312163647641E-03 6.47419532142747E-03 6.48497309236928E-03 6.49543044040729E-03 6.50555223817707E-03 6.51534127899258E-03 6.52479911941969E-03 6.53393917409706E-03 6.54277144742206E-03 6.55131858091006E-03 6.55961236502845E-03 6.56769889336815E-03 6.57562099454211E-03 6.5834236445448E-03 6.59112441577747E-03 6.59873361127981E-03 6.60624674463765E-03 6.61366065533583E-03 6.62094524444974E-03 6.62806433021817E-03 6.63495126863218E-03 6.64156004529593E-03 6.64785327841118E-03 6.65381287859938E-03 6.65941919671803E-03 6.66467385123999E-03 6.66960043529657E-03 6.6742302154709E-03 6.67859323516455E-03 6.68271368528589E-03 6.68661205716552E-03 6.6903045830292E-03 6.69380889566693E-03 6.69714088743882E-03 6.70031386692836E-03 6.70333556127141E-03 6.70621337166665E-03 6.70895216142996E-03 6.71155946136476E-03 6.71403990890954E-03 6.71639613800299E-03 6.71862748269819E-03
6.16435859658867E-03 6.18179634990106E-03 6.19881562081294E-03 6.21544841098545E-03 6.2317252412476E-03 6.24767267783916E-03 0.00626330484323 6.27863514464618E-03 6.29367246729658E-03 6.30842495834301E-03 6.32289465210016E-03 6.33708581858091E-03 6.35100620058099E-03 6.36466919969037E-03 6.37808798544465E-03 6.39127525635382E-03 0.006404237523669 6.41697941794533E-03 6.42948881182213E-03 6.44175412478726E-03 6.45376193875765E-03 6.46550203506084E-03 6.47695746745706E-03 6.48811736764026E-03 6.49894960378893E-03 6.50943184126524E-03 6.51955444848433E-03 6.52932430062694E-03 6.53874560056691E-03 6.54783439639472E-03 6.55660283763123E-03 6.56507550807042E-03 6.57328647006439E-03 6.58127986366569E-03 6.58909495062197E-03 6.59677395523053E-03 6.60433163414508E-03 6.61177720943272E-03 6.61910854565734E-03 6.62632190675628E-03 6.63338756848638E-03 6.64027000525959E-03 6.64691740141006E-03 6.65329113764269E-03 6.65936384147459E-03 6.66511959762599E-03 6.67054517662863E-03 6.67564006021456E-03 6.68042767045702E-03 6.68493651963604E-03 6.68919452368852E-03 6.6932237093204E-03 6.69704539477727E-03 6.70067469682791E-03 6.70413012170829E-03 6.70742545449364E-03 6.71057146462672E-03 6.71357353179052E-03 6.71643907970732E-03 6.71917180205494E-03 6.72177862525628E-03 6.72426321403425E-03 6.7266263998993E-03 6.72886608088407E-03
6.17226409262914E-03 6.1902650581522E-03 6.2078385932415E-03 6.22500915774919E-03 6.24180237711721E-03 6.25824023950419E-03 6.27433853710983E-03 6.29011045381914E-03 6.30556471306205E-03 6.32070764552702E-03 6.33554362751352E-03 6.35007838918309E-03 6.36432564254174E-03 6.37830285827515E-03 6.39202318174012E-03 6.40549675781643E-03 6.41872836592735E-03 6.43171880580909E-03 6.44445502104938E-03 6.45692456425393E-03 0.006469111483623 6.48100133609219E-03 6.49257439539359E-03 6.50381530777007E-03 6.51469010455049E-03 6.5251815547408E-03 6.53528623308645E-03 6.54501513169684E-03 6.55437710823348E-03 6.56338990115168E-03 6.57206962934352E-03 6.58044630417331E-03 6.58855637666559E-03 6.59644170603452E-03 6.60413851819977E-03 6.61168245338708E-03 6.61908375529646E-03 6.62635105814984E-03 6.63348310040412E-03 6.64047393420856E-03 6.64729550103863E-03 6.65391479172437E-03 6.66029252082384E-03 6.66640086975788E-03 6.67222112093124E-03 6.67774030520318E-03 6.68294953785185E-03 6.68785167420415E-03 6.69247017653082E-03 0.006696829863158 6.7009557138029E-03 6.70486829128047E-03 6.70858785750993E-03 6.71212995912489E-03 6.71551291195068E-03 6.71874646526806E-03 6.72183833902942E-03 6.72479313635773E-03 6.72761790616461E-03 6.73031595112763E-03 6.73289402953478E-03 6.73535330622619E-03 6.73769311370935E-03 6.73991102292075E-03
6.18136936509488E-03 6.19999584437055E-03 6.21818058226627E-03 6.23594138376173E-03 6.25330022708293E-03 6.27027550406634E-03 6.28688444520184E-03 0.00630313997621 6.31905167216108E-03 6.33462459959262E-03 6.34986605028718E-03 6.36478220901998E-03 6.37939198441963E-03 6.39371502364902E-03 6.4077628221869E-03 6.42154223973588E-03 6.43505563664573E-03 6.44830114900589E-03 6.46126631416589E-03 6.47393735480502E-03 6.48629553875088E-03 6.49832278663812E-03 6.50999534184527E-03 6.5212948991635E-03 6.53218818383949E-03 6.54266151552972E-03 6.55271671992686E-03 6.56237163492364E-03 6.57164138408281E-03 6.58054731133444E-03 6.58911268507362E-03 6.59737025925113E-03 6.60535657977321E-03 6.61311180760737E-03 6.62066838356489E-03 6.62805709432195E-03 6.63528444360741E-03 6.64235453464289E-03 6.6492641959083E-03 6.65600762284402E-03 6.66256125415226E-03 6.66889482247671E-03 6.67498289265751E-03 6.6808054816055E-03 6.6863520662576E-03 6.69161292832907E-03 6.69658588211309E-03 6.70127400539674E-03 6.7057004855295E-03 6.70988941765391E-03 6.71386466014258E-03 6.71764342556669E-03 6.72124388568256E-03 6.72467967200825E-03 6.72796608205769E-03 6.73111163892738E-03 6.73412313976246E-03 6.73700339506593E-03 6.73975821384567E-03 6.74239022091322E-03 6.74490501821721E-03 6.74730416422504E-03 6.74958716031562E-03 6.75175083944244E-03
6.19188849897848E-03 6.21120062091327E-03 6.23005083456735E-03 6.24845188119027E-03 6.2664229404837E-03 6.2839799554073E-03 6.30114088945805E-03 6.31791912784872E-03 6.33432438496153E-03 6.35036192800908E-03 6.36604136047068E-03 6.38137042737424E-03 6.39637120023547E-03 6.41106323131878E-03 6.42545443604577E-03 6.4395481468753E-03 6.4533444525595E-03 6.46683961468714E-03 6.48002106100846E-03 0.006492874130139 6.5053786971825E-03 6.51751451448904E-03 6.5292540101581E-03 6.54057480366479E-03 6.55144408042897E-03 6.56185517355296E-03 6.57181923866771E-03 6.58136165621326E-03 6.59050250434437E-03 6.59926836954033E-03 6.60768803624857E-03 6.61579666505464E-03 6.62363116340839E-03 6.63122993961614E-03 6.6386211397032E-03 6.64582959026688E-03 6.65285627424432E-03 6.65970211302665E-03 6.66636350645562E-03 0.006672835847444 6.67909832901071E-03 6.68512727462677E-03 6.69090857077017E-03 6.69643035203035E-03 6.70168820224925E-03 6.70667589887146E-03 6.71139612666703E-03 6.71585381579229E-03 6.72007339217766E-03 6.72407759694933E-03 6.72788797013619E-03 6.73151766210788E-03 6.7349824175807E-03 6.7382927068822E-03 6.74146065747485E-03 6.74449335368865E-03 6.74739695050242E-03 6.75017278863988E-03 6.75282583085823E-03 6.75535801962328E-03 6.75777479546872E-03 6.76007802996076E-03 6.76226796649464E-03 6.76434096895228E-03
6.20406653574871E-03 6.22412081850833E-03 6.24368619886988E-03 6.26277226487504E-03 6.28139685841229E-03 6.2995746420189E-03 6.31732425356138E-03 6.33465888417143E-03 6.35158809914714E-03 6.36811787622062E-03 6.38426065700299E-03 6.4000259684863E-03 6.41543638941231E-03 6.43050854208063E-03 6.44524533475587E-03 6.45964712349625E-03 6.47371195223002E-03 6.48743459906253E-03 6.50080172069594E-03 6.51379790573097E-03 6.52640359701805E-03 6.53859904842035E-03 6.55035295725923E-03 6.56163669843679E-03 6.57242098717443E-03 6.58271390988301E-03 6.59253981749838E-03 6.60192932337298E-03 6.61090526652368E-03 6.61949685009944E-03 6.62773617062999E-03 6.63566151295902E-03 6.64331128902345E-03 6.65072150052056E-03 6.65791452855083E-03 6.66490849467007E-03 6.67169913787419E-03 6.67828844806609E-03 6.68467591116017E-03 6.69085705425548E-03 6.69681401425027E-03 0.006702527726322 6.70799451148725E-03 6.71320916939453E-03 6.71817253385655E-03 6.72287985269193E-03 6.72733887814219E-03 6.73155683918674E-03 6.73556078403221E-03 6.73937043593157E-03 6.74300253343322E-03 6.74646626200684E-03 6.74977572283678E-03 6.75293861224183E-03 6.75596447001694E-03 6.75885792502504E-03 6.76162360470878E-03 6.76426191283589E-03 6.76677811711278E-03 6.7691740257411E-03 6.77145562358268E-03 6.77362464469149E-03 6.77568124078734E-03 6.77762204041401E-03
6.21816984023404E-03 6.23901482695096E-03 6.25933682199074E-03 6.27914544814253E-03 6.29845745519694E-03 6.31728855515649E-03 6.33565650665965E-03 6.35357337543576E-03 6.37104848263378E-03 6.38809003354124E-03 6.40471104848343E-03 6.42092621974331E-03 6.43675429195414E-03 6.45220369609155E-03 6.46727285386627E-03 6.48196155741962E-03 6.49626543804898E-03 6.51017748639768E-03 6.52368293145473E-03 6.53676505381032E-03 6.54940692405505E-03 6.56159191639033E-03 6.5732906126173E-03 6.58446073114765E-03 6.59508835571772E-03 6.60520570832827E-03 6.61484699699697E-03 6.62404130070436E-03 6.63281302855244E-03 6.64119260366348E-03 6.64921453482575E-03 6.65691992845797E-03 6.66434740941611E-03 6.67152863438986E-03 6.67848366118816E-03 6.68521938331223E-03 6.69173177730027E-03 6.69803060653927E-03 6.7041188471101E-03 6.70998859316153E-03 6.71562352755632E-03 6.72101405761933E-03 6.7261635828154E-03 6.73107132112611E-03 6.73573966521475E-03 6.74016571458689E-03 6.74435958947881E-03 6.74833475551201E-03 6.75211946315939E-03 6.75572539085658E-03 6.75916359592356E-03 6.76244186385048E-03 6.76557323503517E-03 6.7685628547814E-03 6.77141845846234E-03 6.77414162770754E-03 6.77673522322625E-03 6.77920004382471E-03 6.78154162914904E-03 6.78376266028525E-03 6.78586987999873E-03 6.78786318944335E-03 6.78974243392285E-03 6.79150554928935E-03
