NongDo/Fusa 14.4h.grd
DSAA
463	323
2	464
2	324
0	10
[rows 252 to 279 of 323, columns 0 to 63 of 463]
0 0 0 0 0 0 0 0 0 0 0 0 0 0 0 0 0 0 0 0 0 0 0 0 0 0 0 0 0 0 0 0 0 0 0 0 0 0 4.38777196101465E-03 4.39631659342958E-03 4.40105337718782E-03 4.40470528714464E-03 4.40858004490531E-03 4.4129380895943E-03 4.41786011544736E-03 4.42336605280048E-03 4.42949102244676E-03 4.43624523361357E-03 4.44366070626668E-03 4.45176168141535E-03 4.46058119966628E-03 4.47015550748268E-03 4.4805130660292E-03 4.49168756635516E-03 4.5037015430232E-03 4.51659088495223E-03 4.5303708321504E-03 4.54506442161531E-03 4.56068100785874E-03 4.57724331171681E-03 4.59474517861611E-03 4.61316192423923E-03 4.63246374578884E-03 4.65261768968391E-03
0 0 0 0 0 0 0 0 0 0 0 0 0 0 0 0 0 0 0 0 0 0 0 0 0 0 0 0 0 0 0 0 0 0 0 0 0 4.38050058239092E-03 4.38777196101465E-03 4.39177089512051E-03 4.39592847392548E-03 4.40002836724606E-03 4.40440122419773E-03 4.40921304755408E-03 4.41456521517052E-03 4.42050144876686E-03 4.42706849522948E-03 4.43428815319243E-03 4.44219934248756E-03 4.45083544923417E-03 4.46023292661051E-03 4.4704294307146E-03 4.48145296364996E-03 4.49333607914855E-03 4.50609912085133E-03 4.51977339268727E-03 4.53437032530996E-03 4.54990717150221E-03 4.56638698819288E-03 4.58382328635752E-03 4.60220323581628E-03 4.62149527648113E-03 4.64166320829003E-03 4.6626682401382E-03
0 0 0 0 0 0 0 0 0 0 0 0 0 0 0 0 0 0 0 0 0 0 0 0 0 0 0 0 0 0 0 0 0 0 0 0 4.37449226124687E-03 4.38050058239092E-03 4.38394006616449E-03 4.38764974440377E-03 4.39166545342743E-03 4.39596712579186E-03 4.40067025431844E-03 4.40585313996092E-03 4.41159594588583E-03 4.41794520925906E-03 4.42495141161094E-03 4.43264356652619E-03 4.44106540479935E-03 4.45025750027212E-03 4.46025857564579E-03 4.47110697171808E-03 4.48282923095139E-03 4.49545548129803E-03 4.50900225358309E-03 4.52349694634663E-03 4.53894523009281E-03 4.55535665014526E-03 4.5727262202849E-03 4.5910584962928E-03 4.61033201877429E-03 4.63050766573158E-03 4.65154270526013E-03 4.67339270574481E-03
0 0 0 0 0 0 0 0 0 0 0 0 0 0 0 0 0 0 0 0 0 0 0 0 0 0 0 0 0 0 0 0 0 0 0 4.37165202405606E-03 4.37449226124687E-03 4.37717064637201E-03 4.38025484162592E-03 4.38379847379171E-03 4.38781173659348E-03 4.39228471999482E-03 4.39726567538254E-03 4.4027848538901E-03 4.40890347758148E-03 4.41566586167618E-03 4.42312159429208E-03 4.43130452622723E-03 4.44026088111733E-03 4.45003840693129E-03 4.46067592989465E-03 4.47221201909765E-03 4.48467049667164E-03 4.49807838615666E-03 4.51244614201863E-03 4.52779783412511E-03 4.54413134364383E-03 4.56144613626355E-03 0.004579728453903 4.59897322669082E-03 4.61915068672794E-03 4.64021237222117E-03 4.6621092516399E-03 4.6847913513263E-03
0 0 0 0 0 0 0 0 0 0 0 0 0 0 0 0 0 0 0 0 0 0 0 0 0 0 0 0 0 0 0 0 0 0 0 4.37165202405606E-03 4.37189460696903E-03 4.37372368829585E-03 4.37651795136016E-03 4.3800088190577E-03 4.38411293874141E-03 4.38878928054715E-03 4.39405499285173E-03 4.39991967386806E-03 4.40642866579294E-03 4.41362417597121E-03 4.42155498379006E-03 4.43025989840267E-03 4.43978673381969E-03 4.45018784623893E-03 4.46150224576141E-03 4.47376750779296E-03 4.48700420723137E-03 4.50123526806251E-03 4.51646525202269E-03 4.53271075004028E-03 4.54996033028147E-03 4.56820359195522E-03 4.58741788551614E-03 4.60758760822865E-03 4.62867274429955E-03 4.65061610253083E-03 4.67336251487024E-03 4.69685756436316E-03
0 0 0 0 0 0 0 0 0 0 0 0 0 0 0 0 0 0 0 0 0 0 0 0 0 0 0 0 0 0 0 0 0 0 4.36178246781177E-03 0.004367025501953 4.36782021360828E-03 4.36970062863473E-03 4.3725237250353E-03 4.37612503423084E-03 4.38042139805604E-03 4.3853618653663E-03 4.39094817125985E-03 4.39719057310197E-03 4.40412338382411E-03 4.41178898290744E-03 4.42023300210002E-03 4.42950272591107E-03 4.43964579741772E-03 4.4507181754178E-03 4.46275789914667E-03 4.47580088468918E-03 4.48986327330953E-03 4.50496288587545E-03 4.52109803363481E-03 4.53827193554045E-03 4.55646535193549E-03 4.57565728582006E-03 4.59581664353694E-03 4.61691468258958E-03 4.63890339682236E-03 4.66171643705054E-03 4.68529269928311E-03 4.70957432810814E-03
0 0 0 0 0 0 0 0 0 0 0 0 0 0 0 0 0 0 0 0 0 0 0 0 0 0 0 0 0 0 0 0 0 0 4.36178246781177E-03 4.36205887520315E-03 4.36308650852667E-03 4.36516597585268E-03 4.36819335380644E-03 4.37203797637793E-03 4.37662453046412E-03 4.3819024758334E-03 4.38786922540589E-03 4.39454044161377E-03 4.40194756660958E-03 4.41013402356867E-03 4.41914419749545E-03 4.42903213212441E-03 4.43984664397025E-03 4.45164597812777E-03 4.46446680111197E-03 4.47834188249297E-03 4.49328154344987E-03 4.50929675904217E-03 4.52637688302455E-03 4.54451202486373E-03 4.56367283053122E-03 4.58382797183316E-03 4.60493716645759E-03 4.62696049008542E-03 4.64984122318614E-03 4.67350413066259E-03 4.69788321434657E-03 4.72291940406444E-03
0 0 0 0 0 0 0 0 0 0 0 0 0 0 0 0 0 0 0 0 0 0 0 0 0 0 0 0 0 0 0 0 0 0 4.35641207743231E-03 4.35648280914776E-03 4.35775130839028E-03 4.36013727299578E-03 4.36349217319325E-03 4.36768806815952E-03 4.37265442605006E-03 4.37834569197396E-03 4.38476232176723E-03 4.39192768964377E-03 0.004399872341964 4.40864396739946E-03 4.41828406589614E-03 4.42885472514959E-03 4.44040438544603E-03 4.45299470761233E-03 4.46665932212958E-03 4.48142602443469E-03 4.49729698329226E-03 4.5142740245799E-03 4.53233644263279E-03 4.55146075614188E-03 4.57160689806016E-03 4.59273172348209E-03 4.61478677597638E-03 4.63772201605978E-03 4.66147490115052E-03 4.68595951024736E-03 4.71110723205463E-03 4.73686099984543E-03
0 0 0 0 0 0 0 0 0 0 0 0 0 0 0 0 0 0 0 0 0 0 0 0 0 0 0 0 0 0 0 0 0 0 4.34998169000375E-03 4.35010940800203E-03 4.35175372170498E-03 4.35457258520893E-03 4.35837210948571E-03 4.36302392314176E-03 4.36846250471825E-03 4.37464992430735E-03 4.38159268458334E-03 4.38932782965731E-03 4.39788497154483E-03 4.40731606079928E-03 4.41766022027856E-03 4.4289870970188E-03 4.44134254948958E-03 4.45479475829841E-03 4.4693713803844E-03 4.48509156189847E-03 4.5019470520675E-03 4.51992961743924E-03 4.53900713021655E-03 4.55914244824803E-03 4.58028399868087E-03 4.6023769479941E-03 4.62536476587561E-03 4.64919005010364E-03 4.67378645797916E-03 4.69905589586127E-03 4.72493177246172E-03 4.75136370436737E-03
0 0 0 0 0 0 0 0 0 0 0 0 0 0 0 0 0 0 0 0 0 0 0 0 0 0 0 0 0 0 0 0 0 4.33247793389511E-03 4.3415472101945E-03 4.34267166580663E-03 4.34503339882653E-03 4.34845099569794E-03 4.35281541879142E-03 4.35802422724137E-03 4.36402699558326E-03 4.37079651848657E-03 4.37834463985695E-03 4.38673286170976E-03 4.39598380578478E-03 4.40615875925754E-03 4.41728821991632E-03 4.42945643506034E-03 4.44269518361996E-03 4.4570877917374E-03 4.47264748302214E-03 4.48938245762547E-03 4.50727254267738E-03 4.52629865778448E-03 4.54641722899728E-03 4.56757573472288E-03 4.58971356681818E-03 4.61276313817699E-03 4.63666197736642E-03 4.66134331030054E-03 4.68674579494372E-03 4.71275456246086E-03 4.73931513398904E-03 4.76638772969287E-03
0 0 0 0 0 0 0 0 0 0 0 0 0 0 0 0 0 0 0 0 0 0 0 0 0 0 0 0 0 0 0 0 0 4.33247793389511E-03 4.33294207339785E-03 4.33458096999302E-03 4.33765385728615E-03 4.34178972514362E-03 4.34682517049501E-03 4.35268425571882E-03 4.35934065383582E-03 4.36678299200383E-03 4.37502842598985E-03 4.38415396158603E-03 4.39418647459373E-03 4.40519176848406E-03 4.4171984061333E-03 4.4302958882207E-03 4.44451122304156E-03 4.45992355045613E-03 4.47653435058425E-03 4.4943398753343E-03 4.51330921154555E-03 4.53340924558413E-03 4.55458421413422E-03 4.57676797808111E-03 4.59989115266759E-03 4.62387767724461E-03 4.64865879150542E-03 4.67415949723917E-03 4.70031196431854E-03 4.72701041475472E-03 4.75421577036557E-03 4.78189653472665E-03
0 0 0 0 0 0 0 0 0 0 0 0 0 0 0 0 0 0 0 0 0 0 0 0 0 0 0 0 0 0 0 0 0 4.3234477803465E-03 4.32366276456567E-03 4.32597689668778E-03 4.32981172738655E-03 4.3346947375479E-03 4.34045831961519E-03 4.34703428462188E-03 4.35441827863338E-03 4.36261306178579E-03 4.37165127488643E-03 4.38160756867327E-03 4.39251780737301E-03 4.40444853696972E-03 4.41743189467509E-03 4.4315527365205E-03 4.4468426852096E-03 4.46335062071577E-03 4.48107680355469E-03 4.50000165001694E-03 4.52008734024196E-03 4.5412793234796E-03 4.56351437627584E-03 4.58671177955248E-03 4.61079632241677E-03 4.63568635762071E-03 4.66130790861164E-03 4.68757975086106E-03 4.71442604499156E-03 4.74178154135051E-03 4.76960227680521E-03 4.79786747375519E-03
0 0 0 0 0 0 0 0 0 0 0 0 0 0 0 0 0 0 0 0 0 0 0 0 0 0 0 0 0 0 0 0 4.29183956476734E-03 4.31102233129298E-03 4.31324160826647E-03 4.31681043466674E-03 4.32156400644698E-03 4.32725257864195E-03 4.33378768123465E-03 4.34113685158685E-03 4.34931635318942E-03 4.35834492852319E-03 4.36826285002057E-03 4.37914494109007E-03 4.39103015538413E-03 4.40398571266678E-03 4.41804317142254E-03 4.43328244606532E-03 4.44972875036978E-03 4.46740712881559E-03 4.4863070728763E-03 4.50639532507745E-03 4.52762250095907E-03 4.54991662888007E-03 4.57320448834898E-03 4.59739492902255E-03 4.62240833519685E-03 4.6481601594398E-03 4.67457458909514E-03 4.70156890710812E-03 4.72907512058157E-03 4.7570539782293E-03 4.7854629212202E-03 4.81428605454654E-03
0 0 0 0 0 0 0 0 0 0 0 0 0 0 0 0 0 0 0 0 0 0 0 0 0 0 0 0 0 0 0 4.28470658993155E-03 4.29183956476734E-03 4.29829394305059E-03 4.30272714698647E-03 4.30749792481758E-03 4.31312948475396E-03 4.31960565573229E-03 4.3269259182572E-03 4.33508734623921E-03 4.34412042289494E-03 4.35405372485104E-03 4.36493311216717E-03 4.37683222167859E-03 4.38978932307733E-03 4.40386728469506E-03 4.41909351969491E-03 4.43553778508989E-03 4.45321429762867E-03 4.47212785036266E-03 4.4922523140173E-03 4.51353791126727E-03 4.53592255509437E-03 4.55931940980017E-03 4.58364555677685E-03 4.60880264262028E-03 4.6347083698721E-03 4.66127944210235E-03 4.68844360398338E-03 4.71612379589436E-03 4.74426116207516E-03 4.77283055174104E-03 4.80179698679895E-03 4.83114707118175E-03
0 0 0 0 0 0 0 0 0 0 0 0 0 0 0 0 0 0 0 0 0 0 0 0 0 0 0 0 0 0 0 4.28470658993155E-03 4.28516990234836E-03 4.28850115818412E-03 4.2929060581026E-03 4.29826588231592E-03 4.30461027078063E-03 4.3118439013778E-03 4.31996385237945E-03 4.32897966580941E-03 4.33892548177302E-03 4.34983482523751E-03 4.36175298565375E-03 4.37475559037664E-03 4.38887533104554E-03 4.40416652383311E-03 4.42064706414654E-03 4.43837480194212E-03 4.45734811515124E-03 4.47755189081241E-03 4.4989411373242E-03 4.5214481756083E-03 4.54499698612683E-03 4.56948813720193E-03 4.59483181766621E-03 4.62092315124852E-03 4.64768109544763E-03 4.67502815190861E-03 4.70290028846209E-03 4.73122877130934E-03 4.75996586639847E-03 4.78909519509915E-03 4.81858740259074E-03 4.8484304310086E-03
0 0 0 0 0 0 0 0 0 0 0 0 0 0 0 0 0 0 0 0 0 0 0 0 0 0 0 0 0 0 0 4.27557837183022E-03 4.2757863239178E-03 4.27860374087191E-03 4.28316461161886E-03 4.28904223139704E-03 4.29605849920004E-03 4.30404685965454E-03 4.31299351247519E-03 4.32291042254544E-03 4.33382898053781E-03 4.34578381488524E-03 4.35881590326572E-03 4.37300485097157E-03 4.38837311338691E-03 4.40496092889119E-03 4.42277356241001E-03 4.44185330433821E-03 4.46218108548697E-03 4.48371792766761E-03 4.5064004759157E-03 4.53014082574967E-03 4.55485088018589E-03 4.58041872330099E-03 4.60675259356694E-03 4.63374054252221E-03 4.66130853565235E-03 4.68938890366665E-03 4.7179294070365E-03 4.74687126139412E-03 4.77617576684835E-03 4.80583275298281E-03 4.83581694420852E-03 4.86611469302843E-03
0 0 0 0 0 0 0 0 0 0 0 0 0 0 0 0 0 0 0 0 0 0 0 0 0 0 0 0 0 0 4.24987830040716E-03 4.26305954430184E-03 4.26463021273712E-03 4.26806360262743E-03 4.27317746562564E-03 4.27969532877589E-03 4.28744736395715E-03 4.29625560798265E-03 4.30608966432286E-03 4.31696898773233E-03 4.32892659222153E-03 4.34200102904533E-03 4.35622634454128E-03 4.37167878005667E-03 4.38837134493207E-03 4.40632949699631E-03 4.42554282884544E-03 4.44603374769354E-03 4.46776164930754E-03 4.49066336035238E-03 4.51465494499638E-03 4.53963021200866E-03 4.56548842863058E-03 4.59210817514797E-03 4.61939453678645E-03 4.64723755036539E-03 4.67557342027946E-03 4.7043451673372E-03 4.73351260089429E-03 4.7630293043023E-03 4.79286793912923E-03 4.82301915370171E-03 4.85345741536289E-03 4.88416776562193E-03
0 0 0 0 0 0 0 0 0 0 0 0 0 0 0 0 0 0 0 0 0 0 0 0 0 0 0 0 0 0 4.24987830040716E-03 4.25060779122155E-03 4.25289650761719E-03 4.25710999095947E-03 4.26298231401634E-03 4.27027867168016E-03 4.27884735752342E-03 4.28854172886434E-03 4.29933344479634E-03 4.31124624733639E-03 4.32431220282451E-03 4.33857973841048E-03 4.35407888873704E-03 4.37087032627827E-03 4.38895844791044E-03 4.40835214907532E-03 4.42902564387361E-03 4.45097259103416E-03 4.47413317523077E-03 4.49841620995501E-03 4.52371856325924E-03 4.54991639769346E-03 4.5768986210243E-03 4.6045366964489E-03 4.63273422193155E-03 4.66139298685587E-03 4.69045636820678E-03 4.71987905455965E-03 4.74963408104552E-03 4.77969032282702E-03 4.81002897514295E-03 4.84063572634428E-03 4.87148590884625E-03 4.90256209915635E-03
0 0 0 0 0 0 0 0 0 0 0 0 0 0 0 0 0 0 0 0 0 0 0 0 0 0 0 0 0 4.22026889169873E-03 4.23555449998692E-03 4.23721778787473E-03 4.24064774362354E-03 4.24582352340954E-03 4.25260577934749E-03 0.004260805360539 4.27029950293789E-03 4.28097399872147E-03 4.29280883435285E-03 4.30583613594319E-03 4.32008953684118E-03 4.33562638670164E-03 4.35247219910763E-03 4.37067327737893E-03 4.39022065755408E-03 4.4111061936049E-03 4.43328432344555E-03 4.45672149809044E-03 4.48133313809777E-03 4.50700170313434E-03 4.53360390200164E-03 4.56100157660349E-03 4.58907509144382E-03 4.61769286114026E-03 4.64676171376898E-03 4.6761949890607E-03 4.70594555865687E-03 4.73597939876878E-03 4.76628281553951E-03 4.79683973032832E-03 4.82763857568973E-03 4.85865914763252E-03 4.88987409668901E-03 4.92126381039717E-03
0 0 0 0 0 0 0 0 0 0 0 0 0 0 0 0 0 0 0 0 0 0 0 0 0 0 0 0 0 4.22026889169873E-03 4.2210911853332E-03 4.22361568067371E-03 4.22811205393771E-03 4.23433543809868E-03 4.24213540932309E-03 4.25134771480792E-03 4.26187499578173E-03 4.27362699283314E-03 4.28659772972291E-03 4.30082805801651E-03 4.31635298553754E-03 4.33323745026029E-03 4.35150149014579E-03 4.37117779761228E-03 4.39224213535759E-03 4.41466522987048E-03 4.43838027715246E-03 4.46332544257899E-03 4.48939251085384E-03 4.51643594354978E-03 4.54431400577666E-03 4.5728782764323E-03 4.60200432815482E-03 4.63156217745719E-03 4.66146249925226E-03 4.69163128524647E-03 4.72203006398333E-03 4.75263656825762E-03 4.78344854341438E-03 4.81446597604897E-03 4.84568282639652E-03 4.87707027057195E-03 4.90859652527645E-03 4.94024017126055E-03
0 0 0 0 0 0 0 0 0 0 0 0 0 0 0 0 0 0 0 0 0 0 0 0 0 0 0 0 4.18734135300293E-03 4.20428299540983E-03 4.2060289106907E-03 4.20972429947006E-03 4.21535874465494E-03 4.22271336939429E-03 4.23163499468945E-03 4.24197120924353E-03 4.25364550830811E-03 4.26658576936723E-03 4.28079327560914E-03 4.29632061752075E-03 4.31320266353513E-03 4.33151223931303E-03 4.35126163829032E-03 4.37247265328896E-03 4.39510278816996E-03 4.41909840145695E-03 4.44436912346188E-03 4.47082717603069E-03 4.4983408649228E-03 4.52673490423027E-03 4.55585338387238E-03 4.58554369056066E-03 4.61568019815114E-03 4.64613664395661E-03 4.67682895193569E-03 4.70769583753319E-03 4.73870668714501E-03 4.76984844418176E-03 4.8011281982055E-03 4.83256239386122E-03 4.86415037590153E-03 4.89584954725322E-03 4.92762399746947E-03 4.95945355443248E-03
0 0 0 0 0 0 0 0 0 0 0 0 0 0 0 0 0 0 0 0 0 0 0 0 0 0 0 0 4.18734135300293E-03 4.1881824472537E-03 4.1907614153776E-03 4.19563592986179E-03 4.20250227429702E-03 4.21108266196238E-03 4.22122530693452E-03 4.23278729896278E-03 4.24571313063789E-03 4.25994358835311E-03 4.27548644878515E-03 4.29240690175631E-03 4.3107310027861E-03 4.33054471703077E-03 4.35184446714213E-03 4.37464402363492E-03 4.39888091605554E-03 4.42447192979951E-03 4.45130486661355E-03 4.4792626970422E-03 4.50819938837202E-03 4.5379040161114E-03 4.56821714750905E-03 4.59898800115994E-03 4.63009101852217E-03 4.66140701688726E-03 4.69285310403678E-03 4.72438531049264E-03 4.75597436450067E-03 4.78761634724949E-03 4.8193212833064E-03 4.85112385591603E-03 4.88303009286792E-03 4.91497434233813E-03 4.94692365442571E-03 4.97886291182907E-03
0 0 0 0 0 0 0 0 0 0 0 0 0 0 0 0 0 0 0 0 0 0 0 0 0 0 0 0 4.17072279262142E-03 4.17111143354538E-03 4.17501603689408E-03 4.18135892722678E-03 4.18963097862605E-03 4.19955597518662E-03 0.004211018843408 4.22390506776395E-03 4.23818073533452E-03 4.25380330984099E-03 4.27078066633093E-03 4.28918537651175E-03 4.3090380986315E-03 4.3304285893328E-03 4.35334157014267E-03 4.37777429251227E-03 4.40364416092922E-03 4.4308414945165E-03 4.4592318298128E-03 4.48866716551626E-03 4.51897933991733E-03 4.5499446577003E-03 4.58140410390704E-03 4.61320986536744E-03 4.64523635463761E-03 4.67737240711019E-03 4.70953865374774E-03 4.74170372712455E-03 4.77383779863862E-03 4.80594266325213E-03 4.83803093729973E-03 4.87015015363016E-03 4.90230262422935E-03 4.93441099509948E-03 4.96645147258674E-03 4.99841737986953E-03
0 0 0 0 0 0 0 0 0 0 0 0 0 0 0 0 0 0 0 0 0 0 0 0 0 0 0 4.11338164007447E-03 4.14836285033226E-03 4.1526255102401E-03 4.15903031890389E-03 4.16719676609576E-03 4.17700870458002E-03 4.18835471650428E-03 4.20120176379329E-03 4.21547953078447E-03 4.23117783248764E-03 4.24827189740116E-03 4.26677202151034E-03 4.28674768329975E-03 4.30821220663237E-03 4.33124906623525E-03 4.35583289974537E-03 4.3819314645639E-03 4.4094485771601E-03 4.43824669453171E-03 4.46817495999443E-03 4.49904691460362E-03 4.5306787324183E-03 4.56285840588379E-03 4.59541741114584E-03 4.62821647068985E-03 4.66112523864487E-03 4.69404866430867E-03 4.72690037856286E-03 4.75966544633299E-03 4.79230575767552E-03 4.82483084654267E-03 4.85724649486596E-03 4.88960899965927E-03 4.92192457745305E-03 4.95411006473836E-03 4.98615243698436E-03 5.01805852666141E-03
0 0 0 0 0 0 0 0 0 0 0 0 0 0 0 0 0 0 0 0 0 0 0 0 0 0 4.09137944271797E-03 4.11338164007447E-03 4.12600672882231E-03 4.13476934113961E-03 4.14362175528691E-03 4.15355682374153E-03 4.16488930921563E-03 4.17766905781425E-03 4.19193475102353E-03 4.20765518135359E-03 4.2248385471168E-03 4.24347582725128E-03 4.26357487406766E-03 4.28519829361445E-03 4.30834699548071E-03 4.33309015805286E-03 4.35938456999884E-03 4.38717220232452E-03 4.41633720058661E-03 4.44672015607572E-03 4.47815026553398E-03 4.51041400022242E-03 4.54331905858681E-03 4.5766629142602E-03 4.61027765719102E-03 4.64402665953519E-03 4.67778019523739E-03 4.71145087707141E-03 4.74495411116015E-03 4.77827775663363E-03 4.81137878500688E-03 4.8442677517925E-03 4.87694839689823E-03 4.90947814232244E-03 4.9418580662784E-03 4.9740165364362E-03 5.00596204529888E-03 5.03771866767079E-03
0 0 0 0 0 0 0 0 0 0 0 0 0 0 0 0 0 0 0 0 0 0 0 0 0 4.08109542879392E-03 4.09137944271797E-03 4.10030878084277E-03 4.10988504434865E-03 4.11933244837838E-03 4.12949596683943E-03 4.14081427558342E-03 4.15352813008715E-03 4.16770239202048E-03 4.18339174397035E-03 4.20058359017089E-03 4.21929673239747E-03 4.23953176480134E-03 4.26129434649202E-03 4.28463018183777E-03 4.30952484379449E-03 4.33602002690264E-03 4.36405223224943E-03 4.39353717268989E-03 4.42433961518557E-03 4.45628089986224E-03 4.48917369363819E-03 4.52278776835436E-03 4.55692431468738E-03 4.59139151701837E-03 4.62602295697736E-03 4.66068424423255E-03 4.69524525107156E-03 4.72962315133026E-03 4.76373470144887E-03 4.79756080541636E-03 4.83105958414098E-03 4.86423621537379E-03 4.89709536010463E-03 4.92968571973651E-03 4.96202039871933E-03 4.99404965749862E-03 5.02580160610628E-03 5.05732394419879E-03
0 0 0 0 0 0 0 0 0 0 0 0 0 0 0 0 0 0 0 0 0 0 0 0 0 4.08109542879392E-03 4.08189751880797E-03 4.08747781302734E-03 4.09567614905976E-03 4.10537563190905E-03 4.11647253294646E-03 4.12898564069797E-03 4.14300622756874E-03 4.15856144355032E-03 4.17569262736578E-03 4.19439030208529E-03 4.21467432587971E-03 4.23655664375914E-03 4.2600349546981E-03 4.28513417777669E-03 4.31181887859124E-03 4.34009792005868E-03 4.36988266990193E-03 4.40106254156196E-03 4.43348309624769E-03 4.46695155980235E-03 4.5012676835718E-03 4.53619040138386E-03 4.57151727415308E-03 4.60706848760575E-03 4.64267942386351E-03 4.67821274712057E-03 4.7135364991679E-03 4.74856954284126E-03 4.78323016006172E-03 4.81748850804795E-03 4.85130296240134E-03 4.88467474068574E-03 4.91761234090116E-03 4.95015887782702E-03 4.98233675046327E-03 5.01412816963178E-03 5.0455913606361E-03 5.07679840766332E-03
0 0 0 0 0 0 0 0 0 0 0 0 0 0 0 0 0 0 0 0 0 0 0 0 4.04726655136191E-03 4.06519678683554E-03 4.06773795032792E-03 4.07349976967543E-03 4.08186360826944E-03 4.09221159697126E-03 4.10430879023048E-03 4.11802384901489E-03 4.13336384724126E-03 0.004150329547979 4.16893956037306E-03 4.18918569761265E-03 4.21108038458183E-03 4.23465293820162E-03 4.25989160254514E-03 4.28679059353231E-03 4.31529734645363E-03 4.34537427983511E-03 4.37691393018906E-03 4.40977332261517E-03 4.44378489310304E-03 4.47874536737191E-03 0.00451444590726 4.55064126692158E-03 4.58711980326065E-03 4.62372269293284E-03 4.66027635884663E-03 4.69663788279265E-03 4.73267038474771E-03 4.76829254749605E-03 4.80342624487354E-03 4.83802181014877E-03 4.87204965540603E-03 4.90550118047774E-03 4.93840136333976E-03 4.97078184981379E-03 5.00269173497575E-03 5.03414948037599E-03 5.06524130332571E-03 5.0960650736395E-03
