NongDo/Fusa 10.3h.grd
DSAA
463	323
2	464
2	324
0	10
[rows 140 to 167 of 323, columns 189 to 251 of 463]
5.5194923604786E-27 5.2402920307467E-27 4.88545274664047E-27 4.46960271943653E-27 4.01022670459889E-27 3.52623713910305E-27 3.03667256410796E-27 2.55940416648445E-27 2.10999018111677E-27 1.70048107870077E-27 1.33908762689239E-27 1.02995620129544E-27 7.73533153914476E-28 5.67145656469625E-28 4.05900698580044E-28 2.83550673288753E-28 1.93339097263835E-28 1.28674563394318E-28 8.35898366862583E-29 5.30007493327714E-29 3.27935753776729E-29 1.9794633751838E-29 1.16509250768929E-29 6.68314110649102E-30 3.73335391109141E-30 2.0293100117013E-30 1.07223647102113E-30 5.5012675021732E-31 2.73800701997229E-31 1.32091334624536E-31 6.1775574564092E-32 2.80073169194492E-32 1.23071283470429E-32 5.24205688814001E-33 2.16497398996826E-33 8.67847083116389E-34 3.38047076895374E-34 1.28197747293173E-34 4.7400916745349E-35 1.71268258778552E-35 6.06208447402634E-36 2.10763807271512E-36 7.2016510300981E-37 2.42052179240432E-37 8.0075286315007E-38 2.60903094773621E-38 8.36724141687869E-39 2.6415802429868E-39 8.29984517211294E-40 2.76440725493148E-40 8.17679284176501E-41 0 0 0 0 0 0 0 0 0 0 0 0
1.29393126949522E-26 1.21434690175715E-26 1.11873766184139E-26 1.01111715480326E-26 8.95973188082419E-27 7.77906736148593E-27 6.61308889882978E-27 5.50089667869922E-27 4.47459270216396E-27 3.55725464909609E-27 2.7625620704718E-27 2.09492961450065E-27 1.55080199620931E-27 1.12039064316508E-27 7.89861145660864E-28 5.43332956404382E-28 3.64666378831417E-28 2.38800099164972E-28 1.52572735418134E-28 9.51026918610767E-29 5.78195420754424E-29 3.42745949709841E-29 1.97995113129827E-29 1.11389239631964E-29 6.09829053564074E-30 3.24606336502214E-30 1.67810156157093E-30 8.41571007794262E-31 4.08986398371196E-31 1.92463428580346E-31 8.77448714810996E-32 3.87670800425863E-32 1.65937793128017E-32 6.882922606857E-33 2.76840923393786E-33 1.08133350224336E-33 4.10803000435212E-34 1.52159328974916E-34 5.50418253366056E-35 1.94996375141612E-35 6.78559688857575E-36 2.32658698359968E-36 7.85629779314724E-37 2.61287301848133E-37 8.56705900028032E-38 2.76871742102742E-38 8.80105239916059E-39 2.77105334701084E-39 9.24760484782167E-40 2.76440725493148E-40 0 0 0 0 0 0 0 0 0 0 0 0 0
2.98059810089228E-26 2.76428563831812E-26 2.51584881348463E-26 2.245734460309E-26 1.96493908367226E-26 1.68420642665213E-26 1.41321973034286E-26 1.16008201549365E-26 9.31025584901326E-27 7.30115289723213E-27 5.59196599385188E-27 4.18118878396045E-27 3.05106234913859E-27 2.17220439840957E-27 1.5085898538826E-27 1.02192606113153E-27 6.75164591182569E-28 4.35030556776403E-28 2.73356979752822E-28 1.67494086499822E-28 1.00046964593164E-28 5.82327794339506E-29 3.30084222555438E-29 1.82081768327933E-29 9.7666477435325E-30 5.08922154652552E-30 2.57327773453001E-30 1.26102737313789E-30 5.98230552452856E-31 2.74533387055048E-31 1.21980699205484E-31 5.25111757854705E-32 2.18925552889972E-32 8.84361583476386E-33 3.4650354016258E-33 1.31947616064226E-33 4.89281674565961E-34 1.77199887138417E-34 6.28016989963241E-35 2.18529888964777E-35 7.49138549801114E-36 2.53865316864599E-36 8.48897312435519E-37 2.79744583446053E-37 9.09665999364815E-38 2.91777902830344E-38 9.26985140399037E-39 3.08939480869416E-39 9.24760484782167E-40 0 0 0 0 0 0 0 0 0 0 0 0 0 0
6.74995225101155E-26 6.1848335880356E-26 5.55977879656908E-26 4.9006430785485E-26 4.23317511919991E-26 3.58138308187167E-26 2.96576963704222E-26 2.40231433936343E-26 1.90213869481646E-26 1.47143451157151E-26 1.11146404359552E-26 8.19436104996103E-27 5.89436773448724E-27 4.13554542724348E-27 2.82942193340805E-27 1.8874500881121E-27 1.22747392185494E-27 7.7815781176226E-28 4.80843906846436E-28 2.89577155306694E-28 1.69907125510726E-28 9.7082815840826E-29 5.39832070200107E-29 2.91891251489523E-29 1.5334565296366E-29 7.8196377707462E-30 3.86592387419621E-30 1.85070114041281E-30 8.56894797567059E-31 3.83469285242485E-31 1.66051154661281E-31 6.96523960140524E-32 2.82875239588085E-32 1.11320447482128E-32 4.25163170489813E-33 1.57994842784438E-33 5.72548039571154E-34 2.03002567115376E-34 7.06131989241603E-35 2.41822531067312E-35 8.18257951523755E-36 2.74393294666336E-36 9.09753664836275E-37 2.97257127975224E-37 9.58702810922278E-38 3.07547863155718E-38 1.03583593699946E-38 3.08939480869416E-39 0 0 0 0 0 0 0 0 0 0 0 0 0 0 0
1.5037404788128E-25 1.36104827736051E-25 1.20828009168012E-25 1.05154826162995E-25 8.96632208801717E-26 7.48649515110542E-26 6.11748735125924E-26 4.88917248603297E-26 3.81915044404355E-26 2.91415529941343E-26 2.1708387927212E-26 1.57799056560785E-26 1.11883307971531E-26 7.73522670780305E-27 5.21316376694697E-27 3.42426666750746E-27 2.1917890591213E-27 1.36690057531853E-27 8.30479894569036E-28 4.91469463649409E-28 2.83194970398947E-28 1.58806636535259E-28 8.66001936023715E-29 4.58848238637996E-29 2.36019688576355E-29 1.17742085280323E-29 5.68988772129817E-30 2.66035899339159E-30 1.20211758482507E-30 5.24655863814742E-31 2.21444435783038E-31 9.05251026530849E-32 3.58279232715706E-32 1.37459952770593E-32 5.12318755700437E-33 1.86054954055214E-33 6.60037460099973E-34 2.29532194633501E-34 7.85250566424402E-35 2.6523505292602E-35 8.87609182099597E-36 2.94849751825343E-36 9.69729310696947E-37 3.14334826274183E-37 1.01357153899875E-37 3.44355344413732E-38 1.03583593699946E-38 0 0 0 0 0 0 0 0 0 0 0 0 0 0 0 0
3.29771174503415E-25 2.94806065144093E-25 2.58433161925588E-25 2.22040549645661E-25 1.86876107766194E-25 1.53983779304661E-25 1.24151553272301E-25 9.78888370735801E-26 7.54261760645653E-26 5.67607855594082E-26 4.16925872563009E-26 2.98764099788748E-26 2.08766630012921E-26 1.42200364493602E-26 9.4386568581563E-27 6.10350426833478E-27 3.84427746885604E-27 2.35795556315523E-27 1.40825941752845E-27 8.18761627854816E-28 4.632122036032E-28 2.54857127692944E-28 1.36256184130534E-28 7.0725518713781E-29 3.56095870362222E-29 1.73744618027211E-29 8.20550525890755E-30 3.7467196799944E-30 1.65236611871292E-30 7.03547874857138E-31 2.89537171031181E-31 1.15374827321542E-31 4.45283446285798E-32 1.66735341646558E-32 6.07264068950821E-33 2.15866259663965E-33 7.51159277551788E-34 2.56813219274613E-34 8.66075284742458E-35 2.89202072301402E-35 9.59106692766125E-36 3.16155703831269E-36 1.03290569707773E-36 3.35422040513944E-37 1.14480209727563E-37 3.44355344413732E-38 0 0 0 0 0 0 0 0 0 0 0 0 0 0 0 0 0
7.12106598420505E-25 6.28700928673092E-25 5.441600502005E-25 4.61517259448177E-25 3.83356647824257E-25 3.11704979937575E-25 2.47951173663238E-25 1.9284719978075E-25 1.46551302032984E-25 1.08747190486958E-25 7.87482847607904E-26 5.56188252219101E-26 3.8295285274475E-26 2.56939255345791E-26 1.67930353481144E-26 1.06882757734465E-26 6.62291467028486E-27 3.99437037509125E-27 2.34446970050653E-27 1.33882471682344E-27 7.43484935444687E-28 4.01244772660292E-28 2.10261384512146E-28 1.06890073447444E-28 5.26685191075099E-29 2.5130193600151E-29 1.15978180138844E-29 5.17174828089353E-30 2.22646072983546E-30 9.25242638284404E-31 3.71528329249529E-31 1.44429750955887E-31 5.44134763204389E-32 1.99124355225618E-32 7.09913018846836E-33 2.47499937345761E-33 8.46598468392883E-34 2.85187396373896E-34 9.50177854283811E-35 3.14404534222704E-35 1.03564520223623E-35 3.39791812545766E-36 1.11374938933879E-36 3.83167766324198E-37 1.14480209727563E-37 0 0 0 0 0 0 0 0 0 0 0 0 0 0 0 0 0 0
1.51435383772106E-24 1.32022455564686E-24 1.12810268025474E-24 9.44353438344053E-25 7.74082693913314E-25 6.20989874344272E-25 4.8728693323069E-25 3.73791542891722E-25 2.80102535019105E-25 2.0491129412455E-25 1.46256014794461E-25 1.0179177407719E-25 6.90452745592456E-26 4.56223342304007E-26 2.93548914762858E-26 1.83859271390128E-26 1.1205911962789E-26 6.64405046402253E-27 3.83165411444288E-27 2.14871865823284E-27 1.17101394054979E-27 6.19766790788272E-28 3.18256367056978E-28 1.58423702424233E-28 7.63824350716037E-29 3.56387099827811E-29 1.60734183615604E-29 7.00101653722989E-30 2.94312215245807E-30 1.19431616380338E-30 4.68327333266134E-31 1.77843096795611E-31 6.55032438004542E-32 2.34677791115274E-32 8.20768837366781E-33 2.81368573841123E-33 9.48403332913465E-34 3.15417700810194E-34 1.04063977020342E-34 3.42393131925832E-35 1.12502866355138E-35 3.71939724348737E-36 1.2895163834154E-36 3.83167766324198E-37 0 0 0 0 0 0 0 0 0 0 0 0 0 0 0 0 0 0 0
3.1715815868401E-24 2.72997269933861E-24 2.30260884797057E-24 1.90227012868036E-24 1.53851068767532E-24 1.21754478551548E-24 9.42295751890244E-25 7.1277192246794E-25 5.26584092332754E-25 3.79707539546427E-25 2.67072285434145E-25 1.83126169584152E-25 1.22341854259151E-25 7.9595250518474E-26 5.04093705292898E-26 3.10646056067808E-26 1.86197754315312E-26 1.08510414941275E-26 6.14756739994763E-27 3.38482483166121E-27 1.81002373055923E-27 9.39333102087934E-28 4.72627995790499E-28 2.30353447694557E-28 1.08671463440934E-28 4.95858310370619E-29 2.18592327356744E-29 9.30326560614086E-30 3.82116943478795E-30 1.51542432790679E-30 5.80978251711192E-31 2.15843757989352E-31 7.78672727142518E-32 2.73712568466927E-32 9.41428423124628E-33 3.1821365403742E-33 1.05971355271757E-33 3.48703237121266E-34 1.14300402544139E-34 3.7825333976952E-35 1.25607505137274E-35 4.39452873263287E-36 1.2895163834154E-36 0 0 0 0 0 0 0 0 0 0 0 0 0 0 0 0 0 0 0 0
6.54168712592014E-24 5.55868203172128E-24 4.62735871624382E-24 3.77214021745648E-24 3.00971358240053E-24 2.34923372813348E-24 1.79288525516001E-24 1.33704847571586E-24 9.73645919054853E-25 6.91861255820369E-25 4.79437025627607E-25 3.23799909001181E-25 2.13014203072752E-25 1.36426410039851E-25 8.50277967061192E-26 5.15455307439385E-26 3.0379624690617E-26 1.73995820939327E-26 9.68282291293869E-27 5.23396498219469E-27 2.74605075112802E-27 1.3973057927043E-27 6.88885101712842E-28 3.28774207609353E-28 1.51788133072434E-28 6.77482248956179E-29 2.92035109352538E-29 1.2151613487449E-29 4.88056689240782E-30 1.89376866063772E-30 7.10834367199417E-31 2.58818891069243E-31 9.16507753508794E-32 3.16875271158086E-32 1.07469627898864E-32 3.59126002959174E-33 1.18456763609851E-33 3.86560691745674E-34 1.26828459568795E-34 4.45487094730841E-35 1.54590555252609E-35 4.39452873263287E-36 0 0 0 0 0 0 0 0 0 0 0 0 0 0 0 0 0 0 0 0 0
1.32873557270466E-23 1.11444113588394E-23 9.15495707055821E-24 7.36292598432594E-24 5.7947057006939E-24 4.46046495078051E-24 3.35625188822114E-24 2.46714941164623E-24 1.77049422602831E-24 1.23951522713594E-24 8.46051077568914E-25 5.62683725375405E-25 3.64424749560043E-25 2.29713564974048E-25 1.40865689424389E-25 8.39923887887951E-26 4.86696487545158E-26 2.73926228988859E-26 1.49726196028225E-26 7.94521958541882E-27 4.08992297110959E-27 2.04065962690021E-27 9.85920994473299E-28 4.60871532684361E-28 2.08302802164481E-28 9.09865830118423E-29 3.83757875171954E-29 1.56256924815195E-29 6.14406273769116E-30 2.33602428800821E-30 8.60044845289222E-31 3.07537646070485E-31 1.07151144449543E-31 3.65344822112506E-32 1.22520433379152E-32 4.05872432193848E-33 1.32871553589178E-33 4.3050739629545E-34 1.44317066637216E-34 6.75096921692005E-35 1.54590555252609E-35 0 0 0 0 0 0 0 0 0 0 0 0 0 0 0 0 0 0 0 0 0 0
2.65756660090623E-23 2.1997621069581E-23 1.78299603846854E-23 1.41456330927217E-23 1.09795647600974E-23 8.33329960821875E-24 6.18113502089408E-24 4.47789710903338E-24 3.16613509342979E-24 2.18339547423334E-24 1.46761153517172E-24 9.60947750296482E-25 6.12571092993904E-25 3.79959469659221E-25 2.29210534691593E-25 1.34402730598131E-25 7.65600327406528E-26 4.23417163713954E-26 2.27313572418646E-26 1.18420538890204E-26 5.98146047286355E-27 2.92687366477935E-27 1.38614214643257E-27 6.34911106768958E-28 2.81090549504428E-28 1.20242198296969E-28 4.96699033295412E-29 1.98150613154815E-29 7.63947325626272E-30 2.85135084252377E-30 1.03189058238131E-30 3.63235851066842E-31 1.24836763921177E-31 4.20897938441727E-32 1.39995148660907E-32 4.61618457951994E-33 1.50188335001463E-33 4.81501930894557E-34 1.72133925814091E-34 1.49919403909328E-34 0 0 0 0 0 0 0 0 0 0 0 0 0 0 0 0 0 0 0 0 0 0 0
5.23336329753842E-23 4.27449524028941E-23 3.41803636269416E-23 2.6746761482301E-23 2.0472054206453E-23 1.53186847151251E-23 1.11992866623117E-23 7.99452559253335E-24 5.5683465982605E-24 3.7817373735721E-24 2.50274544251479E-24 1.61299619093685E-24 1.01183041399204E-24 6.17448834839637E-25 3.66354843870119E-25 2.11228236385716E-25 1.18268650752764E-25 6.42677549785128E-26 3.38882149008336E-26 1.73336755680794E-26 8.59237606007359E-27 4.1243853434322E-27 1.91540299261617E-27 8.60163833567801E-28 3.73321932498637E-28 1.56558798383797E-28 6.34204673697138E-29 2.48283089974795E-29 9.40454933434242E-30 3.4541473753092E-30 1.23189780974671E-30 4.27920621315878E-31 1.4541902294003E-31 4.86074268392282E-32 1.61050435265927E-32 5.35416510650092E-33 1.72625051042245E-33 5.31574227054558E-34 1.87982031990384E-34 1.49919403909328E-34 0 0 0 0 0 0 0 0 0 0 0 0 0 0 0 0 0 0 0 0 0 0 0
1.01456323262871E-22 8.17594667401055E-23 6.44906721056047E-23 4.97700533761539E-23 3.75613801680828E-23 2.77066188490354E-23 1.99627210840362E-23 1.40399405782944E-23 9.63204964781461E-24 6.4413801368881E-24 4.19640030590114E-24 2.66160203676642E-24 1.64267813106452E-24 9.85988620452582E-25 5.75309306177269E-25 3.26115759345895E-25 1.79461131175286E-25 9.58109323157346E-26 4.96215374351638E-26 2.4923471431791E-26 1.21272128674877E-26 5.71217722143756E-27 2.60269838383021E-27 1.14676853829082E-27 4.88410782921261E-28 2.010703447518E-28 8.0004873334324E-29 3.07966236677439E-29 1.14892882899521E-29 4.16527088580193E-30 1.46826719887432E-30 5.04458088910735E-31 1.6986008005728E-31 5.64163332923411E-32 1.87927885256915E-32 6.67308174804416E-33 2.045285971307E-33 5.31574227054558E-34 1.87982031990384E-34 0 0 0 0 0 0 0 0 0 0 0 0 0 0 0 0 0 0 0 0 0 0 0 0
1.93624367117396E-22 1.53929541461302E-22 1.19758037221109E-22 9.11410493193244E-23 6.78165430493395E-23 4.93089214212964E-23 3.50100295191443E-23 2.42571412491114E-23 1.63896468754984E-23 1.07913266319628E-23 6.91967967385365E-24 4.31850194004344E-24 2.62182675315092E-24 1.54764632343749E-24 8.87882644280644E-25 4.94757137012299E-25 2.67573611060248E-25 1.40348055657825E-25 7.13948090956681E-26 3.52163650659962E-26 1.68242109368971E-26 7.77967599621807E-27 3.48019904644709E-27 1.50593830368537E-27 6.30176574230763E-28 2.55075142461292E-28 9.98820232787378E-29 3.78928246862176E-29 1.39631470457552E-29 5.0136176701214E-30 1.75235928041686E-30 5.96661765518471E-31 1.99324677142357E-31 6.58964058059429E-32 2.25905546171545E-32 1.08575766511239E-32 2.045285971307E-33 0 0 0 0 0 0 0 0 0 0 0 0 0 0 0 0 0 0 0 0 0 0 0 0 0 0
3.63761481527932E-22 2.85257470619761E-22 2.18879692836988E-22 1.64255657067688E-22 1.2049328375857E-22 8.63529697866172E-23 6.04161122526311E-23 4.12357092693063E-23 2.74378984514739E-23 1.77856163760626E-23 1.12241504888472E-23 6.89172174999835E-24 4.11525753837384E-24 2.38859924184236E-24 1.34712694803135E-24 7.37823105840478E-25 3.92127563625555E-25 2.02089824350107E-25 1.00984819323116E-25 4.89252167481463E-26 2.2955583172687E-26 1.04262574929084E-26 4.58304008731789E-27 1.94994136653902E-27 8.0289872621716E-28 3.20082690505574E-28 1.2361774422198E-28 4.63400109784116E-29 1.69173388562734E-29 6.03570256315008E-30 2.09785662125437E-30 7.08669999892299E-31 2.34986664102113E-31 7.74665666799699E-32 2.84884645107068E-32 2.49130940326465E-32 0 0 0 0 0 0 0 0 0 0 0 0 0 0 0 0 0 0 0 0 0 0 0 0 0 0 0
6.72728210098158E-22 5.20335166446692E-22 3.93739250402256E-22 2.91343815229716E-22 2.1069289327864E-22 1.48825171305416E-22 1.02602175087038E-22 6.8983813084581E-23 4.5202416527142E-23 2.8845808349454E-23 1.79153891223415E-23 1.08218412390415E-23 6.35511535773058E-24 3.62650082841909E-24 2.01029263022978E-24 1.08202655673059E-24 5.65062158338111E-25 2.86143698136344E-25 1.40475304635021E-25 6.68581467875674E-26 3.08207302727972E-26 1.37588078373611E-26 5.94839185133334E-27 2.4916390035778E-27 1.01116909246211E-27 3.97819216942239E-28 1.51888152890775E-28 5.64100175745586E-29 2.04601845010121E-29 7.27362251986396E-30 2.5205418053083E-30 8.45735337084763E-31 2.78689124275914E-31 9.19322499797588E-32 3.29123552523887E-32 2.49130940326465E-32 0 0 0 0 0 0 0 0 0 0 0 0 0 0 0 0 0 0 0 0 0 0 0 0 0 0 0
1.22468715833605E-21 9.34255464106282E-22 6.97154188291458E-22 5.08624052830123E-22 3.62606522010893E-22 2.5244506645482E-22 1.7149464742291E-22 1.13586611356317E-22 7.32991355340747E-23 4.60511944638596E-23 2.81483169477034E-23 1.67274163433022E-23 9.66021352126041E-24 5.41918602441311E-24 2.95226847798118E-24 1.56134909778446E-24 8.01117259268148E-25 3.98617437023392E-25 1.92272418743942E-25 8.9911516271687E-26 4.07400414923458E-26 1.78883312729904E-26 7.61405483500311E-27 3.14379043803686E-27 1.25947321323236E-27 4.89965425623216E-28 1.85339769810182E-28 6.83561036960786E-29 2.46843879477341E-29 8.75807356576155E-30 3.03219150859414E-30 1.01541157989273E-30 3.3652098965828E-31 1.17270307323258E-31 3.29123552523887E-32 0 0 0 0 0 0 0 0 0 0 0 0 0 0 0 0 0 0 0 0 0 0 0 0 0 0 0 0
2.19491779663931E-21 1.65139271123327E-21 1.21520942701563E-21 8.74170912361112E-22 6.1438764143492E-22 4.21593273382552E-22 2.82224801304731E-22 1.84152800411276E-22 1.17040681100566E-22 7.23981261992844E-23 4.3553409249199E-23 2.54622753263504E-23 1.44600704791868E-23 7.97370857222815E-24 4.26843410533036E-24 2.21769318336464E-24 1.11780675673968E-24 5.46494712324143E-25 2.5903723295248E-25 1.19055523071933E-25 5.30519003131177E-26 2.29297847110878E-26 9.61947318257328E-27 3.92054414312537E-27 1.55303285093091E-27 5.98463826436053E-28 2.24709351880505E-28 8.24532837371253E-29 2.9697878653496E-29 1.05463043618459E-29 3.65825071963033E-30 1.23666020206211E-30 4.33256392837887E-31 1.17270307323258E-31 0 0 0 0 0 0 0 0 0 0 0 0 0 0 0 0 0 0 0 0 0 0 0 0 0 0 0 0 0
3.87328989412285E-21 2.87423222509087E-21 2.08584321007202E-21 1.47954255409117E-21 1.02520113048009E-21 6.93453631969339E-22 4.57483671585476E-22 2.94102177771276E-22 1.84110401331352E-22 1.12136712898181E-22 6.63962980936269E-23 3.81866050784555E-23 2.13242477412561E-23 1.15573332730945E-23 6.07825927689955E-24 3.10184713652227E-24 1.53560415193522E-24 7.3758822167696E-25 3.43590927971408E-25 1.55268692869364E-25 6.80842354515322E-26 2.89914067865796E-26 1.20018266408708E-26 4.83609098813399E-27 1.89750906628748E-27 7.2553120315464E-28 2.70878786285879E-28 9.90424294564928E-29 3.56835496490912E-29 1.28609075220131E-29 4.5167787329603E-30 1.60112347671956E-30 4.33256392837887E-31 0 0 0 0 0 0 0 0 0 0 0 0 0 0 0 0 0 0 0 0 0 0 0 0 0 0 0 0 0 0
6.73126442926554E-21 4.92705396588507E-21 3.52652753732555E-21 2.46680402247432E-21 1.68535269769598E-21 1.12382229948044E-21 7.30734889019125E-22 4.62879013997588E-22 2.85434564215416E-22 1.71194090277893E-22 9.97723389980196E-23 5.64515349770266E-23 3.09959234285406E-23 1.65095177657381E-23 8.52896656006396E-24 4.27425541209056E-24 2.07795789084981E-24 9.80508661282518E-25 4.48931143286597E-25 1.99544423273977E-25 8.61574066978945E-26 3.61768112676779E-26 1.47961444009936E-26 5.90341888551577E-27 2.29831994639376E-27 8.73518056295929E-28 3.2484549069651E-28 1.18584301024593E-28 4.3058946962293E-29 1.66972526691291E-29 6.02034812979288E-30 1.60112347671956E-30 0 0 0 0 0 0 0 0 0 0 0 0 0 0 0 0 0 0 0 0 0 0 0 0 0 0 0 0 0 0 0
1.15228301064273E-20 8.32062538220915E-21 5.8745541390295E-21 4.05287519400307E-21 2.7305322638381E-21 1.79512634855269E-21 1.1505434350421E-21 7.18197441256522E-22 4.36299362796781E-22 2.57700196408324E-22 1.47838390662215E-22 8.22949238501058E-23 4.44290260346443E-23 2.3255052492531E-23 1.17997142344953E-23 5.80623480844793E-24 2.77162253043614E-24 1.28468649006297E-24 5.7817709154602E-25 2.52855668895622E-25 1.0756451663256E-25 4.45750779112298E-26 1.80309321856272E-26 7.13226327465285E-27 2.7593621966252E-27 1.04432466895978E-27 3.8768100720538E-28 1.41978937612274E-28 5.31035030974366E-29 2.74235230026448E-29 6.02034812979288E-30 0 0 0 0 0 0 0 0 0 0 0 0 0 0 0 0 0 0 0 0 0 0 0 0 0 0 0 0 0 0 0 0
1.94346715161617E-20 1.38471085028365E-20 9.64528914140904E-21 6.56418389648362E-21 4.36175910215038E-21 2.82753042266886E-21 1.78653110132297E-21 1.09908234788735E-21 6.57819547072122E-22 3.82656222165368E-22 2.16097154418225E-22 1.18349729019677E-22 6.28228191151615E-23 3.2311988413357E-23 1.61021208389053E-23 7.7792328763522E-24 3.64600363722098E-24 1.66006951757874E-24 7.34490541748387E-25 3.16152515462787E-25 1.32578930021179E-25 5.42645117636621E-26 2.17295041699708E-26 8.52996251415072E-27 3.28326423019239E-27 1.23931152828067E-27 4.61147449077299E-28 1.72188189519011E-28 6.84242257069419E-29 6.04822670195786E-29 0 0 0 0 0 0 0 0 0 0 0 0 0 0 0 0 0 0 0 0 0 0 0 0 0 0 0 0 0 0 0 0 0
3.23039657559399E-20 2.27153779245028E-20 1.56138429872244E-20 1.04844315872824E-20 6.87236046247316E-21 4.39359477550026E-21 2.7370157924653E-21 1.65968119116859E-21 9.78741849883071E-22 5.60730791261881E-22 3.1171751737259E-22 1.67962294461736E-22 8.76614658114756E-23 4.43029533493758E-23 2.16826442737411E-23 1.0284928868476E-23 4.73308048350292E-24 2.11703007250552E-24 9.2100897228941E-25 3.90321243584841E-25 1.61433693446825E-25 6.53055563542157E-26 2.59078949209483E-26 1.01003263099144E-26 3.87080347701404E-27 1.45959635133108E-27 5.5039951869198E-28 2.22184176421038E-28 8.32161424922202E-29 6.04822670195786E-29 0 0 0 0 0 0 0 0 0 0 0 0 0 0 0 0 0 0 0 0 0 0 0 0 0 0 0 0 0 0 0 0 0
5.29317138077475E-20 3.67422654842409E-20 2.49283260582575E-20 1.65195511216731E-20 1.06839758627352E-20 6.73743395707609E-21 4.1387139468204E-21 2.47389664154375E-21 1.43752418891652E-21 8.11123499757884E-22 4.43849850287192E-22 2.35280074489019E-22 1.20729813767917E-22 5.99550287887018E-23 2.88193960194047E-23 1.34229871586056E-23 6.06632020032354E-24 2.66617284856793E-24 1.14084097411131E-24 4.76188725243008E-25 1.94330342874059E-25 7.77446317664631E-26 3.05798495302497E-26 1.18496239575911E-26 4.52456059888537E-27 1.70964456063942E-27 6.75201555240061E-28 3.64499190122143E-28 8.32161424922202E-29 0 0 0 0 0 0 0 0 0 0 0 0 0 0 0 0 0 0 0 0 0 0 0 0 0 0 0 0 0 0 0 0 0 0
8.55208533367805E-20 5.86152042654611E-20 3.92623271078612E-20 2.56832111983635E-20 1.63927466627757E-20 1.01987836424378E-20 6.17881098681619E-21 3.64112023430677E-21 2.08487817597568E-21 1.15861697007003E-21 6.24030999222182E-22 3.25386990662658E-22 1.64143857474133E-22 8.00994080820967E-23 3.78172687643185E-23 1.72977239688711E-23 7.67900572497055E-24 3.31760238427759E-24 1.39682763058546E-24 5.74472791525751E-25 2.31437341102726E-25 9.1615100705521E-26 3.57539439679081E-26 1.37864717195051E-26 5.25358042426044E-27 2.0090460557112E-27 8.96673154925831E-28 7.95187914923361E-28 0 0 0 0 0 0 0 0 0 0 0 0 0 0 0 0 0 0 0 0 0 0 0 0 0 0 0 0 0 0 0 0 0 0 0
1.36280438282188E-19 9.22455910048117E-20 6.10145357496894E-20 3.94056861246569E-20 2.48263810527826E-20 1.52414297390804E-20 9.10824039452727E-21 5.29206991508547E-21 2.98609330513803E-21 1.63436303631199E-21 8.66407645734026E-22 4.44368115429502E-22 2.20363902105926E-22 1.05666992507861E-22 4.90062450928394E-23 2.20182247723804E-23 9.60471075455951E-24 4.08084339990322E-24 1.69151953604888E-24 6.85812959394465E-25 2.72902226065175E-25 1.06944645491025E-25 4.14274218096386E-26 1.59073586497811E-26 6.07628565359353E-27 2.42252331938424E-27 1.332340204275E-27 7.95187914923361E-28 0 0 0 0 0 0 0 0 0 0 0 0 0 0 0 0 0 0 0 0 0 0 0 0 0 0 0 0 0 0 0 0 0 0 0
2.14243735669293E-19 1.43235362963989E-19 9.35657676270456E-20 5.96697619759457E-20 3.71127711839355E-20 2.24863622178585E-20 1.32569441343259E-20 7.5953720689706E-21 4.22369505427607E-21 2.27684036581536E-21 1.18802008434421E-21 5.99372028733933E-22 2.92212350656359E-22 1.37697471776125E-22 6.27452408277716E-23 2.77004171257923E-23 1.18787336294587E-23 4.96569412381888E-24 2.02748961930391E-24 8.10841053048043E-25 3.18874460152287E-25 1.23764112527613E-25 4.75933703237587E-26 1.82063511892596E-26 7.04591284291916E-27 3.17654884675159E-27 2.82371276722994E-27 0 0 0 0 0 0 0 0 0 0 0 0 0 0 0 0 0 0 0 0 0 0 0 0 0 0 0 0 0 0 0 0 0 0 0 0
