NongDo/Fusa 10.3h.grd
DSAA
463	323
2	464
2	324
0	10
[rows 140 to 167 of 323, columns 63 to 125 of 463]
0 0 0 0 0 0 0 0 0 0 0 0 0 0 0 0 0 0 0 0 0 0 0 0 0 0 0 0 0 0 0 0 0 0 0 0 0 7.66377923585466E-39 8.12640949027006E-39 1.16199416083945E-38 1.78188371175318E-38 2.78447126377539E-38 4.38909354489911E-38 6.96373795458748E-38 1.11106955679218E-37 1.7817279754077E-37 2.87121334149688E-37 4.64456245827368E-37 7.53591827920192E-37 1.22516876869889E-36 1.99463776624932E-36 3.24793374997283E-36 5.28368351193951E-36 8.57792616721408E-36 1.38853495461249E-35 2.23920021945577E-35 3.59415806648172E-35 5.73694410672143E-35 9.09728386557075E-35 1.43289220636058E-34 2.24133697189004E-34 3.48234778536065E-34 5.37429838557978E-34
0 0 0 0 0 0 0 0 0 0 0 0 0 0 0 0 0 0 0 0 0 0 0 0 0 0 0 0 0 0 0 0 0 0 0 0 3.57886117397733E-38 1.67643426383727E-38 2.274433198899E-38 3.40817051739844E-38 5.25980889320146E-38 8.2183694225563E-38 1.29453630248365E-37 2.05299829341371E-37 3.27514092495081E-37 5.25282074525401E-37 8.46838239364112E-37 1.37066807815162E-36 2.22533795019351E-36 3.61991556502563E-36 5.89595583391957E-36 9.60253283787577E-36 1.56191090724859E-35 2.53460596295446E-35 4.09974182094588E-35 6.60443657337746E-35 1.05863948784853E-34 1.68717705327351E-34 2.67101284974923E-34 4.20036409539571E-34 6.56075765027005E-34 1.01810311803149E-33 1.56976059742284E-33
0 0 0 0 0 0 0 0 0 0 0 0 0 0 0 0 0 0 0 0 0 0 0 0 0 0 0 0 0 0 0 0 0 0 0 6.79723803702673E-38 3.57886117397733E-38 4.44557640749371E-38 6.5237402894913E-38 9.94517788118322E-38 1.53955598335868E-37 2.40708220549354E-37 3.7927222211737E-37 6.01615635859408E-37 9.60065689489159E-37 1.54056640692694E-36 2.48521640580137E-36 4.02484186024305E-36 6.53771763788274E-36 1.06388378291718E-35 1.73310902745193E-35 2.82224171348441E-35 4.58806834583059E-35 7.43898983073555E-35 1.20188455638597E-34 1.93349005685833E-34 3.09408479953916E-34 4.92207143605986E-34 7.77788960040668E-34 1.22112931465037E-33 1.90471448346765E-33 2.95245491765977E-33 4.5486228503715E-33
0 0 0 0 0 0 0 0 0 0 0 0 0 0 0 0 0 0 0 0 0 0 0 0 0 0 0 0 0 0 0 0 0 0 1.30043249385596E-37 6.79723803702673E-38 8.45168416820801E-38 1.23444193352901E-37 1.87199861694756E-37 2.87865189867059E-37 4.47092089660012E-37 7.00179045110894E-37 1.10446661148595E-36 1.75336145185989E-36 2.80019927702887E-36 4.49684208367121E-36 7.25908786582338E-36 1.17619334600404E-35 1.91106435235614E-35 3.11012648625866E-35 5.06515172420957E-35 8.24304573988861E-35 1.33867631140704E-34 2.16763468054276E-34 3.49662676861995E-34 5.61514340499203E-34 8.96805665738916E-34 1.42373326600283E-33 2.2456062770071E-33 3.52002526326052E-33 5.48370709321947E-33 8.49216009047036E-33 1.30758385841297E-32
0 0 0 0 0 0 0 0 0 0 0 0 0 0 0 0 0 0 0 0 0 0 0 0 0 0 0 0 0 0 0 0 0 2.81563666480909E-37 1.30043249385596E-37 1.58352896164023E-37 2.29962793863708E-37 3.48900796753993E-37 5.35572725391521E-37 8.2821055474179E-37 1.29059519844116E-36 2.02544521803746E-36 3.19989737476621E-36 5.08602634656035E-36 8.13159735389293E-36 1.30699021985739E-35 2.11101093742892E-35 3.42141203082168E-35 5.55890307824375E-35 9.04349789584657E-35 1.47161611132225E-34 2.39202015684857E-34 3.8785495677388E-34 6.26914905923346E-34 1.00927321399305E-33 1.61726525892699E-33 2.57713152341311E-33 4.08278016971283E-33 6.42824500195068E-33 1.00616169985014E-32 1.5657412636924E-32 2.42301570079143E-32 3.7296451147014E-32
0 0 0 0 0 0 0 0 0 0 0 0 0 0 0 0 0 0 0 0 0 0 0 0 0 0 0 0 0 0 0 3.30977419912841E-37 4.30441847954296E-37 2.81563666480909E-37 3.047770404697E-37 4.30862150229075E-37 6.49259045892618E-37 9.93758142883851E-37 1.53199151791359E-36 2.37678167644297E-36 3.71296391745982E-36 5.83799321618313E-36 9.23649706514095E-36 1.46974575629821E-35 2.35195071813343E-35 3.78275218318746E-35 6.11110433158129E-35 9.90295953507784E-35 1.6081186258983E-34 2.6138509745644E-34 4.2477890288499E-34 6.89269303252743E-34 1.11543107935367E-33 1.7991218912443E-33 2.88995583782709E-33 4.62028518795738E-33 7.34637472987816E-33 1.1615439205949E-32 1.82588966362523E-32 2.85430587932409E-32 4.43764785026886E-32 6.8633089641904E-32 1.05610060777475E-31
0 0 0 0 0 0 0 0 0 0 0 0 0 0 0 0 0 0 0 0 0 0 0 0 0 0 0 0 0 0 6.43589547724182E-37 3.30977419912841E-37 4.30441847954296E-37 5.66030329128048E-37 8.1403609091185E-37 1.2188043774452E-36 1.85303758249174E-36 2.84077110652771E-36 4.3848799917539E-36 6.81299339335775E-36 1.06587555974359E-35 1.67813499558629E-35 2.65805859180291E-35 4.23330506434552E-35 6.77856277078914E-35 1.0904757220568E-34 1.7611498313994E-34 2.85201350888746E-34 4.62633998371179E-34 7.50860005339845E-34 1.21790383389178E-33 1.97202608809682E-33 3.18404718882965E-33 5.12335462199689E-33 8.20977391676393E-33 1.30949291082141E-32 2.07780238702817E-32 3.27939237274108E-32 5.14791636883346E-32 8.03879804377537E-32 1.24883828076587E-31 1.93039936829923E-31 2.96931635393746E-31
0 0 0 0 0 0 0 0 0 0 0 0 0 0 0 0 0 0 0 0 0 0 0 0 0 0 0 0 0 1.51693166873268E-36 6.43589547724182E-37 7.51665692613395E-37 1.05497969014825E-36 1.5475265350862E-36 2.31166857363035E-36 3.48791269814869E-36 5.30493492615042E-36 8.12917599001404E-36 1.25487243831575E-35 1.9506915849544E-35 3.05394112971936E-35 4.81160905112939E-35 7.62585662483978E-35 1.21499712844529E-34 1.94584521633904E-34 3.1297191805671E-34 5.05117948223554E-34 8.17090023956412E-34 1.32340837879597E-33 2.1438282025875E-33 3.46948510916516E-33 5.60397791447066E-33 9.02511322306672E-33 1.44847099649039E-32 2.31530607379817E-32 3.68452595263991E-32 5.83447752141313E-32 9.19286331385753E-32 1.44114871171082E-31 2.24812413192463E-31 3.48978214720655E-31 5.39120694016346E-31 8.28905004194188E-31
0 0 0 0 0 0 0 0 0 0 0 0 0 0 0 0 0 0 0 0 0 0 0 0 0 0 0 0 0 1.51693166873268E-36 1.54707516319039E-36 2.0737835063132E-36 3.0006662381287E-36 4.44180135480089E-36 6.63901536651727E-36 1.00031856480457E-35 1.51921908695173E-35 2.32571132998185E-35 3.58845769885562E-35 5.57784411089646E-35 8.73386123433646E-35 1.3762421566343E-34 2.18129146478968E-34 3.47510825789499E-34 5.56404397485024E-34 8.94360590764951E-34 1.44183817021537E-33 2.32874877027014E-33 3.76440362803948E-33 6.08410413635182E-33 9.82071065336905E-33 1.58189713274424E-32 2.54054181510624E-32 4.06647125821649E-32 6.48374618339991E-32 1.02944307055313E-31 1.62687336708306E-31 2.55906840111113E-31 4.00656228937098E-31 6.24359020881877E-31 9.68413064034788E-31 1.49507725626005E-30 2.29746223473075E-30
0 0 0 0 0 0 0 0 0 0 0 0 0 0 0 0 0 0 0 0 0 0 0 0 0 0 0 0 8.93964036695781E-36 3.36364203520898E-36 4.23986375416322E-36 5.94677342067177E-36 8.66021965289848E-36 1.2794093363854E-35 1.9068442979545E-35 2.8666499157324E-35 4.34701494656483E-35 6.64778807942546E-35 1.02506232339676E-34 1.59271146338374E-34 2.4931289124602E-34 3.92719016485103E-34 6.22163886417675E-34 9.90620575454289E-34 1.58480670992044E-33 2.54446604421893E-33 4.09550084738643E-33 6.60156020648312E-33 1.0646261949324E-32 1.71613359027687E-32 2.76217139343336E-32 4.43605266082726E-32 7.10365387286487E-32 1.13390450249427E-31 1.80337107553357E-31 2.85673209680958E-31 4.50577529443454E-31 7.07595166205812E-31 1.10636082447526E-30 1.72220881602595E-30 2.66883224887443E-30 4.11711450864281E-30 6.3225180027646E-30
0 0 0 0 0 0 0 0 0 0 0 0 0 0 0 0 0 0 0 0 0 0 0 0 0 0 0 0 8.93964036695781E-36 9.08115845962661E-36 1.20623775876958E-35 1.71453795740228E-35 2.49546630548943E-35 3.6755171851355E-35 5.46466282990251E-35 8.20039058577264E-35 1.24197318150738E-34 1.89759101153987E-34 2.92401238927084E-34 4.5404844718248E-34 7.1027039270471E-34 1.11794955750612E-33 1.76950115048128E-33 2.81441467028435E-33 4.49644816287577E-33 7.20687848860531E-33 1.15754280541286E-32 1.86129666707605E-32 2.99346780362084E-32 4.81101127734827E-32 7.71926747982939E-32 1.23584773982488E-31 1.97311356973724E-31 3.14074190080731E-31 4.98235321272302E-31 7.87476250390325E-31 1.23965577848407E-30 1.94359902904199E-30 3.03477198371694E-30 4.71855399526307E-30 7.3047966254324E-30 1.12588347782446E-29 1.72759093344898E-29
0 0 0 0 0 0 0 0 0 0 0 0 0 0 0 0 0 0 0 0 0 0 0 0 0 0 0 5.40100983727472E-35 2.01735790576319E-35 2.50386789058829E-35 3.45370223998937E-35 4.93681641374428E-35 7.17245378726735E-35 1.05332426818363E-34 1.56261303963995E-34 2.34134700551815E-34 3.54234119041355E-34 5.4078130679378E-34 8.32629953381561E-34 1.29186030201539E-33 2.01879635183429E-33 3.17375131576126E-33 5.01656056435442E-33 7.96646586432746E-33 1.27036789185375E-32 2.03162203423922E-32 3.25476893651694E-32 5.21872713084336E-32 8.36736855635811E-32 1.34045186050409E-31 2.14373924741008E-31 3.42112308681005E-31 5.44558734722143E-31 8.64390976017749E-31 1.36776470672669E-30 2.15692015341624E-30 3.38883926469387E-30 5.30427706085089E-30 8.27018224528964E-30 1.28423107009646E-29 1.98585383383662E-29 3.05760200513645E-29 4.68714826136956E-29
0 0 0 0 0 0 0 0 0 0 0 0 0 0 0 0 0 0 0 0 0 0 0 0 0 0 0 5.40100983727472E-35 5.46808858656693E-35 7.12628961984567E-35 9.93271952623267E-35 1.4190054902624E-34 2.05512615225891E-34 3.00952244128672E-34 4.45638062555828E-34 6.66929746903773E-34 1.00821343742072E-33 1.5379952336278E-33 2.36599430790891E-33 3.66693079781165E-33 5.72233900624426E-33 8.9821306803461E-33 1.41725317974622E-32 2.24603748204569E-32 3.57301172604354E-32 5.69881911378949E-32 9.10277924219748E-32 1.45488786907868E-31 2.32483498949068E-31 3.71170113273253E-31 5.91602747617025E-31 9.41075610188962E-31 1.49346584031973E-30 2.36402154580304E-30 3.73124691880275E-30 5.87080156167477E-30 9.20570999731514E-30 1.43837987529112E-29 2.23918125191196E-29 3.47225099429206E-29 5.36241185181305E-29 8.24657536552527E-29 1.26272796059164E-28
0 0 0 0 0 0 0 0 0 0 0 0 0 0 0 0 0 0 0 0 0 0 0 0 0 0 3.30676562641976E-34 1.23891938481534E-34 1.51276993115275E-34 2.03786536039821E-34 2.85122098666095E-34 4.06402770340978E-34 5.86775817178213E-34 8.57062260542571E-34 1.26704507271143E-33 1.89424207333197E-33 2.86124935259841E-33 4.36113974774671E-33 6.7023288890682E-33 1.03743544705508E-32 1.61634914711155E-32 2.53237806356046E-32 3.9871439993116E-32 6.3034104728393E-32 9.99995867029493E-32 1.59013083904953E-31 2.53160152397923E-31 4.03230698447929E-31 6.42071700914892E-31 1.02150027655544E-30 1.62259649924145E-30 2.57275469409945E-30 4.07065943206857E-30 6.42566225574647E-30 1.01163720089467E-29 1.58810147440699E-29 2.48515764217236E-29 3.87592384638842E-29 6.02382703790715E-29 9.32679307371928E-29 1.43834309336033E-28 2.208966297205E-28 3.37806294336217E-28
0 0 0 0 0 0 0 0 0 0 0 0 0 0 0 0 0 0 0 0 0 0 0 0 0 0 3.30676562641976E-34 3.33948950046613E-34 4.27780795073535E-34 5.83287615154669E-34 8.15688499635114E-34 1.15901913217241E-33 1.66828973124453E-33 2.43144825463982E-33 3.59010783792902E-33 5.36244397867151E-33 8.09329052479763E-33 1.23246987190575E-32 1.89191143487085E-32 2.92420366182296E-32 4.54761221424191E-32 7.10915748231096E-32 1.11647715515191E-31 1.76021623258851E-31 2.78390416810033E-31 4.41192705432929E-31 6.99911150627588E-31 1.11077946900496E-30 1.76232377710188E-30 2.79376852201082E-30 4.42257084551355E-30 6.98988616668239E-30 1.10267866084512E-29 1.73586005025803E-29 2.7260352561451E-29 4.26956877699222E-29 6.66730016804517E-29 1.03787045118018E-28 1.61018828165481E-28 2.48895797722593E-28 3.83235706917617E-28 5.87681817257949E-28 8.97431644949458E-28
0 0 0 0 0 0 0 0 0 0 0 0 0 0 0 0 0 0 0 0 0 0 0 0 0 2.05427704863222E-33 7.63036037089641E-34 9.18920611831155E-34 1.21602639365032E-33 1.66552735432816E-33 2.32386100900789E-33 3.29106130148161E-33 4.72405463140327E-33 6.87234148859426E-33 1.01365605983094E-32 1.51288111170743E-32 2.28133634486905E-32 3.47050187248409E-32 5.31975225253831E-32 8.20820257266348E-32 1.27371646121791E-31 1.98615920701962E-31 3.11030328629214E-31 4.88855386973542E-31 7.70500631432073E-31 1.21661965192597E-30 1.9228234528926E-30 3.04019089244875E-30 4.80588150420308E-30 7.59169893536457E-30 1.1977932966965E-29 1.8872409013315E-29 2.96862424233639E-29 4.66075037833774E-29 7.30115458522328E-29 1.140874531534E-28 1.77776614496703E-28 2.76187645495477E-28 4.27680918198068E-28 6.59905655502137E-28 1.01434584342343E-27 1.55292317303298E-27 2.36771433022443E-27
0 0 0 0 0 0 0 0 0 0 0 0 0 0 0 0 0 0 0 0 0 0 0 0 0 2.05427704863222E-33 2.06926216818453E-33 2.59984936512607E-33 3.46665544904577E-33 4.74024501100879E-33 6.59043091121784E-33 9.30138661721372E-33 1.33164427790431E-32 1.93436400720951E-32 2.85080044302406E-32 4.25151963676029E-32 6.40507696751109E-32 9.73123964956883E-32 1.48905081117318E-31 2.29272974961281E-31 3.54874854367451E-31 5.518491413627E-31 8.61539797043119E-31 1.34949982430784E-30 2.11896264204862E-30 3.33296841701928E-30 5.24741231375596E-30 8.26553813309696E-30 1.30186591790955E-29 2.04947334389871E-29 3.22334742290569E-29 5.06355538941138E-29 7.94273573569412E-29 1.24372941122431E-28 1.94351343662672E-28 3.02988648109305E-28 4.71106288389912E-28 7.3037676841655E-28 1.12873480163545E-27 1.73827311609792E-27 2.66698388387623E-27 4.07585451148322E-27 6.20392143209493E-27
0 0 0 0 0 0 0 0 0 0 0 0 0 0 0 0 0 0 0 0 0 0 0 0 1.20669471884859E-32 4.78140003146497E-33 5.68852678978225E-33 7.35136200652259E-33 9.82955505346263E-33 1.3407645702667E-32 1.85850829674684E-32 2.61589554109774E-32 3.73739684441967E-32 5.42157096973645E-32 7.97966008197276E-32 1.18842129908692E-31 1.78770146921298E-31 2.71127440307053E-31 4.14037260697264E-31 6.36029744383583E-31 9.81914984387637E-31 1.52257877498928E-30 2.36958640764318E-30 3.69895744068815E-30 5.78692672429707E-30 9.06850653498913E-30 1.42246759900411E-29 2.23251979912876E-29 3.50408540581293E-29 5.49809477986179E-29 8.62038835684721E-29 1.35021261956747E-28 2.11209183514401E-28 3.29858428881875E-28 5.14171880759839E-28 7.99690440006614E-28 1.24061759814178E-27 1.91923813760527E-27 2.95982940988392E-27 4.54902561880224E-27 6.96595186422386E-27 1.06260382620472E-26 1.61451635744974E-26
0 0 0 0 0 0 0 0 0 0 0 0 0 0 0 0 0 0 0 0 0 0 0 2.70578337491025E-32 1.20669471884859E-32 1.27243820257335E-32 1.58272240057113E-32 2.0685443254188E-32 2.76657895225253E-32 3.76579575257021E-32 5.20905429924813E-32 7.31917706419549E-32 1.04431242551708E-31 1.51255423098249E-31 2.22173880913831E-31 3.30205408580499E-31 4.95649210601502E-31 7.50048285925286E-31 1.14277815353715E-30 1.75121939567704E-30 2.69649964960759E-30 4.16919181905816E-30 6.46819208670408E-30 1.0063344284402E-29 1.56896600098645E-29 2.45007014174434E-29 3.82976817265741E-29 5.99006128683133E-29 9.37045074684987E-29 1.46558356918714E-28 2.29089779008706E-28 3.5778621545905E-28 5.58129465071707E-28 8.69376197524765E-28 1.35175875866123E-27 2.09734897159088E-27 3.24627227243122E-27 5.01079880850524E-27 7.71090238301028E-27 1.18264209806712E-26 1.80736371474914E-26 2.75166209484068E-26 4.1730544051557E-26
0 0 0 0 0 0 0 0 0 0 0 0 0 0 0 0 0 0 0 0 0 0 6.15457395645246E-32 2.70578337491025E-32 2.83154350626056E-32 3.43936319690475E-32 4.4098792885429E-32 5.79058192175862E-32 7.73802899842611E-32 1.05131444033771E-31 1.45168607773862E-31 2.03651845460225E-31 2.90137189726646E-31 4.19502569628808E-31 6.14854905844469E-31 9.11656413009724E-31 1.36503621948666E-30 2.06046399082925E-30 3.1314448641466E-30 4.78627705071537E-30 7.34976963592926E-30 1.13307823471193E-29 1.75247512567769E-29 2.71776001880546E-29 4.22323474940977E-29 6.57290880109486E-29 1.02400368649037E-28 1.59634887375723E-28 2.48920948769095E-28 3.88118884674105E-28 6.04872833889126E-28 9.41971980740368E-28 1.46540122217058E-27 2.27659798655853E-27 3.53086440010572E-27 5.46508818543449E-27 8.43902006614796E-27 1.29964823486962E-26 1.99556528082079E-26 3.05414200221201E-26 4.65788410457565E-26 7.07740502435896E-26 1.07127222193979E-25
0 0 0 0 0 0 0 0 0 0 0 0 0 0 0 0 0 0 0 0 0 1.45215987688896E-31 6.15457395645246E-32 6.3514778384683E-32 7.58355458656548E-32 9.54450098025676E-32 1.23065568310836E-31 1.61437850690158E-31 2.15288034154516E-31 2.91907630377801E-31 4.0236627533306E-31 5.63538528418688E-31 8.0153948011642E-31 1.15662512597774E-30 1.69109601798906E-30 2.50072032773031E-30 3.73395457530702E-30 5.62082047434198E-30 8.51940550245112E-30 1.29856961777596E-29 1.98840913465782E-29 3.05640172775764E-29 4.71278555855312E-29 7.28565948280307E-29 1.12852204513583E-28 1.75072906072793E-28 2.71870051083017E-28 4.22480111292102E-28 6.56735207220252E-28 1.02089440730917E-27 1.58637660514692E-27 2.46349623519592E-27 3.82196371793693E-27 5.92210467153601E-27 9.16160578693132E-27 1.41457837842364E-26 2.17918590610281E-26 3.34833868930764E-26 5.12978239249243E-26 7.83394399639003E-26 1.1922531242806E-25 1.80790868957391E-25 2.73120426050445E-25
0 0 0 0 0 0 0 0 0 0 0 0 0 0 0 0 0 0 0 0 0 1.45215987688896E-31 1.45110746623085E-31 1.70377214272063E-31 2.10516163312084E-31 2.66401847600149E-31 3.42910105444771E-31 4.48520398005542E-31 5.96531028871274E-31 8.06916785836318E-31 1.10989190621752E-30 1.55129481470772E-30 2.20182420896973E-30 3.16982883938502E-30 4.62218475869681E-30 6.81546082191204E-30 1.01465229748596E-29 1.52291395881372E-29 2.30154074798544E-29 3.49781195628095E-29 5.34001573645114E-29 8.1833401479091E-29 1.25793684256813E-28 1.93860616753972E-28 2.99337825435096E-28 4.62914966198668E-28 7.16606520070944E-28 1.11015173364243E-27 1.72048222827619E-27 2.66659892424557E-27 4.13175017190946E-27 6.39837577762578E-27 9.89994118037129E-27 1.52999364817589E-26 2.36096948296711E-26 3.63652618148333E-26 5.58889245099259E-26 8.56763549480663E-26 1.30966191546502E-25 1.99571152381825E-25 3.03090308056505E-25 4.58662720102998E-25 6.91516319420004E-25
0 0 0 0 0 0 0 0 0 0 0 0 0 0 0 0 0 0 0 0 9.39849059462421E-31 3.49659027823063E-31 3.93167718504512E-31 4.74208957702338E-31 5.88487294657771E-31 7.42983447413733E-31 9.52844720761277E-31 1.24202525680942E-30 1.64696728837758E-30 2.22161758457499E-30 3.04780830017965E-30 4.24927648647291E-30 6.01602120064897E-30 8.63696800028047E-30 1.25562905182798E-29 1.84566653487243E-29 2.73906568246483E-29 4.09823374937334E-29 6.17411902032308E-29 9.35380665183477E-29 1.42354685535657E-28 2.17467823565241E-28 3.3323912986843E-28 5.11942613427864E-28 7.88018905373041E-28 1.21486494002358E-27 1.87486944947455E-27 2.89574274124621E-27 4.47446374112566E-27 6.91499911660083E-27 1.06842279876052E-26 1.6500192471706E-26 2.54621769305174E-26 3.92493334813554E-26 6.04153360271113E-26 9.28305382952343E-26 1.42333141009681E-25 2.17693610314376E-25 3.32029693525065E-25 5.0486505730872E-25 7.65129438194168E-25 1.15547733906443E-24 1.73853317891143E-24
0 0 0 0 0 0 0 0 0 0 0 0 0 0 0 0 0 0 0 2.22275013332084E-30 9.39849059462421E-31 9.37355014843036E-31 1.0895947919469E-30 1.32552655756046E-30 1.6435934735246E-30 2.06799899817398E-30 2.64194274743972E-30 3.43109738906051E-30 4.53388385234035E-30 6.09537119306958E-30 8.33519496871539E-30 1.15846112804976E-29 1.63496633305208E-29 2.33967094870406E-29 3.39012930491819E-29 4.96652203419303E-29 7.34579052929268E-29 1.09540883776799E-28 1.64470797335287E-28 2.48338163485185E-28 3.76686574173243E-28 5.73555400306993E-28 8.76041864658517E-28 1.3415339838171E-27 2.05851531432404E-27 3.16378815321948E-27 4.86780862146506E-27 7.49604380465743E-27 1.15491214769252E-26 1.77979205396023E-26 2.74234539369442E-26 4.22379673969852E-26 6.5009245568932E-26 9.99560475890635E-26 1.53480002943654E-25 2.3526300146983E-25 3.59876518887816E-25 5.49167140302013E-25 8.35747285597253E-25 1.26805148494735E-24 1.91769708383224E-24 2.89003155537597E-24 4.33927852718795E-24
0 0 0 0 0 0 0 0 0 0 0 0 0 0 0 0 0 0 0 2.22275013332084E-30 2.21336969038375E-30 2.53219951929404E-30 3.03068652211707E-30 3.70091926647626E-30 4.5795744125967E-30 5.74236878856261E-30 7.30879628147656E-30 9.45520924105727E-30 1.24449603809507E-29 1.66662464419043E-29 2.27037241715105E-29 3.14354088780161E-29 4.41991181587997E-29 6.301634342706E-29 9.09778039965963E-29 1.32800324197483E-28 1.95710820992499E-28 2.90789025862174E-28 4.35016281188089E-28 6.54482625333796E-28 9.89237071147258E-28 1.50105728500181E-27 2.28499981791595E-27 3.48778166140514E-27 5.3349458165738E-27 8.17434352006907E-27 1.25394252930439E-26 1.92531931102966E-26 2.95784722735232E-26 4.5456128381878E-26 6.98513313170608E-26 1.07304152761993E-25 1.64731728164373E-25 2.52654890965753E-25 3.87001835447941E-25 5.91811644482772E-25 9.03183153697795E-25 1.37513403877001E-24 2.08814387891704E-24 3.16147613565529E-24 4.77106303133153E-24 7.17498159932346E-24 1.07500350123491E-23
0 0 0 0 0 0 0 0 0 0 0 0 0 0 0 0 0 0 1.45737227773862E-29 5.41760924257669E-30 5.99704870225239E-30 7.03180731163084E-30 8.46132495034107E-30 1.03197094471153E-29 1.27305606769467E-29 1.59049301180671E-29 2.01654298293485E-29 2.59813882572178E-29 3.40518721769996E-29 4.54052812022952E-29 6.15845599662108E-29 8.49006286391602E-29 1.188666274832E-28 1.68771739912847E-28 2.42675536477439E-28 3.52822145514221E-28 5.17901157044069E-28 7.6647682787262E-28 1.14214380200436E-27 1.7117592267743E-27 2.57762280660955E-27 3.89720718215194E-27 5.91214292847526E-27 8.99443724764315E-27 1.37142263867709E-26 2.09489644287363E-26 3.20400512381749E-26 4.90531307288796E-26 7.51498571911058E-26 1.15178889918751E-25 1.76527395672488E-25 2.70484180673013E-25 4.14205160283789E-25 6.3372689361751E-25 9.68376895021589E-25 1.47738694779829E-24 2.24950729889316E-24 3.41727072323913E-24 5.1777261085691E-24 7.82218551177543E-24 1.177933501792E-23 1.76764709857328E-23 2.64269665202422E-23
0 0 0 0 0 0 0 0 0 0 0 0 0 0 0 0 0 0 1.45737227773862E-29 1.44681324937429E-29 1.6562788903198E-29 1.96188655375931E-29 2.36112985095562E-29 2.87169683950521E-29 3.53006458240709E-29 4.3934274170556E-29 5.54782553760707E-29 7.11728729766506E-29 9.28597931119396E-29 1.23233958092944E-28 1.66334704429699E-28 2.2820419860682E-28 3.17992356345934E-28 4.4943809228525E-28 6.43366785403249E-28 9.31259287892415E-28 1.36102662418427E-27 2.0056481537663E-27 2.9760446992576E-27 4.44195282133793E-27 6.66246994978988E-27 1.00357695425601E-26 1.51710479326723E-26 2.30035446459432E-26 3.49627445626245E-26 5.32423270843864E-26 8.11897811510039E-26 1.23951901246107E-25 1.89383142670217E-25 2.89495224523136E-25 4.42550154761624E-25 6.76405017134284E-25 1.03327607083779E-24 1.57709340869484E-24 2.40419379651949E-24 3.65936761970683E-24 5.55908605213497E-24 8.42603945359914E-24 1.27387054310176E-23 1.92027007629625E-23 2.88540486369558E-23 4.32054220881417E-23 6.44527233765324E-23
0 0 0 0 0 0 0 0 0 0 0 0 0 0 0 0 0 9.80795137470762E-29 3.59560934159434E-29 3.95771256252898E-29 4.60989057284841E-29 5.47936486365638E-29 6.58216213385086E-29 7.97726466458296E-29 9.76749832772027E-29 1.21063658306699E-28 1.5220793199099E-28 1.94366774310558E-28 2.52344732704388E-28 3.33169494353433E-28 4.47336973318373E-28 6.10520609166359E-28 8.46309507640683E-28 1.19006931754629E-27 1.6949954648823E-27 2.44137585402002E-27 3.55084519612673E-27 5.20820062283859E-27 7.69312689329042E-27 1.14327758496664E-26 1.70780442611524E-26 2.56263001676412E-26 3.85999744251341E-26 5.8329384694476E-26 8.83699755755521E-26 1.34160612344502E-25 2.03996723545983E-25 3.10589495771368E-25 4.73297859962132E-25 7.21641076822615E-25 1.10043052337512E-24 1.67783897594423E-24 2.55691822198014E-24 3.89339745067318E-24 5.92139782446501E-24 8.99205522313697E-24 1.36290724475061E-23 2.06116505191882E-23 3.10915156783642E-23 4.67641909047036E-23 7.01124781268697E-23 1.04753902853197E-22 1.55922740481167E-22
