NongDo/Fusa 15.8h.grd
DSAA
463	323
2	464
2	324
0	10
[rows 56 to 83 of 323, columns 256 to 319 of 463]
0 0 0 0 0 0 0 0 0 0 0 0 0 0 0 0 0 0 0 0 0 0 0 0 0 0 0 0 0 0 0 0 0 0 0 0 0 0 0 0 0 0 0 0 0 0 0 0 0 0 0 0 0 0 0 0 0 0 0 0 0 0 0 0
0 0 0 0 0 0 0 0 0 0 0 0 0 0 0 0 0 0 0 0 0 0 0 0 0 0 0 0 0 0 0 0 0 0 0 0 0 0 0 0 0 0 0 0 0 0 0 0 0 0 0 0 0 0 0 0 0 0 0 0 0 0 0 0
0 0 0 0 0 0 0 0 0 0 0 0 0 0 0 0 0 0 0 0 0 0 0 0 0 0 0 0 0 0 0 0 0 0 0 0 0 0 0 0 0 0 0 0 0 0 0 0 0 0 0 0 0 0 0 0 0 0 0 0 0 0 0 0
0 0 0 0 0 0 0 0 0 0 0 0 0 0 0 0 0 0 0 0 0 0 0 0 0 0 0 0 0 0 0 0 0 0 0 0 0 0 0 0 0 0 0 0 0 0 0 0 0 0 0 0 0 0 0 0 0 0 0 0 0 0 0 0
0 0 0 0 0 0 0 0 0 0 0 0 0 0 0 0 0 0 0 0 0 0 0 0 0 0 0 0 0 0 0 0 0 0 0 0 0 0 0 0 0 0 0 0 0 0 0 0 0 0 0 0 0 0 0 0 0 0 0 0 0 0 0 0
0 0 0 0 0 0 0 0 0 0 0 0 0 0 0 0 0 0 0 0 0 0 0 0 0 0 0 0 0 0 0 0 0 0 0 0 0 0 0 0 0 0 0 0 0 0 0 0 0 0 0 0 0 0 0 0 0 0 0 0 0 0 0 0
0 0 0 0 0 0 0 0 0 0 0 0 0 0 0 0 0 0 0 0 0 0 0 0 0 0 0 0 0 0 0 0 0 0 0 0 0 0 0 0 0 0 0 0 0 0 0 0 0 0 0 0 0 0 0 0 0 0 0 0 0 0 0 0
0 0 0 0 0 0 0 0 0 0 0 0 0 0 0 0 0 0 0 0 0 0 0 0 0 0 0 0 0 0 0 0 0 0 0 0 0 0 0 0 0 0 0 0 0 0 0 0 0 0 0 0 0 0 0 0 0 0 0 0 0 0 6.72883068729309E-03 6.73108079397584E-03
0 0 0 0 0 0 0 0 0 0 0 0 0 0 0 0 0 0 0 0 0 0 0 0 0 0 0 0 0 0 0 0 0 0 0 0 0 0 0 0 0 0 0 0 0 0 0 0 0 0 0 0 0 0 0 0 0 0 6.71811326349529E-03 6.72107215844435E-03 6.7245723172192E-03 6.72808905273691E-03 6.72883068729309E-03 6.73108079397584E-03
0 0 0 0 0 0 0 0 0 0 0 0 0 0 0 0 0 0 0 0 0 0 0 0 0 0 0 0 0 0 0 0 0 0 0 0 0 0 0 0 0 0 0 0 0 0 0 0 0 0 0 0 0 0 6.7046260529412E-03 6.70833990681768E-03 6.71254039519904E-03 6.71673351520108E-03 6.71811326349529E-03 6.72107215844435E-03 6.7245723172192E-03 6.72808905273691E-03 6.73105459663355E-03 6.73418357205356E-03
0 0 0 0 0 0 0 0 0 0 0 0 0 0 0 0 0 0 0 0 0 0 0 0 0 0 0 0 0 0 0 0 0 0 0 0 0 0 0 0 0 0 0 0 0 0 0 0 0 0 0 6.69242504080672E-03 6.69731965175232E-03 6.70241383003508E-03 6.7046260529412E-03 6.70833990681768E-03 6.71254039519904E-03 6.71673351520108E-03 6.72036511707703E-03 6.72419534532231E-03 6.72813787168513E-03 6.7320554763209E-03 6.7358033115537E-03 6.73950754584629E-03
0 0 0 0 0 0 0 0 0 0 0 0 0 0 0 0 0 0 0 0 0 0 0 0 0 0 0 0 0 0 0 0 0 0 0 0 0 0 0 0 0 0 0 0 0 6.6537441365176E-03 6.66048820797386E-03 6.6677140173711E-03 6.67500076934944E-03 6.68216396752613E-03 6.68893270384407E-03 6.69242504080672E-03 6.69731965175232E-03 6.70241383003508E-03 6.70692001564029E-03 6.71153321960248E-03 6.71621409007905E-03 6.72085014985762E-03 6.72531068443005E-03 6.72973007878817E-03 6.73407738453551E-03 6.73834661160179E-03 6.74250395845829E-03 6.74657031617843E-03
0 0 0 0 0 0 0 0 0 0 0 0 0 0 0 0 0 0 0 0 0 0 0 0 0 0 0 0 0 0 0 0 0 0 0 0 0 0 0 0 0 0 0 6.64045145712224E-03 6.64828398452371E-03 6.6537441365176E-03 6.66048820797386E-03 6.6677140173711E-03 6.67500076934944E-03 6.68216396752613E-03 6.68893270384407E-03 6.69488206944782E-03 6.70074453364766E-03 6.70647010711769E-03 6.7119034255917E-03 6.71718534019735E-03 6.72234380906803E-03 6.72738941740261E-03 6.73229442195562E-03 6.73709243557631E-03 6.74176793766186E-03 6.74633357143211E-03 6.75078298092826E-03 6.75512818621334E-03
6.15474871181603E-03 6.16808347446724E-03 6.18186942602585E-03 6.19569077711431E-03 6.20938468222299E-03 6.22297059035681E-03 6.23633280066832E-03 6.24945127611218E-03 6.26233591304707E-03 6.27510732503716E-03 6.28779868370777E-03 6.30047991645419E-03 6.31301020198507E-03 6.32530751672495E-03 6.33730885427791E-03 6.34910346622449E-03 6.36069173846956E-03 6.37216183540797E-03 6.38343249121246E-03 6.39452229189331E-03 6.40544206324538E-03 6.41631839229776E-03 6.42717299110611E-03 6.4380885648553E-03 6.44894916803666E-03 6.45970306515717E-03 6.4702759773998E-03 6.48073221512217E-03 6.49102512223888E-03 6.50121758009381E-03 6.51123100748766E-03 6.5211436505227E-03 6.53108438400402E-03 6.54147324339737E-03 6.55298398298048E-03 0 0 0 0 6.60601751173784E-03 6.61450626229945E-03 6.62418262535359E-03 6.63401329705573E-03 6.64045145712224E-03 6.64828398452371E-03 6.65589081819574E-03 6.66359084302912E-03 6.67130351512427E-03 6.6789151593548E-03 6.68636442819953E-03 6.69352310784533E-03 6.70032588079122E-03 6.70685496716963E-03 6.7131327414197E-03 6.71912750442375E-03 6.72489224990638E-03 6.7304539503961E-03 6.7358523800803E-03 6.74109105432479E-03 6.74619411919677E-03 6.7511564834836E-03 6.75599296255211E-03 6.76070620594048E-03 6.76531280451394E-03
6.15474871181603E-03 6.16808347446724E-03 6.18186942602585E-03 6.19569077711431E-03 6.20938468222299E-03 6.22297059035681E-03 6.23633280066832E-03 6.24945127611218E-03 6.26233591304707E-03 6.27510732503716E-03 6.28779868370777E-03 6.30047991645419E-03 6.31301020198507E-03 6.32530751672495E-03 6.33730885427791E-03 6.34910346622449E-03 6.36069173846956E-03 6.37216183540797E-03 6.38343249121246E-03 6.39452229189331E-03 6.40544206324538E-03 6.41631839229776E-03 6.42717299110611E-03 6.4380885648553E-03 6.44894916803666E-03 6.45970306515717E-03 6.4702759773998E-03 6.48073221512217E-03 6.49102512223888E-03 6.50121758009381E-03 6.51123100748766E-03 6.5211436505227E-03 6.53108438400402E-03 6.54147324339737E-03 6.55298398298048E-03 6.56854633758593E-03 6.57942358957024E-03 6.58983931905101E-03 6.59981847829646E-03 6.60601751173784E-03 6.61450626229945E-03 6.62418262535359E-03 6.63401329705573E-03 6.64309529146476E-03 6.65206350567962E-03 6.6607995683544E-03 6.66930293956752E-03 6.67757356980318E-03 6.68561122531659E-03 6.69342901535339E-03 6.70097416119711E-03 6.70825122534848E-03 6.71523555693165E-03 6.72193919671314E-03 6.72834807484639E-03 6.73449566337789E-03 6.74040786152461E-03 6.74612902619896E-03 6.75167200735737E-03 6.75706122429346E-03 6.76229798284227E-03 6.76739934497785E-03 6.77237523058634E-03 6.77724577999198E-03
6.15791996253012E-03 6.17250651730597E-03 6.18683198144054E-03 6.20092699610644E-03 6.21478309334666E-03 6.2284684125702E-03 6.24189805952159E-03 6.25505498298323E-03 6.26796969074639E-03 6.28075539859357E-03 6.29345309238367E-03 6.30615022885187E-03 6.31869324021472E-03 6.33097018678423E-03 6.34295125366667E-03 6.35472362157188E-03 6.36630020163507E-03 6.37775542097808E-03 6.38902142088088E-03 6.40010697064362E-03 6.41103621007536E-03 6.42191949954335E-03 6.43278584204594E-03 6.44372553168062E-03 6.45461626128283E-03 6.46538122006226E-03 6.47596729422862E-03 6.48642828383994E-03 6.49672424144538E-03 0.006506894440973 6.51686096487775E-03 6.52666443640519E-03 6.53639740672376E-03 6.5463493563393E-03 6.5568860424745E-03 6.56854633758593E-03 6.57942358957024E-03 6.58983931905101E-03 6.59981847829646E-03 6.60907473906294E-03 6.61873361421685E-03 6.62891883517243E-03 6.63917196709334E-03 6.64915829595778E-03 6.65887762506535E-03 6.66832535799678E-03 6.67744239395671E-03 6.68622966866105E-03 6.69470899694426E-03 6.70291301676685E-03 6.71082556383117E-03 6.71847035183307E-03 6.72581383958049E-03 6.73286399796127E-03 6.73961184753738E-03 6.74608617937749E-03 6.75231398650729E-03 6.75833784654397E-03 6.76417248053766E-03 6.76983993072088E-03 6.77534540899564E-03 0.006780709950108 6.78594885973541E-03 6.79108295554319E-03
6.16554230477735E-03 6.18084696967201E-03 6.19564530108465E-03 6.21005579565876E-03 6.22413566701842E-03 6.23797079744668E-03 6.25151234144132E-03 6.26475439340435E-03 6.2777506937343E-03 6.29059918607742E-03 6.30333906690178E-03 6.31605099227569E-03 6.32857431239465E-03 6.34080033872822E-03 6.35274733252806E-03 6.36449087550164E-03 6.37605204800723E-03 6.38748612557784E-03 6.3987499439912E-03 6.40984638328525E-03 6.42081521038596E-03 6.43174275410759E-03 6.4426589497698E-03 6.45363988507344E-03 6.46455798944465E-03 6.47533134158514E-03 6.48593880792471E-03 6.49641504533393E-03 6.50672491526837E-03 6.51688080317941E-03 6.52681889103479E-03 6.53654979610117E-03 6.54614642429572E-03 6.55579611055869E-03 6.56570843443864E-03 6.5761162888661E-03 6.5864880300446E-03 6.59672357818451E-03 6.60681450690582E-03 6.61684687483736E-03 6.6270509809249E-03 6.63753851592061E-03 6.64806748740591E-03 6.65845841016212E-03 6.66862455302602E-03 6.67854552299446E-03 6.68813109387049E-03 6.69735879935382E-03 6.7062350228724E-03 6.71479619625991E-03 6.72304078858873E-03 6.73100093947839E-03 6.73864755764155E-03 6.74599063840321E-03 6.7530285614828E-03 6.75978860778032E-03 6.76630028154862E-03 6.77260346261586E-03 6.77871181793542E-03 6.78464457510396E-03 6.79041217296755E-03 6.79603487207618E-03 0.006801531312085 6.80692216919146E-03
6.17684645843848E-03 6.1925492331635E-03 6.20770270243019E-03 6.22240747654143E-03 6.2367295410067E-03 6.25073928497821E-03 6.26441642970985E-03 6.27778499176896E-03 6.29090444524576E-03 6.3038543899241E-03 6.31667091757506E-03 6.32938167911768E-03 6.3418538377204E-03 6.35403568274252E-03 6.36596386399262E-03 6.37769588566476E-03 6.38925554733465E-03 6.40068027385288E-03 6.4119473790515E-03 6.42307620573476E-03 6.4341095462004E-03 6.44511164584931E-03 6.45611000628194E-03 6.4671321072011E-03 6.47806579241824E-03 6.48886336288081E-03 6.49951566337701E-03 6.5100331991824E-03 6.52038183057351E-03 6.53055381940741E-03 6.5404972758441E-03 6.55022423158055E-03 6.55979122568968E-03 6.56932292869885E-03 6.57895832534629E-03 6.58884432996765E-03 6.59882087404452E-03 6.60883766952789E-03 6.61889561313034E-03 6.62907691623529E-03 6.63943341184667E-03 6.6500075109335E-03 6.66063822452653E-03 6.67121334508397E-03 6.68163574902725E-03 6.69185174248681E-03 6.70175696229935E-03 6.71130929386341E-03 6.72049905819444E-03 6.72935099988873E-03 6.73787096849854E-03 6.74608391109721E-03 6.75397065303625E-03 6.76154703034432E-03 6.76881805174179E-03 6.77581594149363E-03 6.78257169535173E-03 6.78911905777036E-03 6.79546959617865E-03 6.80164275717059E-03 6.80765074142516E-03 6.81351452667034E-03 6.81925312550082E-03 6.82488554693807E-03
6.1912915702202E-03 6.20730497676184E-03 6.22276457470302E-03 6.23774515410587E-03 6.25230681998807E-03 6.2665093811819E-03 6.28036365846163E-03 6.29390245931446E-03 6.30716934401386E-03 6.32022688356939E-03 6.33310219284114E-03 6.3458028957818E-03 6.35826301068425E-03 6.37045468716028E-03 6.38239845102055E-03 6.3941421704037E-03 6.40571550442546E-03 6.41715206240698E-03 6.42845521153305E-03 6.43964769348547E-03 6.45075991297708E-03 6.46183864362784E-03 6.47290318280346E-03 6.48396046427788E-03 6.49494458544317E-03 6.50581339436332E-03 6.51654176859266E-03 6.52712472879083E-03 6.53753375886711E-03 6.54775366179325E-03 6.55775216305711E-03 6.56753562569066E-03 6.5771394245636E-03 6.58665088502775E-03 6.59616924991186E-03 6.60580757812886E-03 6.61555012347583E-03 6.62540174022036E-03 6.63537239968587E-03 6.64552135597251E-03 6.6558646932476E-03 6.66641824022307E-03 6.67706904026131E-03 6.68771795915384E-03 6.69825677425852E-03 6.70861821831513E-03 6.71870281990422E-03 6.72844694837946E-03 6.73782888224359E-03 6.74686025901777E-03 6.75554938537781E-03 6.7639183020404E-03 6.77196574777006E-03 6.77970524709357E-03 6.78715059768535E-03 6.79433035775901E-03 6.80127497133631E-03 6.80801522220619E-03 6.81456673039077E-03 6.82094480775165E-03 6.82716346020516E-03 6.83324178558985E-03 6.83919832189912E-03 6.84504966877881E-03
6.20887738857597E-03 6.22518306949868E-03 6.24094014995579E-03 6.25620313838201E-03 6.27102298341279E-03 6.2854555422361E-03 6.29952394561799E-03 6.31325991871302E-03 6.32669608597123E-03 6.33988060681261E-03 6.35283434197278E-03 6.36556728690494E-03 6.37805340353887E-03 6.39028215058965E-03 6.40226757925435E-03 6.41405048159719E-03 6.42566361013277E-03 6.43714501592865E-03 6.44851277708685E-03 6.4597894735681E-03 6.47099630515863E-03 6.48216615166008E-03 6.49331178468918E-03 6.50443605909506E-03 6.51549914782077E-03 6.52646222150959E-03 6.5372871796793E-03 6.54795682601235E-03 6.55844429816586E-03 6.56873591551456E-03 6.57881092634112E-03 6.58867215743615E-03 6.59834101720756E-03 6.60788151660782E-03 6.61737134012454E-03 6.62690768635946E-03 6.63653174251415E-03 6.64628164671375E-03 6.65617779665314E-03 6.66626746875953E-03 6.67655966377318E-03 6.68706094571701E-03 6.69767725408176E-03 6.70831299069229E-03 6.71885550757993E-03 6.72923333945146E-03 6.73934903507773E-03 6.74913715778624E-03 6.75856889509726E-03 6.76764683771192E-03 6.77638055153638E-03 6.78479362457982E-03 6.7928949440309E-03 6.80070192276124E-03 6.80823197584201E-03 6.81551198932714E-03 6.82257055525805E-03 6.8294366849485E-03 6.83612703595949E-03 6.8426555881965E-03 6.84903648172197E-03 6.85528657656536E-03 6.8614223908431E-03 6.86745695045608E-03
6.22964942031395E-03 6.24627595282457E-03 6.26235507415269E-03 6.2779303032458E-03 6.29304422502494E-03 6.30774789783479E-03 6.3220647725137E-03 6.33602493266064E-03 6.3496578277006E-03 6.36300226625249E-03 6.37607579886699E-03 6.38889210222815E-03 6.4014457577939E-03 6.41374068467435E-03 6.42579591040324E-03 6.4376500204166E-03 6.44933766818982E-03 6.4609002322425E-03 6.47236157178659E-03 6.48374452957964E-03 6.49506702008103E-03 6.50635239916783E-03 6.51760800815596E-03 6.52883508631742E-03 6.54000492862991E-03 6.55107811884782E-03 6.56201048866356E-03 6.57277663641144E-03 6.58335020029747E-03 6.59371909557126E-03 6.60386842768568E-03 6.61380017973208E-03 6.62353080764846E-03 6.63311248063332E-03 6.64261173660511E-03 6.65211750719974E-03 6.66169089993887E-03 6.67138565317047E-03 6.68123034000651E-03 6.69126792334905E-03 6.70150225259524E-03 6.71193439373671E-03 6.72247133473972E-03 6.73301966553172E-03 6.74347111631258E-03 6.75375609824284E-03 6.7637816670716E-03 6.77348030994176E-03 6.78282235351353E-03 6.79181170812141E-03 6.80046462675633E-03 6.80880659807402E-03 6.81685421311777E-03 6.82462662619559E-03 6.83214390178249E-03 6.83943352621684E-03 6.8465249407859E-03 6.85344315853509E-03 6.86020482804062E-03 6.86682094287392E-03 6.87330554292266E-03 6.87967441314232E-03 6.88594149650307E-03 6.89211446110976E-03
6.25373665567938E-03 6.27073734525647E-03 6.28718489470633E-03 6.30311672882691E-03 6.31857067751251E-03 6.33358858681326E-03 6.34819223867442E-03 6.36241264198589E-03 6.37627903298177E-03 6.3898234660218E-03 6.40306185042812E-03 6.41601008965321E-03 6.42867449894751E-03 6.4410725033049E-03 6.45323224590592E-03 6.4651931420332E-03 6.47699215995469E-03 6.48867175008369E-03 6.50025767856309E-03 6.51177404726431E-03 6.52323819167842E-03 6.53466700182423E-03 6.54606210893941E-03 6.55742348195008E-03 6.56872245874726E-03 6.57991463704811E-03 6.59095268908641E-03 6.60180812594635E-03 6.61245485113003E-03 6.62288302712342E-03 6.63308124304621E-03 6.64305295771286E-03 6.65281688277067E-03 6.66242297709154E-03 6.6719335091206E-03 6.68143215712651E-03 6.69098373043511E-03 6.70064335321896E-03 6.71044327930477E-03 6.72042373445835E-03 6.73058550354566E-03 6.7409130175474E-03 6.75130893898988E-03 6.76168841075022E-03 6.77195403076904E-03 6.78203885573096E-03 6.79185290431606E-03 6.80133796764922E-03 6.81046843298115E-03 6.8192541235019E-03 6.82771716427346E-03 6.83588523068916E-03 6.84378032425026E-03 6.85142387780715E-03 6.8588391037267E-03 6.86605634735584E-03 6.87310434274575E-03 6.8800033073916E-03 6.88676808268368E-03 6.89340842016358E-03 6.89993897137425E-03 6.90637280730819E-03 6.91272008694874E-03 6.91898206024486E-03
6.28123720311987E-03 6.29868103494127E-03 6.31555593805148E-03 6.3318956421025E-03 6.3477345669429E-03 6.36310849306268E-03 6.37804208265785E-03 6.39256474518028E-03 6.40670421992644E-03 6.4204888537327E-03 6.43393606965769E-03 6.44706300776614E-03 6.4598855577662E-03 6.4724308400477E-03 6.48473485966263E-03 6.49684022945473E-03 6.50878696126373E-03 6.52061811810115E-03 6.53236050369519E-03 6.54403811519937E-03 6.55566816423991E-03 6.56726418053615E-03 6.57882241218167E-03 6.59033834890218E-03 6.60177293489955E-03 6.61307499057813E-03 6.62419729530864E-03 6.63511263592666E-03 6.64579561877639E-03 6.65623945990405E-03 6.66643518896312E-03 6.67639204456673E-03 6.68613799975893E-03 6.69572712184089E-03 6.70521931237696E-03 6.71469498017419E-03 6.72421127822889E-03 6.73381788992739E-03 6.74354561998422E-03 6.75342921491831E-03 6.76345823372418E-03 6.77360701805792E-03 6.78378457128352E-03 6.79390831131044E-03 6.80389367444946E-03 6.81368011745279E-03 6.82319193186437E-03 6.8323726602615E-03 6.84120622420351E-03 6.84970714558709E-03 6.85790168961984E-03 0.006865818730957 6.87348791004548E-03 6.88093206236232E-03 6.88818223502378E-03 6.89526808340839E-03 6.90221471622304E-03 6.90903617352006E-03 6.91574854642025E-03 6.92235861153232E-03 6.92888107369981E-03 6.93532761510954E-03 6.94170361643259E-03 6.94800455758549E-03
6.31233607726728E-03 6.33029181196256E-03 6.34765722980727E-03 6.36446191099191E-03 6.3807371761806E-03 6.39651463350494E-03 6.41182089995283E-03 6.42668521065106E-03 6.4411351299466E-03 6.4551971883632E-03 0.006468891108321 6.48223640014743E-03 6.49525709087355E-03 6.50798971387278E-03 6.52047685952674E-03 6.53276358846183E-03 6.54489230097704E-03 6.55690378672505E-03 0.006568824200454 6.58067936293488E-03 6.59248675236043E-03 6.60425659966867E-03 6.6159807278346E-03 6.62764449620664E-03 6.63919278399109E-03 6.65056975244202E-03 6.6617299601669E-03 6.67264835359217E-03 6.68330412965963E-03 6.69369360880747E-03 6.70381183262601E-03 6.71368116066342E-03 6.72334162686021E-03 6.73285266691914E-03 6.7422751420426E-03 6.75168231112007E-03 6.76111807530837E-03 6.77062547908378E-03 6.78022972947065E-03 6.78995370620993E-03 6.79977597771687E-03 6.80966167363016E-03 6.81952663397976E-03 6.8293007765795E-03 6.83891437241818E-03 6.84831362659713E-03 6.85743335714183E-03 6.86623013954094E-03 6.87469894429164E-03 6.88285535339257E-03 6.89072701213035E-03 6.89834490860392E-03 6.90574200498743E-03 6.9129453944425E-03 6.91999294370609E-03 6.92690798288019E-03 6.93370970596094E-03 6.94040929261352E-03 6.94702325391349E-03 6.95355702807995E-03 6.96002686477572E-03 6.96643860378758E-03 6.97279343266811E-03 6.97908439766233E-03
6.34720907438737E-03 6.36574896645869E-03 6.38366976161557E-03 6.40099637352461E-03 6.41775754882615E-03 6.43398209148293E-03 6.44969895521691E-03 6.46493823622662E-03 6.47972929312862E-03 6.49409803380756E-03 6.50806879320194E-03 6.52166395201403E-03 6.5349171179987E-03 6.54787295808011E-03 6.56057736315935E-03 6.57307468676107E-03 6.58540627526044E-03 6.59761169850475E-03 6.60971828781511E-03 6.62175092710355E-03 6.63372428716896E-03 6.64564538186102E-03 6.65749901665696E-03 6.66926548549715E-03 6.6808762336247E-03 6.69226400103829E-03 6.70338153840002E-03 6.7142130539045E-03 6.72474715155915E-03 6.7349884222934E-03 6.74494479372719E-03 6.7546470857318E-03 6.76414194081514E-03 6.77349594479759E-03 6.78276958482558E-03 6.79203463990283E-03 6.8013242679242E-03 6.81066492240604E-03 6.82006703675667E-03 6.82954490140277E-03 6.83907250142381E-03 6.84860539097561E-03 6.8580750402779E-03 6.86742057671469E-03 6.87658867886101E-03 6.8855330226824E-03 6.89420667729126E-03 6.90257039789001E-03 6.91062717390093E-03 6.91840011759519E-03 6.92592358037127E-03 6.93322561528653E-03 6.94033933424612E-03 6.9472901173098E-03 6.95411268123791E-03 6.96082948790965E-03 6.96745961457903E-03 6.97400914017382E-03 6.98049194625989E-03 6.98691127298985E-03 6.99328079457027E-03 6.99960727803662E-03 7.00589303887066E-03 7.01212874048297E-03
6.38607969431592E-03 6.4052665194545E-03 6.42379871448065E-03 6.44169604706381E-03 6.4589854592161E-03 6.47569401690468E-03 6.49185327381862E-03 6.50749557026343E-03 6.52265196986358E-03 6.53734949146407E-03 6.55161794871798E-03 6.56548561354968E-03 6.57899723795021E-03 6.59220313345174E-03 6.60514814171475E-03 6.61787269852642E-03 6.63041563101984E-03 6.64281375019752E-03 6.65509352691282E-03 6.66727768792616E-03 6.67937730203304E-03 6.69139694120601E-03 6.70331569444527E-03 6.71510657776963E-03 6.72668272590035E-03 6.73797170443607E-03 6.74893414932135E-03 6.7595688610988E-03 6.76987343475286E-03 6.77986385044045E-03 6.78956004400736E-03 6.7990015571712E-03 6.80824121249809E-03 6.8173520653264E-03 6.82639331420166E-03 6.83543221116144E-03 6.84448539755886E-03 6.85356483837783E-03 6.86266945902539E-03 6.87180768052218E-03 6.8809462477144E-03 6.89003909731191E-03 6.89903403678761E-03 6.90788279290505E-03 0.006916546937651 6.92498697412391E-03 6.93317075877742E-03 6.94106582882045E-03 6.94868746837792E-03 6.95606379129702E-03 6.9632325427943E-03 6.97021563649444E-03 6.97704468908808E-03 6.98374060766641E-03 6.99033250584026E-03 6.99683944521649E-03 7.00328022622991E-03 7.00965650046152E-03 7.0159798778371E-03 7.02225112763812E-03 7.0284834985146E-03 7.03468372249724E-03 7.0408566219252E-03 7.04699152206325E-03
6.42917683133621E-03 6.44906269062333E-03 6.46824891884513E-03 6.4867511128998E-03 6.50459631194612E-03 6.52181236503746E-03 6.53843521038937E-03 6.55449907103371E-03 6.57003619624886E-03 6.58507540957156E-03 6.59965409638749E-03 6.61380786687392E-03 6.62759202900324E-03 6.64105971464175E-03 6.65424957484304E-03 6.66719659722931E-03 6.67993578490681E-03 6.69250012841809E-03 6.7049120264024E-03 6.71718964173967E-03 6.72933961667563E-03 6.74136664153724E-03 6.75324388611457E-03 6.76493403769613E-03 6.77633083821367E-03 6.78737429854216E-03 6.79804877652462E-03 6.80836862419507E-03 6.81833707424418E-03 6.82797645733807E-03 6.83731330620168E-03 6.84639714761918E-03 6.85528904759116E-03 6.86406612660372E-03 6.87278094099616E-03 6.88149399224373E-03 6.89020089064254E-03 6.8989079520616E-03 6.90761431408951E-03 6.91632366093718E-03 6.92499725717572E-03 6.93358449355657E-03 6.94205154256101E-03 6.9503622082169E-03 6.95849296216851E-03 6.96640576261391E-03 6.97408323394973E-03 6.98149877572066E-03 6.98868541992338E-03 6.99567236231725E-03 7.00249237693907E-03 7.00915873087774E-03 7.01570307553701E-03 7.02214174499352E-03 7.02849974924574E-03 7.03478943747724E-03 7.04102568373625E-03 7.04720564152331E-03 7.05334159218072E-03 7.05943230886301E-03 7.06549323993458E-03 7.07152980524913E-03 7.07754615026307E-03 7.08353138211198E-03
6.47669443932174E-03 6.49731285895021E-03 6.51717508850004E-03 6.53629780701383E-03 6.55470951223125E-03 6.57244225253078E-03 6.58953641806381E-03 6.60602679110514E-03 6.62194669514908E-03 6.63733010938592E-03 6.6522194366545E-03 6.66666309433452E-03 6.68072438454706E-03 6.69444834192517E-03 6.70786468191768E-03 6.72100605229193E-03 6.73390295423482E-03 6.74658217443849E-03 6.75905862216101E-03 6.77134151490343E-03 6.78343237512165E-03 6.79533689137346E-03 6.80703089078645E-03 6.81845199253954E-03 6.82949347106532E-03 6.84013693052158E-03 6.85039351690342E-03 6.86028193177534E-03 6.86980712001857E-03 6.87899635168511E-03 6.88788020245395E-03 6.89651726557955E-03 6.90497326858951E-03 6.91332153399856E-03 6.92161165392172E-03 6.92988482082926E-03 6.93812348527681E-03 6.94634640042989E-03 6.95455887749765E-03 6.96275422163213E-03 6.9708856536335E-03 6.97891310478519E-03 6.98681819938961E-03 6.99457353094463E-03 7.00216232590043E-03 7.00954827514174E-03 7.01672234340052E-03 7.0236727241692E-03 7.03044824202438E-03 7.03706514100704E-03 7.04354604497708E-03 7.04990001811753E-03 7.05615973709842E-03 0.007062335851891 7.06845100047806E-03 7.0745092062653E-03 7.08051988926404E-03 7.08647865863615E-03 7.09239823633424E-03 0.007098277666121 7.10413525117719E-03 7.1099703521406E-03 7.11578476493286E-03 7.12156960622284E-03
