NongDo/Fusa 18h.grd
DSAA
463	323
2	464
2	324
0	10
[rows 140 to 167 of 323, columns 192 to 255 of 463]
7.43119374488506E-03 7.53958285007009E-03 7.64771481554317E-03 7.75522247738395E-03 7.86171410864525E-03 7.96671988952636E-03 8.06977321497131E-03 8.17040178267334E-03 8.26815512239362E-03 8.36257870047321E-03 8.45324111159131E-03 8.53972327552785E-03 8.62166293600791E-03 8.69876315516819E-03 8.77079686764437E-03 8.8376144421343E-03 8.89915111308294E-03 8.95543718526034E-03 9.00658109297437E-03 9.05276245781976E-03 9.09421494697767E-03 9.13121342994108E-03 9.16405323708881E-03 9.19303817387525E-03 9.21846514035416E-03 9.24060791365867E-03 9.25970738927346E-03 9.27596676848542E-03 9.28959732034358E-03 9.30082922160212E-03 9.30991072016541E-03 9.3170884521331E-03 9.32259856627157E-03 9.32666789866857E-03 9.32950917128683E-03 9.33131759432107E-03 9.33225906118132E-03 9.3324708422553E-03 9.33206181711718E-03 9.3311137173366E-03 9.32969081101222E-03 9.32784475416726E-03 9.3256207313454E-03 9.32306719918299E-03 9.32024951027881E-03 9.31725513350977E-03 9.31420234632313E-03 9.30851004100043E-03 0 0 0 0 0 0 0 0 0 0 0 0 0 0 0 0
7.53074457063132E-03 7.63897591531061E-03 7.74651741008569E-03 7.85300236918119E-03 7.95804192609097E-03 8.06117060570471E-03 8.16195544874426E-03 8.25996203387245E-03 8.35477777185014E-03 8.44598187321343E-03 8.53317821637318E-03 8.61598346862232E-03 8.69407565246164E-03 8.76719805718573E-03 8.83516168314923E-03 8.89785483319209E-03 8.95525321476732E-03 9.00743027259363E-03 9.05453469487516E-03 9.09678562606783E-03 9.13445040148632E-03 9.1678285922865E-03 9.19723357513902E-03 9.2229807266008E-03 9.24537093846061E-03 9.26467588703827E-03 9.28113145951919E-03 9.29493087474392E-03 9.30628793213232E-03 9.31544442162022E-03 9.32264955803744E-03 9.32814518622297E-03 9.33216148657515E-03 9.33491886721126E-03 9.33662011662057E-03 9.33744787313778E-03 9.33755428785832E-03 9.33706097581779E-03 9.33605968927803E-03 9.33461324252748E-03 9.33277343358779E-03 9.33058658039421E-03 9.32809373827276E-03 9.32534623584049E-03 9.3224348661961E-03 9.31950749477571E-03 9.31420234632313E-03 0 0 0 0 0 0 0 0 0 0 0 0 0 0 0 0 0
7.62919428209906E-03 7.73692194895063E-03 7.84354171256865E-03 7.94868321119219E-03 8.05195873468499E-03 8.15292559736118E-03 8.25119432993561E-03 8.34636721093034E-03 8.4380632827812E-03 8.52589070416335E-03 8.60948445016474E-03 8.68850024608687E-03 8.76265676610059E-03 8.83173600345904E-03 8.89558737425209E-03 8.9541407410765E-03 9.00741539118451E-03 9.05552773289065E-03 9.09866742502055E-03 9.13709288805731E-03 9.17110296238057E-03 9.20101800739442E-03 9.22716448712033E-03 9.24986325397496E-03 9.26941277425111E-03 9.28607744006687E-03 9.30008463525806E-03 9.31162093991411E-03 9.32090500478712E-03 9.32818495546845E-03 9.33370473630631E-03 9.33769952227634E-03 9.34039318084959E-03 9.34199970287141E-03 9.3427129385909E-03 9.34270152596152E-03 9.34210179698358E-03 9.34102007286961E-03 9.33953251240381E-03 9.33768264634772E-03 9.33550916893344E-03 9.33305931534367E-03 9.33037776350326E-03 9.32752760345481E-03 9.3246381444177E-03 9.31950749477571E-03 0 0 0 0 0 0 0 0 0 0 0 0 0 0 0 0 0 0
7.72643094879001E-03 7.83332826738535E-03 7.93871225607619E-03 8.04220563071062E-03 8.14342980238167E-03 8.24198911502256E-03 8.33752427672112E-03 8.42967150218968E-03 8.51807435302591E-03 8.60237057539985E-03 8.68222569167606E-03 8.75734126793716E-03 8.8274731021382E-03 8.89244279555379E-03 8.95214143739337E-03 9.00654545887689E-03 9.0557199045275E-03 9.09982356575133E-03 9.13908875351212E-03 9.17381118487744E-03 9.20431740744247E-03 9.23094251558742E-03 9.25402032622373E-03 9.27387053772301E-03 9.29078283093083E-03 9.30501009077606E-03 9.31676924380032E-03 9.32624376602574E-03 9.33365377488213E-03 9.33924949999279E-03 9.34326713937613E-03 9.34593393465464E-03 9.34746786857401E-03 9.34807572488021E-03 9.34794178819077E-03 9.34722000211667E-03 9.34603017963382E-03 9.3444628185645E-03 9.34257901640916E-03 9.34040744136329E-03 9.33797559961186E-03 9.33533766860654E-03 9.33255578155258E-03 9.32972427434241E-03 9.3246381444177E-03 0 0 0 0 0 0 0 0 0 0 0 0 0 0 0 0 0 0 0
7.82239948989677E-03 7.92815316148851E-03 8.03199385442696E-03 8.13355043605451E-03 8.23246749266117E-03 8.32839236213025E-03 8.42098322809869E-03 8.50990907627057E-03 8.59483725816509E-03 8.67544086126123E-03 8.75141995983419E-03 8.82252078140411E-03 8.88853553776193E-03 8.94933097544506E-03 9.00484535742919E-03 9.05510410108677E-03 9.10021879695322E-03 9.14039189207138E-03 9.17589781767147E-03 9.20706422240071E-03 9.23423830715748E-03 9.25776430821406E-03 9.27797663019458E-03 9.29518644679541E-03 9.30966929782671E-03 9.32166366975033E-03 0.00933137574852 9.33898864331206E-03 9.34472155520135E-03 9.34882012389791E-03 9.35151041774634E-03 9.3530140098342E-03 9.35354396943318E-03 9.3532978087149E-03 9.35244726767141E-03 9.35113246882302E-03 9.34945720781936E-03 9.34749390992111E-03 9.34528706223144E-03 9.34285764589114E-03 9.34023194813003E-03 9.3374807382129E-03 9.33470343923205E-03 9.32972427434241E-03 0 0 0 0 0 0 0 0 0 0 0 0 0 0 0 0 0 0 0 0
7.91706927678761E-03 8.02137794219067E-03 8.12338518011599E-03 8.22273519678147E-03 8.31909309004601E-03 8.41213887598736E-03 8.50155968786396E-03 8.58705336506564E-03 8.66831628258029E-03 8.7450589593667E-03 8.81701997383464E-03 8.88398670497953E-03 8.94579733166961E-03 9.00236771025681E-03 9.05368784433363E-03 9.09983189130445E-03 9.14095847857595E-03 9.17731279706399E-03 9.20920631385827E-03 9.23699160830001E-03 9.26102835749099E-03 9.28166342089398E-03 9.29922321084488E-03 9.31400421599599E-03 9.32626508990421E-03 9.33622796023081E-03 9.34408767990166E-03 9.35002927015499E-03 9.35426921530083E-03 9.35704259944209E-03 9.35856876070879E-03 9.3590647179791E-03 9.35873743898609E-03 9.35777372832234E-03 9.35633225939923E-03 9.35453828372692E-03 9.35247737111054E-03 9.35020195303512E-03 9.34774336554496E-03 9.3451211996819E-03 9.34237610813498E-03 9.33961143596889E-03 9.33470343923205E-03 0 0 0 0 0 0 0 0 0 0 0 0 0 0 0 0 0 0 0 0 0
8.01027053345061E-03 8.11283066343277E-03 8.21271482585241E-03 8.30958549655085E-03 8.40312619181652E-03 8.49304921722466E-03 8.57907601161137E-03 8.66093426382566E-03 8.73835324247695E-03 8.81108178585564E-03 8.87889930310199E-03 8.9416371195176E-03 8.99918618044242E-03 9.05151516884005E-03 9.09866836079797E-03 9.1407665518968E-03 9.17801375808507E-03 9.21069528755718E-03 9.23915292579799E-03 9.26375621260588E-03 9.2848689551894E-03 9.30283190310224E-03 9.31795609901006E-03 9.33052061091788E-03 9.34076546939931E-03 9.34889604905829E-03 9.35509696027266E-03 9.35955173593931E-03 9.36246897248583E-03 9.36407603586532E-03 9.36459061438487E-03 9.36422358912688E-03 9.36317290991511E-03 9.36161501194253E-03 9.35969792690856E-03 9.35753186749124E-03 9.35517949836417E-03 9.35266821499006E-03 9.35002415100533E-03 0.009347279426541 9.34451775115745E-03 9.33961143596889E-03 0 0 0 0 0 0 0 0 0 0 0 0 0 0 0 0 0 0 0 0 0 0
8.10175496704865E-03 8.20225426882425E-03 8.29971680407225E-03 8.39382595043671E-03 8.48428934469764E-03 8.5708549812206E-03 8.65327777216955E-03 8.73131610723578E-03 8.8047342216869E-03 8.87332229304654E-03 8.93690517817627E-03 8.99536167398214E-03 9.04863689221582E-03 9.09675506479745E-03 9.13981454275826E-03 9.17797938998054E-03 9.21149569160776E-03 9.24068455790107E-03 9.2659093423968E-03 9.2875478384141E-03 9.30595990324861E-03 9.32147254624257E-03 9.33437818934325E-03 9.34493637446612E-03 9.35336586272203E-03 9.35985507068117E-03 9.3645788235121E-03 9.36771853198026E-03 9.36947753493733E-03 9.3700751006681E-03 9.36972476326044E-03 9.36863082709596E-03 9.36698168147336E-03 9.36494383321597E-03 9.36265878156764E-03 9.36022638458272E-03 0.009357677379871 9.35499605284083E-03 9.35223062706318E-03 9.34944876654095E-03 9.34451775115745E-03 0 0 0 0 0 0 0 0 0 0 0 0 0 0 0 0 0 0 0 0 0 0 0
8.19123183928347E-03 8.28935624828634E-03 8.38410008640888E-03 8.47517259012802E-03 8.56231137034179E-03 8.64530139795392E-03 8.72393033561485E-03 8.79798913718837E-03 8.86728026552261E-03 8.93163786076786E-03 8.99093564248994E-03 9.04510193763263E-03 9.09413734226934E-03 9.13812110959717E-03 9.17720314334225E-03 9.21158801765487E-03 9.24155929564694E-03 9.26746546035559E-03 9.28968178305004E-03 9.30858575222063E-03 9.32452596272221E-03 9.33781145926242E-03 9.34871375745542E-03 9.3574700593102E-03 9.36427634705562E-03 9.36930517955635E-03 9.37272304895197E-03 9.37470932768987E-03 9.37546346705346E-03 9.37519745221864E-03 9.37411836181054E-03 9.3724221213349E-03 9.37028725767644E-03 9.36787282826647E-03 9.36532377187761E-03 9.36274417081625E-03 9.36011841421607E-03 9.35730026683015E-03 9.35447010818349E-03 9.34944876654095E-03 0 0 0 0 0 0 0 0 0 0 0 0 0 0 0 0 0 0 0 0 0 0 0 0
8.27838904175905E-03 8.37382893524223E-03 8.46556668332784E-03 8.55334262928828E-03 8.63692821481388E-03 8.71614600829787E-03 8.79081818063378E-03 8.86077049514439E-03 8.92584621395673E-03 8.98592583882179E-03 9.04093349444836E-03 9.09084801636632E-03 0.00913572566985 9.17569828702804E-03 9.21096261244987E-03 9.24175904475246E-03 9.26840048446629E-03 9.29125425046796E-03 9.31069943754263E-03 9.32710546976737E-03 9.3408040860121E-03 9.35208303124284E-03 9.36118990097217E-03 9.36833787167445E-03 9.37370156613486E-03 9.37743932873756E-03 9.37971107440443E-03 9.38069442714282E-03 9.38058624777093E-03 9.37959165632263E-03 9.37790895727095E-03 9.37572200339979E-03 9.37319668823509E-03 9.3704917681489E-03 9.3677846478404E-03 9.36523193585079E-03 9.36278463813385E-03 9.35973129662427E-03 9.35447010818349E-03 0 0 0 0 0 0 0 0 0 0 0 0 0 0 0 0 0 0 0 0 0 0 0 0 0
8.3629056398606E-03 8.45536606116562E-03 8.54383029269715E-03 8.62807454707423E-03 8.70790738958591E-03 8.78318828491324E-03 8.85377540748009E-03 8.91953278327437E-03 8.98034752429123E-03 9.03614644797829E-03 9.08690433380991E-03 9.13265189304366E-03 9.17349910181286E-03 9.20962444010881E-03 9.24126503781544E-03 9.26869215293585E-03 9.29223978016837E-03 9.31228446201108E-03 9.32920152086757E-03 9.34334634358425E-03 9.35502941923741E-03 9.36451481640461E-03 9.37202438223173E-03 9.37774671978134E-03 9.38183707784165E-03 9.38444228469545E-03 9.38571754435461E-03 9.38583837391609E-03 9.38499906203902E-03 9.38339951262596E-03 9.38122759488541E-03 9.37864778473845E-03 9.37580248260708E-03 9.37285273417658E-03 9.37006900209948E-03 9.36780813045315E-03 9.36639755877508E-03 9.35973129662427E-03 0 0 0 0 0 0 0 0 0 0 0 0 0 0 0 0 0 0 0 0 0 0 0 0 0 0
8.44446784949667E-03 8.53367719986484E-03 8.61862806830145E-03 8.69913661880093E-03 8.77505135401677E-03 8.84626765140906E-03 8.91268184261397E-03 8.97419952055299E-03 9.03075292074661E-03 9.08231512938973E-03 9.12891110486175E-03 9.17062281292218E-03 9.20760730622881E-03 9.24008335976561E-03 9.26832149231961E-03 9.29261769835602E-03 9.3133177895685E-03 9.33079966672871E-03 9.34542977648947E-03 9.35754393437695E-03 9.36742782485612E-03 9.37532053454244E-03 9.38141813736997E-03 9.38588511683782E-03 9.38886032523495E-03 9.39048121561588E-03 9.39089901170602E-03 9.39028707300755E-03 9.38883901294735E-03 9.38675164958158E-03 9.38420073134515E-03 9.38132006379607E-03 9.37819560947571E-03 9.37494816082096E-03 9.37202696738137E-03 9.37011621188526E-03 9.36989429020106E-03 0 0 0 0 0 0 0 0 0 0 0 0 0 0 0 0 0 0 0 0 0 0 0 0 0 0 0
8.52279141187336E-03 8.6085113688731E-03 8.68974637081263E-03 8.76635430406002E-03 8.83822510363371E-03 8.90529173335934E-03 8.96749055450772E-03 9.02476892017678E-03 9.0771050718832E-03 0.009124519104244 9.16708445054626E-03 9.20492822531301E-03 9.2382476180666E-03 9.26729640032234E-03 9.29237180804107E-03 9.31378475001023E-03 9.33188495676174E-03 9.34704768500887E-03 9.35962502640009E-03 9.36992859923662E-03 9.37821722362906E-03 9.38470419545567E-03 9.38956055859807E-03 9.39292997590078E-03 9.39493796491561E-03 9.39571354685221E-03 9.39540338544845E-03 9.39417830302746E-03 9.39223406381966E-03 9.38977111378779E-03 9.3869586802701E-03 9.38389191892005E-03 9.38052407833642E-03 9.37670060493619E-03 9.37328308226251E-03 9.37135201384459E-03 9.36989429020106E-03 0 0 0 0 0 0 0 0 0 0 0 0 0 0 0 0 0 0 0 0 0 0 0 0 0 0 0
8.59763120994452E-03 8.67966213503084E-03 8.75701881669113E-03 8.82960373640716E-03 8.89735008777621E-03 8.9602288943976E-03 9.01821525242976E-03 9.0712992879285E-03 9.11950651537392E-03 9.16290284676871E-03 9.20160486935204E-03 9.23577748351705E-03 9.2656521131175E-03 9.2915109311308E-03 9.3136702990731E-03 9.33244721577949E-03 9.34819159349293E-03 9.36127195993462E-03 9.37201874134148E-03 9.38071615377377E-03 9.38759625063543E-03 9.39284793838749E-03 9.39662056727902E-03 9.3990400069989E-03 9.40021966222848E-03 9.40028088270546E-03 9.39936496176354E-03 9.39763794291905E-03 9.39530126397695E-03 9.39257372342949E-03 9.38964393478776E-03 9.38661252312714E-03 9.38324523358816E-03 9.37799096514785E-03 9.37328308226251E-03 9.37135201384459E-03 0 0 0 0 0 0 0 0 0 0 0 0 0 0 0 0 0 0 0 0 0 0 0 0 0 0 0 0
8.66880195693537E-03 8.74698533095218E-03 8.82034419826528E-03 8.88882808105801E-03 8.95241426365624E-03 9.01110910249292E-03 9.06492722703304E-03 9.11390349898532E-03 9.15811034465953E-03 9.19765442651047E-03 9.23268943047793E-03 9.26341161557677E-03 9.29007912806645E-03 9.31299427984984E-03 9.33248413222084E-03 9.3488690031396E-03 9.36249502578373E-03 9.37371631156692E-03 9.38283654720995E-03 9.3901128874639E-03 9.39575276848421E-03 9.39992389998967E-03 9.40275728580102E-03 9.40436320590819E-03 9.40484399932879E-03 9.40431390271193E-03 9.40290737023255E-03 9.40078067805395E-03 9.39814119835925E-03 9.39524622748814E-03 9.39235891178942E-03 9.38979989146858E-03 9.38801508957044E-03 9.37799096514785E-03 0 0 0 0 0 0 0 0 0 0 0 0 0 0 0 0 0 0 0 0 0 0 0 0 0 0 0 0 0 0
8.73616795206218E-03 8.81038820355626E-03 8.87967412978783E-03 8.94402304545198E-03 9.00345626839499E-03 9.05801173219959E-03 9.1077473744652E-03 9.15274256177886E-03 9.19311277562107E-03 9.22899851905166E-03 9.26058530716615E-03 9.28809409232954E-03 9.31180091882142E-03 9.33202093176571E-03 9.34908406035646E-03 9.36331224895978E-03 9.37504087992612E-03 9.38460453129168E-03 9.39228100671293E-03 9.39830209079806E-03 9.40285372233169E-03 9.40608528254817E-03 9.40811167922496E-03 9.40902959179216E-03 9.40893216180868E-03 9.40792577660958E-03 9.4061339673211E-03 9.40369668737177E-03 9.40082217036891E-03 9.39780850976185E-03 9.39498066330404E-03 9.39287699323004E-03 9.39259894256038E-03 0 0 0 0 0 0 0 0 0 0 0 0 0 0 0 0 0 0 0 0 0 0 0 0 0 0 0 0 0 0 0
8.79964512408442E-03 8.86983235802968E-03 8.93501778364536E-03 8.99524249041702E-03 9.05056943798126E-03 9.10107223438283E-03 9.1468525288157E-03 9.1880286827582E-03 9.22475263624821E-03 9.25719374413569E-03 9.28556312028866E-03 9.31009979642106E-03 9.33109055294134E-03 9.34885550914388E-03 9.36372212606584E-03 9.37601140910282E-03 9.38604391187945E-03 9.39413124196663E-03 9.40052690669272E-03 9.40544149817189E-03 9.40904293402944E-03 9.41146392363751E-03 9.41280475060617E-03 9.41315126605801E-03 9.41258883902489E-03 9.41121437511211E-03 9.40913563398268E-03 9.40646796846117E-03 9.40340620348228E-03 9.40026445753701E-03 9.39731161133732E-03 9.39476935524469E-03 9.39259894256038E-03 0 0 0 0 0 0 0 0 0 0 0 0 0 0 0 0 0 0 0 0 0 0 0 0 0 0 0 0 0 0 0
8.85920100259907E-03 8.92533004957798E-03 8.98643028729241E-03 9.04258404766588E-03 9.0938962054441E-03 9.14047756225565E-03 9.18246480353328E-03 9.22001094598262E-03 9.25329848304732E-03 9.28252067638272E-03 9.30790596843424E-03 9.32970611804561E-03 9.34821286378885E-03 9.36374518215648E-03 9.37662501608207E-03 9.38717028765417E-03 9.39568587760067E-03 9.40245738378031E-03 9.4077178486489E-03 9.41165975576046E-03 9.41443500382528E-03 9.41616126322472E-03 9.41692732918343E-03 9.41681039873484E-03 9.41588827786349E-03 9.41424590836394E-03 9.41196927181548E-03 9.40914605215438E-03 9.40596034719681E-03 9.40273034434764E-03 9.39969221246138E-03 9.39476935524469E-03 0 0 0 0 0 0 0 0 0 0 0 0 0 0 0 0 0 0 0 0 0 0 0 0 0 0 0 0 0 0 0 0
8.91489124875028E-03 8.97697905513663E-03 9.03404750071259E-03 9.08622093743101E-03 9.13364424717208E-03 9.17645952576885E-03 9.21483292750062E-03 9.24894847814416E-03 9.27901418935224E-03 9.30524091138426E-03 9.32786837967554E-03 9.34715672777302E-03 9.36339784729591E-03 9.37690593995383E-03 9.38799464392052E-03 9.39697450819898E-03 9.40413282476463E-03 9.40973250275026E-03 9.41398975543626E-03 9.41708025096088E-03 9.4191409137882E-03 9.42027674158204E-03 9.42056798104631E-03 9.42008526249159E-03 9.41890030759876E-03 9.41708471442449E-03 9.41469051972282E-03 9.41176291824861E-03 9.40852417856618E-03 9.40531245502852E-03 9.39969221246138E-03 0 0 0 0 0 0 0 0 0 0 0 0 0 0 0 0 0 0 0 0 0 0 0 0 0 0 0 0 0 0 0 0 0
8.96682241602215E-03 9.02492399132333E-03 9.07805009652314E-03 9.12636582300463E-03 9.17004925053079E-03 9.20926738613042E-03 9.24421482110704E-03 9.27510264380743E-03 9.30215920555923E-03 9.32560617107737E-03 9.3456910108136E-03 9.36267838380291E-03 9.37685621450161E-03 9.38853102953549E-03 9.3980055517642E-03 9.40558073374718E-03 9.41152776953393E-03 9.41608904564704E-03 9.41946438020679E-03 9.42181445426195E-03 9.42326337701159E-03 9.42390543469781E-03 9.42381357977014E-03 9.42305483538827E-03 9.42170058219349E-03 9.41981904638168E-03 9.41741926908619E-03 9.41440533568297E-03 9.41117281297354E-03 9.40531245502852E-03 0 0 0 0 0 0 0 0 0 0 0 0 0 0 0 0 0 0 0 0 0 0 0 0 0 0 0 0 0 0 0 0 0 0
9.01514002957138E-03 9.06934000093653E-03 9.11864012388222E-03 9.16323990049325E-03 9.20334442692925E-03 9.2391445252962E-03 9.27086073744548E-03 9.29872549424258E-03 9.32298110618379E-03 9.34385664591146E-03 9.36160382476393E-03 9.37648765936619E-03 9.38878898296149E-03 9.3988046186529E-03 9.4068254480313E-03 9.4131412221371E-03 9.41800757188258E-03 9.42164929859553E-03 9.4242513081848E-03 9.42596113429075E-03 9.42689217989467E-03 9.42712924597165E-03 9.42673836448614E-03 9.42578609992481E-03 9.42435542994312E-03 9.42255014827481E-03 9.42038021466083E-03 9.41714917735413E-03 9.41117281297354E-03 0 0 0 0 0 0 0 0 0 0 0 0 0 0 0 0 0 0 0 0 0 0 0 0 0 0 0 0 0 0 0 0 0 0 0
9.06001562566562E-03 9.11042122123736E-03 9.15602868672322E-03 9.19706608382254E-03 9.2337630331132E-03 9.26633280211446E-03 9.29501597213019E-03 9.32006112642176E-03 9.34171885534212E-03 9.36022266453708E-03 9.37582393425766E-03 9.38878525268372E-03 9.39937888622792E-03 9.40789093600468E-03 9.41460102995851E-03 9.41978673952456E-03 9.42368943812236E-03 9.4265180235873E-03 9.42844397982681E-03 9.42960336014141E-03 9.43010043266477E-03 9.43001252829989E-03 9.42940049917292E-03 9.42833040114555E-03 9.42690481537318E-03 9.42535550374037E-03 9.42420215890378E-03 9.41714917735413E-03 0 0 0 0 0 0 0 0 0 0 0 0 0 0 0 0 0 0 0 0 0 0 0 0 0 0 0 0 0 0 0 0 0 0 0 0
9.1016490106551E-03 9.14838324423501E-03 9.19044235370832E-03 9.22807837487816E-03 9.26154250691413E-03 9.29106910185126E-03 9.3169138716916E-03 9.33933529578002E-03 9.35858713853187E-03 9.37490568618725E-03 9.38853890580866E-03 9.3997435237482E-03 9.40878260762313E-03 9.41593216787926E-03 9.42146112228025E-03 9.42563390520364E-03 0.009428678069398 9.43078870050774E-03 9.43212538363519E-03 9.43281416555267E-03 9.43295201204191E-03 9.43261166364229E-03 9.43185158767853E-03 9.43073085725882E-03 9.4293271553925E-03 9.42789560886414E-03 9.42768533827972E-03 0 0 0 0 0 0 0 0 0 0 0 0 0 0 0 0 0 0 0 0 0 0 0 0 0 0 0 0 0 0 0 0 0 0 0 0 0
9.14024811269859E-03 9.1834438760565E-03 9.22210540988261E-03 9.25650470332651E-03 9.28691120367647E-03 9.3135783436897E-03 9.33677153911375E-03 9.35675444488018E-03 9.37378014866268E-03 9.38808576564982E-03 9.39991285114068E-03 9.40951048894682E-03 9.41713412063314E-03 9.42304948354269E-03 9.4275148117246E-03 9.43078060533441E-03 9.43306178142247E-03 9.43454085429715E-03 9.43536631512623E-03 9.43565557083764E-03 9.43550029646816E-03 9.43497322744358E-03 9.43413935133755E-03 9.43305707544626E-03 9.43169505607712E-03 9.42953925707617E-03 9.42768533827972E-03 0 0 0 0 0 0 0 0 0 0 0 0 0 0 0 0 0 0 0 0 0 0 0 0 0 0 0 0 0 0 0 0 0 0 0 0 0
9.1760161993027E-03 9.21580957207821E-03 9.25122384854801E-03 9.28254893595292E-03 9.31006995355809E-03 9.33405454933435E-03 9.35477342987521E-03 9.37249261346433E-03 9.38746160804115E-03 9.39991401500972E-03 9.41008329940014E-03 9.4182123807628E-03 9.42454929032175E-03 9.42934896678599E-03 9.43285830980215E-03 9.43531422521363E-03 9.43691973516604E-03 9.43784553647805E-03 9.43823004179704E-03 9.43818323280439E-03 9.43779299056209E-03 9.43713730005537E-03 9.43630705135677E-03 9.43543516481078E-03 9.43471417762672E-03 9.42953925707617E-03 0 0 0 0 0 0 0 0 0 0 0 0 0 0 0 0 0 0 0 0 0 0 0 0 0 0 0 0 0 0 0 0 0 0 0 0 0 0
9.20914267767816E-03 9.24567105027737E-03 9.27798844839613E-03 9.30639945635416E-03 9.33120138982957E-03 9.35267181971553E-03 9.37108364259765E-03 9.38670227205056E-03 9.39977079140612E-03 9.41051648744025E-03 9.41916607017248E-03 9.42595687836719E-03 9.43112774291298E-03 9.43492229163535E-03 9.43757584296083E-03 9.43931207560409E-03 9.44032197439576E-03 9.44076531382383E-03 9.4407719684516E-03 9.44044633478045E-03 9.43987436486362E-03 9.43914013083456E-03 9.43836138088347E-03 9.43774540596199E-03 9.43757042958139E-03 0 0 0 0 0 0 0 0 0 0 0 0 0 0 0 0 0 0 0 0 0 0 0 0 0 0 0 0 0 0 0 0 0 0 0 0 0 0 0
9.23978873761572E-03 9.2731888266093E-03 9.30255703914145E-03 9.32821039942515E-03 9.35045523778829E-03 9.36957508706837E-03 9.38584148223232E-03 9.39951482132127E-03 9.41082977685143E-03 9.42000759944695E-03 9.42726888979614E-03 9.43284367797185E-03 9.43696047236276E-03 9.43985196594103E-03 9.44174219715233E-03 9.44284133464649E-03 9.44332814633589E-03 9.44335284023583E-03 9.44303845112546E-03 9.4424859423963E-03 9.44178223597215E-03 9.44101699510078E-03 9.44031780801205E-03 9.43986210042375E-03 9.43757042958139E-03 0 0 0 0 0 0 0 0 0 0 0 0 0 0 0 0 0 0 0 0 0 0 0 0 0 0 0 0 0 0 0 0 0 0 0 0 0 0 0
9.26809758505907E-03 9.29850619623239E-03 9.32507258090494E-03 9.34812327573893E-03 9.36796931670273E-03 9.38489657957055E-03 9.3991716607616E-03 9.41104672171275E-03 9.4207481593169E-03 9.4284907681752E-03 9.43448777615302E-03 9.43896023216083E-03 9.44212711419289E-03 9.44420984675262E-03 9.44542110698663E-03 9.44595746316206E-03 9.44598650877543E-03 9.44565009968856E-03 9.44506572805185E-03 9.44433266963469E-03 9.44354129209928E-03 9.44279274562819E-03 9.44224382580201E-03 9.44209923093624E-03 0 0 0 0 0 0 0 0 0 0 0 0 0 0 0 0 0 0 0 0 0 0 0 0 0 0 0 0 0 0 0 0 0 0 0 0 0 0 0 0
