NongDo/Fusa 17.3h.grd
DSAA
463	323
2	464
2	324
0	10
[rows 140 to 167 of 323, columns 192 to 255 of 463]
7.44238714244027E-03 7.54453904339283E-03 7.6462015476461E-03 7.74704985481838E-03 7.84673744850888E-03 7.94484991215814E-03 8.04098095523726E-03 8.13472172270196E-03 8.22568472519056E-03 8.31347894531608E-03 8.39773414230607E-03 8.47809035720823E-03 8.55423803398865E-03 8.62592355578828E-03 8.69295261476645E-03 8.75519702415006E-03 8.81260160441946E-03 8.86519346589956E-03 8.91306659075982E-03 8.95637639839016E-03 8.99532472671473E-03 9.03014901684015E-03 9.06110389097867E-03 9.08845090851527E-03 9.11244486672322E-03 9.13331985180849E-03 9.15128197249521E-03 9.16650820402251E-03 9.17918929841218E-03 9.18953810311493E-03 9.19778801404495E-03 9.20417381229778E-03 9.20892294995228E-03 9.21225556190498E-03 9.21437952654702E-03 9.2154854173748E-03 9.21573658222644E-03 9.21526877471591E-03 9.21418978479824E-03 9.21257918734582E-03 9.21050180267385E-03 9.20801155650762E-03 9.20515763860458E-03 9.20199415562393E-03 9.19859643763713E-03 9.19506841696151E-03 9.19155223917166E-03 9.18513818746047E-03 0 0 0 0 0 0 0 0 0 0 0 0 0 0 0 0
7.53651431096126E-03 7.63830578010015E-03 7.73921822782434E-03 7.83893193166293E-03 7.9371074016243E-03 8.03333824913246E-03 8.12725214444078E-03 8.21847672065644E-03 8.30665978736644E-03 8.39144096344653E-03 8.47248118544548E-03 8.54945097891281E-03 8.62207437880351E-03 8.69013053644034E-03 8.75345545998238E-03 8.81195102024297E-03 8.86559461905616E-03 8.91444876988545E-03 0.008958640723134 8.99835911432172E-03 9.03383419830136E-03 9.06532437276476E-03 9.09309993187911E-03 9.11743281633904E-03 9.13858188509113E-03 9.15678053592592E-03 9.17223239501594E-03 9.18510840901795E-03 9.19560546670477E-03 9.20395032743419E-03 9.21038001323604E-03 9.21512738046468E-03 9.21841660672723E-03 9.22046342196898E-03 9.22146764894441E-03 9.22160885355599E-03 9.22103829750074E-03 9.21987727225875E-03 9.21821710600605E-03 9.21611832996532E-03 9.21363438983987E-03 9.21081636986621E-03 9.20771169543465E-03 9.20438170540028E-03 9.2009358882929E-03 9.19754980508184E-03 9.19155223917166E-03 0 0 0 0 0 0 0 0 0 0 0 0 0 0 0 0 0
7.62940814526251E-03 7.73052615442066E-03 7.83039331519342E-03 7.92869060953042E-03 8.02508367475467E-03 8.11919049609785E-03 8.21068090649758E-03 8.29921712950608E-03 8.38447579058053E-03 8.46612195301786E-03 8.54384309467212E-03 8.61734247646955E-03 8.68637736235354E-03 8.75075774320965E-03 8.81034990467752E-03 8.86508890073304E-03 8.91498752350377E-03 8.96014373367496E-03 9.00071911914434E-03 9.03693585450568E-03 9.06905125874834E-03 9.09734173737593E-03 9.1220893098062E-03 9.14357129080147E-03 9.16204531827753E-03 9.1777399232256E-03 9.1908535737866E-03 9.20155475758935E-03 9.21004880777233E-03 9.21657120645148E-03 9.22135658376473E-03 9.22463396463099E-03 9.22662369389145E-03 9.22753694245513E-03 9.22756633768239E-03 9.2268788797661E-03 9.22561144667099E-03 9.22387099111966E-03 9.22173376008232E-03 9.21924093774362E-03 9.21643441679389E-03 9.21337008355327E-03 9.21010352203326E-03 9.20671545415453E-03 9.20336391584517E-03 9.19754980508184E-03 0 0 0 0 0 0 0 0 0 0 0 0 0 0 0 0 0 0
7.72096771894346E-03 7.82112140773864E-03 7.91966810706011E-03 8.01628580012781E-03 8.11065222888378E-03 8.20243139539097E-03 8.29132207263219E-03 8.3770177576662E-03 8.45921650875986E-03 8.53760850385891E-03 8.61190638470948E-03 8.68185165979308E-03 8.74723092139531E-03 8.80788539165651E-03 8.86371438084107E-03 8.91469073393973E-03 8.96086482819992E-03 9.00236995789559E-03 9.03940422727512E-03 9.0722222552283E-03 9.1011057262615E-03 9.12634419404805E-03 9.14822677736519E-03 9.16703064910606E-03 9.18300692550954E-03 9.19637590688757E-03 9.20732961250956E-03 9.21603746132549E-03 9.22270981099559E-03 9.22758667147387E-03 9.23089785469771E-03 9.23286715588641E-03 9.23371120827274E-03 9.23363561979464E-03 9.23282508163786E-03 9.23143362743188E-03 9.22958247536041E-03 9.22736336617636E-03 9.22483787974417E-03 9.2220336768343E-03 9.21898382678107E-03 9.21575685928311E-03 9.21243403105047E-03 9.20913710765074E-03 9.20336391584517E-03 0 0 0 0 0 0 0 0 0 0 0 0 0 0 0 0 0 0 0
7.81115148309592E-03 7.91006625468988E-03 8.00702681121189E-03 8.10171974937225E-03 8.19384741249871E-03 8.28311523218051E-03 8.36923809539474E-03 8.4519386559783E-03 8.53093481425332E-03 8.60594628948278E-03 8.67671374483739E-03 8.74301519300976E-03 8.80466534560253E-03 8.86154144074402E-03 8.91358081956758E-03 8.9607965829967E-03 9.00327791375771E-03 9.04119532773589E-03 9.07478380645451E-03 9.10432630515994E-03 9.13012319212611E-03 9.15247276296172E-03 9.17166563042841E-03 9.18797254406107E-03 9.2016336291291E-03 9.21285870209612E-03 9.22183339211093E-03 9.22873040301965E-03 9.23376247375274E-03 9.23716764790595E-03 9.2391684281261E-03 9.23998529068358E-03 9.23983186747034E-03 9.23890609682227E-03 9.2373817167168E-03 9.23540074164004E-03 9.23306884613002E-03 9.23046003927506E-03 9.22761996937902E-03 9.22457180442559E-03 9.22135201272401E-03 9.21805422908724E-03 9.21480735732528E-03 9.20913710765074E-03 0 0 0 0 0 0 0 0 0 0 0 0 0 0 0 0 0 0 0 0
7.89995096750551E-03 7.9973672833979E-03 8.09249567285266E-03 8.18503938823085E-03 8.27472194936491E-03 8.36127964718657E-03 8.44445299052912E-03 8.52398905419333E-03 8.59962958531027E-03 8.67112502038224E-03 8.73824689691402E-03 8.80080590442117E-03 8.85865343365277E-03 8.91170633550583E-03 8.95994440334336E-03 9.00342128911311E-03 9.04226628726534E-03 9.07668720543298E-03 9.10695209083329E-03 9.13336661166292E-03 9.15624304188402E-03 9.17588305494005E-03 0.009192571293664 9.20656679872241E-03 9.21809655789144E-03 9.22735835636494E-03 9.23453090546205E-03 9.2397919283196E-03 9.24335439583749E-03 9.24544883437274E-03 9.24629335540103E-03 9.24610585439941E-03 9.24509564998012E-03 9.24345183727628E-03 9.24133670612821E-03 9.23887888493493E-03 9.23616624762278E-03 9.23325293618391E-03 9.23017335999876E-03 9.2269546019887E-03 9.22365629997458E-03 9.22041452270211E-03 9.21480735732528E-03 0 0 0 0 0 0 0 0 0 0 0 0 0 0 0 0 0 0 0 0 0
7.9872353481967E-03 8.08289567077632E-03 8.17594982282447E-03 8.26611956209341E-03 8.35314630995747E-03 8.43679572322079E-03 8.51683795104261E-03 8.59304457380078E-03 8.66518402032782E-03 8.73303756039914E-03 8.79640906207989E-03 8.85514412660163E-03 8.90913718259416E-03 8.9583484294167E-03 9.00280297044867E-03 9.04259383260191E-03 9.0778899243743E-03 9.10893489695886E-03 9.13602452677604E-03 9.15948060648282E-03 9.17962024455572E-03 9.19674085562313E-03 9.21111457957831E-03 9.22298656762338E-03 9.23256936818323E-03 9.24004852797088E-03 9.24559678861297E-03 9.24939309660365E-03 9.25164505152909E-03 9.25257842305775E-03 9.25241182344278E-03 9.25135881336892E-03 9.24962138430307E-03 9.24738030567547E-03 9.24478914503399E-03 9.24196309651956E-03 9.23896711834688E-03 9.23583005652155E-03 9.23258549254963E-03 9.22928199533393E-03 9.22603465240968E-03 9.22041452270211E-03 0 0 0 0 0 0 0 0 0 0 0 0 0 0 0 0 0 0 0 0 0 0
8.07280116522987E-03 8.16644241570331E-03 8.25717367245011E-03 8.34473661097113E-03 8.42889457311287E-03 8.50944457159304E-03 8.58618471956509E-03 8.65891117465171E-03 8.72742025654456E-03 8.79152627421825E-03 8.85106930434694E-03 8.90593304990312E-03 8.95605655576128E-03 9.00144649381533E-03 9.04217388641107E-03 9.07836894374864E-03 9.11023818346391E-03 9.13805812226561E-03 9.16214498271027E-03 9.18282927471525E-03 9.20042591149072E-03 9.2152213030175E-03 9.22747240870695E-03 9.23740876939968E-03 9.24522614954125E-03 9.25109759167054E-03 9.25518992234867E-03 9.25768242210023E-03 9.25877957083654E-03 9.25870151559883E-03 9.25766486254534E-03 9.25587839507732E-03 9.25353620895454E-03 9.25081125853436E-03 9.24785355376997E-03 9.24477068525723E-03 9.24159437485183E-03 9.23830759341697E-03 9.23497640512876E-03 9.23169810820049E-03 9.22603465240968E-03 0 0 0 0 0 0 0 0 0 0 0 0 0 0 0 0 0 0 0 0 0 0 0
8.15640563222361E-03 8.24776434501558E-03 8.33592564250659E-03 8.42065469637164E-03 8.50174109347543E-03 8.57901334212264E-03 8.65229598492764E-03 8.72141076844894E-03 8.78618431824653E-03 8.84646605108933E-03 8.90213534942057E-03 8.95311609470712E-03 8.99939364601994E-03 9.04102144723985E-03 9.07811510759616E-03 9.11084054389954E-03 9.13943872755854E-03 9.16421213534596E-03 9.18548914720955E-03 9.20360153628682E-03 9.21885555544151E-03 9.23152299861832E-03 9.24184381177739E-03 9.25002938217502E-03 9.25625719386923E-03 9.26068861117589E-03 9.26348554385716E-03 9.26482740125275E-03 9.26491664476193E-03 9.26396819268818E-03 9.2621940849747E-03 9.25979639667441E-03 9.25696105184893E-03 9.25385641524676E-03 9.25064141097843E-03 9.24743369232232E-03 9.24421531143693E-03 9.24082154619325E-03 9.23747962271393E-03 9.23169810820049E-03 0 0 0 0 0 0 0 0 0 0 0 0 0 0 0 0 0 0 0 0 0 0 0 0
8.23778596053717E-03 8.32660307954056E-03 8.41195568224198E-03 8.49363628925616E-03 8.57146323033091E-03 8.6452961494763E-03 8.71498694997872E-03 8.78038446594493E-03 8.84134757314121E-03 8.89776287051438E-03 8.94955066341417E-03 8.99667633740224E-03 9.03917245142422E-03 9.07713794911004E-03 9.1107298480679E-03 9.14014653796718E-03 9.16565679758587E-03 9.18758189878673E-03 9.20625539646021E-03 9.22200346119272E-03 9.23511875289123E-03 9.24585551161056E-03 9.2544339071175E-03 9.26104559870945E-03 9.26585100215049E-03 9.2690010523208E-03 9.27065399515097E-03 9.27098932907854E-03 9.27020864782479E-03 9.26852189816281E-03 9.26613382029074E-03 9.26323552565278E-03 9.26000165884619E-03 9.25660470876625E-03 9.25324734331073E-03 9.25011485577479E-03 9.24715621315774E-03 9.2435524116855E-03 9.23747962271393E-03 0 0 0 0 0 0 0 0 0 0 0 0 0 0 0 0 0 0 0 0 0 0 0 0 0
8.31667041963739E-03 8.40269982994655E-03 8.48502194849408E-03 8.56346008518546E-03 8.63786334858539E-03 8.70812108536144E-03 8.77411343812761E-03 8.83571914429163E-03 8.89283193354314E-03 8.94537559266011E-03 8.99331199083961E-03 9.0366499723893E-03 9.07546844707583E-03 9.10990746467436E-03 9.14016064083178E-03 9.1664552754461E-03 9.1890810750562E-03 9.20836973347591E-03 9.22465328938389E-03 9.23824700597869E-03 9.24942602266919E-03 9.25842484167867E-03 9.26544205083672E-03 9.27064896331026E-03 9.27419058364574E-03 9.27620962407824E-03 9.27686205190155E-03 9.27632680427435E-03 9.27480456816693E-03 9.27250204093023E-03 9.26961467274906E-03 9.26631416772083E-03 9.26275111073729E-03 9.25910512440718E-03 9.25569441590755E-03 9.25294503244281E-03 9.25125193482036E-03 9.2435524116855E-03 0 0 0 0 0 0 0 0 0 0 0 0 0 0 0 0 0 0 0 0 0 0 0 0 0 0
8.3927921133729E-03 8.47580783889756E-03 8.55490087116861E-03 8.6299282167896E-03 8.70077149716478E-03 0.008767348198843 8.82956836128623E-03 8.88734355361967E-03 8.94060356392063E-03 8.98930958602515E-03 9.0334652587967E-03 9.07312325714262E-03 9.10840375229783E-03 9.13948311852145E-03 9.16658615434166E-03 9.18996432648857E-03 9.20992022744733E-03 9.22678902315117E-03 9.24089677032646E-03 9.25254279848442E-03 9.2619814515945E-03 9.26942622079462E-03 9.27505393710785E-03 9.2790157859735E-03 9.28144387355747E-03 9.28247428783327E-03 9.28226095875595E-03 9.28098206238322E-03 9.2788394799155E-03 9.27603929774219E-03 9.27276612173775E-03 9.26915917487276E-03 9.26530587587322E-03 9.26134212216676E-03 9.25780344361649E-03 9.25549897470552E-03 9.25523747268351E-03 0 0 0 0 0 0 0 0 0 0 0 0 0 0 0 0 0 0 0 0 0 0 0 0 0 0 0
8.4659090071174E-03 8.54571365019184E-03 8.62141059043991E-03 8.69289138816302E-03 8.76007085931818E-03 8.82289573840662E-03 8.8813075774591E-03 8.9352510333276E-03 8.98469303143753E-03 9.02963338507485E-03 9.07011677154206E-03 9.10623504339208E-03 9.13814427989758E-03 9.16605336256508E-03 9.19021304428829E-03 9.21089049533586E-03 9.22839423834647E-03 9.24305950830836E-03 9.25520145082757E-03 9.26509918222677E-03 9.27298428320337E-03 9.27904832062967E-03 9.28344680278609E-03 9.28631365342852E-03 9.28777068109353E-03 9.28794776835774E-03 9.28699571880754E-03 9.28509133256077E-03 9.28244116255798E-03 9.27925905935117E-03 9.27572614586164E-03 9.27194070433871E-03 9.26783730449647E-03 9.26322924447149E-03 9.25915079338425E-03 9.25684436799869E-03 9.25523747268351E-03 0 0 0 0 0 0 0 0 0 0 0 0 0 0 0 0 0 0 0 0 0 0 0 0 0 0 0
8.53581218083161E-03 8.61224147230219E-03 8.68440907885632E-03 8.75224309770659E-03 8.81569274428451E-03 8.87473426924037E-03 8.92933958568692E-03 8.97948761969898E-03 9.02518411272566E-03 9.06646716286483E-03 9.10341846046201E-03 9.13616319802602E-03 9.16488900346655E-03 9.1898321631079E-03 9.21126310456295E-03 9.22945692912833E-03 9.24472501406851E-03 9.25739908459712E-03 9.26777650033539E-03 9.27611306149189E-03 9.28261754145674E-03 9.28746077535858E-03 9.29077996239575E-03 9.29269426198313E-03 9.29331592140577E-03 9.29276888792151E-03 9.29119951612463E-03 9.28878049538114E-03 9.2857276933392E-03 9.28228087179744E-03 9.27864939509658E-03 9.27494464741667E-03 9.27088613239844E-03 9.26464085455652E-03 9.25915079338425E-03 9.25684436799869E-03 0 0 0 0 0 0 0 0 0 0 0 0 0 0 0 0 0 0 0 0 0 0 0 0 0 0 0 0
8.60234508993147E-03 8.67526973225796E-03 8.74381090777907E-03 8.80793506244149E-03 8.86762632712529E-03 8.9228879427147E-03 8.97372314584483E-03 9.02014741933696E-03 9.06220572054227E-03 9.09997061958752E-03 0.009133556164555 9.16311591241648E-03 9.18886305592667E-03 9.21105441917861E-03 9.22997284710328E-03 9.24589926541747E-03 9.25914451020663E-03 9.27002954971582E-03 9.27882895710278E-03 9.28577541793852E-03 9.29105681667431E-03 9.29482619522997E-03 9.29720551000831E-03 9.29830089947714E-03 9.29821549970134E-03 9.29706734010843E-03 9.29499632026115E-03 9.29216544704496E-03 9.28880101062853E-03 9.28519307328286E-03 9.2816450558789E-03 9.27853649017069E-03 9.27639990475336E-03 9.26464085455652E-03 0 0 0 0 0 0 0 0 0 0 0 0 0 0 0 0 0 0 0 0 0 0 0 0 0 0 0 0 0 0
8.66539452573716E-03 8.73472152933562E-03 8.79957639953376E-03 8.85996439798744E-03 8.9159045182899E-03 8.96742364311242E-03 9.01456032752414E-03 9.05736712977755E-03 9.0959255353977E-03 9.13033709028996E-03 9.1607443281476E-03 9.18732388691729E-03 9.21030703962979E-03 9.22996496629066E-03 9.24658608472713E-03 9.26045588524576E-03 9.2718779447913E-03 9.28115753378311E-03 9.28854722900469E-03 9.29425813467665E-03 9.29846016949843E-03 9.30129118775854E-03 9.30285983961708E-03 9.30326088713786E-03 9.3025895759904E-03 9.30095668271002E-03 9.29849082952484E-03 9.29533821553048E-03 9.29173021150819E-03 9.28801005856377E-03 9.28455897903838E-03 9.28201694840231E-03 9.28168849845027E-03 0 0 0 0 0 0 0 0 0 0 0 0 0 0 0 0 0 0 0 0 0 0 0 0 0 0 0 0 0 0 0
8.7248917154493E-03 8.79056674776682E-03 8.85171568594335E-03 8.90837879581151E-03 8.96060792333874E-03 9.00845782663427E-03 9.05200353321148E-03 9.09133042003105E-03 9.12655125972812E-03 9.15779285591668E-03 9.18522137719045E-03 9.20903115762585E-03 9.22946541974169E-03 9.24680272281595E-03 9.26133232750541E-03 9.27334197318597E-03 9.2831238654829E-03 9.29096420917867E-03 9.29709511890619E-03 9.30171017675647E-03 9.3049647027893E-03 9.30698282819122E-03 9.30786099379934E-03 9.30768498147766E-03 9.30654307934653E-03 9.30453653855551E-03 9.30177715190122E-03 9.29838559795628E-03 9.29458310580655E-03 9.29073682936636E-03 9.2871648172482E-03 9.28413491763381E-03 9.28168849845027E-03 0 0 0 0 0 0 0 0 0 0 0 0 0 0 0 0 0 0 0 0 0 0 0 0 0 0 0 0 0 0 0
8.78081115367826E-03 8.84281767910146E-03 8.90027723335794E-03 8.95326279046273E-03 9.0018598406717E-03 9.04615321870516E-03 9.08624710279357E-03 9.12225646473086E-03 9.15432068598051E-03 9.18258806390719E-03 9.20724138452147E-03 9.22848828248899E-03 9.24657886872591E-03 9.26179352937597E-03 9.27441963348403E-03 9.28474522371849E-03 9.29305027283795E-03 9.29959889592111E-03 9.3046065213777E-03 9.30825222721116E-03 9.31067860776066E-03 9.31199759699513E-03 0.009312296298183 9.3116533591106E-03 9.31015006518907E-03 9.30787500342423E-03 9.30491632437646E-03 9.30136665288854E-03 9.29744208646166E-03 9.29352027887326E-03 9.28988371315726E-03 9.28413491763381E-03 0 0 0 0 0 0 0 0 0 0 0 0 0 0 0 0 0 0 0 0 0 0 0 0 0 0 0 0 0 0 0 0
8.83320594054181E-03 8.89156312536239E-03 8.9453820827615E-03 8.99476960850785E-03 9.03984380753806E-03 9.08071485979127E-03 9.1175115565419E-03 9.15037578627827E-03 9.17946959200395E-03 9.20495754889289E-03 9.22703397058532E-03 9.24591618556938E-03 9.26185694572047E-03 9.27513521965308E-03 9.28603394975095E-03 9.29483739797196E-03 9.30181134709112E-03 9.30720105976429E-03 9.31120897316993E-03 9.31400091731481E-03 9.31570761909257E-03 9.31643097983933E-03 9.31625161615495E-03 9.31524319225653E-03 9.31348170512169E-03 9.31104173612213E-03 9.30797397107897E-03 9.30432551790598E-03 9.30036564348383E-03 9.29650063034257E-03 9.28988371315726E-03 0 0 0 0 0 0 0 0 0 0 0 0 0 0 0 0 0 0 0 0 0 0 0 0 0 0 0 0 0 0 0 0 0
8.88217560672643E-03 8.93693522603273E-03 8.98719353613822E-03 9.03309058370554E-03 9.07477142280052E-03 9.11236623183845E-03 9.14602813874266E-03 9.17592297134636E-03 9.20223130303688E-03 9.22512819339489E-03 9.24481666933293E-03 9.26152053387543E-03 9.27549151049194E-03 9.28700449698193E-03 9.29633545337677E-03 9.30376275626056E-03 9.3095396293003E-03 9.3138945832349E-03 9.31701745129573E-03 9.31906261182661E-03 9.32015096074479E-03 9.32037603684481E-03 9.3198131996171E-03 9.31853470927832E-03 9.31661842093298E-03 9.31413758585035E-03 9.31109479372272E-03 9.30737184277246E-03 9.30345369536566E-03 9.29650063034257E-03 0 0 0 0 0 0 0 0 0 0 0 0 0 0 0 0 0 0 0 0 0 0 0 0 0 0 0 0 0 0 0 0 0 0
8.9278548306031E-03 8.97909400400777E-03 9.02589496045342E-03 9.06842567324071E-03 9.10685295895753E-03 9.14132658781349E-03 9.17202241758667E-03 9.19912554950707E-03 9.22282972526084E-03 9.24331783694997E-03 9.26079879170232E-03 9.27549923202804E-03 9.2876670191548E-03 9.29757107807564E-03 9.30547946214169E-03 9.31166315913738E-03 9.31636347368428E-03 9.31979506026617E-03 9.3221365240698E-03 9.3235325664037E-03 9.32409631496543E-03 9.32391402431153E-03 9.32305612395447E-03 9.3215974350467E-03 9.31963292708091E-03 9.31728308220904E-03 9.31455551330492E-03 9.31060623669165E-03 9.30345369536566E-03 0 0 0 0 0 0 0 0 0 0 0 0 0 0 0 0 0 0 0 0 0 0 0 0 0 0 0 0 0 0 0 0 0 0 0
8.97040147287208E-03 9.01821643241366E-03 9.06167764638468E-03 0.009100976073389 9.13629867445287E-03 9.16781421359921E-03 9.19571631007599E-03 9.22020507286139E-03 9.2414826401354E-03 9.25973740948558E-03 9.27518008384724E-03 9.28803771442559E-03 9.29855298058866E-03 9.30698787125821E-03 9.31360311388733E-03 9.31866141922845E-03 9.32239361358646E-03 9.32500217265997E-03 9.32665586726292E-03 9.32749127044166E-03 9.32761525938761E-03 9.3271089358642E-03 9.32603965563998E-03 9.32448488034126E-03 9.32256769063445E-03 9.32057054772249E-03 9.31912583519233E-03 9.31060623669165E-03 0 0 0 0 0 0 0 0 0 0 0 0 0 0 0 0 0 0 0 0 0 0 0 0 0 0 0 0 0 0 0 0 0 0 0 0
9.00999938477713E-03 9.05449950310078E-03 9.09474767324234E-03 9.13095411315666E-03 9.16332389372844E-03 9.19204415834305E-03 9.2173221864264E-03 9.23936767495933E-03 9.25838678125841E-03 0.009274572257577 9.28813386775978E-03 9.29929590672116E-03 9.3082953323108E-03 9.31538789381632E-03 9.32082760174155E-03 9.32486800931815E-03 9.32772995253679E-03 9.32960580418126E-03 9.3306559405273E-03 9.33101015936045E-03 9.33077096162815E-03 9.33001759341477E-03 9.3288175030858E-03 9.32724260621583E-03 9.32538936687713E-03 9.32357370101633E-03 9.32331506419581E-03 0 0 0 0 0 0 0 0 0 0 0 0 0 0 0 0 0 0 0 0 0 0 0 0 0 0 0 0 0 0 0 0 0 0 0 0 0
9.0468405877857E-03 9.08814329592632E-03 9.12531043889397E-03 9.15856827735818E-03 9.18813749686788E-03 9.21422238327579E-03 9.23703920444264E-03 9.25680317072265E-03 9.27372116994006E-03 9.28798883076358E-03 9.29981224387265E-03 9.30941131789749E-03 9.31701898518257E-03 9.32288467354451E-03 9.32725575995853E-03 9.33037587904775E-03 9.33245709398333E-03 9.33368285823637E-03 9.33420585250116E-03 9.33415033823986E-03 9.33361659576726E-03 9.33268757357477E-03 9.33144176434339E-03 9.32995292754206E-03 0.009328185219453 9.32551249617907E-03 9.32331506419581E-03 0 0 0 0 0 0 0 0 0 0 0 0 0 0 0 0 0 0 0 0 0 0 0 0 0 0 0 0 0 0 0 0 0 0 0 0 0
9.08111343144067E-03 9.11933815321899E-03 9.15355518364573E-03 9.1840055036894E-03 9.21092357564121E-03 9.23452676674375E-03 9.2550365753935E-03 9.27267146670358E-03 9.28763661673433E-03 9.30012659909794E-03 9.31034233878599E-03 9.31850100141729E-03 9.32483191062983E-03 9.32957775096297E-03 9.33297862548253E-03 9.33526854016156E-03 9.33665150974962E-03 9.33730273598595E-03 9.33736808517705E-03 9.33696741329477E-03 9.33620040815521E-03 9.33516019132341E-03 9.33396084312007E-03 9.33277227084474E-03 9.33183742918921E-03 9.32551249617907E-03 0 0 0 0 0 0 0 0 0 0 0 0 0 0 0 0 0 0 0 0 0 0 0 0 0 0 0 0 0 0 0 0 0 0 0 0 0 0
9.11299415599666E-03 9.14826058231668E-03 9.17965781432571E-03 9.20743910222886E-03 9.23184989088275E-03 9.25311701205146E-03 9.27146468504829E-03 9.28711221125158E-03 9.30026056894135E-03 9.31110077105016E-03 9.31983019683307E-03 9.32666410420934E-03 9.33182657857155E-03 9.33555308822418E-03 9.33807618549916E-03 9.33962045016248E-03 9.34038156794134E-03 9.34052729039947E-03 9.3401980785162E-03 9.33951125919725E-03 9.33856792216826E-03 9.33747221720166E-03 9.33637524751487E-03 9.33554248343989E-03 9.33532405287237E-03 0 0 0 0 0 0 0 0 0 0 0 0 0 0 0 0 0 0 0 0 0 0 0 0 0 0 0 0 0 0 0 0 0 0 0 0 0 0 0
9.14263256715753E-03 9.17505876277358E-03 9.20376323787479E-03 9.22900998755862E-03 9.2510529158731E-03 9.27012503121468E-03 9.28645029730809E-03 9.30024493619112E-03 9.31170404834617E-03 9.32101568020146E-03 9.32837466428812E-03 9.33399283151389E-03 9.33808792828932E-03 9.34088856099342E-03 9.34261995081568E-03 9.34349676731391E-03 9.3437059358753E-03 9.34340901605516E-03 9.34274269841905E-03 9.34182401438713E-03 9.34075864139275E-03 9.33966097259508E-03 9.33869724567414E-03 9.33809383372382E-03 9.33532405287237E-03 0 0 0 0 0 0 0 0 0 0 0 0 0 0 0 0 0 0 0 0 0 0 0 0 0 0 0 0 0 0 0 0 0 0 0 0 0 0 0
9.17016083503252E-03 9.19986400321675E-03 9.22600179816662E-03 9.24884679406882E-03 9.26865771571566E-03 9.28567076290096E-03 9.30010653848072E-03 9.31217534942727E-03 9.3220669123837E-03 9.32996621525326E-03 9.3360644989282E-03 9.34056862579047E-03 9.34369084892589E-03 9.34565248311494E-03 9.34667114678199E-03 9.34695133134091E-03 9.34667203869938E-03 9.34598974814249E-03 9.34503863012666E-03 9.34393723557461E-03 9.34279873333028E-03 9.34175501651087E-03 9.34101168940941E-03 9.34083036958414E-03 0 0 0 0 0 0 0 0 0 0 0 0 0 0 0 0 0 0 0 0 0 0 0 0 0 0 0 0 0 0 0 0 0 0 0 0 0 0 0 0
