NongDo/Fusa 17.9h.grd
DSAA
463	323
2	464
2	324
0	10
[rows 56 to 83 of 323, columns 256 to 319 of 463]
0 0 0 0 0 0 0 0 0 0 0 0 0 0 0 0 0 0 0 0 0 0 0 0 0 0 0 0 0 0 0 0 0 0 0 0 0 0 0 0 0 0 0 0 0 0 0 0 0 0 0 0 0 0 0 0 0 0 0 0 0 0 0 0
0 0 0 0 0 0 0 0 0 0 0 0 0 0 0 0 0 0 0 0 0 0 0 0 0 0 0 0 0 0 0 0 0 0 0 0 0 0 0 0 0 0 0 0 0 0 0 0 0 0 0 0 0 0 0 0 0 0 0 0 0 0 0 0
0 0 0 0 0 0 0 0 0 0 0 0 0 0 0 0 0 0 0 0 0 0 0 0 0 0 0 0 0 0 0 0 0 0 0 0 0 0 0 0 0 0 0 0 0 0 0 0 0 0 0 0 0 0 0 0 0 0 0 0 0 0 0 0
0 0 0 0 0 0 0 0 0 0 0 0 0 0 0 0 0 0 0 0 0 0 0 0 0 0 0 0 0 0 0 0 0 0 0 0 0 0 0 0 0 0 0 0 0 0 0 0 0 0 0 0 0 0 0 0 0 0 0 0 0 0 0 0
0 0 0 0 0 0 0 0 0 0 0 0 0 0 0 0 0 0 0 0 0 0 0 0 0 0 0 0 0 0 0 0 0 0 0 0 0 0 0 0 0 0 0 0 0 0 0 0 0 0 0 0 0 0 0 0 0 0 0 0 0 0 0 0
0 0 0 0 0 0 0 0 0 0 0 0 0 0 0 0 0 0 0 0 0 0 0 0 0 0 0 0 0 0 0 0 0 0 0 0 0 0 0 0 0 0 0 0 0 0 0 0 0 0 0 0 0 0 0 0 0 0 0 0 0 0 0 0
0 0 0 0 0 0 0 0 0 0 0 0 0 0 0 0 0 0 0 0 0 0 0 0 0 0 0 0 0 0 0 0 0 0 0 0 0 0 0 0 0 0 0 0 0 0 0 0 0 0 0 0 0 0 0 0 0 0 0 0 0 0 0 0
0 0 0 0 0 0 0 0 0 0 0 0 0 0 0 0 0 0 0 0 0 0 0 0 0 0 0 0 0 0 0 0 0 0 0 0 0 0 0 0 0 0 0 0 0 0 0 0 0 0 0 0 0 0 0 0 0 0 0 0 0 0 7.00305607070975E-03 7.01204280436245E-03
0 0 0 0 0 0 0 0 0 0 0 0 0 0 0 0 0 0 0 0 0 0 0 0 0 0 0 0 0 0 0 0 0 0 0 0 0 0 0 0 0 0 0 0 0 0 0 0 0 0 0 0 0 0 0 0 0 0 6.96744546767521E-03 6.97623316847562E-03 6.98496683118716E-03 6.99376355888701E-03 7.00305607070975E-03 7.01204280436245E-03
0 0 0 0 0 0 0 0 0 0 0 0 0 0 0 0 0 0 0 0 0 0 0 0 0 0 0 0 0 0 0 0 0 0 0 0 0 0 0 0 0 0 0 0 0 0 0 0 0 0 0 0 0 0 6.9312005826983E-03 6.94043392122473E-03 6.94943542794148E-03 6.95836265899045E-03 6.96744546767521E-03 6.97623316847562E-03 6.98496683118716E-03 6.99376355888701E-03 7.00263804236271E-03 7.0115054612325E-03
0 0 0 0 0 0 0 0 0 0 0 0 0 0 0 0 0 0 0 0 0 0 0 0 0 0 0 0 0 0 0 0 0 0 0 0 0 0 0 0 0 0 0 0 0 0 0 0 0 0 0 6.90097384233836E-03 6.91129794781821E-03 6.92135734650962E-03 6.9312005826983E-03 6.94043392122473E-03 6.94943542794148E-03 6.95836265899045E-03 6.96722718116969E-03 6.97605078838683E-03 6.98476492501434E-03 6.99346979967549E-03 7.00215972137411E-03 7.01087714866572E-03
0 0 0 0 0 0 0 0 0 0 0 0 0 0 0 0 0 0 0 0 0 0 0 0 0 0 0 0 0 0 0 0 0 0 0 0 0 0 0 0 0 0 0 0 0 6.83351154209524E-03 6.84573939695086E-03 6.85737534606564E-03 6.86856596821341E-03 6.87952304112616E-03 6.89028178812047E-03 6.90097384233836E-03 6.91129794781821E-03 6.92135734650962E-03 6.93105255964168E-03 6.94038908353096E-03 6.94946048342632E-03 6.9584092093805E-03 6.96724848308387E-03 6.97605626849537E-03 6.98476451336283E-03 6.99343443529132E-03 7.00206454954366E-03 7.01070111667103E-03
0 0 0 0 0 0 0 0 0 0 0 0 0 0 0 0 0 0 0 0 0 0 0 0 0 0 0 0 0 0 0 0 0 0 0 0 0 0 0 0 0 0 0 6.80629706817614E-03 6.81994232028369E-03 6.83351154209524E-03 6.84573939695086E-03 6.85737534606564E-03 6.86856596821341E-03 6.87952304112616E-03 6.89028178812047E-03 6.90093470766995E-03 6.91132186327607E-03 6.92143180484925E-03 6.93119627215285E-03 6.94066490946491E-03 6.94987699426481E-03 6.95893735902998E-03 6.96786835162615E-03 6.9767312726195E-03 6.98550479586712E-03 6.99422888930321E-03 7.00290655829626E-03 7.0115688576566E-03
6.30517434338588E-03 6.31801263463228E-03 6.33066146708968E-03 6.34313476791378E-03 6.35544920492578E-03 6.36770682641795E-03 6.37982441044692E-03 6.39180096437477E-03 6.40365456776865E-03 6.41551367121476E-03 6.42741110684193E-03 6.43942004641264E-03 6.45138652142689E-03 6.46322885980747E-03 6.47488210439009E-03 6.48644334701741E-03 6.49790416966531E-03 6.50935611884589E-03 6.52069329251383E-03 6.53192374457602E-03 6.54304453072805E-03 6.55419265518442E-03 6.56538703341469E-03 6.57672665292648E-03 6.58807513381967E-03 6.59937748459192E-03 6.61054768800489E-03 6.62166672148654E-03 6.6326743929537E-03 0.006643639635919 6.65443255809975E-03 6.66507871381604E-03 6.67559243088641E-03 6.68620792834932E-03 6.69716869537607E-03 0 0 0 0 6.75417229727413E-03 6.76592377109407E-03 6.77893400292175E-03 6.79251477383235E-03 6.80629706817614E-03 6.81994232028369E-03 6.83316492217969E-03 6.84559838049808E-03 6.85740545810041E-03 6.86875502037115E-03 6.87984138802661E-03 6.89070428988164E-03 6.90142610644778E-03 6.91191510276181E-03 6.92215868436756E-03 6.93209958639506E-03 6.94177463072679E-03 6.95120724794297E-03 6.96047606039741E-03 6.96960196523996E-03 6.97863587363942E-03 6.98757596541182E-03 6.99645648285656E-03 7.00528637197659E-03 7.0140957597216E-03
6.30517434338588E-03 6.31801263463228E-03 6.33066146708968E-03 6.34313476791378E-03 6.35544920492578E-03 6.36770682641795E-03 6.37982441044692E-03 6.39180096437477E-03 6.40365456776865E-03 6.41551367121476E-03 6.42741110684193E-03 6.43942004641264E-03 6.45138652142689E-03 6.46322885980747E-03 6.47488210439009E-03 6.48644334701741E-03 6.49790416966531E-03 6.50935611884589E-03 6.52069329251383E-03 6.53192374457602E-03 6.54304453072805E-03 6.55419265518442E-03 6.56538703341469E-03 6.57672665292648E-03 6.58807513381967E-03 6.59937748459192E-03 6.61054768800489E-03 6.62166672148654E-03 6.6326743929537E-03 0.006643639635919 6.65443255809975E-03 6.66507871381604E-03 6.67559243088641E-03 6.68620792834932E-03 6.69716869537607E-03 6.71024570113505E-03 6.72141012437738E-03 6.73256372006738E-03 6.74378602375031E-03 6.75417229727413E-03 6.76592377109407E-03 6.77893400292175E-03 6.79251477383235E-03 6.8062907716207E-03 6.81990298110869E-03 6.83315301844315E-03 6.84581645866321E-03 6.85791442917729E-03 6.86956302551724E-03 6.88091822386977E-03 6.89202027679789E-03 6.9029552828014E-03 6.91366449194895E-03 6.92414860671623E-03 6.93436199732586E-03 6.94432844984241E-03 6.95406670423638E-03 6.96363886724223E-03 6.97306197945345E-03 6.98237823854866E-03 6.99159300074356E-03 7.00073744045807E-03 7.00982908665086E-03 7.01890040788239E-03
6.30555733064394E-03 6.31871978244614E-03 6.33154580099048E-03 6.34414447892073E-03 6.35656638521397E-03 6.36891324510965E-03 6.38111526494257E-03 6.39316101099231E-03 6.40508077147465E-03 6.41698871093716E-03 6.42892770088879E-03 6.44098929764216E-03 6.45300991178502E-03 6.46487797848899E-03 6.47656309063845E-03 6.4881526115686E-03 6.49965107468346E-03 6.51113398566551E-03 6.52251497577773E-03 6.53378667606474E-03 6.54495824109691E-03 6.55614458099078E-03 6.5673773917108E-03 6.57876579610451E-03 6.59017272534819E-03 6.60151553563461E-03 6.61273377656199E-03 6.62389229162132E-03 6.63494343858359E-03 6.64593247185223E-03 6.65674470515625E-03 6.66737313835878E-03 6.67782491117463E-03 6.68827526815101E-03 6.69891517935658E-03 6.71024570113505E-03 6.72141012437738E-03 6.73256372006738E-03 6.74378602375031E-03 6.75520522035853E-03 6.76730381372618E-03 6.78028463409764E-03 6.79374231571583E-03 6.80738315006989E-03 6.82094965998817E-03 6.83430632785544E-03 6.84724398551337E-03 6.85971453547078E-03 6.87176606402994E-03 6.88350633899007E-03 6.89497158568723E-03 6.90624501474152E-03 6.91728943514547E-03 6.92811384677726E-03 6.93868680598383E-03 6.94902611862597E-03 6.95915008829692E-03 6.96911038507188E-03 6.97892085322211E-03 6.98861373616998E-03 6.9981982587212E-03 7.00770506315821E-03 7.01715762743156E-03 7.02658975924128E-03
6.3068804310901E-03 6.32027297763748E-03 6.33332397158372E-03 6.34612800043928E-03 6.3587415656136E-03 6.37125207028856E-03 0.006383611797565 6.39580683467228E-03 6.4078774518601E-03 6.41991297472143E-03 6.43195573009313E-03 6.44409977568861E-03 6.45618965034438E-03 6.46811113572212E-03 6.47987050974808E-03 6.49153393172227E-03 6.50311515681458E-03 6.51466850103542E-03 6.52613794709984E-03 6.53750701425913E-03 6.54879715692977E-03 6.56009132666878E-03 6.57142585440773E-03 6.58290332633016E-03 6.59439687231268E-03 6.60581617276404E-03 6.61713042512389E-03 6.62837785737891E-03 6.63952157589411E-03 6.65057912827048E-03 6.66146382741814E-03 6.67214566851268E-03 6.68263580016634E-03 6.69305135891659E-03 6.70353002879516E-03 6.71435737007518E-03 6.72531547241779E-03 6.73638422165436E-03 6.74761259169021E-03 6.75919971968701E-03 6.77130375000959E-03 6.78409023724978E-03 6.79732615794875E-03 6.81080464163354E-03 6.82433059430962E-03 6.83779966543232E-03 6.85100775112694E-03 6.86386523785303E-03 6.87635651405812E-03 6.88854246455655E-03 6.90044489172074E-03 6.91213745896697E-03 6.92359320891023E-03 6.93482655188691E-03 6.94581989062165E-03 6.9565893874716E-03 6.96715574776576E-03 6.97756313715941E-03 6.98782317358055E-03 6.9979587925835E-03 7.00798411066883E-03 7.01792661893538E-03 7.02781434558705E-03 7.03768003084079E-03
6.3090444721239E-03 6.32270714974966E-03 6.3360500243754E-03 6.34914142540315E-03 6.36203038739607E-03 6.37478094223309E-03 6.3873703256726E-03 6.39980145402059E-03 6.41210871029874E-03 6.42435862789702E-03 6.43658635686816E-03 6.44884456636922E-03 6.46102410899771E-03 6.47305527192805E-03 6.48494794911421E-03 6.49674729451649E-03 6.50846890320229E-03 6.52014896344202E-03 6.53175677918516E-03 6.54328929906517E-03 6.55476674009567E-03 6.56624711015047E-03 6.57776270803464E-03 6.58937336104447E-03 6.60098549824752E-03 6.61253986813566E-03 6.62401214698745E-03 6.63541456505704E-03 6.64671358642862E-03 6.65790631598938E-03 6.66892753561324E-03 6.67975484509867E-03 6.69039629857999E-03 6.70093121014229E-03 6.71146045490816E-03 6.72217086471554E-03 6.73302371869746E-03 6.74404021507615E-03 6.75526812724457E-03 6.76685581672866E-03 6.77888977375562E-03 6.79148687157243E-03 6.80451774765294E-03 6.81785869302593E-03 6.83135800948948E-03 6.84491614859196E-03 6.85834984122528E-03 6.87154513749678E-03 6.88444673572844E-03 6.8970707676728E-03 0.006909422659682 6.92155009370869E-03 6.93343574679766E-03 6.94509583850884E-03 6.95652385024417E-03 6.96774096537003E-03 6.97876956678143E-03 6.98964528032139E-03 7.00037786033644E-03 7.01098629618313E-03 7.02148521317439E-03 7.03190181964011E-03 7.04226478603722E-03 7.05260525123247E-03
6.31210801002387E-03 6.3261243996117E-03 6.33984022988135E-03 6.35330158878126E-03 6.36654873882882E-03 6.37962742184045E-03 6.3925381099618E-03 6.40529484406027E-03 6.41791912617332E-03 6.43045839051877E-03 6.44293714906133E-03 6.4553762853701E-03 6.46772594711201E-03 6.47995054154453E-03 6.49204921327999E-03 6.50405336955796E-03 6.51598124940783E-03 6.5278593501539E-03 6.53968117736453E-03 6.55145250775908E-03 6.56318531588566E-03 6.57491874219569E-03 6.58667636152264E-03 6.59848624993461E-03 6.61030076750821E-03 6.62207842162347E-03 6.63378571432237E-03 6.64541663510942E-03 6.65694237432382E-03 6.66834841261756E-03 6.67959203180821E-03 6.69065573020487E-03 6.70153948170041E-03 6.71229826951734E-03 6.72300707279812E-03 6.73379634487836E-03 6.7447041010866E-03 6.75578596465786E-03 6.76709142643559E-03 6.77873192090018E-03 6.7907748221631E-03 6.80330940274891E-03 6.81626914490629E-03 6.82957132765851E-03 6.84308816398733E-03 6.8567294223056E-03 6.87034344945419E-03 6.88380273185136E-03 6.8970335838923E-03 6.91001944873394E-03 6.92275349918031E-03 6.93525974155547E-03 6.94753505921922E-03 6.95958816344214E-03 6.97142430635935E-03 6.98306295260846E-03 6.99452802197934E-03 7.00584871210778E-03 7.01703951485887E-03 7.0281124773922E-03 7.03908348190481E-03 7.04997710074811E-03 7.06082192803401E-03 7.0716459045111E-03
6.31623443427505E-03 6.3306999350124E-03 6.34487858002368E-03 6.35880193701791E-03 6.37250093969408E-03 6.38601368858047E-03 6.39934842241337E-03 6.41252113962083E-03 6.42554729320569E-03 6.43846053606598E-03 6.4512758004926E-03 6.4640056809235E-03 6.4766301617457E-03 6.48913510659441E-03 6.50152044711404E-03 6.51381116332975E-03 6.52602633318043E-03 6.53819287032112E-03 6.55031660368855E-03 6.56240707118227E-03 6.57447221290682E-03 6.5865384536747E-03 6.5986206395256E-03 6.61073457863304E-03 6.62285383117256E-03 0.006634946407546 6.64697340819843E-03 6.65891766631707E-03 6.67075067035017E-03 6.68245659105021E-03 6.69400484139701E-03 6.70538137477729E-03 6.7165823048966E-03 6.72764845490026E-03 6.73863953669984E-03 6.74965881452468E-03 6.76077280304397E-03 6.77205574266599E-03 6.78356168211261E-03 6.79538361679587E-03 6.80757932888552E-03 6.82022312083875E-03 6.83326933015104E-03 6.84665095295792E-03 6.86025396040909E-03 6.87399951507742E-03 6.88775559800365E-03 6.90140333973125E-03 6.91486336559984E-03 6.92810379722235E-03 6.9411110690543E-03 6.9538996958301E-03 6.96647094002417E-03 6.97883428119361E-03 6.99099900423371E-03 7.00298524474362E-03 7.01481730904015E-03 7.02652211965762E-03 7.03811488897125E-03 7.04960498480988E-03 7.06100753380338E-03 7.07234477586154E-03 7.08364341808838E-03 7.09492700580499E-03
6.32158150388706E-03 0.006336606635141 6.35135187247386E-03 6.36584060969465E-03 6.38009642199775E-03 6.39415211403159E-03 6.40801583153755E-03 6.42170231836998E-03 6.43522543248399E-03 6.44860999703516E-03 6.46186526883932E-03 6.47500158521862E-03 6.48801286243883E-03 6.50089807877553E-03 6.51366471194486E-03 6.52633703509591E-03 6.5389359189537E-03 6.55149081345946E-03 6.56401299433516E-03 6.5765138631306E-03 6.58900122819543E-03 6.60149366851373E-03 6.61399965844638E-03 6.62652912378157E-03 6.63906261085349E-03 6.65156862950706E-03 6.66400596270526E-03 6.67635075103558E-03 6.68857440591832E-03 6.70066165449915E-03 6.71258816047278E-03 6.72434233210836E-03 6.73592160773097E-03 6.7473612982372E-03 6.7587149139928E-03 6.77007444535689E-03 6.78151562673827E-03 6.79311953897483E-03 6.80494389467475E-03 6.81707344531414E-03 6.82955627293516E-03 6.84245470466395E-03 6.85571819100147E-03 6.86928108784018E-03 6.88303811026397E-03 6.89691945307531E-03 6.91080643696074E-03 6.92458709044484E-03 6.93818595663183E-03 6.95157276995186E-03 6.96474016874134E-03 6.97770062919659E-03 6.99046087424388E-03 7.00303071110412E-03 7.01542282881629E-03 7.02766008357718E-03 7.03977097662565E-03 7.05177880039498E-03 7.06369917660187E-03 7.07553726083401E-03 7.08730784772598E-03 7.09903211057586E-03 7.11073446008931E-03 7.12243142975713E-03
6.32834743634194E-03 6.34405245979181E-03 6.35947988800713E-03 6.37464737653512E-03 6.3895736650808E-03 6.40428369436728E-03 6.41878523255074E-03 6.43309264743177E-03 6.4472187926031E-03 6.46118184803643E-03 6.47498819456594E-03 6.48864667389016E-03 6.50215898564124E-03 6.51553450520785E-03 6.52878904521996E-03 6.54194863603696E-03 6.55503733209063E-03 6.56808660592986E-03 6.58111088958211E-03 6.5941238670315E-03 6.60713435105847E-03 6.62015603172607E-03 6.63319182636142E-03 6.64624888396068E-03 6.65930502349621E-03 6.67232271618917E-03 6.68525785340806E-03 6.69808366015528E-03 6.71077114269225E-03 6.72330684755975E-03 6.73566994751238E-03 6.74785155768352E-03 6.75985474706714E-03 6.77171723490827E-03 6.78349274961914E-03 6.79527034662771E-03 6.80712718290805E-03 6.81914184744335E-03 6.83137255933338E-03 6.84389902021382E-03 6.85676182062382E-03 6.86999902945418E-03 6.88354573217041E-03 6.89733745144151E-03 6.91127709070506E-03 6.92529790601385E-03 6.9392869264917E-03 6.95314641403849E-03 6.96681014438094E-03 6.98025829221357E-03 6.99349283160603E-03 7.00652906839372E-03 7.01938025229192E-03 7.03205873312206E-03 7.04458262310683E-03 7.05698135496757E-03 7.06928622208464E-03 7.08151619875724E-03 7.09368580274396E-03 7.10579853499553E-03 7.11787021938145E-03 7.12991963922511E-03 7.14196723620598E-03 7.15402056309242E-03
6.33675998006989E-03 6.35327078209384E-03 6.36950252890857E-03 6.38546723033422E-03 6.40117965029285E-03 6.41665735832898E-03 6.43191002644566E-03 6.44695049740462E-03 6.46179008740723E-03 6.47644199422935E-03 6.49091237370748E-03 6.50520842438496E-03 6.51933849383461E-03 6.53331962446706E-03 6.54717452038648E-03 6.56093210962234E-03 6.57462038274653E-03 6.58827268837583E-03 6.60190631176407E-03 6.61553664967403E-03 6.62917372361989E-03 6.64282868073084E-03 6.65649931561073E-03 6.67018878698149E-03 6.68386325448606E-03 6.69747588784748E-03 6.71098006647319E-03 6.72434880033758E-03 6.73755238773627E-03 6.75057994996511E-03 6.76341263831105E-03 6.77604731660773E-03 6.78849815037096E-03 6.80081095455112E-03 6.81304159624357E-03 6.82528093001895E-03 6.83760000999054E-03 6.85007067049616E-03 6.86274783636244E-03 6.87570416560249E-03 6.88896413645867E-03 6.9025445987326E-03 6.91637665246122E-03 6.93038885220614E-03 6.94449281350561E-03 6.95862404174698E-03 6.97268526022821E-03 6.98658182773716E-03 7.00026264869618E-03 7.01371782586074E-03 7.02695865315399E-03 7.04000343709577E-03 7.05287738832155E-03 7.06559484630293E-03 7.07818722375885E-03 7.09068723784019E-03 7.10312571575036E-03 7.1155148131002E-03 7.12787245987705E-03 7.14019872571055E-03 7.15251054617083E-03 7.16482581627025E-03 7.17715939767422E-03 7.18950984272799E-03
6.34712054444511E-03 6.36456772725056E-03 6.38173163699361E-03 6.39861858675204E-03 6.41523883690114E-03 6.43160440875176E-03 6.44772521346886E-03 6.4636131049236E-03 6.47927850437649E-03 6.49473135074728E-03 6.50997800718508E-03 6.52502515723007E-03 6.53988689279552E-03 6.55458791598777E-03 6.56915662992879E-03 6.58362467402041E-03 6.59802319817207E-03 6.61238536356187E-03 6.62673029687487E-03 6.64107681508931E-03 6.65543634462516E-03 6.66981769337972E-03 6.68421397999799E-03 6.69861877932111E-03 6.7129815514316E-03 6.72724687390711E-03 6.74136535671736E-03 6.75530951284211E-03 6.76905206441018E-03 6.78258370141503E-03 6.79588908802262E-03 6.80897805441091E-03 6.82187835222418E-03 6.83464533554968E-03 6.84734031427188E-03 6.86005281788082E-03 6.87284354776731E-03 6.88577781849352E-03 6.89890339495552E-03 6.91227867138841E-03 6.92591132220342E-03 6.93979657434562E-03 6.9538616031019E-03 6.96803922256149E-03 6.98225230026094E-03 6.99643847241055E-03 7.01051077025763E-03 7.02438952576693E-03 7.03804024105679E-03 7.05145894675355E-03 7.06466388027762E-03 7.07767882712803E-03 7.09053651896344E-03 7.10325856426982E-03 7.11588898141493E-03 7.12845647401524E-03 7.14098802876011E-03 7.15349320107848E-03 7.16599222201901E-03 7.17848421375746E-03 7.19098924822713E-03 7.20351818038988E-03 7.21608057416182E-03 7.22867041489003E-03
6.35978804185362E-03 6.37830932104097E-03 6.39653918717071E-03 6.41447769042168E-03 6.43213090250571E-03 6.44950585774391E-03 6.46661256830893E-03 6.4834618615271E-03 6.50006444371648E-03 0.006516427768086 6.53256030062107E-03 6.54846847547266E-03 6.56417345953458E-03 6.5797068690102E-03 6.59510062347636E-03 6.61038692231298E-03 6.62559766658345E-03 6.64076609132856E-03 6.65591443146948E-03 6.67106304882686E-03 6.68622245263755E-03 6.70139902006215E-03 6.71657823159008E-03 6.73174639975409E-03 6.74683650062035E-03 6.76177835878401E-03 6.77651605133782E-03 6.79102734236623E-03 6.80529148582217E-03 6.81930459991986E-03 6.8330635985679E-03 6.84658859052352E-03 6.85991636563555E-03 6.87311378338867E-03 6.88624600276102E-03 6.89940613357604E-03 6.91264685895878E-03 6.92601762989553E-03 6.9395489620984E-03 6.95328650569571E-03 6.96722785573063E-03 6.98134485112714E-03 6.9955724055752E-03 7.00984523705934E-03 7.02410128616538E-03 7.03828038563107E-03 7.05231609979386E-03 0.007066133839877 7.0797121841882E-03 7.09305968809862E-03 7.10620924186747E-03 7.11918513225041E-03 7.13202416714646E-03 7.14475019597616E-03 7.15740651245238E-03 7.17002221219104E-03 7.18262712538579E-03 7.19522625482328E-03 7.20783772592682E-03 7.22045916491543E-03 7.23310766683909E-03 7.24579430054753E-03 7.25853035278728E-03 7.27130640638395E-03
6.37520867152111E-03 6.39494607489778E-03 6.41437860938101E-03 6.43350018946554E-03 6.45231295789027E-03 6.47081979343046E-03 6.48903039724369E-03 6.50695543489391E-03 6.52460527709416E-03 6.54198657130903E-03 6.55911050050443E-03 6.57598602159438E-03 6.59264218761276E-03 6.60911601676548E-03 6.62543966094191E-03 6.64164367479854E-03 6.65775942780717E-03 6.6738193233364E-03 6.68984646177786E-03 6.70586131080123E-03 6.72187250728175E-03 6.73788455126695E-03 6.75387489188029E-03 6.76981943838669E-03 6.78562712129139E-03 6.80121660747167E-03 6.81653484960566E-03 6.83157099170356E-03 6.84631056292087E-03 6.86075906455136E-03 6.87492494038267E-03 6.88883938320379E-03 6.90254883924548E-03 6.91613210844675E-03 6.92965671990909E-03 6.94321661277368E-03 6.95684784997007E-03 6.97058412740712E-03 6.98444165872946E-03 6.99845671870476E-03 7.0126132876276E-03 7.02686892927137E-03 7.04116902097101E-03 7.05545605242605E-03 7.0696834911731E-03 7.08379374189527E-03 7.0977377643748E-03 7.11144807488986E-03 7.12492321759861E-03 7.13818290437102E-03 7.15127106379729E-03 7.16420781554269E-03 7.17703252948118E-03 7.18976763765102E-03 7.20245271911534E-03 7.21511329254561E-03 7.22778090993914E-03 7.24045563980426E-03 7.25315410402997E-03 7.26587103590797E-03 7.27862374773657E-03 7.29142233965775E-03 7.30428139415192E-03 7.31718914066866E-03
6.39391139973042E-03 6.41501057077872E-03 6.43578340451888E-03 6.45621842225339E-03 6.4763150549791E-03 6.49607346691085E-03 0.006515503834872 6.53461616839826E-03 6.55342014383522E-03 6.57192243862749E-03 6.59013901308396E-03 6.60808333322188E-03 6.62579202322936E-03 6.64330480043461E-03 6.66064997048132E-03 6.67785527890956E-03 6.69495038025964E-03 6.71196582567397E-03 6.7289223173603E-03 6.74583738925974E-03 6.76271645354473E-03 6.77956403924794E-03 6.79634792560465E-03 6.81302721249706E-03 6.82948263918797E-03 6.84563802637986E-03 6.86145977232838E-03 6.87695110721849E-03 6.89210150941697E-03 6.90692260481902E-03 6.92142960802966E-03 6.93566644282948E-03 6.9496923540734E-03 6.96359634711045E-03 6.97744220177663E-03 6.99132102296392E-03 7.00524356364744E-03 7.01923535500926E-03 7.03331174065486E-03 7.04750164922827E-03 7.06177738374613E-03 7.07608068994254E-03 7.0903727384039E-03 7.10460514289062E-03 7.11874918743643E-03 0.007132743998507 7.14655899461964E-03 7.16013185982442E-03 7.17349088824447E-03 7.18666350846281E-03 7.1996937458874E-03 7.21259246975321E-03 7.22540385688173E-03 7.23814731773011E-03 7.25086105554486E-03 7.26356305090231E-03 7.2762809558655E-03 0.007289008064306 7.30176340241582E-03 7.31453829855767E-03 7.32735483494676E-03 7.34022117442433E-03 7.35315043857163E-03 7.36612911365793E-03
6.4164983718199E-03 6.43910270134064E-03 6.46134870132957E-03 6.48322276969484E-03 6.5047219481542E-03 6.52584675784589E-03 6.54660710999325E-03 6.56701130682541E-03 6.58706836760699E-03 6.60678813978555E-03 6.62618968092607E-03 6.64529764158099E-03 6.66415327445095E-03 6.68278986740921E-03 6.70122952930079E-03 6.71949985125264E-03 6.7376273331665E-03 6.75563847368468E-03 6.77354760946515E-03 6.79136398197151E-03 6.80908820080605E-03 6.82672492269809E-03 6.84423910832222E-03 6.86155041056122E-03 6.8785302226922E-03 6.89513951005653E-03 6.91136945341561E-03 6.92722667860788E-03 6.9427024256736E-03 6.95781347011897E-03 6.97258103911577E-03 6.98706253312693E-03 7.00132725200572E-03 7.01546474187271E-03 7.02953909502984E-03 7.04361848522571E-03 7.05769583444241E-03 7.07180954970604E-03 7.08598245345814E-03 7.10022789576776E-03 7.11450386112181E-03 7.12875719193423E-03 7.14296462736471E-03 7.15708631060531E-03 7.17110205086147E-03 7.18494937239887E-03 7.19860774773874E-03 7.21203552948424E-03 7.2252890481847E-03 7.2383851519652E-03 7.25135910262587E-03 7.26421818229035E-03 7.27701175370366E-03 7.28975405836021E-03 7.30248326590412E-03 7.3152075524885E-03 7.32794776414928E-03 7.34069449629028E-03 7.35346817163827E-03 7.36626060611128E-03 7.37909945694827E-03 7.39198458454355E-03 7.40492456422641E-03 7.41790745106867E-03
