NongDo/Fusa 12.6h.grd
DSAA
463	323
2	464
2	324
0	10
[rows 252 to 279 of 323, columns 0 to 63 of 463]
0 0 0 0 0 0 0 0 0 0 0 0 0 0 0 0 0 0 0 0 0 0 0 0 0 0 0 0 0 0 0 0 0 0 0 0 0 0 4.08229889330894E-03 4.09151732689929E-03 4.09704929389621E-03 4.10181007759642E-03 4.10710414255501E-03 4.11311597302945E-03 4.11988610166785E-03 4.12740330416055E-03 4.13569979575352E-03 4.1447806454418E-03 4.15468998440554E-03 4.16546301708575E-03 4.17714885659121E-03 4.18979924064386E-03 4.2034524911647E-03 4.21815091109936E-03 4.23391769767927E-03 4.25079009434868E-03 4.26877240647575E-03 4.28787525134596E-03 4.30808625237689E-03 4.32940700261717E-03 4.35179624189169E-03 4.37518454611106E-03 4.39949230202043E-03 4.42463268309603E-03
0 0 0 0 0 0 0 0 0 0 0 0 0 0 0 0 0 0 0 0 0 0 0 0 0 0 0 0 0 0 0 0 0 0 0 0 0 4.07447722716207E-03 4.08229889330894E-03 4.08707926903822E-03 4.09235846895083E-03 4.09785291111929E-03 4.10386002581935E-03 4.11049608616166E-03 4.11784459488998E-03 4.12593472782097E-03 4.13481826253478E-03 4.14451895125462E-03 4.15509066677562E-03 4.16658128393275E-03 4.17904332552855E-03 4.19252949201277E-03 4.2070762818767E-03 4.22272314454897E-03 4.23948859273757E-03 4.25740183838055E-03 4.27646015059601E-03 4.29666401170031E-03 4.31798993889521E-03 4.34042434875013E-03 4.36391452705317E-03 0.004388379036884 4.41372698124382E-03 4.43986125127389E-03
0 0 0 0 0 0 0 0 0 0 0 0 0 0 0 0 0 0 0 0 0 0 0 0 0 0 0 0 0 0 0 0 0 0 0 0 4.0681514501378E-03 4.07447722716207E-03 0.004078626900959 4.08341662237928E-03 4.08880955908434E-03 4.09471919092363E-03 4.10122945293759E-03 4.10838462962772E-03 4.1162612437312E-03 4.12490335667869E-03 4.13437260105647E-03 4.14470492304836E-03 4.15596142465624E-03 4.16819944060889E-03 4.18147383018832E-03 4.19583694113682E-03 4.21132198047971E-03 4.22796347276997E-03 4.24577289374132E-03 4.26477212405469E-03 4.28494846510308E-03 4.30628948340073E-03 4.32875811736425E-03 4.35232605008193E-03 4.37692615940221E-03 4.40246430213166E-03 4.42883830758013E-03 4.45594123092435E-03
0 0 0 0 0 0 0 0 0 0 0 0 0 0 0 0 0 0 0 0 0 0 0 0 0 0 0 0 0 0 0 0 0 0 0 4.06569568836614E-03 4.0681514501378E-03 4.07139698087661E-03 4.07546346528808E-03 4.08031933087559E-03 4.08590517908594E-03 4.09215102842324E-03 4.09908218628434E-03 4.10670553942838E-03 4.11508859260247E-03 4.12428239704548E-03 4.13435151854067E-03 4.14534075910601E-03 4.15731460269474E-03 4.17034015474774E-03 4.18447124990761E-03 4.19975929787812E-03 4.2162321903954E-03 4.23391851592021E-03 4.25281934590274E-03 4.27294975308507E-03 4.29428399904562E-03 4.31679321263363E-03 4.34042570458676E-03 4.36513743438792E-03 4.39084771682562E-03 4.41744735825435E-03 4.44482339524015E-03 4.47285948441763E-03
0 0 0 0 0 0 0 0 0 0 0 0 0 0 0 0 0 0 0 0 0 0 0 0 0 0 0 0 0 0 0 0 0 0 0 4.06569568836614E-03 4.06598243548523E-03 4.06856000944012E-03 4.07254483220991E-03 4.07752912601684E-03 4.08335801168876E-03 4.08993989721738E-03 4.09727757244961E-03 4.10536818252697E-03 4.1142702166678E-03 4.12403830887928E-03 4.13473850117343E-03 4.14642378927864E-03 4.1591615438654E-03 4.17302441076935E-03 4.18806509690003E-03 4.20433204547757E-03 4.22184692936986E-03 4.2406306762841E-03 4.26067430704889E-03 4.28198006370717E-03 4.30450625486619E-03 4.32820781038824E-03 4.35301843763397E-03 4.37887734473459E-03 4.40568736077865E-03 4.43332547328399E-03 4.46166857935514E-03 4.49059276899187E-03
0 0 0 0 0 0 0 0 0 0 0 0 0 0 0 0 0 0 0 0 0 0 0 0 0 0 0 0 0 0 0 0 0 0 4.05677985037519E-03 4.06127505563035E-03 4.06254942079732E-03 4.06541654699112E-03 4.06960886024384E-03 4.07484727261293E-03 4.08098969537216E-03 4.08794686876537E-03 4.09571373200287E-03 4.10430112783904E-03 4.11375791421263E-03 4.12414350815618E-03 4.13552134789017E-03 4.14795719566891E-03 4.16151745095869E-03 4.17627891643431E-03 4.19229156859311E-03 4.20959980856673E-03 4.22821708069048E-03 4.24815492771543E-03 4.26939313011752E-03 4.29191268624752E-03 4.31565833926972E-03 4.34056758900995E-03 4.36655994144206E-03 4.39355437344511E-03 4.42144097267481E-03 4.45008257288273E-03 4.47934647308209E-03 4.50910295350422E-03
0 0 0 0 0 0 0 0 0 0 0 0 0 0 0 0 0 0 0 0 0 0 0 0 0 0 0 0 0 0 0 0 0 0 4.05677985037519E-03 4.05706139583812E-03 4.05876048988095E-03 4.06200023641248E-03 4.06653609236486E-03 4.07213199692729E-03 4.07866541412998E-03 4.08605881174165E-03 4.09431112901743E-03 4.10344730509097E-03 4.11351521113239E-03 4.12457784893414E-03 4.1366980004615E-03 4.14995075046394E-03 4.16440324218829E-03 4.1801340561497E-03 4.19718956709223E-03 4.21560781377654E-03 4.23539179072561E-03 4.25654078433511E-03 4.27901909682517E-03 4.30278669766559E-03 4.32777147365415E-03 4.35389392422188E-03 4.3810583657415E-03 4.40916646996132E-03 4.4380947569853E-03 4.46769283494539E-03 4.49782026846889E-03 4.52834495142922E-03
0 0 0 0 0 0 0 0 0 0 0 0 0 0 0 0 0 0 0 0 0 0 0 0 0 0 0 0 0 0 0 0 0 0 4.0524145236546E-03 4.05253224775967E-03 4.05459868746387E-03 4.05827766498036E-03 4.0632520200275E-03 4.0692948019673E-03 4.07629849922559E-03 4.08420123393722E-03 4.09301083820765E-03 4.10276728557896E-03 4.1135187959143E-03 4.12533550643404E-03 4.13827606466242E-03 4.15242609211663E-03 4.16785070692664E-03 4.18463144197669E-03 4.20280866286255E-03 4.22241101996207E-03 4.24342728522956E-03 4.26584085728496E-03 4.2895989744326E-03 4.31463968298404E-03 4.34087322597834E-03 4.36820110007713E-03 4.39651399045823E-03 4.42569786892579E-03 4.45562016830778E-03 4.48611534327996E-03 4.51703863337756E-03 4.54826034516008E-03
0 0 0 0 0 0 0 0 0 0 0 0 0 0 0 0 0 0 0 0 0 0 0 0 0 0 0 0 0 0 0 0 0 0 4.0471167774546E-03 4.04732716211201E-03 4.04991464744621E-03 4.05415532653028E-03 4.05967518058935E-03 4.06626274069767E-03 4.07382828498057E-03 4.08232639085846E-03 4.09177627452634E-03 4.10223882274392E-03 4.11376250176309E-03 4.12642318436901E-03 4.14027557572869E-03 4.15541459503021E-03 4.17189971978303E-03 4.18981937121717E-03 4.2092034128503E-03 4.23006547258239E-03 4.25237639708786E-03 4.2761022623627E-03 4.30117118594488E-03 4.32749930207715E-03 4.35497810444828E-03 4.38349060605639E-03 4.41291425522989E-03 4.44312336098253E-03 4.47397911448995E-03 4.50529951223245E-03 4.53694216972513E-03 4.56878647143206E-03
0 0 0 0 0 0 0 0 0 0 0 0 0 0 0 0 0 0 0 0 0 0 0 0 0 0 0 0 0 0 0 0 0 4.0311201127391E-03 4.03923413602977E-03 4.04099536121588E-03 4.04457789271455E-03 4.04956850453102E-03 4.05575784850408E-03 4.06299575072318E-03 4.07122260359269E-03 4.08041315970117E-03 4.09059434919494E-03 4.10186306056856E-03 4.11425746478468E-03 4.12786603947555E-03 4.14273041681753E-03 4.15896476849584E-03 4.17660709656215E-03 4.19576393052215E-03 4.21644217652907E-03 4.23863635466882E-03 4.26229721186106E-03 4.28737225906583E-03 4.31377061413266E-03 4.34138415582027E-03 4.37008941736291E-03 4.39974988357021E-03 4.43023317909754E-03 4.46139941551413E-03 4.49311552882253E-03 4.52517760664037E-03 4.55745938117341E-03 4.58985496928358E-03
0 0 0 0 0 0 0 0 0 0 0 0 0 0 0 0 0 0 0 0 0 0 0 0 0 0 0 0 0 0 0 0 0 4.0311201127391E-03 4.03159584411821E-03 4.03412959915438E-03 4.03865014014195E-03 4.04451080173525E-03 4.05148578789358E-03 4.05947938663398E-03 4.06847083298319E-03 4.07845918824207E-03 4.08948422282555E-03 4.10166287341114E-03 4.11503674474598E-03 4.12969968570904E-03 4.14569063831831E-03 0.004163129668909 4.18204670285249E-03 4.20253957580995E-03 4.22459278951047E-03 4.2481808901468E-03 4.27323643964898E-03 4.29968433480454E-03 4.32741334192626E-03 4.35629397773075E-03 4.38618842853712E-03 4.4169471701647E-03 4.44842826940866E-03 4.48048001485154E-03 4.51295890568233E-03 4.54567345306479E-03 4.57851969282324E-03 4.61140291933124E-03
0 0 0 0 0 0 0 0 0 0 0 0 0 0 0 0 0 0 0 0 0 0 0 0 0 0 0 0 0 0 0 0 0 4.02311582160238E-03 4.02342904136309E-03 4.02684556670216E-03 4.0323134706497E-03 4.03907454869567E-03 4.04690887448961E-03 4.05574459036614E-03 4.0655965631778E-03 4.07648718147026E-03 4.08847762440257E-03 4.10168248450356E-03 4.11615617567444E-03 4.13199294829585E-03 4.14923541717106E-03 4.16799526431966E-03 4.18830668477586E-03 4.21022183355086E-03 4.23372015678565E-03 4.25875007415247E-03 4.28523095702184E-03 4.3130546685297E-03 4.34209668736062E-03 4.37220498750807E-03 4.40323183233804E-03 4.43501889299762E-03 4.46741667756463E-03 4.50026509613888E-03 4.53341040939734E-03 4.56671402968996E-03 4.6000663987201E-03 4.63338691776731E-03
0 0 0 0 0 0 0 0 0 0 0 0 0 0 0 0 0 0 0 0 0 0 0 0 0 0 0 0 0 0 0 0 3.99193179917872E-03 4.0109757665967E-03 4.01402434213659E-03 4.01903796263825E-03 4.02562737009712E-03 4.03335484249786E-03 4.04210780904364E-03 4.05186308155474E-03 4.06266703328427E-03 4.07456579680987E-03 4.08763355368427E-03 4.10198551369443E-03 4.11768196880026E-03 4.13481767490604E-03 4.1534333802396E-03 4.17363157021104E-03 4.19543347704177E-03 4.21885541671023E-03 4.24385899279532E-03 4.27037024592367E-03 4.29828876904077E-03 4.32747922380087E-03 4.35780060421231E-03 4.38908442877477E-03 4.42117542315632E-03 4.4539103872338E-03 4.48713713815009E-03 4.52069413907237E-03 4.55443923792233E-03 4.58826756585143E-03 4.62207115124339E-03 4.65577572683273E-03
0 0 0 0 0 0 0 0 0 0 0 0 0 0 0 0 0 0 0 0 0 0 0 0 0 0 0 0 0 0 0 3.98546253653578E-03 3.99193179917872E-03 3.99901259055098E-03 4.00468618124027E-03 4.01117255930524E-03 4.0188298703846E-03 4.0275107756915E-03 4.03720947286642E-03 4.0479436162831E-03 4.05978109590012E-03 4.0727848347147E-03 4.08703731375981E-03 4.10265430645707E-03 4.11969677624049E-03 4.13825359170117E-03 4.1583582956226E-03 4.18009660270475E-03 4.20347232747857E-03 4.22847035367286E-03 4.25502789489714E-03 4.28304476116446E-03 4.31239983894907E-03 4.34293443483248E-03 4.37449190123508E-03 4.40689215961125E-03 4.43997492516135E-03 4.47357813798726E-03 4.5075544681792E-03 4.54175058733131E-03 4.57603665731171E-03 4.61032642559782E-03 4.64452184370677E-03 4.67855183246746E-03
0 0 0 0 0 0 0 0 0 0 0 0 0 0 0 0 0 0 0 0 0 0 0 0 0 0 0 0 0 0 0 3.98546253653578E-03 3.98595180415246E-03 3.99022747420202E-03 3.99618680309289E-03 4.00349674062652E-03 4.01205110587072E-03 4.02165864610049E-03 4.03232822884052E-03 4.04409985132642E-03 4.05705074389343E-03 4.07125290805375E-03 4.08679075224079E-03 4.10378384174741E-03 4.12228723222795E-03 4.14237774692584E-03 4.16407456070368E-03 4.18744485695976E-03 4.21246758625844E-03 4.23909762485821E-03 4.26724303066625E-03 4.29677613100995E-03 4.32755373564544E-03 4.35939754888148E-03 4.39213967909272E-03 4.42558983704564E-03 4.45958837636107E-03 4.4939806488764E-03 4.52863041666894E-03 4.56339577997027E-03 4.59816204909752E-03 4.63285448248726E-03 4.6673824519927E-03 4.70167676872077E-03
0 0 0 0 0 0 0 0 0 0 0 0 0 0 0 0 0 0 0 0 0 0 0 0 0 0 0 0 0 0 0 3.97729684364105E-03 3.97760597639555E-03 3.98159611343419E-03 3.98794642589297E-03 3.99597044663072E-03 4.00536990137064E-03 4.01590301043488E-03 4.0275790370117E-03 4.04045029383735E-03 4.0545936341344E-03 4.07008584509734E-03 4.0870062979255E-03 4.10548160320478E-03 4.12555359329448E-03 4.14727929116107E-03 4.1706591636604E-03 4.19573686072958E-03 4.22246576930813E-03 4.25076499346004E-03 4.28051480196176E-03 4.31155705629314E-03 4.34372976278326E-03 4.37683562948894E-03 4.41070259277663E-03 4.44512999311572E-03 4.47996685757184E-03 0.004515071488408 4.55032325649122E-03 4.58559373472175E-03 4.62078014217305E-03 4.65581608333941E-03 4.69061648749374E-03 4.72511056170315E-03
0 0 0 0 0 0 0 0 0 0 0 0 0 0 0 0 0 0 0 0 0 0 0 0 0 0 0 0 0 0 3.95297284890809E-03 3.96516864651123E-03 3.96755026950091E-03 3.97250884255075E-03 3.97964061016834E-03 3.98848475398986E-03 3.99878488621252E-03 4.01030992434693E-03 4.02306264227457E-03 4.03710825582871E-03 4.05252656209025E-03 4.06940072151525E-03 4.08780436933021E-03 4.10785920247052E-03 4.12959231574016E-03 4.15303985771894E-03 4.1781804117298E-03 4.20502878332794E-03 4.23350591822702E-03 4.26349586532678E-03 4.29484827517129E-03 4.32737814732224E-03 4.36090443937773E-03 4.39521569878746E-03 4.4301342721396E-03 4.46546172301469E-03 4.50106088155451E-03 4.53680387230633E-03 4.57258554408531E-03 4.60829367016495E-03 4.64384084194136E-03 4.67916197934885E-03 4.71417185567322E-03 4.7487986044607E-03
0 0 0 0 0 0 0 0 0 0 0 0 0 0 0 0 0 0 0 0 0 0 0 0 0 0 0 0 0 0 3.95297284890809E-03 3.95376314357948E-03 3.95720439221994E-03 3.96322082280295E-03 3.9713138697826E-03 3.9811037444381E-03 3.99238097429437E-03 4.00497226647056E-03 4.01888388808736E-03 4.03418974711529E-03 4.05096868490344E-03 4.06931785933695E-03 4.0893046747747E-03 4.1110294107081E-03 4.1345070167298E-03 4.15974969612518E-03 4.18671352996727E-03 4.21537217564549E-03 4.24561916350139E-03 4.27729814762079E-03 4.31023086255102E-03 4.3442067203698E-03 4.37902960608317E-03 4.41447778463332E-03 4.45037112289537E-03 4.48652671880643E-03 4.52281656442675E-03 4.5591278856759E-03 4.59537243174452E-03 4.6314576785464E-03 4.66730724689325E-03 4.7028504702756E-03 4.73800367819597E-03 4.77269268959752E-03
0 0 0 0 0 0 0 0 0 0 0 0 0 0 0 0 0 0 0 0 0 0 0 0 0 0 0 0 0 3.92490493378136E-03 3.93906113114098E-03 3.94157901308074E-03 3.94656895550803E-03 3.95380554026856E-03 3.96299730374526E-03 3.97385368251315E-03 3.98622200674538E-03 3.9999808353632E-03 4.01514885275086E-03 4.03180982615557E-03 4.05004453932549E-03 4.06996051719305E-03 0.004091617425374 4.11509475447222E-03 4.14038816919248E-03 4.1674852573904E-03 4.19631347590826E-03 4.2268078951699E-03 4.25882644417891E-03 4.29217581613927E-03 4.32664902757971E-03 4.3620153460877E-03 4.39806662693299E-03 4.43457713767178E-03 4.47137123127822E-03 4.50828130918505E-03 4.54519163530947E-03 4.58200369764145E-03 4.61864583885811E-03 4.6550444811115E-03 4.69113274756978E-03 4.72683324529123E-03 4.76205964483019E-03 4.79673601814553E-03
0 0 0 0 0 0 0 0 0 0 0 0 0 0 0 0 0 0 0 0 0 0 0 0 0 0 0 0 0 3.92490493378136E-03 3.92578287561777E-03 3.92952864816611E-03 3.93589272165585E-03 3.94439833840656E-03 3.95478382798934E-03 3.96681741108255E-03 3.98039377068263E-03 3.99542977022592E-03 4.01196027876089E-03 4.0300799718848E-03 4.04986931370903E-03 4.07144375564795E-03 4.09485307726145E-03 4.12015611160342E-03 4.14732643040478E-03 4.17632088322631E-03 4.20703609095407E-03 4.23936686945731E-03 4.27313849803049E-03 4.30811867648774E-03 4.34407472619308E-03 4.38076194617748E-03 4.41796617828537E-03 4.45546445994578E-03 4.49308653834951E-03 4.5306817449898E-03 4.56814546229786E-03 4.60539386174706E-03 4.64236915494311E-03 4.67901763954249E-03 4.71527966316325E-03 4.75106803290336E-03 4.78629171632473E-03 4.8208739388628E-03
0 0 0 0 0 0 0 0 0 0 0 0 0 0 0 0 0 0 0 0 0 0 0 0 0 0 0 0 3.89419253781946E-03 3.90959543383209E-03 3.91217631540767E-03 3.91747238234087E-03 3.92523480431527E-03 3.93506841491588E-03 3.94674536001723E-03 3.96007214937518E-03 3.97498127372505E-03 3.99141699903629E-03 4.00942450793774E-03 4.02911091527598E-03 4.05055394460697E-03 0.00407387588353 4.09911267558197E-03 4.12630543590836E-03 4.15540067665315E-03 4.18632002615229E-03 4.21892600037504E-03 4.25307686366834E-03 4.28856513359245E-03 4.32511830620301E-03 4.36248439808768E-03 4.40041392007389E-03 4.43869209319813E-03 4.47710192949757E-03 4.51548071915464E-03 4.55369469547405E-03 4.59164945296396E-03 4.62927232163887E-03 4.6665164067403E-03 4.70334789770591E-03 4.73971421709414E-03 4.77551243085202E-03 4.81064751549245E-03 4.84504601472695E-03
0 0 0 0 0 0 0 0 0 0 0 0 0 0 0 0 0 0 0 0 0 0 0 0 0 0 0 0 3.89419253781946E-03 3.89503648769586E-03 3.89876163054078E-03 3.90550163812372E-03 3.91470477110777E-03 3.92593929190437E-03 3.93900488045645E-03 3.95373452177964E-03 3.97009407937541E-03 3.98804772548946E-03 4.00764589744224E-03 4.02901096093402E-03 4.05220507541315E-03 4.0773639998898E-03 4.10449890113826E-03 4.13363577356804E-03 4.16469151434455E-03 4.19754509529133E-03 4.2320276259127E-03 4.26795625315439E-03 4.30510403551033E-03 4.34315091591402E-03 4.38184091134901E-03 4.42092857187647E-03 4.46020059411598E-03 4.49945051809136E-03 4.53851774031911E-03 4.57729130855748E-03 4.61567856741598E-03 4.65361789776482E-03 4.69106519633633E-03 4.7280082983744E-03 4.76440319917061E-03 4.80012067447883E-03 4.83507066675603E-03 4.86918836783316E-03
0 0 0 0 0 0 0 0 0 0 0 0 0 0 0 0 0 0 0 0 0 0 0 0 0 0 0 0 3.8793073576311E-03 3.87982570366655E-03 3.88514063393894E-03 3.89357855379631E-03 3.90437425535194E-03 3.91712241728396E-03 3.93168022272857E-03 3.94792230815462E-03 3.96584452542313E-03 3.98543184200919E-03 4.00673600723703E-03 4.02988469535286E-03 4.05492968132196E-03 4.08200695436011E-03 4.11110694743507E-03 0.004142229547415 4.17525982811599E-03 4.21003925878993E-03 4.24636805678066E-03 4.28402106291022E-03 4.32273964081958E-03 4.36218812797597E-03 4.40211406646995E-03 4.44227745133815E-03 4.48246610515536E-03 4.5224850860072E-03 4.56217936094715E-03 4.6014543329774E-03 4.64021663866995E-03 4.67841150258502E-03 4.71599766151253E-03 0.004752977991428 4.78930359354898E-03 4.82483353117614E-03 4.8594915357651E-03 4.89322580852853E-03
0 0 0 0 0 0 0 0 0 0 0 0 0 0 0 0 0 0 0 0 0 0 0 0 0 0 0 3.82398732214867E-03 3.85785580857049E-03 3.8632084627318E-03 3.87145375224267E-03 3.8819644801469E-03 3.89448870634464E-03 3.90883335043125E-03 3.92495906087068E-03 3.94279759757823E-03 3.96237320048322E-03 3.98369400412761E-03 4.00681060046108E-03 4.03184483621163E-03 4.05883478794706E-03 4.0879034153739E-03 4.11902398734782E-03 4.15215198648173E-03 4.18715132866121E-03 4.22382367193078E-03 4.26194630632703E-03 4.30124245446903E-03 4.34143327181917E-03 4.38220007736626E-03 4.42327922109003E-03 4.46444370427959E-03 4.50547631833025E-03 4.54620409570197E-03 4.58646350525304E-03 4.62618124671712E-03 4.66525390172476E-03 4.7036363365953E-03 4.74127887631583E-03 4.77819468396164E-03 4.81434094637676E-03 4.84957230744509E-03 4.88382778524334E-03 4.91707534998095E-03
0 0 0 0 0 0 0 0 0 0 0 0 0 0 0 0 0 0 0 0 0 0 0 0 0 0 3.80245104211264E-03 3.82398732214867E-03 3.83724069475558E-03 3.84753733040055E-03 3.85855294390208E-03 3.87106673888713E-03 3.88530609713825E-03 3.90127278730368E-03 3.91901684480421E-03 3.93851947953749E-03 3.95982813175679E-03 3.98296874523984E-03 4.00798826303774E-03 4.03499581350497E-03 4.06401055891923E-03 4.09513230756069E-03 4.12830468686507E-03 4.16344565359869E-03 4.20038977468907E-03 4.23890821862275E-03 4.27875093086086E-03 4.31960589613575E-03 4.36118455690506E-03 4.40318206405967E-03 4.44533715500896E-03 4.48742728410761E-03 4.52923708582381E-03 4.57060403528468E-03 4.61136793350287E-03 4.65145925785556E-03 4.69076887167067E-03 4.72925368807377E-03 0.004766862649068 4.80361120485563E-03 4.83945094961108E-03 4.87425381925749E-03 4.9079880128473E-03 4.94064530129822E-03
0 0 0 0 0 0 0 0 0 0 0 0 0 0 0 0 0 0 0 0 0 0 0 0 0 3.79331348030925E-03 3.80245104211264E-03 3.81206217614625E-03 3.82304096282795E-03 3.83449797608665E-03 3.84713784297809E-03 3.86126856414187E-03 3.87709184258956E-03 3.89465588944624E-03 3.91404025331825E-03 3.93525416739781E-03 3.95835741602988E-03 3.98338813275219E-03 4.01038710136415E-03 4.03943982491388E-03 4.07054218830134E-03 4.10375402183153E-03 4.13898962038417E-03 4.17612837065556E-03 4.21497738976173E-03 4.25528109591485E-03 4.29676784954498E-03 4.33910461938616E-03 4.38199522067661E-03 4.42515040717585E-03 4.46831194704242E-03 4.51126112555129E-03 4.55378253738759E-03 4.59572004426684E-03 4.6369158844412E-03 4.67729251484333E-03 4.71674363314591E-03 4.75522103977776E-03 4.79267687256837E-03 4.82911808386061E-03 4.86451372345811E-03 4.89876490627333E-03 4.93186595342604E-03 4.96383970159102E-03
0 0 0 0 0 0 0 0 0 0 0 0 0 0 0 0 0 0 0 0 0 0 0 0 0 3.79331348030925E-03 3.79417679840596E-03 3.80098983361378E-03 3.81111981949008E-03 3.82321421847948E-03 3.83706515654719E-03 3.85261475139855E-03 3.86995178903298E-03 3.88911105123565E-03 3.91016847237525E-03 3.93314175585113E-03 3.95809234985369E-03 3.98507078444928E-03 4.01410722513691E-03 4.04525695935507E-03 4.07848630401014E-03 0.004113809281895 4.15110357339141E-03 4.1902122505966E-03 4.23091524041239E-03 4.27293844478739E-03 4.31599378786955E-03 4.35973534828521E-03 4.40386338178529E-03 4.44810527822858E-03 4.49220650423663E-03 4.53594480492363E-03 4.57910280035607E-03 4.62152682346273E-03 4.66306238394723E-03 4.70361972582857E-03 4.74309479419689E-03 4.78143727119347E-03 4.81860723091161E-03 4.85460857717509E-03 4.88942413442223E-03 4.92299657226261E-03 4.95535873529904E-03 4.98656449505894E-03
0 0 0 0 0 0 0 0 0 0 0 0 0 0 0 0 0 0 0 0 0 0 0 0 3.76229848501506E-03 3.77830053489214E-03 3.78179316266774E-03 3.7893157969578E-03 3.79999769174087E-03 3.81303125885166E-03 3.82811438121027E-03 3.84507489210116E-03 3.86393892834978E-03 3.88473284064501E-03 3.90751270798327E-03 3.93230151958958E-03 3.95914897191904E-03 3.98812616124769E-03 4.01924759014051E-03 4.05252629985028E-03 4.08790400533101E-03 4.12533197343438E-03 4.16466228662175E-03 4.20569408681064E-03 4.24818977923432E-03 4.29186167960878E-03 4.33641152516788E-03 4.38148947115013E-03 4.42678454898716E-03 4.47205226247321E-03 4.51702718127243E-03 4.56148014004406E-03 4.60518790357077E-03 4.64799731280355E-03 4.68976010285725E-03 4.73036404272578E-03 4.76972288943565E-03 4.80777821731257E-03 4.84451407697916E-03 4.87992548914369E-03 4.91403069556964E-03 4.94681815412466E-03 4.97835570680584E-03 5.0087291145239E-03
