NongDo/Fusa 11.6h.grd
DSAA
463	323
2	464
2	324
0	10
[rows 252 to 279 of 323, columns 0 to 63 of 463]
0 0 0 0 0 0 0 0 0 0 0 0 0 0 0 0 0 0 0 0 0 0 0 0 0 0 0 0 0 0 0 0 0 0 0 0 0 0 3.89673337432392E-03 3.9064090614987E-03 3.91211323362521E-03 3.91721311285881E-03 3.92301046946642E-03 3.92970478447196E-03 3.93736067282288E-03 3.94598548320851E-03 3.95563679915715E-03 3.96633967443874E-03 3.97816417892296E-03 3.99116811499925E-03 4.00542230675516E-03 4.02099689978675E-03 4.03794028834214E-03 4.05630009108309E-03 4.07609342529136E-03 4.09734996426629E-03 4.12005317489244E-03 4.14418987290043E-03 4.16971433968739E-03 4.19659895771194E-03 4.22476404923368E-03 4.25409240101225E-03 4.28445051657479E-03 4.31569310401503E-03
0 0 0 0 0 0 0 0 0 0 0 0 0 0 0 0 0 0 0 0 0 0 0 0 0 0 0 0 0 0 0 0 0 0 0 0 0 3.88835943147113E-03 3.89673337432392E-03 3.90172229247911E-03 3.90729592638174E-03 3.91323632086115E-03 0.003919859438656 3.92729456543548E-03 3.93564919160531E-03 3.94497497879421E-03 3.95535228571644E-03 3.96682863140739E-03 3.97948587456013E-03 3.99339739978102E-03 4.0086385071713E-03 4.02528056236785E-03 4.04336888625826E-03 4.06294599264018E-03 4.08402091928658E-03 4.10661057541892E-03 4.13068628784536E-03 4.15621833122145E-03 4.1831431293161E-03 4.21141005036455E-03 4.24092125444939E-03 4.2715408199615E-03 0.004303117918227 4.33549181707487E-03
0 0 0 0 0 0 0 0 0 0 0 0 0 0 0 0 0 0 0 0 0 0 0 0 0 0 0 0 0 0 0 0 0 0 0 0 3.88142409963632E-03 3.88835943147113E-03 3.89274850617885E-03 3.89782925284982E-03 3.90362197335336E-03 3.91008167454758E-03 3.91731812538486E-03 3.92539190712732E-03 3.93440497952434E-03 3.9444263484638E-03 3.95554794589973E-03 3.96783153549636E-03 3.98136751204109E-03 3.9962405848856E-03 4.0125289994768E-03 4.03030324682376E-03 4.04960344303275E-03 4.07046403953434E-03 4.09288258358124E-03 4.11686373932744E-03 4.14236277537632E-03 4.16932977929345E-03 4.19768018894166E-03 4.22734113960609E-03 4.25819306717315E-03 4.29008093834289E-03 4.32283717781239E-03 4.35628690675116E-03
0 0 0 0 0 0 0 0 0 0 0 0 0 0 0 0 0 0 0 0 0 0 0 0 0 0 0 0 0 0 0 0 0 0 0 3.87854587139239E-03 3.88142409963632E-03 3.88490699681067E-03 3.88924952147962E-03 3.89447105488224E-03 3.90055345189288E-03 3.90745609354784E-03 3.91523123948016E-03 3.92390430309304E-03 3.93357014315508E-03 3.94430699934511E-03 3.95621039734824E-03 3.9693522836187E-03 3.9838264209253E-03 3.99972893166507E-03 4.01713624123818E-03 4.03611670599034E-03 4.05670213565326E-03 4.07891725018922E-03 4.1027433472934E-03 4.12817293036676E-03 4.15514106462758E-03 4.18357316867891E-03 4.21336264677717E-03 4.24441357174302E-03 4.2765864591008E-03 4.30970481248333E-03 4.34358566131436E-03 4.37804143553311E-03
0 0 0 0 0 0 0 0 0 0 0 0 0 0 0 0 0 0 0 0 0 0 0 0 0 0 0 0 0 0 0 0 0 0 0 3.87854587139239E-03 3.87886272545524E-03 3.88162448168154E-03 3.88592058809073E-03 3.8913466433507E-03 3.89777146687555E-03 3.90512542131822E-03 3.9134377838185E-03 3.92272678607977E-03 3.9330795972387E-03 3.94457934073297E-03 3.95732289772975E-03 3.97139128783325E-03 3.98688094261343E-03 4.00389343853792E-03 4.02250243673539E-03 4.0427708134884E-03 4.06472019991826E-03 4.08836275939505E-03 4.11366372877533E-03 4.14059515907961E-03 4.16906774182635E-03 4.19898289346633E-03 4.23021265931761E-03 4.26263737934875E-03 4.29609463490847E-03 4.33038917214278E-03 0.004365324456919 4.40070350213455E-03
0 0 0 0 0 0 0 0 0 0 0 0 0 0 0 0 0 0 0 0 0 0 0 0 0 0 0 0 0 0 0 0 0 0 3.8680469196165E-03 3.87341165374313E-03 3.87478950259066E-03 3.8778906814184E-03 3.88246009950548E-03 3.88822935390132E-03 3.89507741966906E-03 3.90293533744518E-03 3.91182436370503E-03 3.92178065402924E-03 3.9328817266979E-03 3.94521660856932E-03 3.95887803611435E-03 3.97396095293141E-03 3.99055882310751E-03 4.00877637479242E-03 4.02868164922786E-03 4.05032973626388E-03 4.07372853727316E-03 4.09887460951361E-03 4.12571506459426E-03 4.15419076073451E-03 4.1841911802988E-03 4.21559235736064E-03 4.24824611218627E-03 4.2820057329551E-03 4.31669194988913E-03 4.35209137908045E-03 4.38799561294382E-03 4.42420151086581E-03
0 0 0 0 0 0 0 0 0 0 0 0 0 0 0 0 0 0 0 0 0 0 0 0 0 0 0 0 0 0 0 0 0 0 3.8680469196165E-03 3.86837015123837E-03 3.87020620554895E-03 3.87373874008686E-03 3.8787323571549E-03 3.88496156186781E-03 3.89232462000623E-03 3.90076488499919E-03 3.91030871744903E-03 3.92100965512573E-03 3.93294472086994E-03 3.94620677095358E-03 3.96088590656688E-03 3.97708588409747E-03 3.99489828851794E-03 4.0144271318457E-03 4.03573268220077E-03 4.05885824479111E-03 4.08379414293581E-03 4.11051686707484E-03 4.13894962351771E-03 4.16900258647334E-03 4.20054013517656E-03 4.23341402478703E-03 4.26745542740281E-03 4.30249550970697E-03 4.33833840978788E-03 4.3747551096635E-03 4.41152878367322E-03 4.44845545516208E-03
0 0 0 0 0 0 0 0 0 0 0 0 0 0 0 0 0 0 0 0 0 0 0 0 0 0 0 0 0 0 0 0 0 0 3.86270440068253E-03 3.86283138010944E-03 3.86508334358713E-03 3.86912978942034E-03 3.87465741469988E-03 3.88145111091967E-03 3.88942570505063E-03 3.89854224766761E-03 3.90883780690193E-03 3.92038416209208E-03 3.93325852407075E-03 3.94756115658582E-03 3.96337419765717E-03 3.98081076687443E-03 3.9999557019395E-03 4.02091271444873E-03 4.0437301981229E-03 4.06843457342751E-03 4.09499276281917E-03 4.1233560210858E-03 4.15342163156287E-03 4.18506825941132E-03 4.21813498844626E-03 4.25244762033606E-03 4.28781966770737E-03 4.32406337490711E-03 4.36097349683558E-03 4.39830420687781E-03 4.43583556507869E-03 4.47336970695201E-03
0 0 0 0 0 0 0 0 0 0 0 0 0 0 0 0 0 0 0 0 0 0 0 0 0 0 0 0 0 0 0 0 0 0 3.85617775773952E-03 3.8564093424211E-03 3.85925943036981E-03 3.86396385579647E-03 3.87015209966375E-03 3.87762827574957E-03 3.88632813436115E-03 3.89623211684658E-03 3.90739073367847E-03 3.91990098544133E-03 3.93383948593414E-03 3.94931145312085E-03 3.96639012509177E-03 3.98519559646777E-03 4.00579973436588E-03 4.02830962252053E-03 4.05275484393907E-03 4.07913658542729E-03 4.10739287112159E-03 4.13744773653438E-03 4.16917016344556E-03 4.20240802771591E-03 4.23697484499848E-03 4.27267253234471E-03 4.30929862826005E-03 4.34665249447737E-03 4.38452425762657E-03 4.42265109072836E-03 4.4608193479525E-03 4.49884612372975E-03
0 0 0 0 0 0 0 0 0 0 0 0 0 0 0 0 0 0 0 0 0 0 0 0 0 0 0 0 0 0 0 0 0 3.83682008710797E-03 0.003846663802685 3.84862620712165E-03 3.85260732934331E-03 3.85818687525871E-03 3.86518313110115E-03 3.8734704263638E-03 3.88302043271154E-03 3.8938377718183E-03 3.90598179120954E-03 3.91959233056723E-03 3.93473187937335E-03 3.95151815309449E-03 3.97000307491519E-03 3.99032525467637E-03 4.0125225527884E-03 4.03671749475536E-03 4.06290374408894E-03 4.09105104507322E-03 4.12106570150025E-03 4.15284310014826E-03 4.18622473037982E-03 4.2210256642691E-03 4.25704016704768E-03 4.29404667933647E-03 4.33183257034611E-03 4.37018197159227E-03 4.40889575191938E-03 4.44768893023655E-03 4.4863719317619E-03 4.52478364591762E-03
0 0 0 0 0 0 0 0 0 0 0 0 0 0 0 0 0 0 0 0 0 0 0 0 0 0 0 0 0 0 0 0 0 3.83682008710797E-03 3.83737562313338E-03 3.84017743288199E-03 3.84522324419203E-03 3.8518216921065E-03 3.85976567170133E-03 3.86899373654992E-03 3.87952450072002E-03 3.89139212211457E-03 3.90467068841702E-03 3.91952268273617E-03 3.93601187263463E-03 3.95425842052042E-03 3.97430498464584E-03 3.99629074958424E-03 4.02023598100504E-03 4.04624286051658E-03 4.07426761168178E-03 4.10424766568143E-03 4.13606067345887E-03 4.16956878744666E-03 4.20458493036877E-03 4.24089643703253E-03 4.27828048976517E-03 4.31650215599364E-03 4.35534063589605E-03 4.39456903664916E-03 4.43397841122947E-03 4.4733052544232E-03 4.51239201503094E-03 4.55109351243872E-03
0 0 0 0 0 0 0 0 0 0 0 0 0 0 0 0 0 0 0 0 0 0 0 0 0 0 0 0 0 0 0 0 0 3.82711367303003E-03 3.82746002809525E-03 3.83125055166613E-03 3.8373727423869E-03 3.84502191181521E-03 3.85400149216566E-03 3.86427786951795E-03 3.87591219859261E-03 3.88896639722812E-03 3.90353952444392E-03 3.91978869889125E-03 3.93778884676059E-03 3.9576549244337E-03 3.97942665761858E-03 4.00322453527458E-03 4.02906605541139E-03 4.05698586304555E-03 4.08692490857328E-03 4.11878010288114E-03 4.15240729830743E-03 4.18762315310635E-03 4.22422225755975E-03 4.26196396201088E-03 4.30061522780099E-03 0.004339934328872 4.37969638619348E-03 4.41966948065591E-03 4.45963571665662E-03 4.49940021821046E-03 4.53880228833531E-03 4.5777153840906E-03
0 0 0 0 0 0 0 0 0 0 0 0 0 0 0 0 0 0 0 0 0 0 0 0 0 0 0 0 0 0 0 0 3.7908761111042E-03 3.81278228574753E-03 3.81618220346787E-03 3.82176307010842E-03 3.82916067278635E-03 3.8379405702398E-03 3.84803083997027E-03 3.85945534116419E-03 3.87231243268807E-03 3.88669178163002E-03 3.90270632801506E-03 3.92051077044626E-03 3.94018154497693E-03 3.96182712362766E-03 3.98547605357967E-03 4.01122818387597E-03 4.03907540721422E-03 4.06899854452827E-03 4.10090722708611E-03 4.13466312800002E-03 4.17009245094834E-03 4.20697524586091E-03 4.24508492661278E-03 4.28416186027356E-03 4.32396682937029E-03 4.36425705371399E-03 4.40481038362697E-03 4.44539887092493E-03 4.48582207846226E-03 4.52592803683514E-03 4.56556091074992E-03 4.60460328584779E-03
0 0 0 0 0 0 0 0 0 0 0 0 0 0 0 0 0 0 0 0 0 0 0 0 0 0 0 0 0 0 0 3.78323833435504E-03 3.7908761111042E-03 3.79879618141122E-03 3.80508021957824E-03 3.81229309041821E-03 3.82090424547778E-03 3.83080611426401E-03 3.8420486951694E-03 3.85470301642891E-03 3.86889230241474E-03 3.88472473010477E-03 3.9023203626317E-03 3.9218306550454E-03 3.94332632014922E-03 3.96690025141928E-03 3.99256223840231E-03 4.02038159353359E-03 4.05031961312946E-03 4.08230919094592E-03 4.1162214875923E-03 4.15187887023097E-03 4.18907791940696E-03 4.22756816984772E-03 4.26710428818902E-03 4.30741469528083E-03 4.34825776242431E-03 4.3893974695797E-03 4.43062350377504E-03 4.47172296459773E-03 4.51251299975261E-03 4.55286595927298E-03 4.59264022123565E-03 4.6317235703114E-03
0 0 0 0 0 0 0 0 0 0 0 0 0 0 0 0 0 0 0 0 0 0 0 0 0 0 0 0 0 0 0 3.78323833435504E-03 3.78379112190617E-03 3.78845935589604E-03 3.79500659740125E-03 3.80312973158416E-03 3.81277549540569E-03 3.82378598250266E-03 3.83622747577336E-03 3.85019710180368E-03 3.86582825437505E-03 3.88323765806843E-03 3.90254368874275E-03 0.003923897676362 3.94735609294067E-03 3.97298804174105E-03 4.00077551384188E-03 4.03075540874568E-03 4.06284927093243E-03 4.09694487670826E-03 4.13287015185479E-03 4.17040816553141E-03 4.20932540244926E-03 4.24934686238732E-03 4.29021518674111E-03 4.33164923179676E-03 4.37341222224839E-03 4.41528229258849E-03 4.45706782086672E-03 4.49857414243473E-03 4.5396395512703E-03 4.58015186758242E-03 4.61997995438681E-03 4.65901503608176E-03
0 0 0 0 0 0 0 0 0 0 0 0 0 0 0 0 0 0 0 0 0 0 0 0 0 0 0 0 0 0 0 3.77364668268922E-03 3.77398045038543E-03 3.7783145122401E-03 3.78529407633923E-03 3.79423812037605E-03 3.80488701470763E-03 3.81702982534898E-03 3.83073456806395E-03 3.84611286492191E-03 3.86329626509457E-03 3.88240434895148E-03 3.90354405108078E-03 3.92686977834669E-03 3.95241431177699E-03 3.9802132910252E-03 4.01021604649855E-03 4.0424214679206E-03 4.07671188283186E-03 4.11292350021387E-03 4.15084454612111E-03 4.19021667477497E-03 4.23078200631852E-03 4.27224278102211E-03 4.31433918676933E-03 4.35678095552571E-03 4.39934600407857E-03 4.44183258049003E-03 4.4840720380282E-03 4.52588969662144E-03 4.56714102729715E-03 4.60772566971449E-03 4.64752040862202E-03 4.68641568723649E-03
0 0 0 0 0 0 0 0 0 0 0 0 0 0 0 0 0 0 0 0 0 0 0 0 0 0 0 0 0 0 3.74577974013472E-03 3.75970695057076E-03 3.76229962883386E-03 3.76771450519367E-03 3.77559382344484E-03 3.78551026964259E-03 3.79725680904357E-03 3.81063787441114E-03 3.82571442666689E-03 3.84261183618307E-03 3.86146217718928E-03 3.88238908465801E-03 3.90548747113517E-03 3.93089832629638E-03 3.95862806441913E-03 3.9886784576888E-03 4.02096379973223E-03 4.05543921785489E-03 4.09193996339485E-03 4.13025362254684E-03 4.17012677980499E-03 4.21126630445393E-03 4.25339110663689E-03 4.2961879529807E-03 4.33939303492081E-03 4.38272303301396E-03 4.42597644485658E-03 4.46897120386628E-03 4.51156009257978E-03 4.55359112891485E-03 4.59494135232645E-03 4.6355137526023E-03 4.67518615123746E-03 4.7138490085359E-03
0 0 0 0 0 0 0 0 0 0 0 0 0 0 0 0 0 0 0 0 0 0 0 0 0 0 0 0 0 0 3.74577974013472E-03 3.74665494561643E-03 3.75038653884715E-03 3.75698866412403E-03 3.76598879295477E-03 3.77704691697656E-03 3.79000782214851E-03 3.8047421914616E-03 3.82131350187105E-03 3.83985406953296E-03 3.86048945722087E-03 3.88335517160764E-03 3.9085324038145E-03 3.93612807889638E-03 3.96612588442896E-03 3.99849022521288E-03 4.03310083778591E-03 4.06985521244071E-03 4.10855035082512E-03 4.14891999781869E-03 0.004190674450759 4.23348912494064E-03 4.27706633494913E-03 4.32108326099469E-03 4.36527618189215E-03 4.40938438967352E-03 4.45322016604946E-03 4.49662164525008E-03 4.53946359154615E-03 4.58162000254128E-03 4.62298412651527E-03 4.66345484209952E-03 4.70291322853321E-03 4.74124852517949E-03
0 0 0 0 0 0 0 0 0 0 0 0 0 0 0 0 0 0 0 0 0 0 0 0 0 0 0 0 0 3.71421891941447E-03 3.73007980317811E-03 3.73280791692044E-03 3.73825237469985E-03 3.74624184811443E-03 3.75653879303004E-03 3.76890136501012E-03 3.78323599947262E-03 3.7994693623895E-03 3.81767512898812E-03 3.83799132605014E-03 3.86053850553077E-03 3.88545755572396E-03 3.91281319569837E-03 3.94267938697272E-03 3.97500851049093E-03 4.00972774888533E-03 4.04667592401437E-03 4.08569837689082E-03 4.12654515707278E-03 4.16890293546655E-03 4.2124464189531E-03 4.25682821601301E-03 4.30173901507817E-03 4.34685489678515E-03 4.3919205911433E-03 4.43669661484192E-03 4.48101198874692E-03 4.52472287204058E-03 4.56772446662553E-03 4.60991516806202E-03 4.65120285826826E-03 4.69148139375584E-03 4.73063047673481E-03 4.76853925024867E-03
0 0 0 0 0 0 0 0 0 0 0 0 0 0 0 0 0 0 0 0 0 0 0 0 0 0 0 0 0 3.71421891941447E-03 3.71517687410616E-03 3.71923144086069E-03 3.72620545753674E-03 3.73565551402053E-03 3.74737832416934E-03 3.76119611503382E-03 3.7770653258803E-03 3.79495077031418E-03 3.81493737486695E-03 3.83716819051333E-03 3.86175361179011E-03 3.88883560012465E-03 3.91845884011525E-03 3.95066465807229E-03 3.98537167258702E-03 4.02246298254888E-03 4.06173524217179E-03 4.1029815830545E-03 4.14591168364068E-03 4.19016426763115E-03 4.23538404347353E-03 4.28121006641293E-03 4.32732975655278E-03 4.37342636477766E-03 4.41925345701094E-03 4.46459392451594E-03 4.50929116412548E-03 4.55321890099583E-03 4.59628853478624E-03 4.63842334696002E-03 4.67954333060855E-03 4.71953428988642E-03 4.75827277716484E-03 4.79564974884936E-03
0 0 0 0 0 0 0 0 0 0 0 0 0 0 0 0 0 0 0 0 0 0 0 0 0 0 0 0 3.68035791734708E-03 3.69726829299049E-03 3.70004009741591E-03 3.70579120156855E-03 3.7143405457668E-03 3.72533920322176E-03 3.73862180191787E-03 3.7540508024896E-03 3.77162088337786E-03 3.79132087279046E-03 3.81323857442104E-03 3.83752170452234E-03 3.86426595473069E-03 3.89361185611121E-03 3.92557827761097E-03 3.96017771587919E-03 3.9972896866883E-03 4.03674902479839E-03 4.07830775848696E-03 4.12171338958388E-03 4.16663707977418E-03 4.21267035813584E-03 4.25943762776249E-03 4.30657703709452E-03 4.35377948214555E-03 4.40073881774462E-03 4.44721926659568E-03 4.49302519989182E-03 4.53801255795878E-03 4.58206764010348E-03 4.62511379168245E-03 4.66709862924561E-03 4.70795439797911E-03 4.74755279699388E-03 4.78576901319392E-03 4.82250164642674E-03
0 0 0 0 0 0 0 0 0 0 0 0 0 0 0 0 0 0 0 0 0 0 0 0 0 0 0 0 3.68035791734708E-03 3.68126351431627E-03 3.68526376890624E-03 3.69261833977543E-03 3.70281629065781E-03 3.7154705211522E-03 3.73044654957985E-03 3.74763324688828E-03 3.76705783832411E-03 0.003788724213225 3.81271499238248E-03 3.8391857404197E-03 3.86820027266833E-03 3.89990532160239E-03 3.93428000234388E-03 3.97131069416262E-03 4.01083580844181E-03 4.05263420552092E-03 4.09641897018717E-03 4.14188766240892E-03 4.18869156757383E-03 4.23636801629748E-03 4.28454173729446E-03 4.33286114077599E-03 4.38102235506667E-03 4.42873444349773E-03 4.47576473016632E-03 4.52194547265384E-03 4.56713458413603E-03 4.61123070466581E-03 4.65415958257528E-03 4.69589472930012E-03 4.7363824360451E-03 4.77546975037007E-03 4.81304187836365E-03 4.84901218597382E-03
0 0 0 0 0 0 0 0 0 0 0 0 0 0 0 0 0 0 0 0 0 0 0 0 0 0 0 0 3.66412381954033E-03 3.66468133508969E-03 3.67044103161008E-03 3.67971155539632E-03 3.69175604872044E-03 3.7062186005062E-03 3.72302759500728E-03 3.74211445460919E-03 3.76353429906386E-03 3.78730671025467E-03 3.81350625584194E-03 3.84228271622772E-03 3.87367479136426E-03 3.90781788237658E-03 3.94465610601306E-03 3.98413596300949E-03 4.02605227981862E-03 4.07013740830165E-03 4.1160688880116E-03 4.16349446983275E-03 4.21202987190763E-03 4.26120125139261E-03 4.31064376231496E-03 4.36001633483874E-03 4.40901840516316E-03 4.4573745014226E-03 4.50485876990457E-03 4.55132285524825E-03 4.59662387475951E-03 4.64066844420219E-03 4.68338556364736E-03 4.72476700204592E-03 4.76475806782191E-03 4.80319953299212E-03 4.83999777506963E-03 4.87508622932994E-03
0 0 0 0 0 0 0 0 0 0 0 0 0 0 0 0 0 0 0 0 0 0 0 0 0 0 0 3.60586818968255E-03 3.64107854087769E-03 3.64682798146354E-03 3.65580421745985E-03 3.66741655829866E-03 3.68148035933052E-03 3.6978669347464E-03 3.71661417245441E-03 3.73771151157948E-03 3.76123851247705E-03 3.78723382720406E-03 3.81575985519477E-03 3.84694859790829E-03 3.88080947763741E-03 3.91745028322982E-03 3.95678566804774E-03 3.99869973085176E-03 4.04295916220119E-03 4.08924815057099E-03 4.13722090906478E-03 4.18646627627507E-03 4.23658006939616E-03 4.28711634077451E-03 4.33770101176276E-03 4.38801195603264E-03 4.43774330355157E-03 4.48664668931183E-03 4.53448590316263E-03 4.58113801326167E-03 4.62644910418608E-03 4.67033815863282E-03 4.71272623120928E-03 4.75361921211265E-03 4.7929745099165E-03 4.83063508332477E-03 4.86653071752645E-03 4.9006228494115E-03
0 0 0 0 0 0 0 0 0 0 0 0 0 0 0 0 0 0 0 0 0 0 0 0 0 0 3.58357185301864E-03 3.60586818968255E-03 3.61944839250283E-03 3.63035866634409E-03 3.64234014852805E-03 3.65622356346358E-03 3.67231072362893E-03 3.69067094552634E-03 3.71143094971659E-03 3.73462635028875E-03 3.76035432063695E-03 3.78866521882458E-03 3.81960883532182E-03 3.85329122663196E-03 3.88968815830022E-03 3.92886799736136E-03 3.97069991505066E-03 4.01501709316981E-03 4.06154875001013E-03 4.10994477647904E-03 4.15983165261341E-03 4.21076158024771E-03 4.26232315215873E-03 4.31409203433342E-03 4.36570093674645E-03 4.41683456840306E-03 4.46718939784535E-03 4.51652934826449E-03 4.56462296750774E-03 4.61135212160687E-03 4.65655847400354E-03 4.70016650977866E-03 4.74209994126125E-03 4.7823709416823E-03 4.82093593029875E-03 4.85766519890238E-03 4.89252751586916E-03 4.92551585019113E-03
0 0 0 0 0 0 0 0 0 0 0 0 0 0 0 0 0 0 0 0 0 0 0 0 0 3.57389969574829E-03 3.58357185301864E-03 3.59337264118035E-03 3.60474355601289E-03 3.61695455850072E-03 3.6307711373192E-03 3.64654396598464E-03 3.66454151026271E-03 3.68487476918068E-03 3.70769266461036E-03 3.73305190072554E-03 3.76105283577434E-03 3.79175186793879E-03 3.82518301901979E-03 3.86141560833838E-03 3.90038813729517E-03 3.94211090970863E-03 3.98641128029941E-03 4.03307122416413E-03 4.08178687225671E-03 4.13217936974864E-03 4.18385538207909E-03 4.23634771047096E-03 4.2892390383435E-03 4.34212740472334E-03 4.39465149298873E-03 4.44650106341444E-03 4.49737190880825E-03 4.54703544922611E-03 4.59526491682289E-03 4.64193497490624E-03 4.6868948893002E-03 4.7300687092129E-03 4.77139058106075E-03 4.8108692346279E-03 4.84848623383942E-03 4.88415061366523E-03 4.91786551539446E-03 4.94966192304777E-03
0 0 0 0 0 0 0 0 0 0 0 0 0 0 0 0 0 0 0 0 0 0 0 0 0 3.57389969574829E-03 3.57479836987215E-03 3.58184712457748E-03 3.59253758366725E-03 3.60559873219347E-03 3.62088763331012E-03 3.63839317083956E-03 3.65826847265193E-03 3.6806063929239E-03 3.70554293144803E-03 3.7331330727519E-03 3.76346754939909E-03 3.7966088082894E-03 3.83257285890081E-03 3.87138529570791E-03 3.91294294485726E-03 3.95719356499658E-03 4.00391505727967E-03 4.05284366804929E-03 4.10364362372448E-03 4.15591852403696E-03 4.20926103896375E-03 4.26319386172436E-03 4.3172977434275E-03 4.37119292528447E-03 4.42452372759203E-03 4.47697491822217E-03 4.52823943312414E-03 4.57809243275147E-03 4.62631487790694E-03 4.67277149407764E-03 4.7173207583931E-03 4.75989237795684E-03 4.80043849929307E-03 4.83897172470175E-03 4.8754937816433E-03 4.90996485472701E-03 4.94243406609581E-03 4.97296806676942E-03
0 0 0 0 0 0 0 0 0 0 0 0 0 0 0 0 0 0 0 0 0 0 0 0 3.54123801627884E-03 3.55804978247456E-03 3.5617542494704E-03 3.56975463185362E-03 3.58126900519573E-03 3.59556554746025E-03 3.61241672144147E-03 3.63170482715805E-03 3.65351980091212E-03 3.67794331518975E-03 3.70508001632683E-03 3.73498001050485E-03 3.76770702863112E-03 3.80333974200593E-03 3.84186990852092E-03 3.88326721865197E-03 3.92739604453389E-03 3.97412400266813E-03 4.02319699194958E-03 4.07429772596895E-03 4.12707183093919E-03 4.18111085300202E-03 4.23600003707737E-03 4.29126184998532E-03 4.34646461206667E-03 4.4012633152893E-03 4.45528910818902E-03 4.50821793837691E-03 4.55973648615992E-03 4.60962310810628E-03 4.65767224318919E-03 4.70372986918999E-03 4.74768401693819E-03 4.78946553758061E-03 4.82906365106966E-03 4.8664894196786E-03 4.90178717865973E-03 4.93496974496279E-03 4.96612550733408E-03 4.99535504885638E-03
