NongDo/Fusa 10.3h.grd
DSAA
463	323
2	464
2	324
0	10
[rows 252 to 279 of 323, columns 0 to 62 of 463]
0 0 0 0 0 0 0 0 0 0 0 0 0 0 0 0 0 0 0 0 0 0 0 0 0 0 0 0 0 0 0 0 0 0 0 0 0 0 4.61405022739959E-06 3.88700239852716E-06 3.99413591822324E-06 4.4787643921968E-06 5.19696002465726E-06 6.08766065092141E-06 7.1287887605745E-06 8.30758875718469E-06 9.6223055528584E-06 1.10665924005823E-05 1.26382211403514E-05 1.43302311607761E-05 1.61351209095612E-05 1.8041702920334E-05 2.0033767431706E-05 2.20930946455746E-05 2.41978745004137E-05 2.63280130476825E-05 2.84604676645538E-05 3.05754519523173E-05 3.265374397319E-05 3.46812179848806E-05 3.66428617866961E-05 3.85258921648525E-05 4.0320394928559E-05
0 0 0 0 0 0 0 0 0 0 0 0 0 0 0 0 0 0 0 0 0 0 0 0 0 0 0 0 0 0 0 0 0 0 0 0 0 5.43057748928288E-06 4.61405022739959E-06 4.77684549928144E-06 5.31317810738201E-06 6.14405226487979E-06 7.20322645698011E-06 8.45078313225152E-06 9.87511547137542E-06 1.14687450076911E-05 1.32317820026964E-05 1.51574683646295E-05 1.72409946543944E-05 1.94729871328892E-05 2.18410203935912E-05 2.4329040395331E-05 2.69146023951466E-05 2.95735493769388E-05 3.22773592332541E-05 3.50003257629862E-05 3.77145955415822E-05 4.03960092269575E-05 4.30211623393383E-05 4.55726193802028E-05 4.80338582021776E-05 5.03897362028426E-05 5.26283487959236E-05
0 0 0 0 0 0 0 0 0 0 0 0 0 0 0 0 0 0 0 0 0 0 0 0 0 0 0 0 0 0 0 0 0 0 0 0 6.43239502088695E-06 5.43057748928288E-06 5.61549439102966E-06 6.24271902400075E-06 7.21043897606584E-06 8.45383670996941E-06 9.93834177832749E-06 1.16394307576875E-05 1.3554523205513E-05 1.56800470663137E-05 1.80167796046995E-05 2.05551987075864E-05 2.3287195564188E-05 2.61987484620883E-05 2.92720345260185E-05 3.2484026028153E-05 3.5804668769191E-05 3.92021655957766E-05 4.26401373756492E-05 4.60865724714894E-05 4.95076324542565E-05 5.28739345854802E-05 5.61572497084101E-05 5.93373717338493E-05 6.23945213412356E-05 6.5311612730003E-05 6.80748568053222E-05
0 0 0 0 0 0 0 0 0 0 0 0 0 0 0 0 0 0 0 0 0 0 0 0 0 0 0 0 0 0 0 0 0 0 0 7.84153286069087E-06 6.43239502088695E-06 6.59988003282939E-06 7.2986917898386E-06 8.41023727780024E-06 9.86043726968154E-06 1.16010682061359E-05 1.36166174448888E-05 1.58919929123222E-05 1.84309800472865E-05 2.12329697813377E-05 2.42966234506602E-05 2.76082305174813E-05 3.11527805658652E-05 3.49115948991709E-05 3.88582573994168E-05 4.29615840716886E-05 4.71816751194051E-05 5.14782784260528E-05 5.58055018747439E-05 6.01245475758301E-05 6.43940318498005E-05 6.85776432347339E-05 7.26419585914221E-05 7.65633677275254E-05 8.03206223449581E-05 8.38938183139334E-05 8.72671199848653E-05
0 0 0 0 0 0 0 0 0 0 0 0 0 0 0 0 0 0 0 0 0 0 0 0 0 0 0 0 0 0 0 0 0 0 0 7.84153286069087E-06 7.85070192474086E-06 8.56965334223912E-06 9.80751243160185E-06 1.14632624794618E-05 1.34842691585157E-05 1.58369699924668E-05 1.85157620668972E-05 2.15130959547612E-05 2.48398693335668E-05 2.84940056967188E-05 3.24676431188674E-05 3.6739900429529E-05 4.12898756892041E-05 4.60906001548834E-05 5.11048952862397E-05 5.62909161853871E-05 6.1597390816991E-05 6.6973648336799E-05 7.23651096824133E-05 7.77244492357246E-05 8.29983219959921E-05 8.81433307737469E-05 9.31218502355266E-05 9.79077354242725E-05 1.02475042256912E-04 1.06802245671036E-04 1.10872505707873E-04
0 0 0 0 0 0 0 0 0 0 0 0 0 0 0 0 0 0 0 0 0 0 0 0 0 0 0 0 0 0 0 0 0 0 1.26603587048245E-05 9.57424691177086E-06 1.01991144119564E-05 1.14892709359124E-05 1.33273018376468E-05 1.56219473665025E-05 1.83359027288617E-05 2.14467316455868E-05 2.49555942013078E-05 2.88646080502019E-05 3.318057869019E-05 3.78987060627686E-05 4.3000930186471E-05 4.84596769572706E-05 5.42407825719592E-05 6.0307961253884E-05 6.66117897462434E-05 7.30985067813223E-05 7.97030974408695E-05 8.63628598753529E-05 9.30110291332424E-05 9.95880942751669E-05 1.06031946644633E-04 1.12290708933499E-04 1.18321020479545E-04 1.24092372000074E-04 1.29578564500894E-04 1.34756186356359E-04 1.39607093421117E-04
0 0 0 0 0 0 0 0 0 0 0 0 0 0 0 0 0 0 0 0 0 0 0 0 0 0 0 0 0 0 0 0 0 0 1.26603587048245E-05 1.25925165935663E-05 1.36944194979971E-05 1.55960074246126E-05 1.81303577143739E-05 2.11959522081568E-05 2.4762706140584E-05 2.88145273060403E-05 3.33605260655546E-05 3.84056486255819E-05 4.39495675477401E-05 4.99792994899712E-05 5.64638137133788E-05 6.33642021273057E-05 7.06317509441447E-05 7.82175971303628E-05 8.60580170693472E-05 9.40854798850558E-05 1.02219272150322E-04 1.10382096328877E-04 1.18491595878062E-04 1.26475507569106E-04 1.34261535515409E-04 1.41789916123925E-04 1.49010844130064E-04 1.55890629511439E-04 1.62401294597763E-04 1.68519433896713E-04 1.74227119576422E-04
0 0 0 0 0 0 0 0 0 0 0 0 0 0 0 0 0 0 0 0 0 0 0 0 0 0 0 0 0 0 0 0 0 0 1.68693718224672E-05 1.69673389363867E-05 1.85583536433542E-05 2.1169766897604E-05 2.45449084552217E-05 2.85596426271512E-05 3.31859739398741E-05 3.84127273143263E-05 4.42464708863422E-05 5.06942914743235E-05 5.77439730385998E-05 6.5372958109629E-05 7.35287154166616E-05 8.21597602059216E-05 9.11973592023194E-05 1.00579143609291E-04 1.10226428812035E-04 1.20054474056112E-04 1.29962566943261E-04 1.39855641576569E-04 1.49636077083114E-04 1.59217171139766E-04 1.68516661732386E-04 1.77465738677645E-04 1.86008911744421E-04 1.94108388723423E-04 2.01738399802055E-04 2.0887520820824E-04 2.15502540293777E-04
0 0 0 0 0 0 0 0 0 0 0 0 0 0 0 0 0 0 0 0 0 0 0 0 0 0 0 0 0 0 0 0 0 0 2.25916179905554E-05 2.28022820358501E-05 2.50699093298149E-05 2.85918354289786E-05 3.3010164021903E-05 3.81971864777261E-05 4.4135197813469E-05 5.08111729844368E-05 5.82245985541437E-05 6.63815251076466E-05 7.52555351107188E-05 8.48064012136923E-05 9.49542307058076E-05 1.05633336243381E-04 1.16748952923908E-04 1.28227480962872E-04 1.39971264372317E-04 1.51872722177425E-04 1.63806298322053E-04 1.75659088896315E-04 1.87316826083319E-04 1.98679559683691E-04 2.09653636198304E-04 2.20163199139634E-04 2.30147826892756E-04 2.39567511646109E-04 2.48396776284712E-04 2.56611967007327E-04 2.64204840366286E-04
0 0 0 0 0 0 0 0 0 0 0 0 0 0 0 0 0 0 0 0 0 0 0 0 0 0 0 0 0 0 0 0 0 3.72688961005711E-05 2.84717629735144E-05 3.0140663590886E-05 3.36039270512172E-05 3.83183317037532E-05 4.40334160319705E-05 5.06715955352629E-05 5.82260060415076E-05 6.66829629893078E-05 7.60176521791555E-05 8.6247375819779E-05 9.73069517726699E-05 1.09139339845932E-04 1.21623645365467E-04 1.34690955223544E-04 1.48211289744351E-04 1.62106913634909E-04 1.76247820663703E-04 1.90494816555721E-04 2.04697752898859E-04 2.18725998947291E-04 2.32450786549639E-04 2.4575650895313E-04 2.5854258961975E-04 2.70726761120874E-04 2.82248749252879E-04 2.93063012311934E-04 3.03149276689274E-04 3.1248030152429E-04 3.21068344112426E-04
0 0 0 0 0 0 0 0 0 0 0 0 0 0 0 0 0 0 0 0 0 0 0 0 0 0 0 0 0 0 0 0 0 3.72688961005711E-05 3.70826463195374E-05 3.99732829088116E-05 4.479922205285E-05 5.09299346632434E-05 5.82404255512029E-05 6.66660937582158E-05 7.61954253841248E-05 8.67979187242879E-05 9.84546352226183E-05 1.11162959133497E-04 1.24805607104836E-04 1.39296724527076E-04 1.54486221581071E-04 1.702926931873E-04 1.86564929018175E-04 2.03211190823199E-04 2.20037917940943E-04 2.36882310168964E-04 2.53576144393484E-04 2.69974484769457E-04 2.85928197357727E-04 3.01310504348789E-04 3.16013454955171E-04 3.29955337648631E-04 3.43081829719225E-04 3.55351635351414E-04 3.66723988972723E-04 3.77179467697272E-04 3.86787420894582E-04
0 0 0 0 0 0 0 0 0 0 0 0 0 0 0 0 0 0 0 0 0 0 0 0 0 0 0 0 0 0 0 0 0 4.78958339258682E-05 4.82871679947012E-05 5.24767203628365E-05 5.89670886276983E-05 6.69585774817878E-05 7.63041525097342E-05 8.6961295732136E-05 9.89217422695512E-05 1.1214560044157E-04 1.26584138113382E-04 1.42202076877928E-04 1.58850773881063E-04 1.76410639080228E-04 1.94695938787312E-04 2.13596598074141E-04 2.32945714306359E-04 2.52596545603605E-04 2.72344534268937E-04 2.91994015083253E-04 3.11361773147904E-04 3.30276695448777E-04 3.48580723184801E-04 3.66131805478228E-04 3.82817950663561E-04 3.98556902694138E-04 4.13301240208747E-04 4.27019031366866E-04 4.39687296273371E-04 4.51321575775829E-04 4.62003966615417E-04
0 0 0 0 0 0 0 0 0 0 0 0 0 0 0 0 0 0 0 0 0 0 0 0 0 0 0 0 0 0 0 0 7.36889374809875E-05 5.85847401357989E-05 6.17269215699913E-05 6.8119366084769E-05 7.6801630048226E-05 8.71289044398503E-05 9.90081457368262E-05 1.12395655574238E-04 1.27284908326867E-04 1.43609849488336E-04 1.61297820438708E-04 1.80269305670242E-04 2.00344895928474E-04 2.21370742584223E-04 2.43125515098758E-04 2.65469916076424E-04 2.88188246532341E-04 3.11096725492544E-04 3.33977527657786E-04 3.56617287298621E-04 3.78812344460345E-04 4.00370174467572E-04 4.21122399913369E-04 4.40915595574939E-04 4.59636452046211E-04 4.77202326272626E-04 4.93572965291339E-04 5.08733977848754E-04 5.22710554469618E-04 5.35556440414836E-04 5.47354986712451E-04
0 0 0 0 0 0 0 0 0 0 0 0 0 0 0 0 0 0 0 0 0 0 0 0 0 0 0 0 0 0 0 8.664332974855E-05 7.36889374809875E-05 7.32209107857228E-05 7.86544540336781E-05 8.75858330416655E-05 9.896026375418E-05 1.12174592019064E-04 1.27130445371319E-04 1.43792748690824E-04 1.62139945088062E-04 1.82083137925108E-04 2.03495695244272E-04 2.26265281036181E-04 2.50175702671984E-04 2.75037619923088E-04 3.00587092252678E-04 3.26646453214967E-04 3.52979404645189E-04 3.79363001122309E-04 4.05564253307122E-04 4.3134822487053E-04 4.56498766243774E-04 4.80805151909833E-04 5.04090915750877E-04 5.26196129385947E-04 5.47004123974674E-04 5.66438284899498E-04 5.84473656717763E-04 6.01122896201995E-04 6.16436181357499E-04 6.3050664146822E-04 6.43438235819241E-04
0 0 0 0 0 0 0 0 0 0 0 0 0 0 0 0 0 0 0 0 0 0 0 0 0 0 0 0 0 0 0 8.664332974855E-05 8.63946283027287E-05 9.09088418657598E-05 9.97284649978324E-05 1.11789821944723E-04 1.26379116081116E-04 1.42984321899448E-04 1.61539878699263E-04 1.81994774669349E-04 2.0430407622733E-04 2.28330281461504E-04 2.53904246024965E-04 2.80874810778285E-04 3.08988460980367E-04 3.38012686515147E-04 3.67642900320851E-04 3.97677596308205E-04 4.2784369916488E-04 4.57897314242558E-04 4.875799248853E-04 5.16641446164974E-04 5.44851825043809E-04 5.71989465376826E-04 5.97876073491922E-04 6.22346775051027E-04 6.45286789862804E-04 6.66629917625436E-04 6.8636991919006E-04 7.04539589523691E-04 7.21223947605417E-04 7.36545912791653E-04 7.50627988014463E-04
0 0 0 0 0 0 0 0 0 0 0 0 0 0 0 0 0 0 0 0 0 0 0 0 0 0 0 0 0 0 0 1.05335529948347E-04 1.06050492906461E-04 1.13672530469939E-04 1.25919101649535E-04 1.41501524298081E-04 1.59809337996532E-04 1.80344050508085E-04 2.03018563182646E-04 2.27782618884481E-04 2.54536390262408E-04 2.83102153155538E-04 3.13239829341113E-04 3.44782737714945E-04 3.77425865703345E-04 4.10888919227897E-04 4.44829809414511E-04 4.7902244254642E-04 5.13184905278235E-04 5.47039265378676E-04 5.80313798127172E-04 6.12737416004747E-04 6.44077079211084E-04 6.74100595481643E-04 7.02632644412278E-04 7.29504633407232E-04 7.54613388783176E-04 7.77910383839474E-04 7.99407670600222E-04 8.19159167818097E-04 8.37266060103961E-04 8.53879086000101E-04 8.69136941800946E-04
0 0 0 0 0 0 0 0 0 0 0 0 0 0 0 0 0 0 0 0 0 0 0 0 0 0 0 0 0 0 1.50905213069285E-04 1.24460161301081E-04 1.30232479369917E-04 1.41919433741065E-04 1.58076818571758E-04 1.77680854506572E-04 2.0017311969698E-04 2.25080904451935E-04 2.52355022384321E-04 2.81885979520235E-04 3.13495162330691E-04 3.46950833068188E-04 3.81997417810583E-04 4.18424299987929E-04 4.55850416724528E-04 4.9395773929126E-04 5.32389616681942E-04 5.70905866145939E-04 6.09184344595874E-04 6.46932980627279E-04 6.83861095236427E-04 7.19690817921299E-04 7.54186829877819E-04 7.87117962883814E-04 8.18306625742789E-04 8.47589583470187E-04 8.74898710250891E-04 9.00197851740751E-04 9.23506361247265E-04 9.44887960678022E-04 9.6447836092656E-04 9.82441353216732E-04 9.98910277832137E-04
0 0 0 0 0 0 0 0 0 0 0 0 0 0 0 0 0 0 0 0 0 0 0 0 0 0 0 0 0 0 1.50905213069285E-04 1.50725721791392E-04 1.60524753989243E-04 1.76389713200178E-04 1.96836336181118E-04 2.20894962566237E-04 2.48056134801912E-04 2.77886669709615E-04 3.10235122494676E-04 3.44953239815354E-04 3.81784910581811E-04 4.20476892262141E-04 4.60709314359703E-04 5.02217611218093E-04 5.44596103220612E-04 5.87490329212579E-04 6.30520340202405E-04 6.73409836915446E-04 7.15841774525342E-04 7.57493202552762E-04 7.98067258855042E-04 8.37276755100571E-04 8.74897072305093E-04 9.1070505020888E-04 9.44539709519116E-04 9.76261958081259E-04 1.00581338005821E-03 1.03317138722058E-03 1.05836530323641E-03 1.08146968232302E-03 1.10262250631669E-03 1.12199129166698E-03 1.13970644759121E-03
0 0 0 0 0 0 0 0 0 0 0 0 0 0 0 0 0 0 0 0 0 0 0 0 0 0 0 0 0 2.10190929846927E-04 1.75372101192165E-04 1.82651454551403E-04 1.9734545790628E-04 2.17899668497834E-04 2.4308616050264E-04 2.72043924053897E-04 3.04314851848169E-04 3.39451832563288E-04 3.77238075630988E-04 4.17446332264617E-04 4.59763407888457E-04 5.03900394069985E-04 5.49485874234569E-04 5.96208817449431E-04 6.43634782674011E-04 6.91387176717375E-04 7.39061197113503E-04 7.86358881314472E-04 8.32937388490606E-04 8.78463065894208E-04 9.22630367471671E-04 9.65158058474475E-04 1.00583609319384E-03 1.04446418520457E-03 1.08091450676539E-03 1.11507273269829E-03 1.14689541663298E-03 1.17636415874184E-03 1.20351015539444E-03 1.2284060715266E-03 1.25119171758626E-03 1.27202166886111E-03 1.29100878368275E-03
0 0 0 0 0 0 0 0 0 0 0 0 0 0 0 0 0 0 0 0 0 0 0 0 0 0 0 0 0 2.10190929846927E-04 2.09897486911543E-04 2.21902969887869E-04 2.41627623021927E-04 2.67207241739519E-04 2.97540216221102E-04 3.31810640276343E-04 3.69574382265288E-04 4.10359246662948E-04 4.53839513361551E-04 4.99745412400789E-04 5.47694256207426E-04 5.97379002999905E-04 6.48385447148051E-04 7.00363371994959E-04 7.52861199245417E-04 8.05470682101459E-04 8.57761021873578E-04 9.09401570502895E-04 9.60053935105944E-04 1.00936124434129E-03 1.0570156845446E-03 1.10275207889528E-03 1.14639513638674E-03 1.18777968355481E-03 1.22680565673707E-03 1.2633899098252E-03 1.29750146169272E-03 1.32912393315426E-03 1.35827906402594E-03 1.38503083621102E-03 1.4095068788785E-03 1.43183636829829E-03 1.45209402035076E-03
0 0 0 0 0 0 0 0 0 0 0 0 0 0 0 0 0 0 0 0 0 0 0 0 0 0 0 0 2.87403094511496E-04 2.41883726013123E-04 2.50551380031278E-04 2.68701990036196E-04 2.94070325213421E-04 3.25119921704404E-04 3.60963534223527E-04 4.00853012214773E-04 4.44347954620199E-04 4.90921187603442E-04 5.402035920582E-04 5.91870137540546E-04 6.45486429828496E-04 7.00731562252784E-04 7.57150183333392E-04 8.14367464819879E-04 8.71902006232109E-04 9.29313258967929E-04 9.86141205497665E-04 1.04203871666452E-03 1.09665005969882E-03 1.14960340553348E-03 1.20059776521507E-03 1.24940923998021E-03 1.29590580347058E-03 1.33996137089809E-03 1.38150891854237E-03 1.42049142974278E-03 1.4568943634647E-03 1.49069395912563E-03 1.52189143768223E-03 1.55052913904659E-03 1.57671429322746E-03 1.60052889149614E-03 1.62199750184822E-03
0 0 0 0 0 0 0 0 0 0 0 0 0 0 0 0 0 0 0 0 0 0 0 0 0 0 0 0 2.87403094511496E-04 2.86422586592885E-04 3.00425502132056E-04 3.24181288230553E-04 3.5526364149553E-04 3.9203175816114E-04 4.33660097927325E-04 4.79393697889566E-04 5.28778150809917E-04 5.81259652036242E-04 6.36368654720128E-04 6.93797745742101E-04 7.53032297173673E-04 8.13777980336205E-04 8.7553332453515E-04 9.37898802177869E-04 1.00036421585844E-03 1.06243846461769E-03 1.12364973007397E-03 1.18361759092574E-03 1.2420039950746E-03 1.29839868070214E-03 1.35254457353083E-03 1.40427847202994E-03 1.45351346020597E-03 1.50016350250812E-03 1.54417693994278E-03 1.58553023286606E-03 1.62420836738054E-03 1.66017990708392E-03 1.69341444814907E-03 1.72392298214136E-03 1.75177910768097E-03 1.77698939030095E-03 1.79953144697181E-03
0 0 0 0 0 0 0 0 0 0 0 0 0 0 0 0 0 0 0 0 0 0 0 0 0 0 0 0 3.38833881824475E-04 3.40573825060041E-04 3.59202394794963E-04 3.88576584344121E-04 4.25537971129441E-04 4.68250453741189E-04 5.15853298835298E-04 5.67545952951706E-04 6.22854057811594E-04 6.81173227548381E-04 7.42051851633005E-04 8.05144268444463E-04 8.69906532037668E-04 9.36048562756128E-04 1.00301742285159E-03 1.07039019323148E-03 1.13758964295201E-03 1.20410816724961E-03 1.2694862481259E-03 1.33333156996308E-03 1.39524658892692E-03 1.45484063599521E-03 1.51195987050113E-03 1.56648846401567E-03 1.61836404932724E-03 1.6675247321994E-03 1.71394540265679E-03 1.75761850211351E-03 1.79851346725178E-03 1.8365853979729E-03 1.87178377598028E-03 1.90409245268243E-03 1.93347767541647E-03 0.001959871771327 1.98325847467583E-03
0 0 0 0 0 0 0 0 0 0 0 0 0 0 0 0 0 0 0 0 0 0 0 0 0 0 0 4.40134154801161E-04 3.85125166650477E-04 3.98161026261477E-04 4.24736487894767E-04 4.60939858002527E-04 5.04363943998544E-04 5.53378330269195E-04 6.07182296427135E-04 6.64989895126936E-04 7.2628728989164E-04 7.90498313883322E-04 8.57096418897224E-04 9.25751229730667E-04 9.9588396254247E-04 1.06719480942319E-03 1.13913297885429E-03 1.21119432586733E-03 1.28281655369509E-03 1.35345798042462E-03 1.42267888262878E-03 1.4900521193227E-03 1.55521964973846E-03 1.61786357325525E-03 1.67783817981774E-03 1.73508030636574E-03 1.78953189908982E-03 1.84116482614498E-03 1.88992729131275E-03 1.93583194893315E-03 1.97882053860492E-03 2.01883634373812E-03 2.05578461038908E-03 2.08960787769396E-03 2.12025020144221E-03 2.14756846389366E-03 2.17151248936379E-03
0 0 0 0 0 0 0 0 0 0 0 0 0 0 0 0 0 0 0 0 0 0 0 0 0 0 4.78415036112439E-04 4.40134154801161E-04 4.40684268364589E-04 4.62814331857751E-04 4.97825762303428E-04 5.41491703664793E-04 5.91789277714816E-04 6.47342629758325E-04 7.07464561916506E-04 7.71390119516614E-04 8.38621398915901E-04 9.08567020886935E-04 9.80729386248028E-04 1.05474839509572E-03 1.13004562855965E-03 1.20630926516905E-03 1.28292002790068E-03 1.35935812985773E-03 1.43505443614889E-03 1.50948044051687E-03 1.58220623928957E-03 1.65280984340667E-03 1.72099616324845E-03 1.78650773727015E-03 1.84922919546542E-03 1.90910280050623E-03 1.96606477702158E-03 2.0200773337121E-03 2.07108135353523E-03 2.11907549129683E-03 2.16395144212741E-03 2.20564189170077E-03 2.2440340758828E-03 2.2790681446836E-03 2.31057450264306E-03 2.33838679511934E-03 2.36250401831522E-03
0 0 0 0 0 0 0 0 0 0 0 0 0 0 0 0 0 0 0 0 0 0 0 0 0 5.19846195509138E-04 4.78415036112439E-04 4.81400286622399E-04 5.01078411170527E-04 5.3484688685118E-04 5.78821806083588E-04 6.3017387531758E-04 6.87473821542348E-04 7.49652912721459E-04 8.16118571692371E-04 8.86155330168629E-04 9.59234584579687E-04 1.03480650635687E-03 1.11234470465135E-03 1.19149144947194E-03 1.27165320225211E-03 1.35247767263765E-03 1.43336810630052E-03 1.51377303781084E-03 1.59315310622351E-03 1.67099683250675E-03 1.74691709967047E-03 1.8205206352857E-03 1.89154600578789E-03 1.95980147917561E-03 2.02518045800731E-03 2.08762289349591E-03 0.002147024927945 2.20332262607856E-03 2.2564083193264E-03 2.30624060830948E-03 2.35268448694092E-03 2.39564700999301E-03 2.43500235325642E-03 2.47066710626559E-03 2.50251567215186E-03 2.53038531924163E-03 2.55428324612067E-03
0 0 0 0 0 0 0 0 0 0 0 0 0 0 0 0 0 0 0 0 0 0 0 0 0 5.19846195509138E-04 5.20024617321418E-04 5.39129739434699E-04 5.72307496725591E-04 6.16255164259069E-04 6.685698940357E-04 7.27273243078333E-04 7.91376474103938E-04 8.60023905077751E-04 9.32675600289331E-04 1.00861575172554E-03 1.08730344951494E-03 1.16820270402547E-03 1.25083321860449E-03 1.33479225321586E-03 1.41948782315078E-03 1.50454021075253E-03 1.58932781445623E-03 1.67332313352574E-03 1.75600588651101E-03 1.83692366088488E-03 1.91573516471517E-03 1.99208540315622E-03 2.06575239509023E-03 2.13658582223563E-03 2.20449361366062E-03 2.2693704071374E-03 2.33105551009987E-03 2.3894261266251E-03 2.44433163664397E-03 2.49567172770825E-03 2.5432704776778E-03 2.58702581583415E-03 2.62682624692585E-03 2.66262069761394E-03 2.69427480324633E-03 2.72169243898835E-03 2.7449617333865E-03
0 0 0 0 0 0 0 0 0 0 0 0 0 0 0 0 0 0 0 0 0 0 0 0 6.26795212889259E-04 5.62964363520578E-04 5.78948289729683E-04 6.1055384370425E-04 6.54171124890376E-04 7.06790759665038E-04 7.66659262132163E-04 8.32273133810794E-04 9.02860535299273E-04 9.77733866102748E-04 1.05632666525421E-03 1.13794170953472E-03 1.22196506334799E-03 1.30794220263317E-03 1.39536597536657E-03 1.48378574042441E-03 1.57262697305829E-03 1.66145100152098E-03 1.74969961345901E-03 1.83684291428341E-03 1.92243291984257E-03 0.002006073961414 2.08748206926957E-03 2.16635034845054E-03 2.24245868446593E-03 2.31571583032484E-03 2.38598213019521E-03 2.45309036953735E-03 2.51680252912455E-03 0.002576932850116 2.63327838081533E-03 2.68565948542645E-03 2.7338982370132E-03 2.77787759118749E-03 2.81753539283542E-03 2.85284329195783E-03 2.88377498278047E-03 2.91032293883067E-03 2.93263529745473E-03
