NongDo/Fusa 17.5h.grd
DSAA
463	323
2	464
2	324
0	10
[rows 140 to 167 of 323, columns 192 to 255 of 463]
7.43326522801511E-03 7.53712868094754E-03 7.6406033130576E-03 7.74335436158113E-03 7.84502389198265E-03 7.94518240865318E-03 8.04340638125279E-03 8.13926799737228E-03 8.23236017110959E-03 8.32227136604077E-03 8.40861084974644E-03 8.49099816504861E-03 8.56910474306907E-03 8.64266047121764E-03 8.71145757075651E-03 8.77535782082652E-03 8.83429980742753E-03 8.88830869592504E-03 8.93748039942429E-03 8.98197580517454E-03 9.02200509586006E-03 9.05781632432426E-03 9.08967620573681E-03 9.11785925869909E-03 9.14263335979492E-03 9.16424476889443E-03 9.18290969408923E-03 9.19881158310781E-03 9.21214579972664E-03 9.22312893254014E-03 9.2319971686098E-03 9.23898673803904E-03 9.24432493285842E-03 9.24823089209314E-03 9.25091062246374E-03 9.25255318644615E-03 9.25331955580295E-03 9.25334327621983E-03 9.25273063715517E-03 9.25156150203269E-03 9.24990006749602E-03 9.24779923334027E-03 9.24530673891224E-03 9.24247497050333E-03 9.23937593655591E-03 9.23610799041431E-03 9.23280568045664E-03 9.22669408531482E-03 0 0 0 0 0 0 0 0 0 0 0 0 0 0 0 0
7.52824082630359E-03 7.63184458578822E-03 7.73466144485858E-03 7.83635953433662E-03 7.93658584493791E-03 8.03491691140429E-03 8.13096214144302E-03 8.22432972143895E-03 8.31464779338813E-03 8.40153562269796E-03 8.48463421808772E-03 8.56359462223704E-03 8.63812342619573E-03 8.70798521428271E-03 8.77300465964176E-03 8.8330758917092E-03 8.88817250014776E-03 8.93835756346713E-03 8.98376264846568E-03 9.02458413408499E-03 0.009061062610213 9.09346860875896E-03 9.12208560486405E-03 9.14719918956773E-03 9.16908152736138E-03 9.18797788557337E-03 9.20410115629818E-03 9.21762716437636E-03 9.22875614975783E-03 9.2377180995623E-03 9.24475194853853E-03 9.2500909090352E-03 9.25395791460511E-03 9.25656697450701E-03 9.25811538124865E-03 9.25878084998591E-03 9.25871191582941E-03 9.25802766499176E-03 9.25681830866435E-03 9.25514558579019E-03 9.25306240261383E-03 9.2506179547427E-03 9.24785751596075E-03 9.24483909517999E-03 9.24166506694666E-03 9.23850014708778E-03 9.23280568045664E-03 0 0 0 0 0 0 0 0 0 0 0 0 0 0 0 0 0
7.62209359147746E-03 7.72512120670981E-03 7.82697952357545E-03 7.92733519109671E-03 8.02583827997788E-03 8.12208831888533E-03 8.21573637189454E-03 8.30642503714945E-03 8.39381138826995E-03 8.47754055008848E-03 8.55728090917229E-03 8.63271772455333E-03 8.70359273945299E-03 8.76970356347882E-03 8.83090753098465E-03 8.8871345267933E-03 8.93839615867469E-03 8.98479349407915E-03 9.02649480992578E-03 9.06373220607016E-03 9.09677513500273E-03 9.12591338336097E-03 9.15144292219759E-03 9.17365503701124E-03 9.19282048542016E-03 9.20917899366036E-03 9.22293717326584E-03 9.23426674792006E-03 9.2433751645841E-03 9.25050059505563E-03 9.25587852796909E-03 9.25973719835905E-03 9.26229469488351E-03 9.26375985152907E-03 9.2643222240881E-03 9.26414669420646E-03 9.26336720683281E-03 9.26208869206351E-03 9.26038674735125E-03 9.25830452851241E-03 9.25588309931169E-03 9.25317477983072E-03 9.2502310842529E-03 9.24712591061699E-03 9.24400519510796E-03 9.23850014708778E-03 0 0 0 0 0 0 0 0 0 0 0 0 0 0 0 0 0 0
7.71472679004071E-03 7.81688148127696E-03 7.91749808411892E-03 8.0162381489536E-03 8.11276206599192E-03 8.20671483347233E-03 8.29777603071325E-03 8.3856196406976E-03 8.46992448140108E-03 8.5503616155346E-03 8.62662579204699E-03 0.008698442530099 8.76558506098802E-03 8.82788468827785E-03 8.88523442941694E-03 8.93760477979164E-03 8.98504766833518E-03 9.02770198394384E-03 9.06577483466466E-03 9.0995327412444E-03 9.12927102257785E-03 9.15529349086144E-03 9.17790362158423E-03 9.19739247890766E-03 9.21402370225545E-03 9.22802777060393E-03 9.2396034763424E-03 9.24892199611883E-03 9.25619454163087E-03 9.2616632085645E-03 9.26555749216866E-03 9.26809923576974E-03 9.26950196266409E-03 9.26996849844577E-03 9.26968005740878E-03 9.26878806185323E-03 9.26741098054402E-03 9.26563892920196E-03 9.26353335203478E-03 9.2611236377167E-03 9.25844118443823E-03 9.25554821945549E-03 9.25251779259943E-03 9.24945965714939E-03 9.24400519510796E-03 0 0 0 0 0 0 0 0 0 0 0 0 0 0 0 0 0 0 0
7.80610006739384E-03 7.90709887930213E-03 8.0061976548082E-03 8.10306488692846E-03 8.19738423863931E-03 8.2888418501185E-03 8.37713315933739E-03 8.46196180752326E-03 8.54302713676051E-03 8.62003109098938E-03 8.69269809850535E-03 8.76079248398258E-03 8.82411803590979E-03 8.88254489195207E-03 8.93600703049853E-03 8.98451811935229E-03 9.02817160691604E-03 9.06714600503759E-03 9.10168742070828E-03 9.13209234239807E-03 9.15867585964664E-03 9.18175102865474E-03 9.20162281391062E-03 9.21857535766706E-03 9.23286034468362E-03 0.009244696477037 9.25427466614564E-03 9.26176815806726E-03 9.26738935345205E-03 9.2713775141321E-03 9.27395358588412E-03 9.27533511073117E-03 9.27573193727497E-03 9.27533881756338E-03 9.27432565251619E-03 9.27283134446754E-03 9.27095925916849E-03 9.2687822529588E-03 9.26634607469089E-03 9.26367421762821E-03 9.26079930815039E-03 9.25780415489227E-03 9.25480360666697E-03 9.24945965714939E-03 0 0 0 0 0 0 0 0 0 0 0 0 0 0 0 0 0 0 0 0
7.89620179348153E-03 7.99577443805938E-03 8.09309677565377E-03 8.18785270071723E-03 8.27974605913181E-03 8.36849370507825E-03 8.45381712138681E-03 8.53544520543765E-03 8.61310231086168E-03 8.68652284026123E-03 8.75546422061016E-03 8.81972594538738E-03 8.87915136076539E-03 8.93365327610531E-03 8.98321122910561E-03 9.02788228588495E-03 9.06780257386426E-03 9.10319009516173E-03 9.13432581076743E-03 9.16153014415194E-03 9.18513071736203E-03 9.20544407841736E-03 9.22276878463415E-03 9.23737640478296E-03 9.24950425728785E-03 9.25935750373781E-03 9.2671186010172E-03 9.27296494929209E-03 9.27710811879777E-03 9.27977849080677E-03 9.28119161863177E-03 9.2815617249012E-03 9.28109379711337E-03 9.27997318723858E-03 9.27835800942911E-03 9.27637349702027E-03 9.27410554826636E-03 9.27160762096318E-03 9.26891361615577E-03 9.2660482556118E-03 9.26306249819688E-03 9.26007584657045E-03 9.25480360666697E-03 0 0 0 0 0 0 0 0 0 0 0 0 0 0 0 0 0 0 0 0 0
7.98489194703397E-03 8.08276750686686E-03 8.17805640785124E-03 8.27046020063196E-03 8.35970009899501E-03 8.44552261530779E-03 8.52767979616721E-03 8.60592625823024E-03 8.68001462407192E-03 8.74971222533544E-03 8.81481133456291E-03 8.87514914044925E-03 8.93061517454075E-03 8.98116877981029E-03 9.0268379345906E-03 9.06772172966752E-03 9.10399820497718E-03 9.13592311919132E-03 9.1638065556668E-03 9.18798584943712E-03 9.20879363496098E-03 9.2265418830638E-03 9.24151584882843E-03 9.25397211359318E-03 9.26413212087911E-03 9.27218717230608E-03 9.27831224252162E-03 9.28268522435881E-03 9.28551134469521E-03 9.28701484888528E-03 9.28741094444579E-03 9.28690885483871E-03 9.28570576648202E-03 9.28397812523854E-03 9.28187487625753E-03 9.27950735647858E-03 9.27693889045956E-03 9.27419805711092E-03 9.27131577620936E-03 9.26833334140164E-03 9.26534970716228E-03 9.26007584657045E-03 0 0 0 0 0 0 0 0 0 0 0 0 0 0 0 0 0 0 0 0 0 0
8.07195456595541E-03 8.16785426087874E-03 8.26084416419765E-03 8.35064534568627E-03 8.43700101333275E-03 8.51968988460049E-03 8.59849326305516E-03 8.67319191055965E-03 8.74356830761264E-03 8.80942528790766E-03 8.87059419762186E-03 8.92695334418551E-03 8.97844009039222E-03 9.02506344249893E-03 9.0669002891642E-03 9.1040892597966E-03 9.13684796047849E-03 9.1654665652206E-03 9.19027653325174E-03 9.2116242618982E-03 9.2298399695806E-03 9.24522390497853E-03 9.25804507779353E-03 9.26854319006654E-03 9.27692128314431E-03 9.28335651782484E-03 9.28801657080894E-03 9.29107896754782E-03 9.29274500692071E-03 9.29323218324206E-03 9.29275278263266E-03 9.29151058652647E-03 9.28969447843784E-03 9.28747259855911E-03 9.28498928580814E-03 9.28234694248548E-03 9.27957635169272E-03 9.27666146629839E-03 9.27366004815905E-03 9.27065450236999E-03 9.26534970716228E-03 0 0 0 0 0 0 0 0 0 0 0 0 0 0 0 0 0 0 0 0 0 0 0
8.15713166319888E-03 8.2507745897341E-03 8.34120026389589E-03 8.42815337967656E-03 0.008511404046251 8.59076380305782E-03 8.66604204662443E-03 8.73704707532033E-03 8.80359402389504E-03 8.86552358890716E-03 8.92270951140333E-03 8.97507340642373E-03 9.02260216658892E-03 9.06535461073006E-03 9.10345492900766E-03 9.13707948316376E-03 9.16648188601059E-03 9.19197934831622E-03 9.21391594814281E-03 9.23263927470929E-03 9.24847030634928E-03 9.26169367683865E-03 9.27256008765365E-03 9.28128964624561E-03 9.2880654171567E-03 9.29305132034729E-03 9.29640889300165E-03 9.29831518418502E-03 9.29896876826908E-03 9.29858095986062E-03 9.29735865094205E-03 9.29549832541827E-03 9.29318033657457E-03 9.29056738423161E-03 9.28781026547216E-03 9.2850181965127E-03 9.28217339743381E-03 9.27911986395436E-03 9.27606121251217E-03 9.27065450236999E-03 0 0 0 0 0 0 0 0 0 0 0 0 0 0 0 0 0 0 0 0 0 0 0 0
8.24014300716091E-03 0.008331251446798 8.41885527859931E-03 8.50272723096668E-03 8.58266735986239E-03 8.65852009124462E-03 8.73012422295959E-03 8.79731744121537E-03 8.85994979536259E-03 8.91790214116588E-03 8.97109232709253E-03 9.01948660270854E-03 9.06312216471262E-03 9.10210609306984E-03 9.1366062864134E-03 9.16683320141893E-03 9.19306934767904E-03 9.21565135025033E-03 9.2349285118931E-03 9.25124236725985E-03 9.26489940761099E-03 9.27616551087514E-03 9.2852701307746E-03 9.29241207040827E-03 9.29775566765865E-03 9.30145297702612E-03 9.30366085622929E-03 9.3045559860255E-03 9.30433542334344E-03 9.30320455240024E-03 9.30136230950454E-03 9.29899392376767E-03 9.29626829199357E-03 9.29335054817879E-03 9.2904297623439E-03 9.28767443265908E-03 9.28503155622438E-03 9.28173279271443E-03 9.27606121251217E-03 0 0 0 0 0 0 0 0 0 0 0 0 0 0 0 0 0 0 0 0 0 0 0 0 0
8.32069771630118E-03 8.40900630919623E-03 8.49354759051851E-03 8.57412631252608E-03 8.65057503812776E-03 8.72276999227519E-03 8.79058056526935E-03 8.85387696898119E-03 8.91254703180995E-03 8.96651186316388E-03 9.01573404534876E-03 9.06022634174968E-03 9.10007514327772E-03 9.13543096632761E-03 9.16650012730593E-03 9.19352320366925E-03 9.21680427113346E-03 9.23669054316045E-03 9.25352948601008E-03 9.26765095407825E-03 9.27934276010579E-03 9.28884970024743E-03 9.29637807937008E-03 9.30210471475571E-03 9.30617696978714E-03 9.3087374493579E-03 9.30993994105821E-03 9.30996022390657E-03 9.30899377564658E-03 9.30724167452269E-03 9.30489302825592E-03 9.30211385406204E-03 9.29904969778472E-03 9.29587087696729E-03 9.29287097863438E-03 9.29043767002175E-03 9.28892499165452E-03 9.28173279271443E-03 0 0 0 0 0 0 0 0 0 0 0 0 0 0 0 0 0 0 0 0 0 0 0 0 0 0
8.3985088365601E-03 8.48377241610797E-03 8.56503420483469E-03 8.64213439695894E-03 8.71494026820731E-03 8.78335857131574E-03 8.84729121911499E-03 8.90664411847122E-03 8.96134421604287E-03 9.01135310741173E-03 9.05667819309659E-03 9.0973789044191E-03 9.13358529757488E-03 9.16548607868446E-03 9.19332007379574E-03 9.21735280198536E-03 9.23790141563678E-03 9.25531640258803E-03 9.26993864052941E-03 9.28208098252239E-03 9.2920090709844E-03 9.29994525810638E-03 9.30607251359883E-03 9.31054588768808E-03 9.31349846504683E-03 9.3150652444957E-03 9.31539743255247E-03 9.31466977218269E-03 9.31307816122764E-03 9.31082164872226E-03 9.30807769855379E-03 9.30498069524442E-03 9.30161654932067E-03 9.29811394783639E-03 9.29496512598911E-03 9.29291090907647E-03 9.29267308669666E-03 0 0 0 0 0 0 0 0 0 0 0 0 0 0 0 0 0 0 0 0 0 0 0 0 0 0 0
0.008473314340401 8.55531705563405E-03 8.63311524568295E-03 8.70658582548405E-03 8.77563184666003E-03 8.84019198906192E-03 8.90020249512954E-03 8.95560530564431E-03 9.00636760758516E-03 9.05249264323462E-03 9.09403167061596E-03 9.13108571743936E-03 9.16382267633018E-03 9.19246518119619E-03 9.21727887242684E-03 9.23854524515398E-03 9.25658720134881E-03 9.27175486525824E-03 9.28437730580218E-03 9.29474583897827E-03 9.30310181153049E-03 9.30964415654562E-03 9.31453299505548E-03 9.3179046437219E-03 9.31988069962916E-03 9.32058918325369E-03 9.32017788328949E-03 9.31882009774685E-03 9.31671529876548E-03 9.31406784634571E-03 9.31104973696371E-03 9.30775491808404E-03 9.30412590907673E-03 9.29999264360057E-03 9.29630609072782E-03 9.29422956901289E-03 9.29267308669666E-03 0 0 0 0 0 0 0 0 0 0 0 0 0 0 0 0 0 0 0 0 0 0 0 0 0 0 0
8.54488611949379E-03 8.62344650059906E-03 8.69763240466787E-03 8.7673598591338E-03 8.8325692071108E-03 8.89323149202889E-03 8.94931618039723E-03 9.00080247057428E-03 9.04769943571811E-03 9.09005144022897E-03 9.12794920947312E-03 9.16152905428962E-03 9.19099186465206E-03 9.21658862318401E-03 9.23860505742484E-03 9.25733043785599E-03 9.2730900728489E-03 9.28622992549299E-03 9.29706006392269E-03 9.3058469805729E-03 9.31280762956731E-03 9.31811871499949E-03 9.32192063091749E-03 9.32433370281219E-03 9.32546894230889E-03 9.3254478476472E-03 9.3244137361379E-03 9.32253614392505E-03 9.32002217916175E-03 9.31709761368472E-03 9.31395740688621E-03 9.31070319670243E-03 9.30707372319521E-03 9.30137612197049E-03 9.29630609072782E-03 9.29422956901289E-03 0 0 0 0 0 0 0 0 0 0 0 0 0 0 0 0 0 0 0 0 0 0 0 0 0 0 0 0
8.61305008927582E-03 8.68802333271793E-03 8.75848647390206E-03 8.8243967843583E-03 8.88573261751873E-03 8.94249486104813E-03 8.99468720511198E-03 9.04232838677164E-03 9.08546960760688E-03 9.12419218609751E-03 9.15862124078999E-03 9.18892293147325E-03 9.21532465032628E-03 9.23809837034258E-03 9.2575422099006E-03 9.27395087931266E-03 9.28764843862061E-03 9.29896913815019E-03 9.3081988382665E-03 9.31557933566827E-03 9.32130512314092E-03 9.32553370238342E-03 9.3283889215691E-03 9.32997702918421E-03 9.33039913655478E-03 9.32977048267848E-03 9.32822820244168E-03 9.3259328515294E-03 9.32309976218485E-03 9.31999799624099E-03 9.31690558504546E-03 9.31416556306991E-03 9.31225772564636E-03 9.30137612197049E-03 0 0 0 0 0 0 0 0 0 0 0 0 0 0 0 0 0 0 0 0 0 0 0 0 0 0 0 0 0 0
8.67767715098288E-03 8.74895684575577E-03 8.81562636004245E-03 8.87768486638684E-03 8.93514876363346E-03 8.98804535272999E-03 9.03641657144237E-03 9.08032105635156E-03 9.1198491332049E-03 9.15511314185816E-03 9.18626829453526E-03 9.21350486491314E-03 9.23706877659612E-03 9.25724638676019E-03 9.27434094480443E-03 9.28865120626838E-03 9.30049304615069E-03 9.31018381638177E-03 9.31798586672695E-03 9.32411778284374E-03 9.32875455500772E-03 9.33203720839523E-03 9.33407511050217E-03 9.3349621595808E-03 9.33479111482681E-03 9.33366987317667E-03 9.33172488842052E-03 9.32910078622075E-03 9.32601584139168E-03 9.32278439116168E-03 9.31975250720875E-03 9.31749777509882E-03 9.31719943412134E-03 0 0 0 0 0 0 0 0 0 0 0 0 0 0 0 0 0 0 0 0 0 0 0 0 0 0 0 0 0 0 0
8.73868491584142E-03 8.80620573133072E-03 8.86905365675274E-03 8.9272659450935E-03 8.98089497036855E-03 9.02999872561399E-03 9.07465838599484E-03 9.11496786624934E-03 9.1510509606437E-03 9.18304692162345E-03 9.21113575735754E-03 9.23552605182359E-03 9.25647573761959E-03 9.27427819819835E-03 9.28923679614017E-03 9.3016518973178E-03 9.31182697347501E-03 9.32005889623506E-03 9.32658795517083E-03 9.33161360286797E-03 9.33529473057632E-03 9.33775739455155E-03 9.33909771198427E-03 9.33939979554926E-03 9.33874922033731E-03 0.009337244518194 9.33499607803709E-03 9.33212363906243E-03 9.32883327839961E-03 9.32545742499609E-03 9.32228176033804E-03 9.31954235491939E-03 9.31719943412134E-03 0 0 0 0 0 0 0 0 0 0 0 0 0 0 0 0 0 0 0 0 0 0 0 0 0 0 0 0 0 0 0
8.79603717195231E-03 8.85977414534125E-03 8.91881129434776E-03 8.97322162593505E-03 9.02309417961051E-03 9.06851970220637E-03 9.10961085470405E-03 9.14649327211638E-03 9.17931914637992E-03 9.20825050128155E-03 9.23348467728946E-03 9.25524383567895E-03 9.27379256303643E-03 9.28942542975762E-03 9.30244298988966E-03 9.31314515376366E-03 9.32182206096507E-03 9.32874685775931E-03 9.33414153460005E-03 9.3381894414609E-03 9.34103529027365E-03 9.34279167880962E-03 9.34354448590139E-03 9.34337003281052E-03 9.34234666877379E-03 9.34056062232951E-03 9.33809947156975E-03 9.3350543849648E-03 9.33162233713652E-03 9.32814142456483E-03 9.32486187742169E-03 9.31954235491939E-03 0 0 0 0 0 0 0 0 0 0 0 0 0 0 0 0 0 0 0 0 0 0 0 0 0 0 0 0 0 0 0 0
8.84978009012521E-03 8.90974652277026E-03 8.96501838690196E-03 9.01570551011008E-03 9.06193233115756E-03 9.1038172518785E-03 9.14149955147012E-03 9.17513360869833E-03 9.20489571174836E-03 9.2309650570965E-03 9.25355088645999E-03 9.27288506221488E-03 9.28923433577063E-03 9.30289102048617E-03 9.31415014662836E-03 9.32330689483392E-03 9.33063601438501E-03 9.33639013623263E-03 9.34077660006904E-03 9.34396386091177E-03 9.34608335076023E-03 9.34723647911821E-03 9.34750179222166E-03 9.34694983185947E-03 9.34565311924198E-03 9.34368382096226E-03 9.34109305271762E-03 9.33792656242112E-03 9.33442524135305E-03 9.3309497939155E-03 9.32486187742169E-03 0 0 0 0 0 0 0 0 0 0 0 0 0 0 0 0 0 0 0 0 0 0 0 0 0 0 0 0 0 0 0 0 0
8.90000859499084E-03 8.95625275555416E-03 9.00783821552839E-03 9.05491086659424E-03 9.09762450985891E-03 9.13611950094344E-03 9.17056123908019E-03 9.20112955715932E-03 9.22802035721516E-03 9.25142385266242E-03 9.2715581133433E-03 9.28866124960242E-03 9.30299829876496E-03 9.3148565142872E-03 9.32452272631225E-03 9.33228512677463E-03 9.33840458825169E-03 9.34311531742902E-03 9.34661032590116E-03 9.34904492076155E-03 9.3505393186095E-03 9.35118557772715E-03 9.35105607987949E-03 9.35021866715323E-03 9.34874623288083E-03 9.34670752131824E-03 9.34410623213331E-03 9.34083291535823E-03 9.33732101530173E-03 9.3309497939155E-03 0 0 0 0 0 0 0 0 0 0 0 0 0 0 0 0 0 0 0 0 0 0 0 0 0 0 0 0 0 0 0 0 0 0
8.94685493230393E-03 8.99945243734666E-03 9.04745551796056E-03 9.09104047213461E-03 9.1303849367047E-03 9.16565060567153E-03 9.19702711361576E-03 9.22471471785852E-03 9.24892320627722E-03 9.26985089911467E-03 9.28772162318724E-03 9.30277588737827E-03 9.31527402785682E-03 9.32549622519694E-03 9.33372010146123E-03 9.34022521187953E-03 9.34525907049578E-03 9.34904034421387E-03 9.35174909113991E-03 9.35352923920798E-03 9.35449184135892E-03 9.35472066867796E-03 9.35428211896268E-03 9.35324470117835E-03 9.35169495046922E-03 9.34974094729895E-03 9.34738548789948E-03 9.34385341835496E-03 9.33732101530173E-03 0 0 0 0 0 0 0 0 0 0 0 0 0 0 0 0 0 0 0 0 0 0 0 0 0 0 0 0 0 0 0 0 0 0 0
8.99047638229997E-03 9.03952369300613E-03 9.0840641801853E-03 9.1242992912737E-03 9.16042860191944E-03 9.19263431134754E-03 9.22112498561517E-03 9.2461167131246E-03 9.26782806015101E-03 9.28646290365261E-03 9.30224653604684E-03 9.31541928153904E-03 9.3262353604021E-03 9.33496683488644E-03 9.34188265123136E-03 9.34725270620445E-03 9.35131248839927E-03 9.35426675382686E-03 9.35628400736851E-03 9.35749837912781E-03 9.35801323820931E-03 9.35790598769616E-03 9.35723862251524E-03 9.35608004496979E-03 9.35453941125495E-03 9.35286656345316E-03 9.35162422443849E-03 9.34385341835496E-03 0 0 0 0 0 0 0 0 0 0 0 0 0 0 0 0 0 0 0 0 0 0 0 0 0 0 0 0 0 0 0 0 0 0 0 0
9.03105793700602E-03 9.0766660774855E-03 9.11787399112713E-03 9.15490425310224E-03 9.18797604519723E-03 9.21729122708385E-03 9.24307290523086E-03 9.26554725988933E-03 9.28493697638915E-03 9.30145017195947E-03 9.3153107196001E-03 9.32675544793861E-03 9.33603185630453E-03 9.34340453308143E-03 9.34913429070249E-03 9.35348035647265E-03 9.35666658632545E-03 9.35888588071163E-03 9.36029663534283E-03 9.36102456436435E-03 9.36116713722388E-03 9.36079828566188E-03 9.35997825262987E-03 9.35876842505455E-03 9.35725023400538E-03 9.35569803163884E-03 9.35546836353176E-03 0 0 0 0 0 0 0 0 0 0 0 0 0 0 0 0 0 0 0 0 0 0 0 0 0 0 0 0 0 0 0 0 0 0 0 0 0
9.06879359974347E-03 9.11108275074668E-03 9.14909428276666E-03 9.18306840442392E-03 9.21324112609554E-03 9.23983248693072E-03 9.26307517823213E-03 9.28320114880059E-03 9.30043369145582E-03 9.31498352054938E-03 9.32707022531615E-03 9.33692541338522E-03 9.34479152257411E-03 9.35092550966363E-03 9.35558007671496E-03 9.35900290504265E-03 9.36140737876404E-03 9.36297570810495E-03 9.36385684948923E-03 9.36416935885245E-03 9.36400681629598E-03 9.36344455853792E-03 9.36255060407336E-03 9.36138482481161E-03 9.35990544103125E-03 9.3575344143216E-03 9.35546836353176E-03 0 0 0 0 0 0 0 0 0 0 0 0 0 0 0 0 0 0 0 0 0 0 0 0 0 0 0 0 0 0 0 0 0 0 0 0 0
9.10387407416072E-03 9.14296721577587E-03 9.17791803762549E-03 9.20898282820431E-03 9.23641234421546E-03 9.26044045442057E-03 9.28130543189662E-03 9.29924253977353E-03 9.31447305740491E-03 9.32720617190699E-03 9.33765559956085E-03 9.34604933330024E-03 9.35262507978946E-03 9.35763165547327E-03 9.36131294576263E-03 9.36390535291855E-03 9.36561246796729E-03 9.36660643215539E-03 9.36702761958476E-03 9.36698849400586E-03 9.36658017884626E-03 9.36588516087647E-03 9.36500079892139E-03 9.36406886911727E-03 9.3632937107411E-03 9.3575344143216E-03 0 0 0 0 0 0 0 0 0 0 0 0 0 0 0 0 0 0 0 0 0 0 0 0 0 0 0 0 0 0 0 0 0 0 0 0 0 0
9.13647792286592E-03 9.17249899518054E-03 9.20452472189014E-03 9.2328247533336E-03 9.25766156022296E-03 9.27927897749311E-03 9.29791813790744E-03 9.31381500341425E-03 9.32718620784579E-03 9.33823676254214E-03 9.34717604927039E-03 9.35422921499285E-03 9.35962748910706E-03 9.36361100602144E-03 9.36641450434632E-03 9.36826335345303E-03 9.36935103863746E-03 9.3698403700687E-03 9.36986455047119E-03 9.36953168453143E-03 9.36893218691495E-03 9.36815635738087E-03 9.36733147473172E-03 9.36667919234496E-03 9.36648619753929E-03 0 0 0 0 0 0 0 0 0 0 0 0 0 0 0 0 0 0 0 0 0 0 0 0 0 0 0 0 0 0 0 0 0 0 0 0 0 0 0
9.16675697713339E-03 9.19982888436932E-03 9.22906229864187E-03 9.25473847447321E-03 9.27712884595571E-03 9.29648368607371E-03 9.31304379855299E-03 9.32704172209604E-03 9.33868764246689E-03 9.34818289684965E-03 9.35573342363716E-03 9.36155988741755E-03 9.36588587697959E-03 9.36894317192599E-03 9.37095757454101E-03 9.37214293740645E-03 9.37268221877954E-03 9.37273012468822E-03 9.37241430063073E-03 9.37184059787114E-03 9.37110156831225E-03 9.37029415501199E-03 9.36955581509272E-03 9.36907357264306E-03 9.36648619753929E-03 0 0 0 0 0 0 0 0 0 0 0 0 0 0 0 0 0 0 0 0 0 0 0 0 0 0 0 0 0 0 0 0 0 0 0 0 0 0 0
9.19484556739261E-03 9.22509090406147E-03 9.25166426227305E-03 9.27485608013366E-03 9.29494287055741E-03 9.31217813245856E-03 9.32679905157583E-03 9.33903174483247E-03 9.34908033553606E-03 9.35714229209134E-03 9.3634189671914E-03 9.36812488710209E-03 9.37147681621097E-03 9.37369773072672E-03 9.37500426071929E-03 9.37559842865813E-03 9.37565354780239E-03 9.3753172932679E-03 9.3747129387544E-03 9.3739457714738E-03 9.37311288132437E-03 9.37232363983592E-03 9.37174569594977E-03 9.37158601135971E-03 0 0 0 0 0 0 0 0 0 0 0 0 0 0 0 0 0 0 0 0 0 0 0 0 0 0 0 0 0 0 0 0 0 0 0 0 0 0 0 0
