NongDo/Fusa 19.6h.grd
DSAA
463	323
2	464
2	324
0	10
[rows 56 to 83 of 323, columns 256 to 319 of 463]
0 0 0 0 0 0 0 0 0 0 0 0 0 0 0 0 0 0 0 0 0 0 0 0 0 0 0 0 0 0 0 0 0 0 0 0 0 0 0 0 0 0 0 0 0 0 0 0 0 0 0 0 0 0 0 0 0 0 0 0 0 0 0 0
0 0 0 0 0 0 0 0 0 0 0 0 0 0 0 0 0 0 0 0 0 0 0 0 0 0 0 0 0 0 0 0 0 0 0 0 0 0 0 0 0 0 0 0 0 0 0 0 0 0 0 0 0 0 0 0 0 0 0 0 0 0 0 0
0 0 0 0 0 0 0 0 0 0 0 0 0 0 0 0 0 0 0 0 0 0 0 0 0 0 0 0 0 0 0 0 0 0 0 0 0 0 0 0 0 0 0 0 0 0 0 0 0 0 0 0 0 0 0 0 0 0 0 0 0 0 0 0
0 0 0 0 0 0 0 0 0 0 0 0 0 0 0 0 0 0 0 0 0 0 0 0 0 0 0 0 0 0 0 0 0 0 0 0 0 0 0 0 0 0 0 0 0 0 0 0 0 0 0 0 0 0 0 0 0 0 0 0 0 0 0 0
0 0 0 0 0 0 0 0 0 0 0 0 0 0 0 0 0 0 0 0 0 0 0 0 0 0 0 0 0 0 0 0 0 0 0 0 0 0 0 0 0 0 0 0 0 0 0 0 0 0 0 0 0 0 0 0 0 0 0 0 0 0 0 0
0 0 0 0 0 0 0 0 0 0 0 0 0 0 0 0 0 0 0 0 0 0 0 0 0 0 0 0 0 0 0 0 0 0 0 0 0 0 0 0 0 0 0 0 0 0 0 0 0 0 0 0 0 0 0 0 0 0 0 0 0 0 0 0
0 0 0 0 0 0 0 0 0 0 0 0 0 0 0 0 0 0 0 0 0 0 0 0 0 0 0 0 0 0 0 0 0 0 0 0 0 0 0 0 0 0 0 0 0 0 0 0 0 0 0 0 0 0 0 0 0 0 0 0 0 0 0 0
0 0 0 0 0 0 0 0 0 0 0 0 0 0 0 0 0 0 0 0 0 0 0 0 0 0 0 0 0 0 0 0 0 0 0 0 0 0 0 0 0 0 0 0 0 0 0 0 0 0 0 0 0 0 0 0 0 0 0 0 0 0 7.01123665860487E-03 7.02069316072163E-03
0 0 0 0 0 0 0 0 0 0 0 0 0 0 0 0 0 0 0 0 0 0 0 0 0 0 0 0 0 0 0 0 0 0 0 0 0 0 0 0 0 0 0 0 0 0 0 0 0 0 0 0 0 0 0 0 0 0 6.97380328439431E-03 6.98298504624575E-03 6.99220839243804E-03 7.00154531806238E-03 7.01123665860487E-03 7.02069316072163E-03
0 0 0 0 0 0 0 0 0 0 0 0 0 0 0 0 0 0 0 0 0 0 0 0 0 0 0 0 0 0 0 0 0 0 0 0 0 0 0 0 0 0 0 0 0 0 0 0 0 0 0 0 0 0 6.93617703379243E-03 6.9456974536288E-03 6.95508394109884E-03 6.96445550217343E-03 6.97380328439431E-03 6.98298504624575E-03 6.99220839243804E-03 7.00154531806238E-03 7.01093979776785E-03 7.02033969809231E-03
0 0 0 0 0 0 0 0 0 0 0 0 0 0 0 0 0 0 0 0 0 0 0 0 0 0 0 0 0 0 0 0 0 0 0 0 0 0 0 0 0 0 0 0 0 0 0 0 0 0 0 6.90500174373042E-03 6.91568741064527E-03 6.92615268424558E-03 6.93617703379243E-03 6.9456974536288E-03 6.95508394109884E-03 6.96445550217343E-03 6.9737545802013E-03 6.98306045393507E-03 6.99228929654204E-03 7.00153771911525E-03 7.01077401770395E-03 7.02004400499357E-03
0 0 0 0 0 0 0 0 0 0 0 0 0 0 0 0 0 0 0 0 0 0 0 0 0 0 0 0 0 0 0 0 0 0 0 0 0 0 0 0 0 0 0 0 0 6.8353736430096E-03 6.8478415742437E-03 6.85980651492589E-03 6.87139299384745E-03 6.88280680200877E-03 6.89404321712857E-03 6.90500174373042E-03 6.91568741064527E-03 6.92615268424558E-03 6.93621521930706E-03 6.94594310374262E-03 6.95544635850578E-03 6.96486745857207E-03 6.97419684650205E-03 6.98352276294044E-03 6.99276368240327E-03 7.00198302742793E-03 7.01116906430155E-03 7.02036558197779E-03
0 0 0 0 0 0 0 0 0 0 0 0 0 0 0 0 0 0 0 0 0 0 0 0 0 0 0 0 0 0 0 0 0 0 0 0 0 0 0 0 0 0 0 6.80756541147775E-03 6.82159908452644E-03 6.8353736430096E-03 6.8478415742437E-03 6.85980651492589E-03 6.87139299384745E-03 6.88280680200877E-03 6.89404321712857E-03 6.90515342833141E-03 6.91599897432323E-03 6.92657390104108E-03 6.93679354838981E-03 6.94672697315426E-03 6.95642175522237E-03 6.96598916767548E-03 6.97544372061419E-03 6.98484780196827E-03 6.99417268632679E-03 7.00345885052792E-03 7.01270437087966E-03 7.02193850220191E-03
6.31687956709345E-03 6.32856216740579E-03 6.34017058782403E-03 6.35170066727725E-03 6.36314998458455E-03 6.37461270172789E-03 6.38598526348183E-03 6.39726038671183E-03 6.40845230997655E-03 6.4196959114385E-03 6.43101865762981E-03 6.44249540215906E-03 6.45395079848723E-03 6.46529685345832E-03 6.47646483673222E-03 6.48756657827773E-03 6.49859199391516E-03 6.50964376471132E-03 6.52060153991605E-03 6.53147601189248E-03 6.54226363239458E-03 6.55311853764798E-03 6.56405859674116E-03 6.57519573940919E-03 6.58637216997754E-03 6.59752697007566E-03 6.60856267166412E-03 6.61957610470232E-03 6.63049790383948E-03 6.64141044434973E-03 6.65216317737547E-03 6.66279013113357E-03 6.67331330132394E-03 6.68402079640272E-03 6.6952219802928E-03 0 0 0 0 6.75379324886931E-03 6.76577909496392E-03 6.77927003710805E-03 6.79340039985553E-03 6.80756541147775E-03 6.82159908452644E-03 6.83516541917565E-03 6.84794161373513E-03 6.86013265426714E-03 6.87191704237452E-03 6.88348929533498E-03 6.89486473682422E-03 6.90611162539121E-03 6.91712622190832E-03 6.92789734882429E-03 6.93836208908875E-03 6.9485653255048E-03 6.95853430423682E-03 6.96835348535229E-03 6.97804089143158E-03 6.98764792321898E-03 6.99716837088373E-03 7.00663648637113E-03 7.01605889856572E-03 7.02546630467235E-03
6.31687956709345E-03 6.32856216740579E-03 6.34017058782403E-03 6.35170066727725E-03 6.36314998458455E-03 6.37461270172789E-03 6.38598526348183E-03 6.39726038671183E-03 6.40845230997655E-03 6.4196959114385E-03 6.43101865762981E-03 6.44249540215906E-03 6.45395079848723E-03 6.46529685345832E-03 6.47646483673222E-03 6.48756657827773E-03 6.49859199391516E-03 6.50964376471132E-03 6.52060153991605E-03 6.53147601189248E-03 6.54226363239458E-03 6.55311853764798E-03 6.56405859674116E-03 6.57519573940919E-03 6.58637216997754E-03 6.59752697007566E-03 6.60856267166412E-03 6.61957610470232E-03 6.63049790383948E-03 6.64141044434973E-03 6.65216317737547E-03 6.66279013113357E-03 6.67331330132394E-03 6.68402079640272E-03 6.6952219802928E-03 6.70911320200847E-03 6.72053573694945E-03 6.73194548564339E-03 6.74343187322653E-03 6.75379324886931E-03 6.76577909496392E-03 6.77927003710805E-03 6.79340039985553E-03 6.80769043164461E-03 6.82177402914979E-03 6.83547170641571E-03 6.84857824216886E-03 6.86114096068462E-03 6.87328948545401E-03 6.88518362800138E-03 6.89684986622281E-03 6.90836832271493E-03 6.91966685854541E-03 6.93074453240513E-03 6.94155086148168E-03 6.95211271006328E-03 6.96245036195126E-03 6.97263031596969E-03 6.98266830760176E-03 6.99260717735323E-03 7.00244932145891E-03 7.01222611566416E-03 7.02195474116266E-03 7.03167021548721E-03
6.3174208174864E-03 6.32952325038056E-03 6.34135686049812E-03 6.35304052151021E-03 6.36461875032924E-03 6.37618588824381E-03 6.38765788740514E-03 6.39901753678321E-03 6.41029305934167E-03 6.42160022113248E-03 6.43297710256194E-03 6.44451463468264E-03 6.45603221131262E-03 6.46741083694913E-03 6.47862142658711E-03 6.48976109112603E-03 6.50083509221683E-03 6.51192456977413E-03 6.52293508646676E-03 6.5338603430079E-03 6.54471152183978E-03 6.55561408239352E-03 6.56660079106979E-03 6.57779097739259E-03 6.58903190484162E-03 0.006600232034311 6.61132511757258E-03 6.62238553423767E-03 6.63336103111918E-03 6.64430361913468E-03 6.65508560830851E-03 6.6657027408341E-03 6.67616765987138E-03 6.68668536881513E-03 6.69747789116479E-03 6.70911320200847E-03 6.72053573694945E-03 6.73194548564339E-03 6.74343187322653E-03 6.75511449624191E-03 6.76755959811286E-03 6.78101437564206E-03 6.79500201585953E-03 6.80918106391586E-03 6.82327880436065E-03 6.83716989534858E-03 6.8506483695645E-03 6.8636781532796E-03 6.87631529047891E-03 6.88867046533697E-03 6.90077195477674E-03 6.91270055923863E-03 6.92440879167819E-03 6.93590319219903E-03 6.94714758010894E-03 6.95816051392723E-03 6.96896065236171E-03 6.97960297968435E-03 6.99010044589119E-03 7.00048565086943E-03 7.0107654364355E-03 7.02097121776492E-03 7.03112738466266E-03 7.04127152468347E-03
6.31895877482939E-03 6.33136478942443E-03 6.34348233307058E-03 6.35541667177251E-03 6.36722357631716E-03 6.37898421161645E-03 6.39064214730816E-03 6.40217952818214E-03 6.4136353475393E-03 6.42509740851352E-03 6.43660287146614E-03 6.44824097553473E-03 6.45984365019099E-03 6.4712925949655E-03 6.48259819532636E-03 6.49383213619657E-03 6.50500934373784E-03 6.51618627417623E-03 6.5273036810788E-03 6.5383459255632E-03 6.54933779066493E-03 6.56036832732847E-03 6.5714754125767E-03 6.58276718414492E-03 6.59410584307006E-03 6.60539395536584E-03 6.61659929087743E-03 6.62776463836942E-03 6.63885071743695E-03 6.64987739833067E-03 6.66075102341477E-03 6.67144083729535E-03 6.6819613861362E-03 6.69244327708392E-03 6.70303592188624E-03 6.71404621545714E-03 6.72521260869006E-03 6.73651351042545E-03 6.74800213457817E-03 6.75989218423235E-03 6.77236030161278E-03 6.78559804552803E-03 6.79934656071453E-03 6.81337688622465E-03 6.82748197880986E-03 6.84156027197124E-03 6.8554022563514E-03 6.86891892330041E-03 6.88209399019587E-03 6.89498839885123E-03 6.90761745595415E-03 6.92005401861597E-03 6.93226277908762E-03 6.94425580384746E-03 6.95601125465305E-03 6.96754500991662E-03 6.97887782888543E-03 6.99005683075477E-03 7.00109267377257E-03 7.01200834540434E-03 7.02281613313297E-03 7.03354417682773E-03 7.04422213601706E-03 7.05488724003166E-03
6.32127868847854E-03 6.33402533682558E-03 6.34650021749946E-03 6.35877931875854E-03 6.37091231668135E-03 0.006382958244443 6.39488864822244E-03 6.40670405545082E-03 6.41843756079316E-03 6.43015287374101E-03 6.44188027917556E-03 6.45366465356706E-03 6.46538762952301E-03 6.47697919366338E-03 6.48845324119014E-03 6.49985776189775E-03 6.51120931045235E-03 6.52254458434685E-03 6.53383157034213E-03 6.54506926441506E-03 6.55628144391009E-03 6.56753003737274E-03 6.57884930301854E-03 6.59029978198088E-03 6.60178000874812E-03 6.61322829393585E-03 6.62462065902717E-03 6.63597066040442E-03 6.64724284724139E-03 6.65843421412144E-03 6.66947469735119E-03 6.68034127936693E-03 6.69104355569296E-03 6.70166635640628E-03 6.71231531860614E-03 6.72318619295648E-03 6.73422991351135E-03 6.74546989295012E-03 6.75695935636297E-03 6.76885880043187E-03 6.78126328598879E-03 6.7943054314717E-03 6.80784828857218E-03 6.82176152657968E-03 6.83588619894828E-03 6.85012110397602E-03 6.86427447432337E-03 6.8782262525799E-03 6.8919136891438E-03 6.90534842500115E-03 6.91852878811494E-03 6.93150026624084E-03 6.94423798424146E-03 6.95675633907884E-03 6.96904470479804E-03 6.98112459780367E-03 6.9930186735314E-03 7.00476519588104E-03 7.01637262755035E-03 7.0278603605373E-03 7.03924116287161E-03 7.05054310033363E-03 7.06179667993012E-03 7.07303767999622E-03
6.32438493221186E-03 6.33755896769496E-03 6.35047900021483E-03 6.36319595074442E-03 6.37575048679142E-03 6.38818482246165E-03 6.40049548802174E-03 6.41269385042933E-03 6.42479925291536E-03 6.43685587968323E-03 6.4488836084781E-03 6.46089722426464E-03 6.47284139296815E-03 6.48467952571327E-03 6.49641251755324E-03 6.50807351439851E-03 6.51968163765619E-03 6.53126404000221E-03 6.54281443890837E-03 6.55434031791621E-03 6.56585622400492E-03 6.5774042709081E-03 6.58900973334602E-03 0.006600701400104 6.61242807270896E-03 6.62414615903288E-03 6.63582125693792E-03 6.64744736314435E-03 6.65899405717081E-03 6.67044597357718E-03 6.6817573147003E-03 6.69290901947906E-03 6.70390039728049E-03 6.71478854693521E-03 6.72565041035513E-03 6.73662239244286E-03 6.74774279508555E-03 6.75907231380288E-03 6.77066649988678E-03 6.78264784317119E-03 6.79509135421175E-03 6.80809928532456E-03 0.006821605727356 6.83552623394575E-03 6.84972725650536E-03 6.86411636308882E-03 6.87853407302864E-03 6.89284274117557E-03 6.90695721449484E-03 6.92085299482673E-03 6.93451487105388E-03 6.94796366993283E-03 6.96119018749405E-03 6.9742004994754E-03 6.98699631235282E-03 6.99959695362732E-03 7.01202677561252E-03 7.02431798583809E-03 7.03648476175859E-03 7.04853927760965E-03 7.0604957459725E-03 7.07237943935315E-03 7.08422090380832E-03 7.09605250658107E-03
6.32841210606966E-03 6.34211418972056E-03 6.35557744186106E-03 6.36883568355036E-03 6.38191945355042E-03 6.39486380156088E-03 6.4076735600358E-03 6.42036168139768E-03 6.43294082043836E-03 0.006445441197784 6.45787369511996E-03 6.47024654342883E-03 6.48253614271211E-03 6.49472687095384E-03 6.50681885572425E-03 6.51883788444265E-03 6.53080374161228E-03 6.54274428003135E-03 6.55466632389342E-03 6.56658095227904E-03 6.57849805141025E-03 6.5904464705778E-03 6.6024427917882E-03 6.61450405441661E-03 6.62660275150494E-03 6.63870523727807E-03 6.65077055925281E-03 6.66278033612717E-03 6.67470421137873E-03 6.68652520538238E-03 6.69821052897866E-03 6.70974426227822E-03 6.72112064762586E-03 6.73238104782126E-03 6.74358656148329E-03 6.75484552428676E-03 6.76622900451288E-03 6.77781843345684E-03 6.78967461172712E-03 6.80190131328251E-03 6.81456466056484E-03 6.82775104621713E-03 6.84141753212503E-03 6.85549627327278E-03 6.86986629946135E-03 6.88444576803551E-03 6.8990942965332E-03 6.91368248929852E-03 6.92811798001809E-03 6.94235935304962E-03 6.95638429463311E-03 6.97020422007337E-03 6.98381519145114E-03 6.99722445893584E-03 7.01043796705153E-03 7.02347572751933E-03 7.03636271568118E-03 7.04912943754912E-03 7.06179152148967E-03 7.07435873273533E-03 7.08684475756705E-03 7.0992724345971E-03 7.11167044223246E-03 7.12406617932099E-03
6.33349720239569E-03 6.34784527575479E-03 6.36196505773744E-03 6.37587999362639E-03 6.38961218066725E-03 6.40319111435635E-03 6.41662141929803E-03 6.42991451200654E-03 6.44308106849712E-03 6.45614240680998E-03 6.46910416710943E-03 6.48197323517825E-03 6.49474073922779E-03 6.50740407255176E-03 6.51997020555133E-03 6.53246359745334E-03 6.54490557840739E-03 6.55732658767316E-03 0.006569739162331 6.58215640055102E-03 6.59458800758628E-03 6.60705481251052E-03 6.61956702609201E-03 6.63213605292132E-03 6.64474255431371E-03 6.65735361657183E-03 6.66992524901792E-03 6.68243130535831E-03 6.69484082910374E-03 6.70713694864491E-03 6.7192933346321E-03 6.73129656455388E-03 6.74314193777035E-03 6.75486495112515E-03 6.76652075021467E-03 6.77820662626324E-03 6.79000500061121E-03 6.80200584299967E-03 6.81427426106136E-03 6.82690621410982E-03 6.83995832824773E-03 6.8535051211379E-03 6.86749692204182E-03 6.88186596165636E-03 6.8964977698724E-03 6.91131823308742E-03 6.92619859813525E-03 6.94101502328041E-03 6.95567841194079E-03 6.97014962745566E-03 6.98441425547176E-03 6.99848272381562E-03 7.01235800274409E-03 7.02604836483272E-03 7.03956362668057E-03 7.05292723211625E-03 7.06616959575855E-03 7.07931784292963E-03 7.09238870541055E-03 7.10538769469414E-03 7.11832856597731E-03 7.13123344595215E-03 7.14412888793916E-03 7.15703423508161E-03
6.33982510160095E-03 6.35494955893531E-03 6.36985298409418E-03 6.38455126991623E-03 6.39906052898359E-03 6.41340188453099E-03 6.42757920416321E-03 6.44160315016751E-03 6.45548304503272E-03 6.46923344535471E-03 6.48285726996308E-03 6.49636027448849E-03 6.50974163094466E-03 6.52300911534409E-03 6.53617776210997E-03 6.54927343667418E-03 6.56232048641709E-03 6.57535138413524E-03 6.58838191912849E-03 6.60142775827609E-03 6.61449989682314E-03 6.62761437155026E-03 6.64077578823959E-03 6.6539929134045E-03 6.66724390583781E-03 6.68048936058241E-03 6.69368163788003E-03 6.70679082875521E-03 6.71978489410117E-03 6.73264836025997E-03 6.74535820599109E-03 6.75790369942353E-03 6.77028612901334E-03 6.78254406030727E-03 6.79473373837696E-03 6.80695040420074E-03 6.81927930775197E-03 6.83180866568009E-03 6.84460449046321E-03 6.85775823095477E-03 6.87131930438998E-03 6.88533657631307E-03 6.8997419845748E-03 6.9144675334279E-03 6.9294050560591E-03 6.94448193266239E-03 6.95957186142788E-03 6.97456499546706E-03 6.98938115451429E-03 7.00399298412552E-03 7.01839746215782E-03 7.0326092396916E-03 7.04663957454351E-03 7.06050052243022E-03 7.07420853454028E-03 7.08779531637782E-03 7.10129551348374E-03 7.1147319065229E-03 7.12812052777778E-03 7.14146550307684E-03 7.15478253306793E-03 7.16809159007098E-03 7.1814153191945E-03 7.19476260866288E-03
6.34761836590887E-03 6.36365792880674E-03 6.37948097217751E-03 6.39509620377639E-03 6.41051464854229E-03 6.4257494717683E-03 6.44080597545468E-03 6.45569279138507E-03 6.47041725724482E-03 6.48498873959528E-03 6.49940989419174E-03 6.51368485810332E-03 6.52781948750425E-03 6.54182909674719E-03 6.55573540373751E-03 6.56956703477339E-03 6.58335224878386E-03 6.59712552394155E-03 6.61090566814263E-03 6.62471032343707E-03 6.6385520712452E-03 6.65244479548953E-03 6.66638801362439E-03 6.68038652402193E-03 6.69440595804183E-03 6.7083964307746E-03 6.72230686285363E-03 6.73610644529694E-03 6.74976161714669E-03 6.76325912633115E-03 6.77657730373608E-03 6.78971123062568E-03 6.80267430413876E-03 6.8155147189747E-03 6.82829190049288E-03 6.84110450186502E-03 6.85403203791883E-03 0.006867156083479 6.88053932373652E-03 6.89426635300106E-03 6.9083688127615E-03 6.92287271737643E-03 6.93770363602344E-03 6.95278387444088E-03 6.96801263798663E-03 6.98331833616238E-03 6.99858965614984E-03 7.0137178319001E-03 7.02863840280469E-03 7.04333493275176E-03 7.05781532655945E-03 7.07209809288321E-03 7.08620906221613E-03 7.10016314078423E-03 7.11399323045992E-03 7.1277358850886E-03 7.14142620905368E-03 7.15507934086988E-03 7.16871596255793E-03 7.18233659505166E-03 7.19595904148247E-03 7.20960307800485E-03 7.22328552462354E-03 7.23700464860869E-03
6.35718053256459E-03 6.37428216421445E-03 6.39116977764212E-03 6.40784507659809E-03 6.42431357196401E-03 6.44058220572268E-03 6.45665594291771E-03 6.4725418544575E-03 6.48824587575377E-03 6.50377375283745E-03 6.51912812041274E-03 6.53431239275745E-03 6.54933805120134E-03 6.56422794569606E-03 6.57900934333287E-03 6.59371348768676E-03 6.60837187859325E-03 6.62301891348929E-03 6.6376754049231E-03 6.65236285156103E-03 6.66709569821242E-03 6.68188593351288E-03 6.69672852885579E-03 6.71161853647929E-03 6.72650310122797E-03 6.74132205754263E-03 6.75602022330445E-03 6.77056540156148E-03 6.78492576882006E-03 6.79908927707219E-03 6.81303699877186E-03 6.82677771798217E-03 6.84033978446516E-03 6.85378279532987E-03 6.86717311417281E-03 6.88060969998266E-03 6.89416134070642E-03 6.90790307600814E-03 6.92188992064239E-03 6.93619110306487E-03 6.9508192358203E-03 6.96577564610841E-03 6.98097957943734E-03 6.99635631878985E-03 7.01181639707018E-03 7.02728917984576E-03 7.04267307207386E-03 7.05787432873805E-03 7.07284669274074E-03 7.08758003496093E-03 7.10209040166825E-03 7.11640269577189E-03 7.13055216705191E-03 7.14456215592525E-03 7.15848182369681E-03 7.17234404743926E-03 7.18618027260267E-03 7.20000258661071E-03 7.21383509310396E-03 7.22767734786209E-03 7.24155181848786E-03 7.25547073822753E-03 7.26944522568631E-03 7.28346812852487E-03
6.36888306552787E-03 6.38720453969911E-03 6.40531126779141E-03 6.42319751938955E-03 0.006440863642521 6.45831080481057E-03 6.47554339128057E-03 6.49256678386877E-03 6.50938662085733E-03 6.52600565730822E-03 6.54242828189323E-03 6.55865726752358E-03 6.57471102271381E-03 6.59061919516227E-03 6.60641239472092E-03 6.62212228347497E-03 6.63778111253631E-03 6.65342356788829E-03 6.6690739170403E-03 6.68475555326681E-03 6.70048225046656E-03 6.71626401537763E-03 6.73208800787201E-03 6.74794225036466E-03 6.76375533465786E-03 6.77944942555103E-03 6.7949604783312E-03 6.81026103199619E-03 6.82532541904695E-03 6.84014697342688E-03 6.85471939749918E-03 6.86906230430627E-03 6.88321378586319E-03 6.89724718689171E-03 6.91123398487299E-03 6.92527926586908E-03 6.93944396275048E-03 6.95378591687136E-03 6.96834048542375E-03 6.98316268740487E-03 6.99825354337864E-03 7.01358658936505E-03 7.02908814094802E-03 7.04468380480743E-03 7.0603003771073E-03 7.07586838166181E-03 7.09130874230076E-03 7.10653179864031E-03 7.12150550937329E-03 7.1362338618862E-03 7.15075067319264E-03 7.16508173783995E-03 7.17926769065448E-03 7.19333466706051E-03 7.2073319841361E-03 7.22129351133056E-03 7.23525493654866E-03 7.2492231209821E-03 7.26322018729401E-03 7.27724399716257E-03 7.29131403350629E-03 7.30544312685803E-03 7.31964506463191E-03 7.33390896278585E-03
6.38319627001629E-03 6.40290418979056E-03 6.42239189856178E-03 6.44164644525136E-03 6.46066324669476E-03 6.47943841388011E-03 6.49797521301124E-03 6.51627810579532E-03 6.53435169872033E-03 6.55219733075753E-03 6.56982164035408E-03 6.58722946247422E-03 6.60444695729388E-03 6.62150907549347E-03 6.63844642515598E-03 6.65528883469291E-03 6.67206802085657E-03 6.68881797143333E-03 6.70556403647602E-03 6.72232996982905E-03 6.73912774060215E-03 6.75596591154626E-03 6.77282339480995E-03 6.78967771786077E-03 6.80642980071446E-03 6.82298745346332E-03 6.8392878156561E-03 6.85531501845661E-03 6.87104926880119E-03 6.88649351608788E-03 6.90165339997074E-03 6.91656048638312E-03 6.93126340304156E-03 6.94584995248929E-03 6.96039522038748E-03 6.97500758529166E-03 6.9897299508825E-03 7.00460263839567E-03 7.01964442275606E-03 7.0348997807272E-03 7.05035387279773E-03 7.06596180009223E-03 7.08166038279618E-03 7.09738234156187E-03 7.11307207340575E-03 7.12866163190008E-03 7.14409146838463E-03 7.15927834015689E-03 7.17421320713747E-03 7.18891306884219E-03 7.2034259479591E-03 7.21777311364068E-03 7.23199883959783E-03 7.24612820256831E-03 7.26020690876659E-03 7.27426474481082E-03 7.28834014226253E-03 7.30243421824714E-03 7.31656756363701E-03 7.33073458786494E-03 7.34495532939188E-03 7.35924157696279E-03 7.37361159000908E-03 7.38805207483001E-03
6.40068879625999E-03 6.4219583755027E-03 6.44299478534918E-03 6.46377857528927E-03 6.48430134064882E-03 6.50455541906825E-03 6.52454360022944E-03 6.54426881620425E-03 6.56373419743448E-03 6.58294041514181E-03 6.60189838568905E-03 6.62061698203614E-03 6.63912980471741E-03 6.65747439447206E-03 6.67567714507293E-03 6.69376489133243E-03 6.71176758060544E-03 6.72971739999975E-03 6.74763721829832E-03 6.76554776193971E-03 6.78345745153381E-03 6.80137527434591E-03 6.81926994870448E-03 6.83710126386735E-03 6.85473657064902E-03 6.87208670166225E-03 6.88910856996624E-03 6.90580138106791E-03 6.92214874756667E-03 6.93815978818449E-03 6.95384670262287E-03 6.96925494607424E-03 6.98444750518494E-03 6.99952496659419E-03 7.0145591188212E-03 7.02965779442409E-03 7.04483479496275E-03 7.0601207497404E-03 7.07553336912856E-03 7.09110932490974E-03 7.10681981851769E-03 7.1225993069008E-03 7.13840150372253E-03 7.15416811802348E-03 7.16986446235751E-03 7.18541746362589E-03 7.20078858616386E-03 7.21589827324591E-03 7.23077308926267E-03 7.24544004216964E-03 7.25994882056463E-03 7.27430969850005E-03 7.28857340812507E-03 7.30276191953257E-03 7.31692031128782E-03 7.33106970845029E-03 7.34524449320167E-03 7.35943732281607E-03 7.3736718567863E-03 7.38793798413724E-03 7.40226193658177E-03 7.4166534959685E-03 7.43112962269292E-03 7.44567493539794E-03
6.42202258888407E-03 6.44503218606047E-03 6.46778552275557E-03 6.49025974849608E-03 6.51244275290277E-03 6.53432606321953E-03 6.55591105409387E-03 6.57719797627012E-03 6.59818846108171E-03 6.61888569026136E-03 6.63930305045668E-03 6.6594604785365E-03 6.67939598778986E-03 6.69914022695264E-03 6.7187129280214E-03 6.7381408153755E-03 6.75745050954584E-03 6.77667001925724E-03 6.79581532146721E-03 6.81489805568356E-03 6.83392096439402E-03 6.85289309508838E-03 6.87178006019125E-03 6.89049788511704E-03 6.90889995940653E-03 6.92693586342282E-03 6.94458899144372E-03 6.96186209060267E-03 6.97873984283743E-03 6.99523672762001E-03 7.01137090571354E-03 7.02720290907782E-03 7.04280743239879E-03 7.05828668001678E-03 7.07371373964151E-03 7.08917227989646E-03 7.10465432548299E-03 7.12020472221765E-03 7.13585034047381E-03 7.15161064267715E-03 7.16743924765894E-03 7.18327418495519E-03 7.19908659551101E-03 7.21482713091933E-03 7.23047159454898E-03 7.24594384974279E-03 7.26121662026368E-03 7.27623230467748E-03 7.29105240191232E-03 7.30569300996995E-03 7.32019470755806E-03 7.33456300199431E-03 7.34885576481822E-03 7.36308902015102E-03 7.37730886101533E-03 7.39152521333783E-03 7.4057647558785E-03 7.42001629369189E-03 7.4343054093523E-03 7.44862185861201E-03 7.46299935947053E-03 7.47743830667507E-03 7.49195039356323E-03 7.50652171452688E-03
