NongDo/Fusa 13.2h.grd
DSAA
463	323
2	464
2	324
0	10
[rows 252 to 279 of 323, columns 0 to 63 of 463]
0 0 0 0 0 0 0 0 0 0 0 0 0 0 0 0 0 0 0 0 0 0 0 0 0 0 0 0 0 0 0 0 0 0 0 0 0 0 4.21564840802661E-03 4.2238559157949E-03 4.22884857590488E-03 4.23315856228549E-03 4.23795855505137E-03 4.24340508820025E-03 4.24951849454738E-03 4.25627310412932E-03 4.26368172940397E-03 4.27173512652347E-03 4.28045993593467E-03 4.28987721209409E-03 4.30002283314741E-03 4.31093756820958E-03 4.32265380944288E-03 4.33521046842387E-03 4.34863366338207E-03 4.3629640845488E-03 4.37821725803005E-03 4.39441646308863E-03 4.41156762719707E-03 4.42968908468926E-03 4.44876340446476E-03 4.46875121011462E-03 4.48960673884528E-03 4.51127996090418E-03
0 0 0 0 0 0 0 0 0 0 0 0 0 0 0 0 0 0 0 0 0 0 0 0 0 0 0 0 0 0 0 0 0 0 0 0 0 4.20871756995615E-03 4.21564840802661E-03 4.21996266724978E-03 4.22475285248574E-03 4.22974317071449E-03 4.2351912923214E-03 4.24119186679019E-03 4.24780576931642E-03 4.25504509747118E-03 4.26294167088417E-03 4.27150401307381E-03 4.28076836650488E-03 4.29076754952516E-03 4.30154091620838E-03 4.31313063576559E-03 4.32556836767555E-03 4.33889163376692E-03 4.35312386156392E-03 4.36830039948874E-03 4.38443256328157E-03 4.40153700898666E-03 4.41961234034265E-03 4.43866620580637E-03 4.45867365229888E-03 4.47958731365986E-03 4.50135391668518E-03 4.52391653838422E-03
0 0 0 0 0 0 0 0 0 0 0 0 0 0 0 0 0 0 0 0 0 0 0 0 0 0 0 0 0 0 0 0 0 0 0 0 4.20317349863909E-03 4.20871756995615E-03 4.21244961217362E-03 4.21679254613467E-03 4.22169499881582E-03 4.22706213931208E-03 4.23295578015759E-03 4.23940442121865E-03 4.24646347797794E-03 0.004254159480048 4.26253425855629E-03 4.27160816565306E-03 4.28142467104536E-03 4.29202544807989E-03 4.30345238485023E-03 4.31574797067847E-03 4.32894193501913E-03 4.34306875467543E-03 4.35814734418981E-03 4.37420843528524E-03 4.39125677263784E-03 4.40930016465934E-03 4.42832789964209E-03 4.44833733030699E-03 4.46929353955786E-03 4.49114050812843E-03 4.5138173303149E-03 4.53726035779754E-03
0 0 0 0 0 0 0 0 0 0 0 0 0 0 0 0 0 0 0 0 0 0 0 0 0 0 0 0 0 0 0 0 0 0 0 4.20111791836557E-03 4.20317349863909E-03 4.20607234862546E-03 4.20974974218806E-03 4.21416138267415E-03 4.21923617159331E-03 4.22489556368075E-03 4.23114774286267E-03 4.23798704982773E-03 4.24546119353523E-03 4.25360366363356E-03 4.26245986640909E-03 4.27205882944016E-03 4.28244784749883E-03 4.29367766537776E-03 4.30578993701887E-03 4.31882709614234E-03 4.33281538600346E-03 4.34778551540153E-03 4.36374925530171E-03 4.38073338111325E-03 4.39873362663061E-03 4.4177460934408E-03 4.43774987127139E-03 4.45873114192326E-03 4.48064555214407E-03 4.50342632719388E-03 4.52700513225905E-03 4.5513116695154E-03
0 0 0 0 0 0 0 0 0 0 0 0 0 0 0 0 0 0 0 0 0 0 0 0 0 0 0 0 0 0 0 0 0 0 0 4.20111791836557E-03 4.20137017630846E-03 4.20370003127742E-03 4.20731591404753E-03 4.21184238937233E-03 4.21712429400412E-03 4.22306444717477E-03 4.22965077396443E-03 4.2368686874233E-03 4.24475835036831E-03 4.25335702353309E-03 4.26271228730749E-03 4.27286115350141E-03 4.28385425477592E-03 4.29574791628046E-03 4.30858367855946E-03 4.32240244353198E-03 4.33722644693626E-03 4.35308141026538E-03 4.36997237609195E-03 4.38791741520938E-03 4.40690107770092E-03 0.004426907927829 4.44790673552342E-03 4.46987151232175E-03 4.49274588485825E-03 4.51645300844327E-03 4.54091733677682E-03 4.5660631248288E-03
0 0 0 0 0 0 0 0 0 0 0 0 0 0 0 0 0 0 0 0 0 0 0 0 0 0 0 0 0 0 0 0 0 0 4.19360183486589E-03 4.19735884465008E-03 4.19850827159021E-03 4.20110806057969E-03 4.20491197615404E-03 4.20965748194903E-03 4.21520094565933E-03 4.22144757633201E-03 4.22837862385785E-03 4.23599148271952E-03 4.24431824701115E-03 4.25340097620324E-03 4.2632859929438E-03 4.27402228893696E-03 4.28566071891211E-03 4.29826217334856E-03 4.31186701051899E-03 4.32651402490794E-03 4.3422201282711E-03 4.35900494703939E-03 4.37686605974803E-03 4.39580596896552E-03 4.41580009161696E-03 4.43682047192908E-03 4.45882577268016E-03 4.48177463655687E-03 4.50560136592654E-03 4.53021842504313E-03 4.55554315935502E-03 4.5814954489118E-03
0 0 0 0 0 0 0 0 0 0 0 0 0 0 0 0 0 0 0 0 0 0 0 0 0 0 0 0 0 0 0 0 0 0 4.19360183486589E-03 4.19384374119469E-03 4.19538477201342E-03 4.19832288254305E-03 4.20242970279941E-03 4.2074796421606E-03 4.2133463532633E-03 4.21994565244744E-03 4.22726268784258E-03 4.23530731026848E-03 4.24411113461771E-03 4.25372003032662E-03 4.26418091431389E-03 4.27555202257742E-03 4.28788618761406E-03 4.30124713578162E-03 4.31567368920386E-03 4.33120100011953E-03 4.34783922166536E-03 4.36559986143758E-03 4.38446976610558E-03 4.40443611048337E-03 4.42546247465578E-03 4.44750866686197E-03 4.47052222370003E-03 4.49444848960176E-03 4.51921132543633E-03 4.54471279133548E-03 4.57086425641312E-03 4.59758367817571E-03
0 0 0 0 0 0 0 0 0 0 0 0 0 0 0 0 0 0 0 0 0 0 0 0 0 0 0 0 0 0 0 0 0 0 4.19000604337801E-03 4.19011240755449E-03 4.19198239060237E-03 4.19531048590652E-03 4.19979874190798E-03 4.20522682294349E-03 4.21148098441359E-03 4.21849085931348E-03 4.22624954231385E-03 4.23478016382057E-03 4.24411517327421E-03 4.25430740220484E-03 4.26540167795885E-03 4.27746676312706E-03 4.29055560471525E-03 4.30473611557977E-03 4.32004398682602E-03 4.33650872021712E-03 4.35413104520986E-03 4.37291167133141E-03 4.39282554800691E-03 4.41384383769333E-03 4.43591749445423E-03 4.45899225761014E-03 4.48300556662713E-03 4.50789043641805E-03 4.53356344796383E-03 4.55991412983507E-03 4.58685031130301E-03 4.61429162287679E-03
0 0 0 0 0 0 0 0 0 0 0 0 0 0 0 0 0 0 0 0 0 0 0 0 0 0 0 0 0 0 0 0 0 0 4.18564424562476E-03 4.18583246745159E-03 4.18816178873316E-03 4.1919836378603E-03 4.19694284503979E-03 4.20283009105554E-03 4.20954660525959E-03 4.21703623115067E-03 4.22530210255339E-03 4.23438550268825E-03 4.24431977153654E-03 4.25516362270435E-03 4.26696029529518E-03 4.27978827635872E-03 4.29369820469449E-03 4.30876592473407E-03 4.32502077097832E-03 4.34248246108033E-03 4.36113968488616E-03 4.38098140600329E-03 4.40196907331757E-03 4.42405776638338E-03 4.44718465421945E-03 4.47128145966757E-03 4.4962755073924E-03 4.52209051819424E-03 4.54863771074003E-03 4.57579234577404E-03 4.60346386721752E-03 4.63157886160111E-03
0 0 0 0 0 0 0 0 0 0 0 0 0 0 0 0 0 0 0 0 0 0 0 0 0 0 0 0 0 0 0 0 0 4.17224366419085E-03 4.17903285131203E-03 4.18059099206168E-03 4.1837981584924E-03 4.18827677352464E-03 4.19381162389074E-03 4.20024597445648E-03 4.20750664014404E-03 4.21555475316748E-03 4.22440020091802E-03 4.2341153333777E-03 4.24472551389315E-03 4.25630135439899E-03 4.26887718256939E-03 4.28254981559343E-03 4.29735485142317E-03 4.31338614285057E-03 4.33065692550399E-03 4.34917431147756E-03 4.36891340779078E-03 4.38985057851482E-03 4.41193383008446E-03 4.43510005343911E-03 4.45927534755392E-03 4.48437601617286E-03 4.51032160546577E-03 4.53702411644884E-03 4.56439923459201E-03 4.59230259156524E-03 4.6206564613326E-03 4.64939902335321E-03
0 0 0 0 0 0 0 0 0 0 0 0 0 0 0 0 0 0 0 0 0 0 0 0 0 0 0 0 0 0 0 0 0 4.17224366419085E-03 4.17265020345855E-03 4.17490574989004E-03 4.17893963805945E-03 4.18417413952892E-03 4.19038162013469E-03 4.19745059484644E-03 4.20534030887432E-03 4.21403234202361E-03 4.22354790548113E-03 4.23397678846528E-03 4.24534829194867E-03 4.25773914088131E-03 4.27118377399078E-03 4.28578655204538E-03 4.30157943220265E-03 4.31865276869974E-03 4.33700520347769E-03 4.35663071517614E-03 4.37749244045716E-03 4.39955081943769E-03 4.42273928671432E-03 4.44697857767121E-03 4.47218380166655E-03 4.49826058678522E-03 4.5251202673648E-03 4.55266457536643E-03 4.58080018667021E-03 4.60939162915465E-03 4.63837866808953E-03 4.6677084871873E-03
0 0 0 0 0 0 0 0 0 0 0 0 0 0 0 0 0 0 0 0 0 0 0 0 0 0 0 0 0 0 0 0 0 4.16552661285692E-03 4.1658041157585E-03 4.16884408412347E-03 4.17371624647261E-03 4.17973616948381E-03 4.18667943506462E-03 4.19445511609442E-03 4.20305263911817E-03 4.21247343337979E-03 4.22275704995702E-03 4.23399204122145E-03 4.24622009997792E-03 4.25952034184559E-03 4.27393314069628E-03 4.28955901621272E-03 4.30643689442218E-03 4.3246234616589E-03 4.34411729298078E-03 4.36489455325595E-03 4.38691057456473E-03 4.41010117550251E-03 4.43439075098569E-03 4.45968256600991E-03 4.48588395485214E-03 4.51289284159477E-03 0.004540613325626 4.56893900699992E-03 4.59776712799051E-03 4.62700637385996E-03 4.65659051321399E-03 4.6864784993392E-03
0 0 0 0 0 0 0 0 0 0 0 0 0 0 0 0 0 0 0 0 0 0 0 0 0 0 0 0 0 0 0 0 4.13863363896767E-03 4.15515676585574E-03 0.004157840386631 4.16229878260781E-03 4.16816480996213E-03 4.17502778575923E-03 4.18275668525035E-03 4.19130271160366E-03 4.20068240291597E-03 4.21091752719617E-03 4.2220591708734E-03 4.23419732099581E-03 4.24738059431739E-03 4.26169105541048E-03 4.2771708775326E-03 4.29391648060311E-03 4.31196004540177E-03 4.33133262740937E-03 4.35202235931154E-03 4.3739907390978E-03 4.3971798979583E-03 4.42150551938987E-03 4.44687999672024E-03 4.47319374356316E-03 4.50034787116768E-03 4.52823547218661E-03 4.55675704991915E-03 4.58580353676907E-03 4.61528114011228E-03 4.64512701034055E-03 4.67527542710037E-03 4.70569041710717E-03
0 0 0 0 0 0 0 0 0 0 0 0 0 0 0 0 0 0 0 0 0 0 0 0 0 0 0 0 0 0 0 4.13306366042784E-03 4.13863363896767E-03 4.14484648485559E-03 4.14987828165053E-03 4.15565760876472E-03 4.16247325837082E-03 4.17016742830717E-03 4.17870264199746E-03 4.18806613790185E-03 4.19829322845553E-03 4.2094204347282E-03 4.22150665387616E-03 4.23464356282905E-03 4.24888261770917E-03 4.2643039473898E-03 4.28094750292022E-03 4.29889965847729E-03 4.31818216023235E-03 4.33880421660288E-03 4.36073794986022E-03 4.38392695929599E-03 4.40829914573859E-03 4.43375292197674E-03 4.46018894323243E-03 4.48748844750264E-03 4.51554814236804E-03 4.54426104342544E-03 4.57353028087059E-03 4.60325236644591E-03 4.63334337461647E-03 4.66375593802371E-03 4.69443217966311E-03 4.72533849441502E-03
0 0 0 0 0 0 0 0 0 0 0 0 0 0 0 0 0 0 0 0 0 0 0 0 0 0 0 0 0 0 0 4.13306366042784E-03 4.13349183619596E-03 4.1372907024091E-03 4.14260852470276E-03 4.14913387854135E-03 4.15674375215024E-03 4.16523977074149E-03 4.17459731409277E-03 4.18482296465438E-03 4.19596034004855E-03 4.20805429475284E-03 4.22116653388715E-03 4.23539339565641E-03 4.25078384734822E-03 4.26741124822492E-03 4.28530757588212E-03 4.30454778494282E-03 4.32513717989555E-03 4.34706416090962E-03 4.37028069661092E-03 4.39471107295905E-03 4.4202675138147E-03 4.44683386707297E-03 4.47430224818929E-03 4.5025455782278E-03 4.5314606874398E-03 4.5609457554531E-03 4.59091192482134E-03 4.62126417187713E-03 4.65193068965694E-03 4.68287356671439E-03 4.71404082029187E-03 4.74540008271406E-03
0 0 0 0 0 0 0 0 0 0 0 0 0 0 0 0 0 0 0 0 0 0 0 0 0 0 0 0 0 0 0 4.12598248987014E-03 4.12625862835478E-03 4.12982855526574E-03 4.1355128515229E-03 4.14267892494423E-03 4.15102928493053E-03 4.16031848312883E-03 4.17052161355049E-03 4.18165591924644E-03 4.19376508811245E-03 4.20689885051155E-03 4.22111627583679E-03 4.23652140033045E-03 4.25315480328937E-03 4.27107680002489E-03 4.29030781517564E-03 4.31090724871797E-03 4.33286307397033E-03 4.35613805340449E-03 4.3806646334615E-03 4.40634488072201E-03 4.43307751464398E-03 4.46073195641915E-03 4.48919732391083E-03 4.51833775682236E-03 4.54805684876966E-03 4.57826275662975E-03 4.60887877879697E-03 4.63982023673911E-03 4.67102469008682E-03 4.70246084580666E-03 4.73408108269988E-03 4.76585117205769E-03
0 0 0 0 0 0 0 0 0 0 0 0 0 0 0 0 0 0 0 0 0 0 0 0 0 0 0 0 0 0 4.10453170205893E-03 4.1153388067085E-03 4.11745943561955E-03 4.12190492231917E-03 4.12829369631979E-03 4.13618547548823E-03 4.14531541306276E-03 4.15544575926309E-03 4.16654618365496E-03 4.17864546207455E-03 4.19179068242808E-03 4.20603806546383E-03 4.22144345229647E-03 4.23810919744223E-03 4.25606665211397E-03 4.27536208089804E-03 4.29600136354289E-03 4.31802382522879E-03 4.34139438647185E-03 4.36605019678856E-03 4.39190139030313E-03 4.41883007446895E-03 4.44672073350504E-03 4.47543184862003E-03 4.50484819228488E-03 4.5348353371432E-03 4.56530788391736E-03 4.59618515295669E-03 4.62740293969882E-03 4.65888941997131E-03 4.69059427171919E-03 4.72248675947344E-03 4.75451871949862E-03 4.78665441407977E-03
0 0 0 0 0 0 0 0 0 0 0 0 0 0 0 0 0 0 0 0 0 0 0 0 0 0 0 0 0 0 4.10453170205893E-03 4.1052369872918E-03 4.10832509543015E-03 0.004113726922524 4.12097410269838E-03 4.12969379879118E-03 4.13966087596752E-03 4.15068728572713E-03 4.16274657937648E-03 4.1758762496043E-03 4.19012434176508E-03 4.20556052489442E-03 4.2222374442692E-03 4.24024227473397E-03 4.25959933001587E-03 4.2803383408395E-03 4.3024498782909E-03 4.32594274334817E-03 4.3507621744935E-03 4.37681491000213E-03 4.4039903158997E-03 4.43215095017016E-03 4.46116965481033E-03 4.49089667394276E-03 4.52121474912914E-03 4.55200211037733E-03 4.5831808174595E-03 4.6146827500588E-03 4.64645779612182E-03 4.67845030924121E-03 4.71061847575682E-03 4.74292575141993E-03 4.77532480838026E-03 4.80777717283446E-03
0 0 0 0 0 0 0 0 0 0 0 0 0 0 0 0 0 0 0 0 0 0 0 0 0 0 0 0 0 4.07936062563545E-03 4.09212156042575E-03 4.09436814569988E-03 4.09885076988661E-03 4.1053497600309E-03 4.11357036188625E-03 4.12321531155127E-03 4.13410887960498E-03 4.14610901450276E-03 4.15920173991808E-03 4.17343520794609E-03 4.18886165006805E-03 4.20556192134924E-03 4.22358466106172E-03 4.24300248163617E-03 4.2638268166294E-03 4.28607014898323E-03 4.3097023927339E-03 4.3347032847446E-03 4.3609912215877E-03 4.38844451488505E-03 4.41693046717056E-03 4.44629580244393E-03 4.47640365968444E-03 4.50710080309274E-03 4.53827361787067E-03 4.56981304837005E-03 4.60165146547378E-03 4.63373303505132E-03 4.66602194719079E-03 4.69847839072187E-03 4.73106761138352E-03 4.76374608785041E-03 4.79646345818003E-03 4.82917878664158E-03
0 0 0 0 0 0 0 0 0 0 0 0 0 0 0 0 0 0 0 0 0 0 0 0 0 0 0 0 0 4.07936062563545E-03 4.08015497080901E-03 4.08351859557086E-03 4.08924462892424E-03 4.09688038733181E-03 4.10615125754846E-03 4.11680958991558E-03 4.12872159805529E-03 4.14178048060667E-03 4.15598918084068E-03 4.17140815609366E-03 4.18809288319855E-03 4.20613396157793E-03 4.22557472747221E-03 4.24647348805624E-03 4.26882628433201E-03 4.29262320236031E-03 4.31781129190097E-03 4.34433927101142E-03 4.37210009735158E-03 4.40094137358869E-03 4.43071008300515E-03 4.46124148633207E-03 4.4923934326316E-03 4.52401461528998E-03 4.55599590814724E-03 0.004588242507475 4.62069643396628E-03 4.65331490050035E-03 4.6860745226495E-03 4.71895245597575E-03 4.75191899127621E-03 4.78492064728127E-03 4.81790197474413E-03 4.8508199358245E-03
0 0 0 0 0 0 0 0 0 0 0 0 0 0 0 0 0 0 0 0 0 0 0 0 0 0 0 0 4.05129898636578E-03 4.06545526214594E-03 4.06777628969778E-03 4.07255404698341E-03 4.07954679096681E-03 4.08836678130404E-03 4.09876617153499E-03 4.11053050005394E-03 4.12356042991215E-03 4.13777577603656E-03 4.15319191068671E-03 4.16988381458682E-03 4.1879088935615E-03 4.20736719531263E-03 4.22829399045644E-03 4.25073585669849E-03 4.27466922289402E-03 4.30005775423796E-03 4.32682250441633E-03 4.35488355646804E-03 4.38410762336106E-03 4.4143096914224E-03 4.44532092967828E-03 4.47697201430674E-03 4.50911967115902E-03 4.54161712508402E-03 4.57436164317372E-03 4.60727289236194E-03 4.64030201667472E-03 4.6734166481492E-03 4.70660368041425E-03 4.73985763581448E-03 4.77315362755751E-03 4.80642254488997E-03 4.83960404973638E-03 4.87265618908834E-03
0 0 0 0 0 0 0 0 0 0 0 0 0 0 0 0 0 0 0 0 0 0 0 0 0 0 0 0 4.05129898636578E-03 4.05207653762872E-03 4.05545073551286E-03 4.06154743339397E-03 4.06984049796996E-03 4.07990253066022E-03 4.09150776887272E-03 4.10446565554981E-03 4.11870812338464E-03 4.13417541076826E-03 4.15089195866233E-03 4.16894983852158E-03 4.18839837419376E-03 4.2093530208657E-03 4.23183222509884E-03 4.25587339810059E-03 4.28143097904667E-03 4.30843571849649E-03 4.33678418225171E-03 4.36636360656129E-03 4.39702451225725E-03 4.42854231346536E-03 4.46074417101586E-03 4.4934630702804E-03 4.52655635612539E-03 4.55988572624154E-03 4.59335050253645E-03 4.62689006260408E-03 4.66045764935781E-03 4.69403138654718E-03 4.72760156851752E-03 4.76118203412159E-03 4.79475409048908E-03 4.82822279155314E-03 4.86153041514646E-03 4.89464021387074E-03
0 0 0 0 0 0 0 0 0 0 0 0 0 0 0 0 0 0 0 0 0 0 0 0 0 0 0 0 4.03751823818633E-03 4.03798948497971E-03 4.04281271717716E-03 4.05045185118081E-03 4.0601738210155E-03 4.07156929365791E-03 4.0844630641978E-03 4.09870299807517E-03 4.11425000451042E-03 4.13106593899779E-03 4.14918023625926E-03 4.16869444382011E-03 4.1896542034499E-03 4.21217996144072E-03 4.23627712982486E-03 4.26196506381528E-03 4.28917459829398E-03 4.31780682799496E-03 4.34773326251249E-03 4.37880665395843E-03 4.41085142266467E-03 4.44362829758681E-03 4.47696588258704E-03 4.51070088472833E-03 4.54469131579411E-03 4.5788084084164E-03 4.61295652631456E-03 4.64708958912431E-03 4.68116085333569E-03 0.004715155195868 4.74906616311448E-03 4.78292123097468E-03 4.81669597548585E-03 4.85028179193095E-03 4.88363064559638E-03 4.91671456876014E-03
0 0 0 0 0 0 0 0 0 0 0 0 0 0 0 0 0 0 0 0 0 0 0 0 0 0 0 3.98545255089938E-03 4.01756103807321E-03 4.02245073906661E-03 4.02995940808849E-03 4.03948240766979E-03 4.05074902204272E-03 4.06354250346735E-03 4.07778274802642E-03 4.09337109089063E-03 4.11029689149116E-03 4.12854542290277E-03 4.14814972768717E-03 4.16921089201251E-03 4.19176840167538E-03 4.21593686252077E-03 4.24171138937813E-03 4.26907840087421E-03 4.29795321300301E-03 4.3282049979812E-03 4.35968590382599E-03 4.39220558070588E-03 4.42557096552105E-03 4.45955509629095E-03 4.49397618640272E-03 4.52868103674336E-03 4.56352344187815E-03 4.59839327647174E-03 4.6331881851545E-03 4.66788085886719E-03 4.70241622963297E-03 4.73678803745495E-03 4.77098257566612E-03 4.80503634378632E-03 4.83892842908949E-03 4.87254293569475E-03 4.90584261722065E-03 4.93881388166202E-03
0 0 0 0 0 0 0 0 0 0 0 0 0 0 0 0 0 0 0 0 0 0 0 0 0 0 3.96495907905998E-03 3.98545255089938E-03 3.99801740207043E-03 4.0075742739474E-03 4.01765343187222E-03 4.02899556362616E-03 4.04178474098748E-03 4.0559877920766E-03 4.07160954543197E-03 4.08859925534774E-03 4.10697030469619E-03 4.12672719372967E-03 4.1479033180846E-03 4.17059361200203E-03 4.19482641654981E-03 4.2207020213424E-03 4.24819552018196E-03 4.27726516875876E-03 4.30780380957433E-03 4.33965548960507E-03 4.37264884336531E-03 4.40656298985812E-03 4.44119582094726E-03 4.47633066486252E-03 4.51178664653252E-03 4.5474140573564E-03 4.58306845305452E-03 4.61864900868878E-03 4.65405636347837E-03 4.68926699636897E-03 4.72422080215154E-03 4.75891295558855E-03 4.7933276503873E-03 4.82750256387674E-03 4.86140992107499E-03 4.89494554168906E-03 4.92809508139843E-03 4.96086322627343E-03
0 0 0 0 0 0 0 0 0 0 0 0 0 0 0 0 0 0 0 0 0 0 0 0 0 3.95623430131265E-03 3.96495907905998E-03 3.97408541812221E-03 3.98440022204097E-03 3.99500429573062E-03 4.00655791308445E-03 4.01934295827979E-03 4.03351774620038E-03 4.04909316649619E-03 4.06610438583757E-03 4.08452939129291E-03 4.10439663528032E-03 4.12572435447463E-03 4.14854435507188E-03 4.17293523755805E-03 4.19891013113914E-03 4.22654046768707E-03 4.2557803791037E-03 4.28655893781202E-03 4.31874728919078E-03 4.35216703651896E-03 4.38662751311501E-03 4.4218889041513E-03 4.45774206089774E-03 4.49398238716345E-03 4.53043094959456E-03 4.5669413355562E-03 4.60336962205788E-03 4.63962089261591E-03 4.6755977968552E-03 4.71126976041917E-03 4.74657822481932E-03 4.78151250056344E-03 4.8160575737159E-03 4.85024137969168E-03 4.88404931806656E-03 4.91740040727105E-03 4.95030082558613E-03 4.98278061754706E-03
0 0 0 0 0 0 0 0 0 0 0 0 0 0 0 0 0 0 0 0 0 0 0 0 0 3.95623430131265E-03 3.95704790928151E-03 0.003963421728896 3.97282639587611E-03 3.98394660336415E-03 3.99655507024833E-03 4.01057284973439E-03 4.02604704664797E-03 4.04297536657794E-03 4.06139242995355E-03 4.08128773594666E-03 4.10269542638377E-03 0.004125647767475 4.15016974030225E-03 4.17631781438303E-03 4.20408346739103E-03 4.23350351640867E-03 4.26450483058028E-03 4.29698811904525E-03 4.33080275049755E-03 4.36575409591222E-03 4.40163640749633E-03 4.43819768293739E-03 4.47522529492665E-03 4.51252806407048E-03 4.54992987886813E-03 4.58728192778584E-03 4.62443921680106E-03 4.66130921435559E-03 4.69779654729265E-03 4.73385912849041E-03 4.76943849492891E-03 4.80451940743153E-03 4.83909064152838E-03 4.87317425788511E-03 4.90676575791771E-03 4.93981881565127E-03 4.97237207651471E-03 5.00448184257738E-03
0 0 0 0 0 0 0 0 0 0 0 0 0 0 0 0 0 0 0 0 0 0 0 0 3.9265554794677E-03 3.94195068585584E-03 3.94514838501321E-03 3.95207946308746E-03 3.96189370759634E-03 3.9737928207484E-03 3.9874492489721E-03 4.00266661468711E-03 4.01942997238796E-03 4.03772845421245E-03 4.05758201998875E-03 4.07898875577349E-03 4.10197770106451E-03 4.12660187700928E-03 4.1528753727685E-03 4.18082142609977E-03 4.21041295759299E-03 4.24163691486109E-03 0.004274400488764 4.30856913919217E-03 4.34397777620447E-03 4.38041966524555E-03 4.41767929648482E-03 4.4555001238438E-03 4.49366003836365E-03 4.53199135461083E-03 4.57030903600578E-03 4.60845905001619E-03 4.64629171626775E-03 4.68371461323519E-03 4.72063605374855E-03 4.75699217168481E-03 4.79273709023358E-03 4.82784437082782E-03 4.86232013328927E-03 4.89617422833908E-03 4.92943209686294E-03 4.96208719546784E-03 4.99420857000857E-03 5.02588068524226E-03
