NongDo/Fusa 17h.grd
DSAA
463	323
2	464
2	324
0	10
[rows 140 to 167 of 323, columns 192 to 255 of 463]
7.43166107168017E-03 7.53019056569297E-03 7.6282390649595E-03 7.72550567892062E-03 7.82166746365142E-03 7.91633640535002E-03 8.0091326104201E-03 8.09967281077878E-03 8.18759277856583E-03 8.27252304831365E-03 8.35411218461374E-03 8.43201666264352E-03 8.50593947770838E-03 8.57563490652713E-03 8.64091184509217E-03 8.70164077837257E-03 8.75776089096533E-03 8.80928941644018E-03 8.8563069964409E-03 8.89895308416249E-03 8.93741177447035E-03 8.97190178983788E-03 9.00265884007326E-03 9.02992592696706E-03 9.05393994709557E-03 9.07491810489031E-03 9.09305098852236E-03 9.10850197369485E-03 9.1214504007466E-03 9.13209926210093E-03 9.14067283310009E-03 9.14739723551945E-03 9.15249134479357E-03 9.15616707350119E-03 9.15862419337559E-03 9.1600459604392E-03 9.16058872196981E-03 9.1603824180588E-03 9.15953070051121E-03 9.15811142049496E-03 9.15618867080771E-03 9.15381651411385E-03 9.15104502161086E-03 9.14793000835308E-03 9.14454889650675E-03 9.14100804016141E-03 9.13745286223808E-03 9.13089307411776E-03 0 0 0 0 0 0 0 0 0 0 0 0 0 0 0 0
7.52143860744642E-03 7.61965159563115E-03 7.71702079267377E-03 7.8132501412407E-03 7.90802321835892E-03 8.00095925880567E-03 8.09171004433445E-03 8.17992593227941E-03 8.26527487054037E-03 8.3474149527275E-03 8.42602271350197E-03 8.50078173609931E-03 8.57142499443873E-03 8.63773595867362E-03 8.69955047277872E-03 8.7567659623589E-03 8.80935135249554E-03 8.8573567676979E-03 8.90089409342164E-03 8.94013439651591E-03 8.97528905232601E-03 9.0065971721309E-03 9.03431006884029E-03 9.05868145626194E-03 9.07995298400681E-03 9.09834217538835E-03 9.11403823205993E-03 9.12719954710147E-03 9.13801285158176E-03 9.14669638461326E-03 9.15347906671448E-03 9.15858590067696E-03 9.16223311605765E-03 9.16462883268519E-03 9.16596533045798E-03 9.16641568569288E-03 9.16612502516716E-03 9.16520987578988E-03 9.16375868265769E-03 9.16183180461239E-03 9.1594831451245E-03 9.15676456210006E-03 9.15372501684191E-03 9.15042815140609E-03 9.14698554877463E-03 9.14357396516513E-03 9.13745286223808E-03 0 0 0 0 0 0 0 0 0 0 0 0 0 0 0 0 0
7.61014819153724E-03 7.70775515066487E-03 7.8041716935098E-03 7.89910212917008E-03 7.99223465630903E-03 8.08321123948806E-03 8.17172299809007E-03 8.25745203150621E-03 8.34009224014851E-03 8.41932429184102E-03 8.49484824286442E-03 8.56637696042836E-03 8.63367306493872E-03 8.69654744279197E-03 8.75486297537655E-03 8.80854720917961E-03 8.85760171685857E-03 8.90210981758478E-03 8.9422159957211E-03 8.97812359309002E-03 9.01007029800615E-03 9.03831304432827E-03 9.06311516034781E-03 9.08473640757077E-03 9.10341821980111E-03 9.11937452260528E-03 9.13279067481075E-03 9.14382375512287E-03 9.15267021711242E-03 9.15955838884121E-03 9.16471569416309E-03 9.16836397510273E-03 9.17071617144541E-03 9.1719764920131E-03 9.17233066623955E-03 9.17194001422371E-03 9.17093616991531E-03 9.16942248436992E-03 9.16747360970839E-03 9.16513185227378E-03 9.16244039233657E-03 9.15945621937226E-03 9.15623666300042E-03 9.15286435212372E-03 9.1494978051223E-03 9.14357396516513E-03 0 0 0 0 0 0 0 0 0 0 0 0 0 0 0 0 0 0
7.69770014026669E-03 7.79443134481435E-03 7.88963970190905E-03 7.98302601378153E-03 8.07428966145375E-03 8.16311602206196E-03 8.24922274049239E-03 8.33232046186576E-03 8.41212188013448E-03 8.48832982120318E-03 8.56066644787791E-03 8.62887924045193E-03 8.69275671243773E-03 8.75213762066464E-03 8.80691467275646E-03 8.85705021786759E-03 8.90258087546594E-03 8.94362337214248E-03 8.98035730489695E-03 9.01301763253655E-03 9.04186613115273E-03 9.06717313548439E-03 9.08920973396487E-03 9.10823653874782E-03 9.12448971328704E-03 9.13817639694362E-03 9.14947696605257E-03 9.15855070363553E-03 9.16560028613401E-03 9.17085985336115E-03 9.1745527273902E-03 0.009176896017372 9.17809947774277E-03 9.17836249944717E-03 9.17786365242891E-03 9.17675194027794E-03 9.17514437403186E-03 9.17313033081178E-03 9.17077107943739E-03 9.16809611517722E-03 9.16514022904259E-03 9.1619729182427E-03 9.15867629238813E-03 9.15537194382322E-03 9.1494978051223E-03 0 0 0 0 0 0 0 0 0 0 0 0 0 0 0 0 0 0 0
7.78406083787255E-03 7.87966074249062E-03 7.97341303695024E-03 8.06502601918341E-03 8.15422213183079E-03 8.24072565439212E-03 8.32426826844645E-03 8.4045869592706E-03 8.48141156131067E-03 8.55447121969209E-03 8.62351286923082E-03 8.68831691577111E-03 8.74869663112117E-03 8.80452338079597E-03 8.8557247415687E-03 8.90230055234409E-03 8.94432404988792E-03 8.98194765436533E-03 9.0153869053986E-03 9.0449048139773E-03 9.07078209239466E-03 9.09329849942846E-03 9.1127276267734E-03 9.12932491866979E-03 9.14331695753947E-03 9.15490192560783E-03 9.16425535515335E-03 9.17154117519229E-03 9.17696552069947E-03 9.18076155848624E-03 9.18314577095444E-03 9.18433242995141E-03 9.18452889359297E-03 9.1839276430313E-03 9.1826970773565E-03 9.18097487425374E-03 9.17886364357593E-03 9.1764361104598E-03 9.17373859342929E-03 9.17079635744894E-03 9.16764755547542E-03 9.16438559669072E-03 9.1611377476372E-03 9.15537194382322E-03 0 0 0 0 0 0 0 0 0 0 0 0 0 0 0 0 0 0 0 0
7.86923014586471E-03 7.96345661962586E-03 8.05552272282354E-03 8.14515197393283E-03 8.23208643236029E-03 8.31607886693003E-03 8.39688391143453E-03 8.47426008432912E-03 8.54795812620358E-03 8.61773458898346E-03 8.68336388009747E-03 8.74465561101482E-03 8.8014562455276E-03 8.85367345857357E-03 8.90127430338653E-03 8.94429679213026E-03 8.98285257265725E-03 9.01713036472522E-03 9.04737841950653E-03 9.07388272546435E-03 9.09693663594346E-03 9.11682435013101E-03 9.13381476535806E-03 9.1481530257163E-03 9.16005405357204E-03 9.16970550134935E-03 9.17727747774979E-03 9.1829403879226E-03 9.1869015857172E-03 9.18938721096507E-03 9.19060978959236E-03 9.19078157594392E-03 9.19010632767296E-03 9.18876840170648E-03 9.18692557696892E-03 9.18470290830931E-03 9.18218605239907E-03 9.1794286730454E-03 9.17646637295575E-03 9.17332806996805E-03 9.17007371741923E-03 9.16683662527682E-03 9.1611377476372E-03 0 0 0 0 0 0 0 0 0 0 0 0 0 0 0 0 0 0 0 0 0
7.95309174198674E-03 8.04570370551532E-03 8.1358563616565E-03 8.22329006513179E-03 8.30776302261482E-03 8.38905483331248E-03 8.46694679675414E-03 8.54121892970889E-03 8.61164554677928E-03 8.67801068243914E-03 8.74011759517985E-03 8.79780736979423E-03 8.85096610925599E-03 8.89954178833112E-03 8.94354414506777E-03 8.98304870394244E-03 9.01820561372998E-03 9.04923902255343E-03 9.07642513245499E-03 9.10006683036735E-03 9.12046342989428E-03 9.13789618175261E-03 9.15262288315705E-03 9.16487628309728E-03 9.17485835969524E-03 9.18274598063253E-03 9.18870467792707E-03 9.19290737469275E-03 9.19555675019565E-03 9.19687459952787E-03 9.19707452155451E-03 9.19636495306656E-03 9.19494305203218E-03 9.19298570391388E-03 9.19064290415999E-03 9.1880267729362E-03 9.1852003782641E-03 9.18219227359056E-03 9.17903714545847E-03 9.17578426943956E-03 9.17254594741227E-03 9.16683662527682E-03 0 0 0 0 0 0 0 0 0 0 0 0 0 0 0 0 0 0 0 0 0 0
8.03545698253538E-03 8.1262066201488E-03 8.21421065782864E-03 8.29922741772061E-03 8.38103482997702E-03 8.45944105381599E-03 8.53425231997876E-03 8.60527016994114E-03 8.67229361773615E-03 8.73513632187859E-03 8.79363423388884E-03 8.84766323251601E-03 8.89715095273201E-03 8.94208918950275E-03 8.98253148141667E-03 9.01858924820102E-03 9.05044974728625E-03 9.07837016814237E-03 9.10264791768328E-03 9.12359579258686E-03 9.14151230026228E-03 9.15666910457694E-03 9.16931027237845E-03 9.17965446703913E-03 9.18788830731993E-03 9.19417749891428E-03 9.19868288994387E-03 9.20157884971068E-03 9.20306557965602E-03 9.20335964167277E-03 9.20267306397381E-03 9.20121001237155E-03 9.19916056470706E-03 9.19669488768003E-03 9.19396028701103E-03 9.19106122108495E-03 9.18802701642981E-03 9.18483927982502E-03 9.18156439391034E-03 9.17829805355764E-03 9.17254594741227E-03 0 0 0 0 0 0 0 0 0 0 0 0 0 0 0 0 0 0 0 0 0 0 0
8.11609619310449E-03 8.20473341523271E-03 8.29035307782961E-03 8.37273474531798E-03 8.45168004873448E-03 8.52702568856413E-03 8.59860125275516E-03 8.66623074571353E-03 8.72974022525375E-03 8.78897508317115E-03 8.84380718975955E-03 8.89414953625034E-03 8.93997336484927E-03 8.9813151076027E-03 9.01827138725743E-03 9.05098864436595E-03 9.07968870927137E-03 9.10465548144233E-03 9.12619971332903E-03 9.14463693801638E-03 9.16025853012862E-03 9.17332301433172E-03 9.18405889453026E-03 9.19266812267976E-03 9.19932030123259E-03 9.20417065501945E-03 9.20737620403062E-03 9.20911247187759E-03 9.20957821854022E-03 9.20898507476931E-03 9.20754082451246E-03 9.20544343021962E-03 9.20287573323279E-03 9.20000448582851E-03 9.19698663672178E-03 9.19393606983155E-03 9.19083032389242E-03 9.18749907881375E-03 9.18417008899721E-03 9.17829805355764E-03 0 0 0 0 0 0 0 0 0 0 0 0 0 0 0 0 0 0 0 0 0 0 0 0
8.1947570151189E-03 8.28103384513722E-03 8.36403913774775E-03 8.44357728592577E-03 8.51947587667433E-03 8.59159969364764E-03 8.65980255866476E-03 8.72393240499433E-03 8.78384428984673E-03 8.83941753874399E-03 8.89056182447101E-03 8.93722892355917E-03 8.97943504199212E-03 9.01726058193556E-03 9.05084276533669E-03 9.08036044563879E-03 9.10606394252437E-03 9.12825716097879E-03 9.14725751402061E-03 9.16337655245348E-03 9.17689362840734E-03 9.18805117590807E-03 9.1970592671942E-03 9.20410140439802E-03 9.20933123613093E-03 9.21289460046425E-03 9.21494584620277E-03 0.00921566158385 9.21524025889764E-03 9.21388863901655E-03 9.21180739984917E-03 9.20918400759367E-03 9.20619094928436E-03 9.20300031708888E-03 9.1998138360633E-03 9.19681221047017E-03 9.19393479998362E-03 9.19034112377548E-03 9.18417008899721E-03 0 0 0 0 0 0 0 0 0 0 0 0 0 0 0 0 0 0 0 0 0 0 0 0 0
8.27117496004949E-03 8.35485363725658E-03 8.43502858862977E-03 8.51153226233355E-03 8.58422004638671E-03 8.6529833644898E-03 8.71770117018176E-03 8.77824814621144E-03 8.83451102628257E-03 8.8864033132461E-03 8.93387348516359E-03 8.97691448731822E-03 9.01558722499915E-03 9.05001235268878E-03 9.0803635607376E-03 9.10684911943159E-03 9.12974142153478E-03 9.14935634711363E-03 9.1660114530031E-03 9.18000904316253E-03 9.19161246652534E-03 9.20104577994087E-03 9.20849863659627E-03 9.21413526586792E-03 9.21809486465326E-03 9.22051600578061E-03 9.22155171919197E-03 9.22137899915443E-03 9.22019583726491E-03 9.2182057387157E-03 9.21560012641633E-03 9.21254720945932E-03 9.20919598487369E-03 9.20572686173782E-03 9.20245942905596E-03 9.19981589786865E-03 9.19817921630268E-03 9.19034112377548E-03 0 0 0 0 0 0 0 0 0 0 0 0 0 0 0 0 0 0 0 0 0 0 0 0 0 0
8.34508654984203E-03 8.42594649522677E-03 8.50309525537811E-03 8.57639609389256E-03 8.64573380733981E-03 8.71102492413787E-03 8.77217524156016E-03 8.82908921864189E-03 8.8816866656564E-03 8.92991577903657E-03 8.97376449083087E-03 9.01326783855139E-03 9.04852700784514E-03 9.07969876709163E-03 9.10698845980929E-03 9.13062953136706E-03 9.15090874914286E-03 9.16814721247692E-03 9.1826582310331E-03 9.19472976938675E-03 9.20460574852308E-03 9.21249041175367E-03 9.21855262326318E-03 9.22293731426086E-03 9.22577162581989E-03 9.22718839870921E-03 9.22733958373668E-03 9.22640235843234E-03 9.22457639307386E-03 9.22206438353611E-03 9.21904650996139E-03 9.21565791705919E-03 9.21198379081854E-03 9.20816092502783E-03 9.20473118699572E-03 9.20250144427711E-03 9.20224390514906E-03 0 0 0 0 0 0 0 0 0 0 0 0 0 0 0 0 0 0 0 0 0 0 0 0 0 0 0
8.4162488527723E-03 8.49409498405951E-03 8.56805018598062E-03 8.63800933441016E-03 8.70388726862436E-03 8.76562674853865E-03 8.82316215795704E-03 8.87642821527667E-03 8.9253791595194E-03 8.96999945693253E-03 9.01031628333023E-03 9.04640274492144E-03 9.0783955932207E-03 9.10648448395415E-03 9.13090170357805E-03 9.15189777899236E-03 9.16976709492976E-03 9.18483269236238E-03 9.19739868973047E-03 9.20773428078771E-03 9.21606176949546E-03 9.2225644253561E-03 9.22739051774208E-03 9.23066842386478E-03 9.2325157453701E-03 9.23305989328048E-03 9.23245062329247E-03 9.23086485117977E-03 9.22850748768715E-03 9.22558853869146E-03 9.22228379726529E-03 9.21868550063056E-03 9.21472211000881E-03 9.2102027865091E-03 9.20618393307528E-03 9.2039289076279E-03 9.20224390514906E-03 0 0 0 0 0 0 0 0 0 0 0 0 0 0 0 0 0 0 0 0 0 0 0 0 0 0 0
8.48444783273326E-03 8.55911529154994E-03 8.62974051414417E-03 8.6962519004947E-03 8.7585955377368E-03 8.81674081090829E-03 8.87064977068469E-03 8.92028882197182E-03 8.96564864832522E-03 9.00675012353326E-03 9.04365621625279E-03 9.07647285990407E-03 9.10536860747243E-03 9.13056144165273E-03 9.15230473169872E-03 9.17085852990311E-03 9.18652189717257E-03 9.19961630315054E-03 9.21042962447341E-03 9.2192089193706E-03 9.22615456891709E-03 9.23142983178476E-03 9.23516526502863E-03 9.23747511275397E-03 9.23846801390651E-03 9.23826609576683E-03 9.23701559140323E-03 9.23489070717506E-03 9.23210633039859E-03 9.22889761459579E-03 9.22546746411839E-03 9.22191822102183E-03 9.21795424918331E-03 9.21170630546937E-03 9.20618393307528E-03 9.2039289076279E-03 0 0 0 0 0 0 0 0 0 0 0 0 0 0 0 0 0 0 0 0 0 0 0 0 0 0 0 0
8.54951782378518E-03 8.62087412563732E-03 8.68806657967916E-03 8.75105891815401E-03 8.80982907193914E-03 8.86437074141353E-03 8.91467482740895E-03 8.96074200306522E-03 9.00260023557001E-03 9.04030354757899E-03 9.07394661724473E-03 9.10366378173079E-03 9.12964994240183E-03 9.15214497225043E-03 9.17141636289621E-03 9.18773178456968E-03 9.20139165345999E-03 9.21270847380866E-03 9.22194854242294E-03 9.22933668786784E-03 9.23505305834895E-03 9.23924373779448E-03 9.24202457451901E-03 9.24349728819347E-03 9.24376185405742E-03 9.24293506441118E-03 9.24115763585047E-03 9.23859553406346E-03 9.23547461701217E-03 9.23207928595042E-03 9.22870582768328E-03 9.22572417169008E-03 9.22365485773249E-03 9.21170630546937E-03 0 0 0 0 0 0 0 0 0 0 0 0 0 0 0 0 0 0 0 0 0 0 0 0 0 0 0 0 0 0
8.61133376261919E-03 8.6792804290484E-03 8.74297235158497E-03 8.80240914514232E-03 8.8576006911834E-03 8.90856190046341E-03 8.95531676908279E-03 8.99790117693341E-03 9.03637822334947E-03 9.07083014600546E-03 9.10138001795601E-03 9.12818579256999E-03 9.15146163223154E-03 9.17146341901299E-03 9.18846610543328E-03 9.20274385043263E-03 9.21459153357385E-03 9.2243074694186E-03 9.23213691255381E-03 9.23828372957618E-03 9.24291061256907E-03 9.24614902686426E-03 9.2481019809516E-03 9.24886014356719E-03 9.24851601641713E-03 9.2471795874045E-03 9.24498105466413E-03 9.24207070347785E-03 9.23867980372568E-03 0.009235143760746 9.23183457537398E-03 9.22937834308287E-03 9.22905342013987E-03 0 0 0 0 0 0 0 0 0 0 0 0 0 0 0 0 0 0 0 0 0 0 0 0 0 0 0 0 0 0 0
8.66981263057458E-03 8.73428782905354E-03 8.7944498403013E-03 8.85033054142618E-03 8.90196999156052E-03 8.94940873421893E-03 8.99270542926155E-03 9.03192743686148E-03 9.06716828598146E-03 9.09853521604217E-03 9.12617535532965E-03 9.15026529806879E-03 9.1710326107552E-03 9.18874235655407E-03 9.20367226594517E-03 9.21610065735006E-03 9.22631250080494E-03 9.23458822085004E-03 9.24115333997425E-03 9.24619472955611E-03 9.24986095335349E-03 9.25227021423916E-03 9.25351365341842E-03 9.25367324552867E-03 9.25283490720404E-03 9.25109934521951E-03 9.24858022026159E-03 9.24540237772723E-03 9.24178622844961E-03 9.23808803312644E-03 0.00923461387 9.23161650450964E-03 9.22905342013987E-03 0 0 0 0 0 0 0 0 0 0 0 0 0 0 0 0 0 0 0 0 0 0 0 0 0 0 0 0 0 0 0
8.72491238413381E-03 8.7858904462258E-03 8.84252797454799E-03 8.89488698609892E-03 8.94303881162677E-03 8.98705219699057E-03 9.0270136507298E-03 9.06301924578829E-03 9.09518872580591E-03 9.12365100821572E-03 9.1485706459467E-03 9.17013876913792E-03 9.18859142669758E-03 9.20419732290867E-03 9.21723417748407E-03 9.22798246324109E-03 9.23671620911118E-03 9.24369453088521E-03 9.24912690306974E-03 9.25318617258295E-03 9.25600860991358E-03 9.25770057200308E-03 9.2583442282401E-03 9.25801467018354E-03 9.25679093009596E-03 9.25476094319376E-03 9.2520142068117E-03 9.24864581036892E-03 9.24486893225983E-03 9.24104754468259E-03 9.23744895549189E-03 9.23161650450964E-03 0 0 0 0 0 0 0 0 0 0 0 0 0 0 0 0 0 0 0 0 0 0 0 0 0 0 0 0 0 0 0 0
8.7766677070662E-03 8.8341575256069E-03 8.88730741741201E-03 8.93621086736504E-03 8.9809698506534E-03 9.02167702682546E-03 9.05844258934641E-03 9.09138902206115E-03 9.12065872954846E-03 9.14639744809831E-03 9.16878234111008E-03 9.18801567583739E-03 9.2043378145467E-03 9.21801785347078E-03 9.22933087635421E-03 9.23855525526477E-03 9.2459518524516E-03 9.25176157259401E-03 9.25618152636701E-03 9.25937167240446E-03 9.26145674121655E-03 9.26253343110108E-03 9.26267785099097E-03 9.26196019499004E-03 9.26045396368438E-03 9.25823213815027E-03 9.25534456782241E-03 9.25183721522502E-03 9.24797445235884E-03 9.24414632247225E-03 9.23744895549189E-03 0 0 0 0 0 0 0 0 0 0 0 0 0 0 0 0 0 0 0 0 0 0 0 0 0 0 0 0 0 0 0 0 0
8.8251601063316E-03 8.87920258166005E-03 8.92893253051459E-03 8.97447465010043E-03 9.01595630040227E-03 9.05348905569481E-03 9.08720682452561E-03 9.11725587427097E-03 9.14379749210728E-03 9.16698871590767E-03 9.1870167335221E-03 9.20409189136605E-03 9.21845523261898E-03 9.2303735364717E-03 9.24011651308588E-03 9.24795815993171E-03 9.2541477246084E-03 9.25890990124543E-03 9.26242966358938E-03 9.26485577860051E-03 9.26630342803633E-03 9.26686136036477E-03 9.26660075261615E-03 9.26559022589795E-03 9.26390458947895E-03 9.26161348860321E-03 9.25871385491752E-03 9.25507826616406E-03 9.25118862503324E-03 9.24414632247225E-03 0 0 0 0 0 0 0 0 0 0 0 0 0 0 0 0 0 0 0 0 0 0 0 0 0 0 0 0 0 0 0 0 0 0
8.87050705359974E-03 8.92116830974131E-03 8.96756951230452E-03 9.00986159355838E-03 9.04819242712508E-03 9.0826923595421E-03 9.11351774129013E-03 9.14083429799025E-03 9.16481713563325E-03 9.18563218013676E-03 9.20347400474352E-03 9.21855750525307E-03 9.23112155642263E-03 9.24142862166135E-03 9.24974194978497E-03 9.25632949517477E-03 9.26142940925128E-03 9.26525301083017E-03 9.26797441486147E-03 9.26973292556239E-03 9.27063621448734E-03 9.27076601009759E-03 9.27018857497476E-03 9.26897468243741E-03 9.2672155307143E-03 9.26502536330144E-03 9.26239845641002E-03 9.25845648074786E-03 9.25118862503324E-03 0 0 0 0 0 0 0 0 0 0 0 0 0 0 0 0 0 0 0 0 0 0 0 0 0 0 0 0 0 0 0 0 0 0 0
8.91285032251318E-03 8.96021571181003E-03 9.00339404172586E-03 9.04255783608113E-03 9.0778741840932E-03 9.10949189553976E-03 9.13758508172833E-03 9.16233494788525E-03 9.18392590445622E-03 9.20253063081329E-03 9.21834707719649E-03 9.23159230406089E-03 9.24250165623753E-03 9.25133220716367E-03 9.25834121725892E-03 9.26378956311342E-03 9.26790569237592E-03 9.27088914477017E-03 9.27290450453176E-03 9.27408313481851E-03 9.2745266338662E-03 9.27431160902271E-03 9.27350088109926E-03 9.27216690532517E-03 0.009270427690808 9.26855804975615E-03 9.26717991668026E-03 9.25845648074786E-03 0 0 0 0 0 0 0 0 0 0 0 0 0 0 0 0 0 0 0 0 0 0 0 0 0 0 0 0 0 0 0 0 0 0 0 0
8.95235904602404E-03 8.99652738604878E-03 9.03659832667998E-03 9.07276253727272E-03 9.10520461277326E-03 9.13409149196487E-03 9.15961118886902E-03 9.18195518877797E-03 9.20131300953702E-03 9.21786308859393E-03 9.23180406200977E-03 9.24335196516058E-03 9.25273801636916E-03 9.26021454910006E-03 9.26603338347443E-03 9.27044729087915E-03 9.27367539598364E-03 9.2759075062008E-03 9.27730007067404E-03 9.27797783360955E-03 9.27803812198039E-03 9.27755545562932E-03 9.2765918017101E-03 9.27521167833754E-03 9.27350211847111E-03 9.27176518614163E-03 9.27150787405845E-03 0 0 0 0 0 0 0 0 0 0 0 0 0 0 0 0 0 0 0 0 0 0 0 0 0 0 0 0 0 0 0 0 0 0 0 0 0
8.98921247132421E-03 9.03029113481716E-03 9.0673761474461E-03 9.10067336474665E-03 9.13038267693283E-03 9.15668819303871E-03 9.17978736030376E-03 9.19987803372264E-03 9.21715168362811E-03 9.23179115696049E-03 9.24399303325192E-03 9.2539706452745E-03 9.26195281015612E-03 9.26818698849147E-03 9.27291958760494E-03 9.27639436321853E-03 9.2788222923357E-03 9.28038457272299E-03 9.28123009265484E-03 9.28147815914783E-03 9.28122391768183E-03 9.2805451765338E-03 9.27951355263575E-03 9.27819147930637E-03 9.27652458253526E-03 9.27385006632894E-03 9.27150787405845E-03 0 0 0 0 0 0 0 0 0 0 0 0 0 0 0 0 0 0 0 0 0 0 0 0 0 0 0 0 0 0 0 0 0 0 0 0 0
9.02358814970776E-03 9.06168704337618E-03 9.09590712951082E-03 9.1264683735196E-03 9.15358438449022E-03 9.17745262508522E-03 9.19827639142506E-03 9.21625781394957E-03 9.23158799168715E-03 9.24445028849172E-03 9.2550377038636E-03 9.26356257077341E-03 9.2702517500631E-03 9.27534734802615E-03 9.27908961230178E-03 9.28171350099054E-03 9.28342250931118E-03 9.2843897607147E-03 9.28475731849258E-03 9.28464001335143E-03 9.28413224894386E-03 9.28332160214711E-03 9.28231400742392E-03 9.28126480447124E-03 9.28039744881014E-03 9.27385006632894E-03 0 0 0 0 0 0 0 0 0 0 0 0 0 0 0 0 0 0 0 0 0 0 0 0 0 0 0 0 0 0 0 0 0 0 0 0 0 0
9.05565344829495E-03 9.09088318871902E-03 9.1223592728227E-03 9.15031357798465E-03 9.17497084470848E-03 9.19653847117508E-03 9.21522326974425E-03 9.23122938301791E-03 9.24474511862424E-03 9.25595187961382E-03 9.26504081749725E-03 9.27222419193176E-03 9.2777252216826E-03 9.28178010162377E-03 9.28462253096366E-03 9.28647880010083E-03 9.28754448252513E-03 9.28798525991641E-03 9.2879376825602E-03 9.28751379361719E-03 9.28680895456684E-03 9.28592103585209E-03 9.28499065910179E-03 9.28426240998601E-03 9.28404341915401E-03 0 0 0 0 0 0 0 0 0 0 0 0 0 0 0 0 0 0 0 0 0 0 0 0 0 0 0 0 0 0 0 0 0 0 0 0 0 0 0
9.08555076186252E-03 9.11802064246095E-03 9.14687073706822E-03 9.17234354992518E-03 9.19467263671585E-03 9.21407224272816E-03 9.23074988648724E-03 9.24490790605785E-03 9.2567301890269E-03 9.26639689405499E-03 9.27409847158958E-03 9.28004557545111E-03 9.28445657625986E-03 9.28756204743559E-03 9.28958928185013E-03 9.29075524435717E-03 9.2912469433521E-03 9.29122375847528E-03 9.29081829583691E-03 9.29014193079487E-03 9.28929387148762E-03 9.28838043603314E-03 9.28755370588492E-03 9.2870176020327E-03 9.28404341915401E-03 0 0 0 0 0 0 0 0 0 0 0 0 0 0 0 0 0 0 0 0 0 0 0 0 0 0 0 0 0 0 0 0 0 0 0 0 0 0 0
9.11340564157896E-03 9.14322428469206E-03 9.16956571690865E-03 9.19268115226476E-03 9.21280950863215E-03 9.23016907495029E-03 9.24496507974556E-03 9.25739529984537E-03 9.26763983399997E-03 9.27587761289338E-03 9.28229736674546E-03 9.28710653766478E-03 9.29051948822496E-03 9.29276062140875E-03 9.2940504420598E-03 9.29459610343093E-03 0.009294576788236 9.29414654384619E-03 9.29343514324846E-03 9.2925549731768E-03 9.29161152633976E-03 9.29072555632604E-03 9.29008231952955E-03 9.28990065999358E-03 0 0 0 0 0 0 0 0 0 0 0 0 0 0 0 0 0 0 0 0 0 0 0 0 0 0 0 0 0 0 0 0 0 0 0 0 0 0 0 0
