NongDo/Fusa 13.4h.grd
DSAA
463	323
2	464
2	324
0	10
[rows 56 to 83 of 323, columns 256 to 319 of 463]
0 0 0 0 0 0 0 0 0 0 0 0 0 0 0 0 0 0 0 0 0 0 0 0 0 0 0 0 0 0 0 0 0 0 0 0 0 0 0 0 0 0 0 0 0 0 0 0 0 0 0 0 0 0 0 0 0 0 0 0 0 0 0 0
0 0 0 0 0 0 0 0 0 0 0 0 0 0 0 0 0 0 0 0 0 0 0 0 0 0 0 0 0 0 0 0 0 0 0 0 0 0 0 0 0 0 0 0 0 0 0 0 0 0 0 0 0 0 0 0 0 0 0 0 0 0 0 0
0 0 0 0 0 0 0 0 0 0 0 0 0 0 0 0 0 0 0 0 0 0 0 0 0 0 0 0 0 0 0 0 0 0 0 0 0 0 0 0 0 0 0 0 0 0 0 0 0 0 0 0 0 0 0 0 0 0 0 0 0 0 0 0
0 0 0 0 0 0 0 0 0 0 0 0 0 0 0 0 0 0 0 0 0 0 0 0 0 0 0 0 0 0 0 0 0 0 0 0 0 0 0 0 0 0 0 0 0 0 0 0 0 0 0 0 0 0 0 0 0 0 0 0 0 0 0 0
0 0 0 0 0 0 0 0 0 0 0 0 0 0 0 0 0 0 0 0 0 0 0 0 0 0 0 0 0 0 0 0 0 0 0 0 0 0 0 0 0 0 0 0 0 0 0 0 0 0 0 0 0 0 0 0 0 0 0 0 0 0 0 0
0 0 0 0 0 0 0 0 0 0 0 0 0 0 0 0 0 0 0 0 0 0 0 0 0 0 0 0 0 0 0 0 0 0 0 0 0 0 0 0 0 0 0 0 0 0 0 0 0 0 0 0 0 0 0 0 0 0 0 0 0 0 0 0
0 0 0 0 0 0 0 0 0 0 0 0 0 0 0 0 0 0 0 0 0 0 0 0 0 0 0 0 0 0 0 0 0 0 0 0 0 0 0 0 0 0 0 0 0 0 0 0 0 0 0 0 0 0 0 0 0 0 0 0 0 0 0 0
0 0 0 0 0 0 0 0 0 0 0 0 0 0 0 0 0 0 0 0 0 0 0 0 0 0 0 0 0 0 0 0 0 0 0 0 0 0 0 0 0 0 0 0 0 0 0 0 0 0 0 0 0 0 0 0 0 0 0 0 0 0 6.42665443731901E-03 6.42500333665685E-03
0 0 0 0 0 0 0 0 0 0 0 0 0 0 0 0 0 0 0 0 0 0 0 0 0 0 0 0 0 0 0 0 0 0 0 0 0 0 0 0 0 0 0 0 0 0 0 0 0 0 0 0 0 0 0 0 0 0 6.42993707188816E-03 6.42966739450155E-03 6.42968214203522E-03 6.4295076961971E-03 6.42665443731901E-03 6.42500333665685E-03
0 0 0 0 0 0 0 0 0 0 0 0 0 0 0 0 0 0 0 0 0 0 0 0 0 0 0 0 0 0 0 0 0 0 0 0 0 0 0 0 0 0 0 0 0 0 0 0 0 0 0 0 0 0 6.42849508965933E-03 6.4293244472367E-03 6.43043802945642E-03 6.4314112050892E-03 6.42993707188816E-03 6.42966739450155E-03 6.42968214203522E-03 6.4295076961971E-03 6.42867386722892E-03 6.42780882014056E-03
0 0 0 0 0 0 0 0 0 0 0 0 0 0 0 0 0 0 0 0 0 0 0 0 0 0 0 0 0 0 0 0 0 0 0 0 0 0 0 0 0 0 0 0 0 0 0 0 0 0 0 6.42480236271975E-03 6.4267953077022E-03 6.42881303580451E-03 6.42849508965933E-03 6.4293244472367E-03 6.43043802945642E-03 6.4314112050892E-03 6.43180540109067E-03 6.43222769208404E-03 6.43261440041892E-03 6.43281771607928E-03 6.43272032761899E-03 6.4324150998627E-03
0 0 0 0 0 0 0 0 0 0 0 0 0 0 0 0 0 0 0 0 0 0 0 0 0 0 0 0 0 0 0 0 0 0 0 0 0 0 0 0 0 0 0 0 0 6.40308438018024E-03 6.40730061224493E-03 6.41171293167595E-03 6.41602707172761E-03 6.42010819343037E-03 6.42375202238541E-03 6.42480236271975E-03 6.4267953077022E-03 6.42881303580451E-03 6.43029130248603E-03 6.4317880026991E-03 6.43325888025275E-03 6.43458542520754E-03 6.43566126585088E-03 6.43657467191495E-03 6.43731423191561E-03 6.43785330509206E-03 6.43816243512388E-03 6.43824372786768E-03
0 0 0 0 0 0 0 0 0 0 0 0 0 0 0 0 0 0 0 0 0 0 0 0 0 0 0 0 0 0 0 0 0 0 0 0 0 0 0 0 0 0 0 6.3940772216055E-03 6.39965630670354E-03 6.40308438018024E-03 6.40730061224493E-03 6.41171293167595E-03 6.41602707172761E-03 6.42010819343037E-03 6.42375202238541E-03 6.42663964843266E-03 6.42933895005961E-03 6.4318202789492E-03 6.43399250344037E-03 6.43597554423804E-03 6.43779293336504E-03 6.43943262643574E-03 6.44086601024021E-03 6.44210299665704E-03 6.44313439448103E-03 6.44395586702259E-03 6.44455906484008E-03 6.44494383254437E-03
5.87349390512721E-03 5.88885190511531E-03 5.90441015398156E-03 5.9199589887259E-03 5.93539410926708E-03 5.95076539586186E-03 5.96591758339397E-03 5.98083343031448E-03 5.99552949072136E-03 6.01015041691899E-03 6.02470409162091E-03 6.03924268676989E-03 6.05355547724021E-03 6.06755937841939E-03 6.08120879032164E-03 6.09464254860949E-03 6.10785645592431E-03 6.12095237687953E-03 6.1338032076255E-03 6.14642830613916E-03 6.15883171635171E-03 6.17115696171633E-03 6.18339149091406E-03 6.19559890978384E-03 6.20759556973784E-03 6.21932208059803E-03 6.23070750534035E-03 6.2418543992601E-03 6.25271762906989E-03 6.2633877209254E-03 6.27377812467118E-03 6.28398786953521E-03 6.29412573076906E-03 6.30452998397968E-03 6.3155790272622E-03 0 0 0 0 6.36502026705829E-03 6.37283233098268E-03 6.38116064434926E-03 6.38909908034842E-03 6.3940772216055E-03 6.39965630670354E-03 6.40472417121215E-03 6.4096232195798E-03 6.41435229463741E-03 6.4188618603418E-03 6.42311498803919E-03 6.42701802809614E-03 6.43051662313721E-03 6.43368816114315E-03 6.43656112642598E-03 6.43913448307724E-03 6.44145884208272E-03 6.44356101707282E-03 6.44545873657469E-03 6.4471487963034E-03 6.44863542148197E-03 6.44991293148656E-03 6.45098125109634E-03 6.45183856095459E-03 6.45248944525727E-03
5.87349390512721E-03 5.88885190511531E-03 5.90441015398156E-03 5.9199589887259E-03 5.93539410926708E-03 5.95076539586186E-03 5.96591758339397E-03 5.98083343031448E-03 5.99552949072136E-03 6.01015041691899E-03 6.02470409162091E-03 6.03924268676989E-03 6.05355547724021E-03 6.06755937841939E-03 6.08120879032164E-03 6.09464254860949E-03 6.10785645592431E-03 6.12095237687953E-03 6.1338032076255E-03 6.14642830613916E-03 6.15883171635171E-03 6.17115696171633E-03 6.18339149091406E-03 6.19559890978384E-03 6.20759556973784E-03 6.21932208059803E-03 6.23070750534035E-03 6.2418543992601E-03 6.25271762906989E-03 6.2633877209254E-03 6.27377812467118E-03 6.28398786953521E-03 6.29412573076906E-03 6.30452998397968E-03 6.3155790272622E-03 6.32930170497197E-03 6.3395223022644E-03 6.34925585251189E-03 6.35850818717492E-03 6.36502026705829E-03 6.37283233098268E-03 6.38116064434926E-03 6.38909908034842E-03 6.39600673007026E-03 6.40239744158237E-03 6.40826817049969E-03 6.4137053516521E-03 6.41877947795069E-03 6.4235345267328E-03 6.42799605473083E-03 6.43213169591532E-03 6.43593937101005E-03 6.43941265558294E-03 6.44257069404206E-03 6.44542322509057E-03 6.44800582075325E-03 6.45034501462725E-03 6.45246606923209E-03 6.45437486898228E-03 6.45607829749851E-03 6.45757454134594E-03 6.45886703177449E-03 6.4599582259979E-03 6.46085544901402E-03
5.87552338518199E-03 5.89182434356309E-03 5.90779499495431E-03 5.92356599653959E-03 5.93915555917023E-03 5.9546392808782E-03 5.96988894176245E-03 5.98488066316477E-03 5.99965097007315E-03 6.01432569589367E-03 6.02892273318056E-03 6.04350972177614E-03 6.05786072273127E-03 6.07186116056199E-03 6.08551426056234E-03 6.09894814614006E-03 6.1121734449406E-03 6.12526904111407E-03 6.13812959739788E-03 6.15075958060241E-03 6.16318063723533E-03 6.1755105845377E-03 6.18774933378019E-03 6.19996400831939E-03 6.21196532670552E-03 6.22366683525709E-03 6.23503003265989E-03 6.24614054099778E-03 6.25696555836032E-03 6.26756821967712E-03 6.27787646679281E-03 6.28795827397574E-03 6.29791014229581E-03 6.30797448525253E-03 6.31834351490893E-03 6.32930170497197E-03 6.3395223022644E-03 6.34925585251189E-03 6.35850818717492E-03 6.3671027728886E-03 6.37572515949293E-03 6.38437346739386E-03 6.39258656928981E-03 6.40012392349796E-03 6.40703753480118E-03 6.41339551080536E-03 6.41923011167128E-03 6.42461504892689E-03 6.42961823454144E-03 6.43428827579063E-03 6.43862612646616E-03 6.44264680012468E-03 6.44633553394405E-03 6.44970697566577E-03 6.45277204619043E-03 6.45556220741477E-03 6.45810403971548E-03 6.4604232875578E-03 6.46252886467696E-03 6.46442891006704E-03 6.46612483510665E-03 6.46762425619891E-03 6.46893291166523E-03 6.47005847092838E-03
5.87998926665217E-03 5.8968808119978E-03 5.9132819275072E-03 5.92936667633256E-03 5.94520554429633E-03 5.96087946777406E-03 5.97630089846368E-03 5.99144974691395E-03 6.00637862974532E-03 6.02118251398193E-03 6.03587760924086E-03 0.006050525882529 6.0649072672429E-03 6.07891255428232E-03 6.0925951861551E-03 6.10605710037731E-03 6.11931791705809E-03 6.13242965677413E-03 6.1453217593224E-03 6.15798820671304E-03 6.17046548277619E-03 6.18283534347942E-03 6.19510244951197E-03 6.2073180961551E-03 6.21929960312665E-03 6.23095733855965E-03 6.24228797285739E-03 6.25334896213801E-03 6.26411787525292E-03 6.27462900478983E-03 6.28483698197929E-03 6.29478330290089E-03 6.30455815055446E-03 6.31432382769299E-03 6.32418892342231E-03 6.33424881624216E-03 6.34410476104021E-03 6.35369694420858E-03 6.36301316604833E-03 6.37210285500342E-03 6.38105139214394E-03 6.38985197436927E-03 6.39822913020789E-03 6.40604416753659E-03 6.41327118010133E-03 6.41995152573711E-03 6.42608646369044E-03 6.43173267009241E-03 6.43695372084357E-03 6.44180919722384E-03 6.44631764387159E-03 6.45050432262904E-03 6.45435919502086E-03 6.45789788418829E-03 6.46113443955565E-03 6.46409805493108E-03 6.46681556454014E-03 6.46931134109384E-03 6.47159474795422E-03 6.47367477617805E-03 6.47555671817396E-03 6.47724912133501E-03 6.47875959285353E-03 6.48009621703202E-03
5.88604519298508E-03 5.90339395676543E-03 5.92022366573257E-03 5.93667881497683E-03 5.95283738560907E-03 5.96876531756158E-03 5.98441677896804E-03 5.99979751633937E-03 6.01495283676103E-03 6.02994881973646E-03 6.0447954024151E-03 6.05950415728193E-03 6.07391477729451E-03 6.08797453063114E-03 6.10173779212704E-03 6.1152772386851E-03 6.12861353890703E-03 6.14177723442795E-03 6.15472640768677E-03 6.16746767105306E-03 6.18003241860834E-03 6.19247260168646E-03 6.20479009509483E-03 6.21698917494664E-03 6.22892682568867E-03 6.24054829786151E-03 6.25185410679505E-03 6.26287292483519E-03 6.27358709604855E-03 6.28401185899595E-03 6.29412210595191E-03 6.30395991288679E-03 6.31360074037434E-03 6.32315957240948E-03 6.33271657863741E-03 6.34233073331771E-03 6.35185375700566E-03 6.36124420601127E-03 6.37048690982521E-03 6.37961349455542E-03 6.38859434355966E-03 6.39738539356242E-03 6.40579427598587E-03 0.006413723725052 6.42112440554187E-03 6.42800093841377E-03 6.43433748035398E-03 6.44017352414873E-03 6.4455645253888E-03 6.45056788432325E-03 6.4552131814725E-03 6.45952628744096E-03 6.46350679452498E-03 6.4671746064106E-03 6.47054693269428E-03 6.4736543116849E-03 6.47652308421426E-03 6.47917375412641E-03 6.48161512627108E-03 6.48385798102016E-03 6.48590950209663E-03 6.4877794151034E-03 6.48947570349371E-03 6.49100572448195E-03
5.89327156764761E-03 5.91107196641107E-03 5.92835206427504E-03 5.94522099184106E-03 5.96175075368953E-03 5.97799609650165E-03 5.99394964234108E-03 0.006009628285051 6.02505680354758E-03 6.04027853170702E-03 6.05529502406868E-03 6.07009492912939E-03 6.08460160488391E-03 6.09879137551536E-03 6.11269249860253E-03 6.12635767301119E-03 6.13980981632434E-03 6.15307020136289E-03 6.1661241346868E-03 6.1789794616755E-03 6.19165036686216E-03 6.20416637111904E-03 6.21652265534172E-03 6.22870213121551E-03 6.24062114369983E-03 6.25223577554414E-03 6.26352936502486E-03 6.27451295984692E-03 6.28517668101762E-03 0.006295528117369 0.006305563086679 6.31531775753769E-03 6.32484854271375E-03 6.33424282900231E-03 6.34356820678355E-03 6.3528772424849E-03 6.36212728321239E-03 6.37130319932433E-03 6.38038594522097E-03 6.38938334695651E-03 6.39824898873203E-03 6.40692904832933E-03 6.41528198045534E-03 6.42321840702162E-03 6.43067326205992E-03 6.43763181913931E-03 6.44407382444256E-03 6.45001855991346E-03 6.45551237012693E-03 6.46060617942691E-03 6.46533487527377E-03 6.46972694933287E-03 6.47379532518093E-03 6.47755946452781E-03 6.48104072711348E-03 6.48426591126167E-03 6.48725975668021E-03 6.49004134096237E-03 6.49262174673661E-03 6.49501049764947E-03 6.49721619023579E-03 6.49924799881963E-03 6.50111373570646E-03 6.50281988977628E-03
5.90161918121374E-03 5.91989791253709E-03 5.9376630818766E-03 5.95499546410211E-03 5.97195549828837E-03 5.98859421542567E-03 6.00491870919809E-03 6.02094659591029E-03 6.03669261246032E-03 6.0521846817404E-03 6.06741999687528E-03 6.08239119362691E-03 6.0970655375036E-03 6.11143690527546E-03 6.12552289491921E-03 6.13936226551026E-03 6.15297631495849E-03 6.16638598450409E-03 6.17958719018956E-03 6.1925839880912E-03 6.2053790488241E-03 6.21798612556836E-03 6.23039543504719E-03 6.24258876857062E-03 6.25451269587876E-03 6.26613005643851E-03 6.27741509267526E-03 6.28836895434118E-03 6.2989852382248E-03 6.30927319954252E-03 0.006319238213076 6.32891129269871E-03 6.33833665804838E-03 6.34758482563341E-03 6.35671681395909E-03 6.36578778622131E-03 6.37479947872747E-03 6.38375384631892E-03 6.39263408019668E-03 6.40143691468172E-03 6.41011694430946E-03 6.41862293725055E-03 6.42683901364422E-03 6.43468137482933E-03 6.44208128167506E-03 6.44901502372017E-03 6.45545722808432E-03 6.46141842876349E-03 6.46693578206821E-03 6.47205308064525E-03 6.47680670170492E-03 6.48122809920743E-03 6.48533748760353E-03 6.48915673381989E-03 6.49270820878189E-03 6.49601610872513E-03 6.49910286445603E-03 6.50198657273195E-03 6.50467892240757E-03 6.50718927484466E-03 6.50952648190958E-03 6.51169857382299E-03 6.51371228470588E-03 6.5155725625853E-03
5.91107699212216E-03 5.92989127825664E-03 5.9481953309961E-03 5.96605087065538E-03 5.98350693243466E-03 6.00060971279534E-03 6.01736849868244E-03 6.03379949772646E-03 6.04991518454472E-03 6.06573487842042E-03 6.08125579080802E-03 6.09647741624641E-03 6.11138873256897E-03 6.12599488784569E-03 6.14031381677113E-03 6.15437622288939E-03 0.00616820093168 6.18180792311291E-03 6.19519430412833E-03 6.20835980264144E-03 6.22130137806954E-03 6.23402246165867E-03 6.24651030806224E-03 6.25874900708195E-03 6.27069838780585E-03 6.28232401022271E-03 6.29359955637957E-03 6.30452237505596E-03 6.31508902162152E-03 6.32531102100436E-03 6.33519785170331E-03 6.34477739331505E-03 6.35408886773445E-03 6.36319333778548E-03 6.37214792195751E-03 6.38100986107037E-03 6.38979866765822E-03 6.39852525201194E-03 6.40717825441813E-03 6.41575141225861E-03 6.42420166517155E-03 6.43248192411131E-03 6.44049065242328E-03 6.44815194840208E-03 6.45540304655927E-03 6.4622178270448E-03 6.46856939463458E-03 6.47446010064598E-03 6.47992067694402E-03 6.48499143569667E-03 6.48971028663375E-03 6.49410923639099E-03 6.49821262740814E-03 6.50204254765714E-03 6.50562163790718E-03 6.50897276205951E-03 6.51211721677197E-03 6.51507068823247E-03 6.5178447930279E-03 6.5204476698666E-03 6.52288804561089E-03 6.5251732874429E-03 6.52730859237855E-03 6.52929652377609E-03
5.92170671612694E-03 5.94113223100012E-03 5.96004464046753E-03 5.97849182844823E-03 5.99651423323322E-03 6.01414869859192E-03 6.03140587309513E-03 6.04830214773334E-03 6.06484927926765E-03 6.08106094383786E-03 6.09693650805274E-03 6.11248013171403E-03 6.12769357276682E-03 6.1425913225769E-03 6.15719400171586E-03 6.17152730176448E-03 6.18560815432984E-03 6.19945355578631E-03 6.21305916666591E-03 6.22642177856004E-03 6.23953459560106E-03 6.2523938691217E-03 6.26498389436261E-03 6.27729130938212E-03 6.28927913939746E-03 6.30091381294316E-03 6.31217220222431E-03 6.32305319791695E-03 6.3335563430327E-03 6.34369612606225E-03 6.35348468999637E-03 6.36294936142162E-03 6.37212918065162E-03 6.38108114498671E-03 6.38985948808999E-03 6.3985208285913E-03 6.40708989831426E-03 6.41557997632574E-03 6.42398511976459E-03 6.43229944956111E-03 6.44048384580851E-03 6.44848815123407E-03 6.45622379574098E-03 6.46362791205173E-03 6.47064861613142E-03 6.47725931100044E-03 6.48343322239564E-03 6.48917200838398E-03 6.49450260392619E-03 6.49946317759826E-03 6.5040908672725E-03 6.50841677161159E-03 6.51246666923727E-03 6.51626244840097E-03 6.51982667646008E-03 0.006523181742367 6.5263468505755E-03 6.52933490246735E-03 0.006532156375734 6.53481903573527E-03 6.53733160999543E-03 6.53969965870195E-03 6.54192625551517E-03 6.54401116128478E-03
5.93359308250277E-03 5.95371535374865E-03 5.9733140050961E-03 5.99242544827431E-03 6.01108335689047E-03 6.02931633012187E-03 6.04713897513539E-03 6.06456632987878E-03 6.08160903150385E-03 0.006098277170121 6.11457400132188E-03 6.13050607759938E-03 6.14608503747457E-03 6.16133138759939E-03 6.17626737555322E-03 6.19091554952059E-03 6.20529161611062E-03 6.21940932464363E-03 6.23326310241068E-03 6.24684694164837E-03 6.26015105259473E-03 6.27316679713199E-03 6.28587523262613E-03 6.2982623613596E-03 6.3102880373414E-03 0.006321920668998 6.33314350506946E-03 6.3439603613408E-03 6.35437415488521E-03 6.36440281864679E-03 6.3740614180449E-03 6.38338049753063E-03 6.39240286486457E-03 6.40118402101692E-03 6.40977426151567E-03 6.41822727172061E-03 6.42656493253289E-03 6.43480016415752E-03 6.44293066655017E-03 6.45095074045993E-03 6.4588220737124E-03 6.46649665713078E-03 6.47390360593279E-03 6.48098907116007E-03 6.4877130255269E-03 6.4940517689675E-03 6.4999853489781E-03 6.50551195363598E-03 6.51065799162004E-03 6.51545852818847E-03 6.51994854836967E-03 6.52415727510861E-03 6.52811218093262E-03 6.5318344307633E-03 0.00653534798735 6.5386725080362E-03 6.54182375607468E-03 6.54481154871123E-03 6.54764656456171E-03 6.5503351836811E-03 6.55288563556226E-03 6.55530236844447E-03 6.55758592592342E-03 6.55973379866911E-03
5.94689351428715E-03 5.9678019377759E-03 5.98816963296827E-03 6.00802325543598E-03 6.02739022313722E-03 6.04629358065033E-03 6.06474974222328E-03 6.08277327429079E-03 6.10037455126051E-03 6.1175617808607E-03 6.13434125629838E-03 6.15072162348961E-03 6.16672168366941E-03 6.18236701037892E-03 6.19768018386793E-03 6.21268105976947E-03 6.22738365833302E-03 6.24179729209316E-03 6.25591530120896E-03 6.26973131486439E-03 6.28323334198722E-03 6.2964083153477E-03 6.30923425120411E-03 6.32169103281446E-03 6.33373445887581E-03 6.34533850566452E-03 6.3564942110556E-03 6.36721071081048E-03 6.37749709693353E-03 6.38737403365958E-03 6.39686154161555E-03 6.40599821567123E-03 6.41483139242272E-03 6.42341494326397E-03 6.43179617332617E-03 6.44002086958892E-03 6.44810481911971E-03 6.45606060551228E-03 6.46388747146341E-03 6.47157732756527E-03 6.47909406721901E-03 6.48639388939545E-03 6.49342136852518E-03 6.50013674839366E-03 6.50651113237324E-03 6.51252481102285E-03 6.51816247805961E-03 6.52342641201118E-03 6.5283432313346E-03 6.53294324192449E-03 6.53725778034246E-03 6.54131465892562E-03 6.54514044387058E-03 6.54875723472046E-03 6.55218952035516E-03 6.55545145973603E-03 6.55855444822147E-03 6.56150710347154E-03 6.56431980861892E-03 6.56699842342165E-03 6.56955147761273E-03 6.57198007239364E-03 6.57428258314122E-03 6.57645581340199E-03
5.9617962441342E-03 5.98358464726911E-03 6.0048074915099E-03 6.02548275941859E-03 6.04563306641093E-03 6.06527707196627E-03 6.08443273797275E-03 6.10311425143848E-03 6.12133295749438E-03 6.13909578182126E-03 6.15641279822119E-03 6.17329364967947E-03 6.1897635727305E-03 6.20585095571386E-03 6.2215765065939E-03 6.23695620765938E-03 6.2520012596273E-03 6.26671827536525E-03 6.28110158576993E-03 6.29514357405725E-03 6.30882946264034E-03 6.32214265558059E-03 6.33505664897909E-03 6.34754803619429E-03 6.35957176069286E-03 6.37110436731019E-03 6.38214314867749E-03 6.39270676384895E-03 6.40281300406157E-03 6.41248837212338E-03 6.4217624963953E-03 6.43067813697966E-03 6.43928390968759E-03 6.44763315783925E-03 6.45576931572932E-03 6.46373314332064E-03 6.47153528578213E-03 6.47918188610651E-03 6.48666933110534E-03 6.49399028850252E-03 6.5011144983307E-03 6.50800245472702E-03 6.51461646334932E-03 6.52092716914034E-03 6.52691652655018E-03 0.006532569652633 6.53787962928549E-03 6.54284843647435E-03 6.54750236052746E-03 6.55187131503339E-03 6.5559855361618E-03 6.5598685400265E-03 6.56354440433629E-03 6.56703248102761E-03 6.57035368357771E-03 6.57352074192467E-03 6.57654376042648E-03 6.5794284590433E-03 0.006582183575757 6.58481379754165E-03 6.58732637720948E-03 6.58972327767629E-03 6.59200321340343E-03 6.59416170401186E-03
5.97854549969099E-03 6.00130608137445E-03 6.02346807027789E-03 6.04504252261325E-03 0.006066048295809 6.08650092633923E-03 6.10641913848865E-03 6.12581757214919E-03 6.14470768377101E-03 6.16309672631085E-03 6.18099790976346E-03 6.19842337604153E-03 6.21540285662602E-03 6.23196468387318E-03 6.24812507695504E-03 6.26389550481211E-03 6.27928446801292E-03 6.29429654232341E-03 6.30892621043659E-03 6.32316509771935E-03 6.33699725414154E-03 6.35040455362933E-03 6.36335689583183E-03 6.37582615864888E-03 6.38776568023724E-03 6.39915941259622E-03 6.4100165319808E-03 6.4203666054603E-03 6.43023465023101E-03 6.4396550392999E-03 6.44866526853558E-03 6.45731201035867E-03 6.46564535988026E-03 6.47371807778183E-03 6.48156936967199E-03 6.48923332165471E-03 6.49671289728398E-03 6.50400957817848E-03 6.51111868131624E-03 6.51803476873358E-03 6.52473097190205E-03 6.53117670890445E-03 6.53734932152817E-03 6.5432303482808E-03 6.54881021440245E-03 6.55407895764593E-03 6.5590359840325E-03 6.5636854224781E-03 6.56805550710326E-03 6.57217472765221E-03 6.57607073202421E-03 6.57976162347097E-03 6.58326832701382E-03 6.58660584735549E-03 6.58979087445203E-03 6.59283417828473E-03 6.59574496189632E-03 6.59852653429799E-03 6.6011862501298E-03 6.60372764122328E-03 6.60615782942148E-03 6.6084793446641E-03 6.61069210941918E-03 6.61279084122821E-03
5.9974254769291E-03 6.02124679923413E-03 6.04442687593477E-03 6.06697206366733E-03 6.08889920697162E-03 6.11022221553577E-03 6.13096064226664E-03 6.15112870720999E-03 6.17073748518867E-03 6.18979502758623E-03 6.20831836909415E-03 6.2263224680143E-03 6.2438386149138E-03 6.26089178255011E-03 6.27749155078867E-03 6.29364536572391E-03 6.30935917374479E-03 6.32463583606595E-03 6.33946894594514E-03 6.35384938569411E-03 6.36776222047356E-03 6.3811913738384E-03 6.39410375646931E-03 6.40646441303815E-03 6.41822826149479E-03 6.42939748523141E-03 6.43999947200594E-03 6.45007220922334E-03 6.45964496448095E-03 6.46875619950296E-03 6.47744815158825E-03 6.48577252292317E-03 6.49378246839468E-03 0.006501529307048 6.5090459679636E-03 6.51635911924481E-03 6.52346382525621E-03 6.53036267489913E-03 6.5370550418626E-03 6.54353609356806E-03 6.54978232814844E-03 6.55576887908086E-03 6.56148716767229E-03 6.56692789544352E-03 6.57208901430832E-03 6.57696262951508E-03 6.58155480388229E-03 6.58587244702085E-03 6.58994803953017E-03 6.59380650319333E-03 6.59746934287782E-03 6.60094915834783E-03 6.60426475866696E-03 6.60742736653417E-03 6.6104501294048E-03 6.61334019458466E-03 6.61610448233309E-03 6.61874449713422E-03 6.62126772765005E-03 6.62367720016293E-03 6.62598082960333E-03 6.62818090941569E-03 6.6302772580843E-03 6.63226478420317E-03
6.01874557895201E-03 6.04370635508411E-03 6.06797311432779E-03 6.09155154685491E-03 6.11445677948483E-03 6.13670384653759E-03 6.15831139230835E-03 6.17929197088678E-03 6.1996560673965E-03 6.21941442363332E-03 6.23858493997318E-03 6.25718949707332E-03 6.27525620635173E-03 6.29279971161549E-03 6.3098232854276E-03 6.32633346138999E-03 6.34233328339446E-03 6.35782319468504E-03 6.37279482072946E-03 6.38723725335284E-03 6.40113876010722E-03 6.41448847490867E-03 6.42725812981477E-03 6.43939756665496E-03 6.45087798488526E-03 6.46173364271505E-03 6.47200704143859E-03 6.48173590349535E-03 6.49095162843518E-03 6.49969524272636E-03 6.50801217927704E-03 6.51595867175131E-03 6.52358915218239E-03 6.5309506778576E-03 6.53807419480777E-03 6.54497351658621E-03 6.55164216522373E-03 6.55809327475165E-03 6.56433139909098E-03 6.57034786211342E-03 6.57612001384875E-03 6.58163515903695E-03 6.58689471440353E-03 6.59189538464417E-03 6.59663782432854E-03 6.60111643748577E-03 6.60534052100732E-03 6.60932460431329E-03 6.61310439432454E-03 6.61669426460174E-03 6.62010811992997E-03 6.62335617245556E-03 6.62645612133688E-03 6.62941545118424E-03 6.63224492426416E-03 6.6349471064593E-03 6.6375261244801E-03 6.63998333497414E-03 6.64232634891333E-03 6.6445588339691E-03 6.64668989010888E-03 6.64871899772502E-03 6.65064535881263E-03 6.65246539455132E-03
