NongDo/Fusa 18.8h.grd
DSAA
463	323
2	464
2	324
0	10
[rows 252 to 279 of 323, columns 0 to 63 of 463]
0 0 0 0 0 0 0 0 0 0 0 0 0 0 0 0 0 0 0 0 0 0 0 0 0 0 0 0 0 0 0 0 0 0 0 0 0 0 3.95455125683776E-03 3.96681278125464E-03 3.9735508079027E-03 3.9794443476141E-03 3.98619256768974E-03 3.99416594636914E-03 4.0035370224214E-03 4.01439324747699E-03 4.02686926424193E-03 4.04105398291736E-03 4.05708460684312E-03 4.0750776787269E-03 4.09515644225637E-03 4.11743416357086E-03 4.14198157047112E-03 4.16885377338441E-03 4.19804546915399E-03 4.22955538674437E-03 4.26330398806703E-03 4.29920409601652E-03 4.33711233819591E-03 4.37691291939036E-03 4.41842484084711E-03 4.46141451059737E-03 4.50562305584781E-03 4.5507744872389E-03
0 0 0 0 0 0 0 0 0 0 0 0 0 0 0 0 0 0 0 0 0 0 0 0 0 0 0 0 0 0 0 0 0 0 0 0 0 3.94382756215624E-03 3.95455125683776E-03 3.96037004904336E-03 3.96677476612263E-03 3.97365174777808E-03 3.98147774916224E-03 3.99050045044082E-03 4.00092248473026E-03 4.0128733053757E-03 4.02651041034786E-03 4.04194605647362E-03 4.05932908243466E-03 4.0787930625612E-03 4.10046483557813E-03 4.12445615464979E-03 4.15082844680113E-03 4.17962319201883E-03 4.21081604838346E-03 4.24437960020939E-03 4.28020822237285E-03 4.31818225586521E-03 4.35812497191744E-03 4.39988105605982E-03 4.44323820613731E-03 4.48793223652864E-03 4.53367754031131E-03 4.58017610393417E-03
0 0 0 0 0 0 0 0 0 0 0 0 0 0 0 0 0 0 0 0 0 0 0 0 0 0 0 0 0 0 0 0 0 0 0 0 3.93470522139671E-03 3.94382756215624E-03 3.94896400654052E-03 3.95474811158956E-03 3.96137227918763E-03 3.96891795018042E-03 3.97760588586529E-03 3.98758411749151E-03 0.003999036235539 4.01210419605652E-03 4.02695514475468E-03 4.04371460614482E-03 4.06253843336865E-03 4.08357120131852E-03 4.10694002929683E-03 4.13275073947537E-03 4.16105118280696E-03 4.19186382729717E-03 4.22513908672377E-03 4.26082318271677E-03 4.29877853889035E-03 4.33884797291617E-03 4.38081764846168E-03 4.42449518772599E-03 4.46963345736557E-03 4.51593918590155E-03 4.56310305321375E-03 4.61080919990382E-03
0 0 0 0 0 0 0 0 0 0 0 0 0 0 0 0 0 0 0 0 0 0 0 0 0 0 0 0 0 0 0 0 0 0 0 3.93027016049309E-03 3.93470522139671E-03 3.93881165148435E-03 3.94371245463872E-03 3.94960687815349E-03 3.9566149673687E-03 3.96480204431889E-03 3.9743100337807E-03 3.98523592422541E-03 3.99774861032257E-03 4.01199617353964E-03 4.02814640120657E-03 4.04633311733651E-03 4.06671148544959E-03 4.08943619082253E-03 4.11462634385185E-03 4.14237825112309E-03 4.17272010125967E-03 4.20565176888995E-03 4.2410905455625E-03 4.27895532944667E-03 4.31907056434267E-03 4.36123589256052E-03 4.40520051706827E-03 4.45073588545621E-03 4.49756524493038E-03 4.54536530496047E-03 4.5938074082576E-03 4.64256241375185E-03
0 0 0 0 0 0 0 0 0 0 0 0 0 0 0 0 0 0 0 0 0 0 0 0 0 0 0 0 0 0 0 0 0 0 0 3.93027016049309E-03 3.93065870043624E-03 3.93365921866656E-03 3.9384043985893E-03 3.94455824624938E-03 3.9520776587457E-03 3.96097241928506E-03 3.97134808814774E-03 3.98328764616734E-03 3.99694794329575E-03 4.01247978696024E-03 4.03004842486276E-03 4.04979421084853E-03 4.07186978888157E-03 4.09643007597266E-03 4.12358271553922E-03 4.15340771394181E-03 4.18590905611432E-03 4.22105855466818E-03 4.25874040486443E-03 4.29883345780305E-03 4.34111824817187E-03 4.38535410963254E-03 4.43125678366743E-03 4.47856302247007E-03 4.52696486202706E-03 4.57611621979734E-03 4.6256744141408E-03 4.67530399499013E-03
0 0 0 0 0 0 0 0 0 0 0 0 0 0 0 0 0 0 0 0 0 0 0 0 0 0 0 0 0 0 0 0 0 0 3.91460126746668E-03 3.9228830750112E-03 3.9242882548436E-03 3.92760000683169E-03 3.93267420129846E-03 3.93932740125129E-03 3.94751389851477E-03 3.95723180763712E-03 3.96857171966901E-03 3.98163573342246E-03 3.99656873710675E-03 4.01352623858471E-03 4.03266250832742E-03 4.05412934602155E-03 4.07806721455237E-03 4.10462637165061E-03 4.13389682255241E-03 4.16593682408698E-03 4.20071900874906E-03 4.23818117836844E-03 4.27817115795647E-03 4.32051342123889E-03 4.36495071815556E-03 4.41120182524493E-03 4.45895327485862E-03 4.50790592523849E-03 4.55773295093649E-03 4.60806919528046E-03 4.65856274244307E-03 4.70887862617339E-03
0 0 0 0 0 0 0 0 0 0 0 0 0 0 0 0 0 0 0 0 0 0 0 0 0 0 0 0 0 0 0 0 0 0 3.91460126746668E-03 3.91504168259761E-03 3.91691378672478E-03 3.92073501873004E-03 3.92639275484928E-03 3.9337453186167E-03 3.94276088106743E-03 3.95344565109319E-03 3.96589393861824E-03 3.98022886405441E-03 3.99659438686697E-03 4.01514768562205E-03 4.03603207735307E-03 4.05940181657513E-03 4.08538398048746E-03 4.11411662767737E-03 4.14566684737965E-03 4.18006335028556E-03 0.004217240215982 4.25709398252119E-03 4.29942826376718E-03 4.34401601380134E-03 4.39055886427875E-03 4.43873934925357E-03 4.48821722160185E-03 4.53866793740914E-03 4.58974954153265E-03 4.64108429367961E-03 4.69231810816944E-03 4.7431257310636E-03
0 0 0 0 0 0 0 0 0 0 0 0 0 0 0 0 0 0 0 0 0 0 0 0 0 0 0 0 0 0 0 0 0 0 3.90609090900085E-03 3.9062183634748E-03 3.90858736537657E-03 3.91308593902588E-03 3.91951684257526E-03 3.92774423310813E-03 3.93775170737522E-03 3.94956396233806E-03 3.96328874615491E-03 3.97907249513729E-03 3.99705749934679E-03 4.01740584323548E-03 4.04023992743667E-03 4.06571491742504E-03 4.09393424880876E-03 4.12502214514508E-03 4.15901493001754E-03 4.1959023642511E-03 4.23557049584104E-03 4.27786750867524E-03 4.32255162779677E-03 4.36934562201394E-03 4.41791328055327E-03 4.46790197005502E-03 4.51895220761676E-03 4.57072162335874E-03 4.62286661888925E-03 4.67499755684622E-03 4.72676725188249E-03 4.77787108020224E-03
0 0 0 0 0 0 0 0 0 0 0 0 0 0 0 0 0 0 0 0 0 0 0 0 0 0 0 0 0 0 0 0 0 0 3.89585187915982E-03 3.89609416182356E-03 3.89920960848496E-03 3.90460355999193E-03 3.91200668890911E-03 3.92129650854808E-03 3.93247912156759E-03 3.9456027135724E-03 3.96079183299351E-03 3.97822587060821E-03 3.99804242396809E-03 4.0204030882511E-03 4.04540478992542E-03 4.07319820469854E-03 4.10385054994416E-03 4.13747505401312E-03 4.17406530448565E-03 4.21355864848134E-03 4.25578532445479E-03 4.30054404962703E-03 4.34754682829503E-03 4.39647066139332E-03 4.44694523608241E-03 4.49859010211551E-03 4.55103233758361E-03 4.60392235643405E-03 4.65692357763204E-03 4.70963650365844E-03 4.76173518000358E-03 4.81294788723672E-03
0 0 0 0 0 0 0 0 0 0 0 0 0 0 0 0 0 0 0 0 0 0 0 0 0 0 0 0 0 0 0 0 0 3.86776487737748E-03 3.88212666932433E-03 3.88424375566191E-03 3.88873266854498E-03 3.89531579987899E-03 3.90390795004343E-03 3.91445612439347E-03 3.92700961334154E-03 3.94164718461544E-03 3.9585033242669E-03 3.97781188002822E-03 3.99968506137192E-03 4.02429148442708E-03 4.05168200906529E-03 4.08201716771646E-03 4.11529572835002E-03 4.15163353015777E-03 4.19095497110599E-03 4.23313586148943E-03 4.27794899638961E-03 4.32514439446336E-03 4.37439253374694E-03 4.42532560660741E-03 4.4775526096357E-03 4.53067036018509E-03 4.58430425140151E-03 4.63809591271707E-03 4.69173673247198E-03 4.74481256504335E-03 4.79704339418218E-03 4.84819798506537E-03
0 0 0 0 0 0 0 0 0 0 0 0 0 0 0 0 0 0 0 0 0 0 0 0 0 0 0 0 0 0 0 0 0 3.86776487737748E-03 3.86850377581607E-03 3.87156050993611E-03 3.87738196247007E-03 3.88536070953109E-03 3.89534314200405E-03 3.90734342699867E-03 3.92146896676827E-03 3.93783655761541E-03 3.95659667686878E-03 3.97800733774016E-03 4.00217195647258E-03 4.02924860010295E-03 4.05925685138801E-03 4.09233846469737E-03 4.12844771094882E-03 4.16764811567774E-03 4.20979051473897E-03 4.25469121484854E-03 4.30207417769089E-03 4.35163770754136E-03 4.40301264613435E-03 4.45579796787066E-03 4.50958854650112E-03 4.56397660744528E-03 4.61859176493611E-03 4.67307484309982E-03 4.72711525011846E-03 4.7803446567062E-03 4.83253822608902E-03 4.88349315904465E-03
0 0 0 0 0 0 0 0 0 0 0 0 0 0 0 0 0 0 0 0 0 0 0 0 0 0 0 0 0 0 0 0 0 3.85371946475804E-03 3.85410288917297E-03 3.85837869845259E-03 3.86561294050032E-03 3.8750531109703E-03 3.88655900175482E-03 3.90017580838472E-03 3.91606393873727E-03 3.93437408522649E-03 3.95528529773416E-03 3.97903853580513E-03 4.00573711942747E-03 4.03551363468299E-03 4.06836182189581E-03 4.10437441496671E-03 4.14348260910875E-03 4.18563154101759E-03 4.23063380434863E-03 4.2782362532854E-03 4.32812738181825E-03 4.37994060628409E-03 4.43328595660608E-03 4.48773237965428E-03 4.54287293197989E-03 4.59830637871167E-03 4.65367440691534E-03 4.7086279822116E-03 4.76285537915706E-03 4.81609033861415E-03 4.86811329004005E-03 4.9187513103783E-03
0 0 0 0 0 0 0 0 0 0 0 0 0 0 0 0 0 0 0 0 0 0 0 0 0 0 0 0 0 0 0 0 3.80580319010177E-03 3.83435633387261E-03 3.83821893959645E-03 3.8447137997946E-03 3.85364943445028E-03 3.86468778044589E-03 3.87784371425287E-03 3.89323735644592E-03 3.91107605013343E-03 3.93154250032567E-03 3.95482595996257E-03 3.98115157785382E-03 4.01060613695221E-03 4.04329173859275E-03 4.07916230947998E-03 4.11825819587891E-03 4.16045434118917E-03 4.20560355076691E-03 4.25346007357492E-03 4.30371261024538E-03 4.3560060362927E-03 4.40992651526918E-03 4.46506264085224E-03 4.52096907414886E-03 4.57724435964406E-03 4.63350233374486E-03 4.68940605183371E-03 4.74462792748058E-03 4.79888837745714E-03 4.85198325274901E-03 4.90370746248588E-03 4.95390533975366E-03
0 0 0 0 0 0 0 0 0 0 0 0 0 0 0 0 0 0 0 0 0 0 0 0 0 0 0 0 0 0 0 3.79549664938174E-03 3.80580319010177E-03 3.81545291308539E-03 3.82282384982063E-03 3.83139245530815E-03 3.84198491666929E-03 3.85464532686364E-03 3.8695416235717E-03 3.88685469311807E-03 3.90682131522623E-03 3.92964072249998E-03 3.95549909440633E-03 3.98460212232156E-03 4.01700821594391E-03 4.05277431387303E-03 0.004091803366159 4.13407077795002E-03 4.1793921577671E-03 4.22753980264656E-03 4.27820438004759E-03 4.33101453204467E-03 4.38557558819321E-03 4.44143857573844E-03 4.49817724553192E-03 4.55534337748568E-03 4.61254670896452E-03 4.66942625678291E-03 4.72567665269112E-03 4.78100329266347E-03 4.83515709369829E-03 4.88797092459449E-03 4.93926465386039E-03 4.98889443605815E-03
0 0 0 0 0 0 0 0 0 0 0 0 0 0 0 0 0 0 0 0 0 0 0 0 0 0 0 0 0 0 0 3.79549664938174E-03 3.7961775710965E-03 3.80148195560018E-03 3.80906772681363E-03 3.81882485995805E-03 3.8308830426317E-03 3.8451936961664E-03 3.86193715456361E-03 3.88132368619872E-03 3.90359704317532E-03 3.9289561518002E-03 3.95756863219626E-03 3.98962246647933E-03 4.02513553638527E-03 4.06410822166787E-03 4.10638177196224E-03 4.15186729999484E-03 4.20031093202317E-03 4.2514129955537E-03 4.30479862790563E-03 4.36004153064069E-03 4.41671046264699E-03 4.47433260266883E-03 4.53247842739433E-03 4.59070082272019E-03 4.64863020908719E-03 4.70593877914404E-03 4.76235882748025E-03 4.8176303933993E-03 4.87153948469031E-03 4.92394408941697E-03 4.97468274117565E-03 5.02362064658455E-03
0 0 0 0 0 0 0 0 0 0 0 0 0 0 0 0 0 0 0 0 0 0 0 0 0 0 0 0 0 0 0 3.78261458116699E-03 3.78297613418916E-03 3.78783610072576E-03 0.003796008412598 3.80693971523094E-03 3.82049676890818E-03 3.83655281178668E-03 3.85528411725921E-03 3.87691378473484E-03 3.90167344852533E-03 3.92975177687888E-03 3.96128088578626E-03 3.9964338376265E-03 4.03517472452818E-03 4.07743562332014E-03 4.12299312085935E-03 4.17169032833184E-03 4.22321008931364E-03 4.27717529960456E-03 4.33315587275707E-03 4.39067212759238E-03 4.44926803357453E-03 4.50845129909682E-03 4.56780305435307E-03 4.62687837181333E-03 4.68534049892316E-03 4.74289989273048E-03 4.79932858736597E-03 4.85440120564362E-03 4.90793350439016E-03 4.95980434870048E-03 5.00986716117569E-03 5.05799072369842E-03
0 0 0 0 0 0 0 0 0 0 0 0 0 0 0 0 0 0 0 0 0 0 0 0 0 0 0 0 0 0 3.74682323822404E-03 3.76474968327567E-03 3.7675713505548E-03 3.77377823471048E-03 3.78321922213593E-03 3.79560903109975E-03 3.81086497422094E-03 3.82887169294251E-03 3.84979238426401E-03 3.87385716205491E-03 3.90128320099543E-03 3.93224809610447E-03 3.96684922067799E-03 4.00521822675564E-03 4.04726114750817E-03 4.09284559264883E-03 4.14168624136433E-03 4.19355426773848E-03 4.24806175905415E-03 4.30476440172513E-03 4.36317846650735E-03 4.42278493138277E-03 4.48310746843855E-03 4.54364637914696E-03 4.60399079550972E-03 4.66371965059259E-03 4.72253482069026E-03 4.7801806082214E-03 4.83646338566232E-03 4.89119439594098E-03 4.94422498099386E-03 4.99544409219602E-03 5.04471142928538E-03 5.09190083749128E-03
0 0 0 0 0 0 0 0 0 0 0 0 0 0 0 0 0 0 0 0 0 0 0 0 0 0 0 0 0 0 3.74682323822404E-03 3.74786633630263E-03 3.75203159107471E-03 3.7597989388995E-03 3.77085789573967E-03 3.78499502117895E-03 3.80217263067577E-03 3.82234570420591E-03 3.84567190383284E-03 3.87237622004866E-03 3.9026464695048E-03 3.93665656789353E-03 3.97446463101555E-03 4.01613349224869E-03 4.06151956937175E-03 4.11042377760659E-03 4.16250424073353E-03 4.21744637948336E-03 4.27481098346838E-03 4.3340833662796E-03 0.00439473794587 4.45622428482405E-03 4.51805750902048E-03 4.57973974863213E-03 4.64087282890197E-03 4.70107753805281E-03 4.76008246999205E-03 4.8176640642465E-03 4.87366125182952E-03 4.92792410303617E-03 4.98033257630659E-03 5.03077784411039E-03 5.07912924886401E-03 5.12526462366987E-03
0 0 0 0 0 0 0 0 0 0 0 0 0 0 0 0 0 0 0 0 0 0 0 0 0 0 0 0 0 3.70739648316981E-03 3.72723269506611E-03 3.73017981141345E-03 3.73644564919476E-03 3.74609738771994E-03 3.75906135586801E-03 3.7752154847216E-03 3.79458022336537E-03 3.81716403571622E-03 3.84312292120447E-03 3.87266915450201E-03 3.90595942442136E-03 3.9431512187899E-03 3.98425915439976E-03 4.02928160119196E-03 4.07801613610494E-03 4.13020143478924E-03 4.18543466571286E-03 4.24332958839466E-03 4.30338775788174E-03 4.36503922465906E-03 4.42772081155045E-03 4.4908656206757E-03 4.55398827984601E-03 4.6166042159986E-03 4.67833727492013E-03 4.73884494806861E-03 4.79788434542955E-03 0.004855258991693 4.91083630956738E-03 4.96450214528424E-03 5.01616368857292E-03 5.06571423486858E-03 5.11302762679903E-03 5.15798795778827E-03
0 0 0 0 0 0 0 0 0 0 0 0 0 0 0 0 0 0 0 0 0 0 0 0 0 0 0 0 0 3.70739648316981E-03 3.70851798317871E-03 3.71303214440292E-03 3.72127420790837E-03 3.73297316099346E-03 3.7480656180082E-03 3.76648356119623E-03 3.78829203594207E-03 3.81352811546509E-03 3.8423397981925E-03 3.8749225546469E-03 3.91139090404236E-03 3.95187892261122E-03 3.99635277165871E-03 4.04474927015126E-03 4.09680812827004E-03 4.15219968213642E-03 4.21046303325534E-03 4.27114554980483E-03 4.33370518767154E-03 4.39751879739919E-03 4.4619963564531E-03 4.52656920264563E-03 4.59076304438889E-03 4.65411583966162E-03 4.71627128639467E-03 4.7769226935901E-03 4.8358505406498E-03 4.89288334728346E-03 4.94791033428034E-03 5.00085305885482E-03 5.05164339840769E-03 5.10017413539974E-03 5.14632266267218E-03 5.18998310765814E-03
0 0 0 0 0 0 0 0 0 0 0 0 0 0 0 0 0 0 0 0 0 0 0 0 0 0 0 0 3.66601227130021E-03 3.68668040773395E-03 3.68968699561118E-03 3.69632869519477E-03 3.70670980317862E-03 3.72064225663301E-03 3.73809015397673E-03 3.75901653570589E-03 3.78351727354309E-03 3.81163842354261E-03 3.84350730363178E-03 3.87929852918737E-03 3.9190768842756E-03 3.96294928921586E-03 4.01082574057095E-03 4.06258903327133E-03 4.11791713257351E-03 4.17641098752038E-03 4.2375529444704E-03 4.30083755615503E-03 4.36568556819457E-03 4.43142589360862E-03 4.49745748442985E-03 4.5632280414409E-03 4.62828177534294E-03 4.69218118629362E-03 4.75458961243328E-03 4.81523293856086E-03 4.87391129343363E-03 4.93047103550322E-03 4.98481741210023E-03 5.03690669702415E-03 5.08669653029018E-03 5.13407326982969E-03 5.17892167522081E-03 5.22115444997619E-03
0 0 0 0 0 0 0 0 0 0 0 0 0 0 0 0 0 0 0 0 0 0 0 0 0 0 0 0 3.66601227130021E-03 3.66706123746238E-03 3.6715667809292E-03 3.6803335525558E-03 3.69303529309987E-03 3.70940614588674E-03 3.72943062897096E-03 3.75308834034235E-03 3.78049915111599E-03 3.81170773444924E-03 3.84680661837066E-03 3.88595567799625E-03 3.92914555868206E-03 3.97646799168954E-03 4.02775899344153E-03 4.08285180555714E-03 4.14136384937561E-03 4.20282090398361E-03 4.26666251019128E-03 4.33232771557848E-03 4.39922866336625E-03 4.46664037054538E-03 4.53398057673325E-03 4.6007268882453E-03 4.66644085735555E-03 4.73071239643882E-03 4.79321228058287E-03 4.85370574103141E-03 4.91199865877215E-03 4.96795570639961E-03 5.02148749947063E-03 5.07258701620963E-03 5.12124016622536E-03 5.16731668388125E-03 5.21072407199129E-03 5.25140302102814E-03
0 0 0 0 0 0 0 0 0 0 0 0 0 0 0 0 0 0 0 0 0 0 0 0 0 0 0 0 3.64639572118575E-03 3.64703222064542E-03 3.65378081838941E-03 3.6651523574184E-03 3.68049959159023E-03 3.69956075922417E-03 3.72237954383151E-03 3.74897169876457E-03 3.77947497872711E-03 3.81393337299493E-03 3.85240680111847E-03 3.89501996388477E-03 3.94170226378301E-03 3.99250542355611E-03 4.04720016624695E-03 4.10555282357425E-03 4.16711906716746E-03 4.23137021189005E-03 4.29771395253181E-03 4.36553737256839E-03 4.43422067153493E-03 4.50304850506454E-03 4.57147026867594E-03 4.63898892702268E-03 4.70517661335128E-03 4.76964856023069E-03 4.83208685474565E-03 4.89228411673994E-03 4.95004947398821E-03 5.00526255692623E-03 5.05784307889122E-03 5.10781229318039E-03 5.15516739936454E-03 5.19978601337808E-03 5.24161223095697E-03 5.2806202964497E-03
0 0 0 0 0 0 0 0 0 0 0 0 0 0 0 0 0 0 0 0 0 0 0 0 0 0 0 3.5795390982453E-03 3.61933274963866E-03 3.62590523587956E-03 0.003636725522464 3.65130224092151E-03 3.66957277586791E-03 3.69151625169909E-03 3.71729245234516E-03 3.74697172853013E-03 3.78070277187288E-03 3.81853503064996E-03 3.86048830712295E-03 3.90664086191536E-03 0.003956857315663 4.01112957252834E-03 4.06917543115665E-03 4.13066617514037E-03 4.19512301488291E-03 4.26196336587482E-03 4.33058417060318E-03 4.40031336438952E-03 4.47052194285903E-03 4.54055103659049E-03 4.60985088175277E-03 4.67795820828618E-03 4.74444194065489E-03 4.80895550135801E-03 4.87117052036449E-03 4.93091561358777E-03 4.98799253973141E-03 5.04230409850694E-03 5.09376984720444E-03 5.14243755763587E-03 5.18833127160442E-03 5.23134556432769E-03 5.27146358566802E-03 5.30870116890714E-03
0 0 0 0 0 0 0 0 0 0 0 0 0 0 0 0 0 0 0 0 0 0 0 0 0 0 3.55469441842707E-03 3.5795390982453E-03 3.59436929950286E-03 3.60705285378057E-03 3.62174161506555E-03 3.63947387431987E-03 3.66070535311909E-03 3.68562002644451E-03 3.7144634692612E-03 3.74733986171074E-03 3.78439763303543E-03 3.82567894988792E-03 3.87116875325726E-03 3.9208890663988E-03 3.97463998004021E-03 4.03234085852379E-03 4.09363557329495E-03 4.15812454683571E-03 4.22528440442714E-03 4.29450249221505E-03 4.3651603239305E-03 4.43655952867219E-03 4.5080765256916E-03 4.57909408042873E-03 4.64908237429498E-03 4.7175924431056E-03 4.78419870417771E-03 4.84857241987488E-03 4.91039664989478E-03 4.96951116596263E-03 5.02572215972794E-03 5.07895109311612E-03 5.12913493539034E-03 5.17634045506972E-03 5.22060277977014E-03 5.26186240208028E-03 5.30015740673491E-03 5.33554589979975E-03
0 0 0 0 0 0 0 0 0 0 0 0 0 0 0 0 0 0 0 0 0 0 0 0 0 3.54342643199459E-03 3.55469441842707E-03 3.56521470570578E-03 3.57790853413359E-03 3.59239973127914E-03 3.6096469704845E-03 3.63012350898699E-03 3.65421645727618E-03 3.68213226255613E-03 3.71411790539513E-03 3.75027644007619E-03 3.79073159380241E-03 3.83551157729156E-03 3.88456149727729E-03 3.93783814876103E-03 3.99507740969404E-03 4.0561073070347E-03 4.12051150239768E-03 4.18782267249358E-03 4.25748351724064E-03 4.32886039293263E-03 4.40133035185905E-03 4.47418942668664E-03 4.54681777623351E-03 4.6186373579385E-03 4.6891337876875E-03 4.75786824168773E-03 4.82441600073624E-03 4.88846100663818E-03 4.94970059890283E-03 5.00797529050691E-03 5.06311434584929E-03 5.11505460115317E-03 5.16376351708358E-03 5.20931892567038E-03 5.25179550485752E-03 5.29118760258058E-03 5.32757908899746E-03 5.36107340757607E-03
0 0 0 0 0 0 0 0 0 0 0 0 0 0 0 0 0 0 0 0 0 0 0 0 0 3.54342643199459E-03 3.54442345117339E-03 3.55217318382394E-03 3.56456982487571E-03 3.58053226195318E-03 3.60004094208329E-03 3.62316226899971E-03 3.65013973451768E-03 3.68113908478779E-03 3.71636679640589E-03 3.75589361147109E-03 3.79980008143595E-03 3.84809908770226E-03 3.9006990470642E-03 3.95748442513591E-03 4.01812877147302E-03 4.08236963579595E-03 4.1497241542199E-03 4.21967117700191E-03 4.29162324503009E-03 4.36494231401431E-03 4.43900638440337E-03 4.51311571413774E-03 4.5866570196658E-03 4.65908841373657E-03 4.72990832953632E-03 4.79867358439369E-03 4.86495884515952E-03 4.92845884564834E-03 4.98889358805703E-03 5.04610532096901E-03 5.09995221946254E-03 5.15039735916853E-03 5.19744962608653E-03 5.24120607126558E-03 5.28177188684907E-03 5.31920506104843E-03 5.35364308942419E-03 5.38522709251876E-03
0 0 0 0 0 0 0 0 0 0 0 0 0 0 0 0 0 0 0 0 0 0 0 0 3.50542880152252E-03 3.52506710096729E-03 3.52919797047743E-03 3.53849512317302E-03 3.55244615901351E-03 3.57048292864194E-03 3.59249038435665E-03 3.61841703483895E-03 3.64842730171988E-03 3.68265995061067E-03 3.72125814388525E-03 3.76425766215205E-03 3.81167036049197E-03 3.86350809728733E-03 3.91963369056121E-03 3.9798481074663E-03 4.04378243524394E-03 4.11106776691767E-03 4.18118694347768E-03 4.25355831415682E-03 4.32758489337109E-03 4.40262970460588E-03 4.47807693021752E-03 4.55324095579872E-03 4.62749934614672E-03 4.70036003811182E-03 0.004771308479546 4.83989375646508E-03 4.90568931718817E-03 4.96840422941639E-03 5.02779271998881E-03 5.0836935238549E-03 5.13602122514019E-03 5.18476174527096E-03 5.22998661978484E-03 5.27180500820269E-03 5.31037309869313E-03 5.34580718979481E-03 5.37828501965142E-03 5.40797845450615E-03
