NongDo/Fusa 16.1h.grd
DSAA
463	323
2	464
2	324
0	10
[rows 56 to 83 of 323, columns 256 to 319 of 463]
0 0 0 0 0 0 0 0 0 0 0 0 0 0 0 0 0 0 0 0 0 0 0 0 0 0 0 0 0 0 0 0 0 0 0 0 0 0 0 0 0 0 0 0 0 0 0 0 0 0 0 0 0 0 0 0 0 0 0 0 0 0 0 0
0 0 0 0 0 0 0 0 0 0 0 0 0 0 0 0 0 0 0 0 0 0 0 0 0 0 0 0 0 0 0 0 0 0 0 0 0 0 0 0 0 0 0 0 0 0 0 0 0 0 0 0 0 0 0 0 0 0 0 0 0 0 0 0
0 0 0 0 0 0 0 0 0 0 0 0 0 0 0 0 0 0 0 0 0 0 0 0 0 0 0 0 0 0 0 0 0 0 0 0 0 0 0 0 0 0 0 0 0 0 0 0 0 0 0 0 0 0 0 0 0 0 0 0 0 0 0 0
0 0 0 0 0 0 0 0 0 0 0 0 0 0 0 0 0 0 0 0 0 0 0 0 0 0 0 0 0 0 0 0 0 0 0 0 0 0 0 0 0 0 0 0 0 0 0 0 0 0 0 0 0 0 0 0 0 0 0 0 0 0 0 0
0 0 0 0 0 0 0 0 0 0 0 0 0 0 0 0 0 0 0 0 0 0 0 0 0 0 0 0 0 0 0 0 0 0 0 0 0 0 0 0 0 0 0 0 0 0 0 0 0 0 0 0 0 0 0 0 0 0 0 0 0 0 0 0
0 0 0 0 0 0 0 0 0 0 0 0 0 0 0 0 0 0 0 0 0 0 0 0 0 0 0 0 0 0 0 0 0 0 0 0 0 0 0 0 0 0 0 0 0 0 0 0 0 0 0 0 0 0 0 0 0 0 0 0 0 0 0 0
0 0 0 0 0 0 0 0 0 0 0 0 0 0 0 0 0 0 0 0 0 0 0 0 0 0 0 0 0 0 0 0 0 0 0 0 0 0 0 0 0 0 0 0 0 0 0 0 0 0 0 0 0 0 0 0 0 0 0 0 0 0 0 0
0 0 0 0 0 0 0 0 0 0 0 0 0 0 0 0 0 0 0 0 0 0 0 0 0 0 0 0 0 0 0 0 0 0 0 0 0 0 0 0 0 0 0 0 0 0 0 0 0 0 0 0 0 0 0 0 0 0 0 0 0 0 6.95795853752399E-03 6.96081286434507E-03
0 0 0 0 0 0 0 0 0 0 0 0 0 0 0 0 0 0 0 0 0 0 0 0 0 0 0 0 0 0 0 0 0 0 0 0 0 0 0 0 0 0 0 0 0 0 0 0 0 0 0 0 0 0 0 0 0 0 6.94424513664359E-03 6.94803274773335E-03 6.95226333084684E-03 6.95646377658707E-03 6.95795853752399E-03 6.96081286434507E-03
0 0 0 0 0 0 0 0 0 0 0 0 0 0 0 0 0 0 0 0 0 0 0 0 0 0 0 0 0 0 0 0 0 0 0 0 0 0 0 0 0 0 0 0 0 0 0 0 0 0 0 0 0 0 6.92697291758643E-03 6.93169985785057E-03 6.93677928718865E-03 6.9418039659647E-03 6.94424513664359E-03 6.94803274773335E-03 6.95226333084684E-03 6.95646377658707E-03 6.96008984651594E-03 6.96383084078192E-03
0 0 0 0 0 0 0 0 0 0 0 0 0 0 0 0 0 0 0 0 0 0 0 0 0 0 0 0 0 0 0 0 0 0 0 0 0 0 0 0 0 0 0 0 0 0 0 0 0 0 0 6.91123885681509E-03 6.9172780732198E-03 6.92340483820978E-03 6.92697291758643E-03 6.93169985785057E-03 6.93677928718865E-03 6.9418039659647E-03 6.94627609913144E-03 6.95089256114401E-03 6.95556819219299E-03 6.9601857742356E-03 6.96460772309815E-03 6.96896367738078E-03
0 0 0 0 0 0 0 0 0 0 0 0 0 0 0 0 0 0 0 0 0 0 0 0 0 0 0 0 0 0 0 0 0 0 0 0 0 0 0 0 0 0 0 0 0 6.86575674364508E-03 6.87383931358196E-03 6.88216158451222E-03 6.89042771677273E-03 6.89853342070151E-03 6.90626335000993E-03 6.91123885681509E-03 6.9172780732198E-03 6.92340483820978E-03 6.92893717071036E-03 6.9344815690098E-03 6.94002156052675E-03 6.94548047039336E-03 6.95074436308395E-03 6.95594740516734E-03 6.96105295955249E-03 6.96606133550782E-03 6.97094044692211E-03 6.97571717519429E-03
0 0 0 0 0 0 0 0 0 0 0 0 0 0 0 0 0 0 0 0 0 0 0 0 0 0 0 0 0 0 0 0 0 0 0 0 0 0 0 0 0 0 0 6.84906109962102E-03 6.85837028206697E-03 6.86575674364508E-03 6.87383931358196E-03 6.88216158451222E-03 6.89042771677273E-03 6.89853342070151E-03 6.90626335000993E-03 6.91327878754958E-03 6.92015810250225E-03 6.92685629671473E-03 6.93323085937932E-03 6.93941341602363E-03 6.9454352235031E-03 6.95132154415128E-03 6.95705108877233E-03 6.96266318210063E-03 6.96814054377112E-03 6.97349884558743E-03 6.97873203538064E-03 6.98385578646841E-03
6.34418526930025E-03 6.35805556494312E-03 6.3721587756385E-03 6.38621025057298E-03 6.40010412683997E-03 6.41388736486092E-03 6.42745504451461E-03 6.44079333197611E-03 6.45391508699847E-03 6.46694398915813E-03 6.47991366835686E-03 6.49289503771314E-03 6.50574336405753E-03 6.51837611218859E-03 6.53072937531762E-03 6.54289407900308E-03 6.55486826169949E-03 6.56674064806695E-03 6.57842358186639E-03 6.58993248400258E-03 6.60127457750566E-03 6.61257878166269E-03 6.62386642924253E-03 6.63522386090505E-03 6.64653087628184E-03 6.65773511983331E-03 6.66876003675003E-03 0.006679673305069 6.69042563035731E-03 6.70108068310084E-03 6.71154849298961E-03 6.72189362498998E-03 6.7322160368285E-03 6.74288573348881E-03 6.75446417324602E-03 0 0 0 0 6.80964733387736E-03 6.81917264924886E-03 6.82985104208384E-03 0.00684075169812 6.84906109962102E-03 6.85837028206697E-03 6.8673790126597E-03 6.87627545818242E-03 6.88503785255756E-03 6.89361489547871E-03 6.90199831937222E-03 6.91009199135155E-03 6.91785707598439E-03 6.92534458344443E-03 6.93256962810845E-03 6.93949452220681E-03 6.94617077650427E-03 6.95262509169204E-03 6.95890409529201E-03 6.96501347796998E-03 6.97098198620121E-03 6.97680413494131E-03 6.98249734074184E-03 6.98806461438656E-03 6.9935253085357E-03
6.34418526930025E-03 6.35805556494312E-03 6.3721587756385E-03 6.38621025057298E-03 6.40010412683997E-03 6.41388736486092E-03 6.42745504451461E-03 6.44079333197611E-03 6.45391508699847E-03 6.46694398915813E-03 6.47991366835686E-03 6.49289503771314E-03 6.50574336405753E-03 6.51837611218859E-03 6.53072937531762E-03 6.54289407900308E-03 6.55486826169949E-03 6.56674064806695E-03 6.57842358186639E-03 6.58993248400258E-03 6.60127457750566E-03 6.61257878166269E-03 6.62386642924253E-03 6.63522386090505E-03 6.64653087628184E-03 6.65773511983331E-03 6.66876003675003E-03 0.006679673305069 6.69042563035731E-03 6.70108068310084E-03 6.71154849298961E-03 6.72189362498998E-03 6.7322160368285E-03 6.74288573348881E-03 6.75446417324602E-03 6.76955112558761E-03 6.78073658489593E-03 6.79157800106107E-03 6.80210993901212E-03 6.80964733387736E-03 6.81917264924886E-03 6.82985104208384E-03 0.00684075169812 6.85109911294522E-03 6.86130160721296E-03 6.87122640110395E-03 6.88083028175854E-03 6.89012100338256E-03 6.89912495156063E-03 6.90788634734013E-03 6.91637132649695E-03 6.92460071880602E-03 6.9325426957852E-03 6.94020644368459E-03 6.94757052842678E-03 6.95466660883475E-03 6.96151909088858E-03 6.96817588791549E-03 6.97465007766449E-03 6.98096923349317E-03 6.98713456270734E-03 6.99316528435602E-03 6.9990722515211E-03 7.00487819172294E-03
6.34652223675716E-03 6.36136498293019E-03 6.37589979433703E-03 6.39018231289435E-03 6.40422396104471E-03 6.4181059728656E-03 6.43174814712054E-03 6.44513545084397E-03 6.45829898645497E-03 6.47135378370041E-03 6.4843420592918E-03 6.49735327147699E-03 6.51022953111216E-03 6.52285800734226E-03 6.53520828557444E-03 6.54736791514752E-03 6.55934739670547E-03 6.57122176252621E-03 6.58291749425118E-03 6.59443859607488E-03 6.60580506141909E-03 6.6171288986384E-03 6.62844012939802E-03 6.6398339894865E-03 6.65118417769177E-03 6.66241252273801E-03 6.67346421610731E-03 6.68439579362487E-03 6.69516559273029E-03 6.70581432414598E-03 6.71625508103011E-03 6.72651617941273E-03 6.73666857030846E-03 6.74697306396159E-03 6.75775489551486E-03 6.76955112558761E-03 6.78073658489593E-03 6.79157800106107E-03 6.80210993901212E-03 6.81214928957963E-03 6.82263760268691E-03 6.8337130076901E-03 6.84493363338354E-03 6.85597568951608E-03 6.86678021824769E-03 6.87731415759734E-03 6.88748722136565E-03 6.89729145706679E-03 6.9067562119863E-03 6.91593209692632E-03 6.92481466335588E-03 6.93344064563365E-03 6.94177482501938E-03 6.94982466481766E-03 6.95757530538239E-03 6.9650529325877E-03 6.97228252203391E-03 6.97930868240122E-03 6.98614551767539E-03 6.99281695106067E-03 6.9993283310081E-03 7.00570235442332E-03 7.01195562652995E-03 7.01811159787564E-03
6.3522496315565E-03 6.36766525912075E-03 6.38259989965384E-03 6.39716696707829E-03 6.41142537790965E-03 6.42546438192034E-03 6.43923512209344E-03 6.45272928412798E-03 6.46599744304161E-03 6.47913671670869E-03 6.49218807331142E-03 6.50523791739497E-03 6.51812471625389E-03 6.53073637176113E-03 6.54308759042123E-03 6.55525202815099E-03 6.56724877087638E-03 6.57913341029608E-03 6.59085821309305E-03 6.60242008716549E-03 6.61385368549324E-03 6.62524516862423E-03 6.63662669081781E-03 6.64808231297787E-03 6.65948363487234E-03 6.6707459417057E-03 6.6818454210683E-03 6.69281799648861E-03 6.70362818780954E-03 6.7142899594254E-03 6.72473329154726E-03 6.73495821985343E-03 6.74502227862187E-03 6.75509693269438E-03 6.76537885632958E-03 6.77612322495395E-03 6.78688033465176E-03 6.79756604146191E-03 6.80818307005542E-03 6.81884323198114E-03 6.82975204119858E-03 6.8410301758614E-03 6.85243522085936E-03 6.86377909870784E-03 6.87494826304059E-03 6.88590289881115E-03 6.89652713298416E-03 6.90678478246937E-03 6.91667935279219E-03 6.92625507349864E-03 6.93551691119929E-03 6.94450717702298E-03 6.95319653083432E-03 6.96159530611085E-03 6.96969728562883E-03 6.97752684074702E-03 6.98511130678677E-03 6.99249153625311E-03 6.99968034840684E-03 7.00669755830315E-03 7.01355401890367E-03 7.02027131465699E-03 7.02686980493949E-03 7.03337248167457E-03
6.36076247436016E-03 6.37654057888137E-03 6.39181414151431E-03 6.40667637499944E-03 6.42119003212098E-03 6.43542612636116E-03 6.44936359743977E-03 6.46302024009009E-03 6.4764486244556E-03 6.48972595609263E-03 6.50288877293402E-03 6.51597392888833E-03 6.52885386473944E-03 6.54146980733676E-03 6.55385033519983E-03 6.56605019878691E-03 6.57809101700768E-03 6.59001042920425E-03 6.6017826527995E-03 6.61341997494661E-03 6.62495858771379E-03 6.63646170561558E-03 6.6479585693919E-03 6.65948675297511E-03 6.67093835434722E-03 6.68226136592827E-03 6.69344204043148E-03 6.70449187557188E-03 6.71537708796084E-03 6.72609164387774E-03 6.7365799561147E-03 6.74684492916419E-03 6.75693111045626E-03 6.76695385144711E-03 6.77704685578398E-03 6.78737403631917E-03 6.79780823793779E-03 6.8083155466123E-03 6.81890645563536E-03 6.82967860536332E-03 6.84069002427622E-03 6.85199922581964E-03 6.8634491168777E-03 6.87492085682217E-03 6.88630134726706E-03 6.89752503019555E-03 6.90846822050957E-03 6.91907289876335E-03 6.92932109221917E-03 6.93923834140476E-03 6.94883243026336E-03 6.95813504488693E-03 6.96712741202194E-03 6.97582501473517E-03 6.98422948329453E-03 6.99236994438904E-03 7.0002750931351E-03 7.0079788922939E-03 7.01549212314573E-03 7.02283382866373E-03 7.03001661907625E-03 7.03706268829494E-03 7.04399292433364E-03 7.05082853672591E-03
6.37165809926407E-03 6.38776367057308E-03 6.4033673738557E-03 6.41853743085653E-03 6.43332980545247E-03 6.44780208679874E-03 6.46196245310626E-03 6.47583861252529E-03 6.4894679140862E-03 6.50290953739478E-03 6.51619041454632E-03 6.52932303043694E-03 6.54224557534002E-03 6.55492715376738E-03 6.56738169377515E-03 6.57965275450706E-03 6.59176681650404E-03 6.60375563348654E-03 6.61561908255758E-03 6.62737449253357E-03 6.63904662725842E-03 6.6506804699452E-03 6.66229680649593E-03 6.67390901142829E-03 6.68545576401363E-03 6.69689445980413E-03 6.70819729684644E-03 6.71935942974862E-03 6.73035257010693E-03 6.74116209843646E-03 6.75175300175319E-03 6.76212557781466E-03 6.77230662868292E-03 6.78237702239897E-03 6.7924329983257E-03 6.80259642923864E-03 6.81286746129156E-03 6.82326386097674E-03 6.83380461561853E-03 6.84456161032636E-03 6.85556287565061E-03 6.86684109325601E-03 6.87829157535268E-03 6.88981591600763E-03 6.90129810851822E-03 6.91266347638574E-03 6.92379842825842E-03 6.93462431390843E-03 6.94510926094296E-03 6.95526092169259E-03 6.96508647661992E-03 6.97460998795668E-03 6.98383046526723E-03 6.99276016732225E-03 7.00141063240544E-03 7.00980771433855E-03 7.01797987198305E-03 7.02595685937171E-03 7.03375364788675E-03 7.04138434403406E-03 7.04886345512822E-03 7.05621117885326E-03 7.06344808698626E-03 7.07059269580169E-03
6.3849424186122E-03 6.40139219858885E-03 6.41734758761642E-03 6.43285804739869E-03 6.44797017784848E-03 6.46273630481379E-03 6.47717573843626E-03 6.49131625694645E-03 6.50518582314964E-03 6.51882916207132E-03 6.53226579261202E-03 6.54550707209624E-03 6.55852871581681E-03 6.57131908675048E-03 6.58388800077326E-03 6.59627190058022E-03 6.60849951365433E-03 6.6206055824232E-03 6.63260389244246E-03 6.64451268252651E-03 6.65634884546024E-03 6.66814345869283E-03 6.67990989363453E-03 6.69165483494586E-03 6.70334187423332E-03 6.71493395243021E-03 6.72639281595023E-03 6.73770186320396E-03 6.74883424456729E-03 6.75977618518156E-03 6.77050449080575E-03 6.78101797566292E-03 6.79133214936593E-03 6.80150643483839E-03 6.81161592813154E-03 6.82176201292441E-03 6.83199388467258E-03 6.84235945915258E-03 6.85288746859215E-03 6.86363660238034E-03 6.87462772705133E-03 6.88588361140979E-03 6.89732020439599E-03 6.90884701164544E-03 6.92034923480422E-03 0.006931751964502 6.94294773436318E-03 6.95385776491828E-03 6.96444281315992E-03 6.9746994405358E-03 6.98463391989102E-03 6.99426892289776E-03 7.00361246471563E-03 7.01268007412933E-03 7.02148731793942E-03 7.03005894442113E-03 7.03842193690278E-03 7.04660371673045E-03 7.05462006449764E-03 7.06248323951749E-03 7.07020777139026E-03 7.07781165957257E-03 7.08531352679926E-03 7.09272810054689E-03
6.40065249803826E-03 6.41750016526414E-03 6.43385563098815E-03 6.44975806315165E-03 6.46524588711911E-03 6.48036641293836E-03 6.49513929633831E-03 6.50959088646973E-03 6.52374658836764E-03 6.53764183063646E-03 6.55129210625485E-03 6.56471067351621E-03 6.57789222504537E-03 6.59083952687272E-03 6.60356832794788E-03 6.61611315722116E-03 6.6285044517918E-03 6.64077984577971E-03 6.6529586126479E-03 6.66505947036649E-03 6.6770967329217E-03 6.68909212706889E-03 6.70105313802722E-03 6.71298351997015E-03 6.72485690414487E-03 6.7366363453194E-03 6.74827916991301E-03 6.7597614193791E-03 6.77105687946223E-03 6.78215330222631E-03 6.79303357573072E-03 6.80369658129912E-03 6.81415449328115E-03 6.82445608123088E-03 6.83466566688783E-03 6.84487434247501E-03 6.85514754801996E-03 6.86554627202288E-03 6.87610657533268E-03 6.88688191630034E-03 6.8978871552757E-03 6.90913833629878E-03 6.92055254218513E-03 6.93204278971999E-03 6.94350147079112E-03 6.95485822238715E-03 6.96601295923406E-03 6.97688705890847E-03 6.98744120731818E-03 6.99767248068239E-03 7.00759295872854E-03 7.01722555722568E-03 7.02658521010054E-03 7.03568870192907E-03 7.04455456096895E-03 7.05320851047661E-03 7.06167892415084E-03 7.06998894923474E-03 7.07815425909515E-03 7.08618364037836E-03 7.09409147645706E-03 7.10189465504202E-03 7.10960930244054E-03 7.11724447493151E-03
6.41889608041617E-03 6.43621442159801E-03 6.45303614878702E-03 6.46939430006854E-03 6.48532245324705E-03 6.5008590456458E-03 6.51602276620177E-03 6.53084058399588E-03 6.54533752196681E-03 6.55954225669383E-03 6.57346841511595E-03 6.58713043625045E-03 6.60053387139168E-03 6.61369422318829E-03 6.62663611853218E-03 6.63939503024989E-03 6.65200383050566E-03 6.66450130513946E-03 6.67690883655203E-03 6.68924639734725E-03 6.70152786842858E-03 6.71376867498658E-03 6.72597053694313E-03 6.73813553224495E-03 6.7502366552003E-03 6.76223218030118E-03 6.77407703544004E-03 6.78574477489392E-03 6.79720965688177E-03 6.80846182330913E-03 6.81948778864681E-03 6.83028820831919E-03 6.84087822121132E-03 6.85130507338301E-03 6.86162922073146E-03 6.87193619638462E-03 6.88229363178575E-03 6.89276242892792E-03 6.90338150434886E-03 6.91420088959605E-03 6.92523129643165E-03 6.93647065142549E-03 6.94783106379645E-03 6.95923342038386E-03 6.97058186889598E-03 6.98180983651261E-03 6.99282236370971E-03 7.00355145968378E-03 7.01396312530128E-03 7.02406074877007E-03 7.03386228173719E-03 7.04339218439071E-03 7.05267055345647E-03 7.06171606069133E-03 7.07055080775733E-03 7.07920394476742E-03 7.08770364875307E-03 7.09606813466004E-03 7.1043112698824E-03 7.11244025408676E-03 7.12047001519139E-03 7.12841477739691E-03 7.13628683613932E-03 7.14408841497236E-03
6.43977035725134E-03 6.45764289214743E-03 6.47500611253431E-03 6.49188859428722E-03 6.5083203545131E-03 6.52433322430453E-03 6.53994874679593E-03 6.5551924914451E-03 6.57008813381639E-03 6.58466022104395E-03 6.59892353376859E-03 6.61289293712547E-03 6.62658292433571E-03 6.64001819212685E-03 6.65323085869436E-03 6.66625924875741E-03 6.67913937921932E-03 6.69191078669022E-03 6.7045962876037E-03 6.71721604618237E-03 6.72978387458363E-03 6.74231170367619E-03 6.75479585062154E-03 6.76723418589767E-03 0.006779589400707 6.79181300440059E-03 6.80385998190475E-03 6.8157052737698E-03 6.82732388321821E-03 6.83870911757879E-03 6.84985003975877E-03 6.86075294832239E-03 6.8714422793298E-03 6.88196971775117E-03 6.89239389667179E-03 6.90279760913831E-03 6.91324071812181E-03 6.92377796003769E-03 6.93444627563343E-03 6.9452897002121E-03 6.95630692321167E-03 6.96748305101126E-03 6.97873525722052E-03 6.98998562455481E-03 7.0011513647487E-03 7.01217193072159E-03 7.02296801127809E-03 7.03347443815452E-03 7.04366820939695E-03 7.05355829201446E-03 7.06316745526027E-03 7.07252112944242E-03 7.08164737249142E-03 7.09056587173568E-03 7.0993072815351E-03 7.10790068161954E-03 7.11637118180338E-03 7.12473060536759E-03 7.13299427187811E-03 7.14116614588933E-03 7.14926122262398E-03 7.15729228042415E-03 7.16526668571855E-03 7.17318037558065E-03
6.46345335768978E-03 6.48196293769897E-03 6.49994553390451E-03 6.51742507167628E-03 6.53442808583864E-03 6.55098183813682E-03 6.56710950503071E-03 6.58283641432753E-03 6.59818601847103E-03 6.6131806505435E-03 6.62783687409705E-03 6.64217107788604E-03 6.65620531509393E-03 6.66997316117394E-03 6.6835128758879E-03 6.69686509668244E-03 6.71006824322075E-03 6.72316004506074E-03 6.73616337231761E-03 6.74910042479293E-03 6.76198525979098E-03 6.77482643370389E-03 6.78761561996418E-03 6.80034086662082E-03 6.81294962691424E-03 6.82538858084026E-03 6.83761391597732E-03 6.8496024987533E-03 6.8613336713736E-03 6.87280352708047E-03 6.88400534445418E-03 6.89495809208943E-03 6.90569797790362E-03 6.91628232343664E-03 6.9267711967469E-03 6.93724109146441E-03 6.9477393708852E-03 6.95831393189643E-03 6.96899574254875E-03 6.9798165330038E-03 6.99076309522906E-03 7.00180853950609E-03 7.01287521109504E-03 7.02389626470917E-03 7.03480341586844E-03 7.04554225807871E-03 7.05604481602027E-03 7.06625976934005E-03 7.0761763803309E-03 7.08580582310912E-03 7.09517328437864E-03 7.10430662607582E-03 7.11323764420824E-03 7.1219905586948E-03 7.13060327253714E-03 7.13909902182558E-03 7.14749749513977E-03 7.15580769435214E-03 7.16404545049888E-03 7.17221337892586E-03 7.18032792983786E-03 7.18839578488477E-03 7.19641992643515E-03 7.20439349687939E-03
6.49013425272993E-03 6.50936579390691E-03 6.52804624840436E-03 6.54619449207581E-03 6.56383416185608E-03 6.58098914160254E-03 6.59768446452491E-03 6.61394588343057E-03 6.62979834668328E-03 6.64526306121306E-03 6.66036050274426E-03 6.67510893314584E-03 6.68953919600787E-03 6.70369249043273E-03 6.71761028636351E-03 6.7313327986245E-03 6.74489786767882E-03 6.75834219595685E-03 6.77169031931311E-03 6.78496411520425E-03 6.79817523416029E-03 6.81132890901422E-03 6.82440958609092E-03 6.8373994008091E-03 6.85023267909857E-03 6.8628453797257E-03 6.87519163408034E-03 6.88725659451902E-03 6.89902829687027E-03 6.91051009213303E-03 6.9217078208248E-03 6.93264916662562E-03 6.94337715578308E-03 6.95395637315209E-03 6.96444701825231E-03 6.97492436937577E-03 6.98542576329976E-03 6.99598318993999E-03 7.0066129395503E-03 7.01733721599753E-03 7.02813719847969E-03 7.03897357862941E-03 7.04978272662014E-03 7.0605057329893E-03 7.07109046974562E-03 7.08148893713036E-03 7.09165201618042E-03 7.10153353125163E-03 7.1111320345025E-03 7.12046701343668E-03 7.12957158518808E-03 7.13847136142709E-03 7.14719884501044E-03 7.15577744719487E-03 7.16424211285371E-03 7.17261519167376E-03 7.18091661754929E-03 7.18915062815256E-03 7.19733039796235E-03 7.20545654795715E-03 7.21354265814728E-03 7.22159585621437E-03 7.22962011809857E-03 7.23760607717659E-03
6.52005969860693E-03 6.54009045988898E-03 6.55953963021759E-03 6.57842097790474E-03 6.59675593579939E-03 6.61456611797396E-03 6.6318784288099E-03 6.64872027674708E-03 6.66511782005557E-03 6.68109292319426E-03 6.69667067645683E-03 6.71187407858741E-03 6.72674375731266E-03 6.7413262671253E-03 6.75566236613063E-03 6.76978913843651E-03 6.7837425206544E-03 6.79755701216167E-03 6.81125678214314E-03 6.82486220340973E-03 6.83838186651461E-03 6.85181843233902E-03 6.86514980990599E-03 6.87834978784634E-03 6.89133465534836E-03 6.90403517192933E-03 6.91641266400638E-03 6.92846564432616E-03 6.94019036128387E-03 6.95160062852336E-03 6.96271387704126E-03 6.97356677019455E-03 6.98420901880944E-03 6.99471200768227E-03 7.00513497010379E-03 7.01554911584608E-03 7.02597584709571E-03 7.03643298837538E-03 7.04692537917874E-03 7.0574685400217E-03 7.06803539360254E-03 7.07858247146254E-03 7.08906091622625E-03 7.09942340637902E-03 7.10963250108735E-03 7.1196462359217E-03 7.12943074755486E-03 7.13894728607016E-03 7.14820807678779E-03 7.15723877307438E-03 7.16607702888387E-03 7.17474296958705E-03 7.18326836145899E-03 7.19167288508501E-03 7.19998626662677E-03 7.20822738805226E-03 7.21641604765008E-03 7.22455214708287E-03 7.23264673743304E-03 7.24069793287838E-03 7.24871879878379E-03 7.25671600429863E-03 7.26469579263465E-03 7.27264723757997E-03
6.55350465805571E-03 6.57440296612263E-03 6.59468030538057E-03 6.6143464302598E-03 6.63342233233027E-03 6.65192954619269E-03 6.66989822401124E-03 6.68735702952005E-03 6.70433290702022E-03 6.7208491618091E-03 6.7369374847667E-03 6.75262715853111E-03 6.76796783502098E-03 6.78300853037267E-03 6.79778474932047E-03 6.8123291892184E-03 6.82667472874631E-03 6.84085273015272E-03 6.85488398004087E-03 6.86878496508898E-03 6.88256054166345E-03 6.89621316657504E-03 6.90971359176204E-03 6.92302326213344E-03 6.93603941094292E-03 6.94870410785505E-03 6.96100067973527E-03 6.97294198863931E-03 6.98452954864756E-03 6.99578330912634E-03 7.00672736975003E-03 7.01740855755105E-03 7.02788539116937E-03 7.03823383943812E-03 7.04850696532026E-03 7.05876925873851E-03 7.06902150041362E-03 7.07927564038848E-03 7.08953644657933E-03 7.09981392202502E-03 7.11007464671852E-03 7.12026891853758E-03 7.13036506907932E-03 7.14032706710053E-03 7.15013230173556E-03 7.1597396363197E-03 7.16913048777651E-03 7.17827254764642E-03 7.18719732872746E-03 7.19593282439188E-03 7.20451277765615E-03 7.21294915350673E-03 7.22127454318229E-03 7.22950449150253E-03 7.23766510080898E-03 7.24576862362916E-03 7.25383089376988E-03 7.26184718530985E-03 7.26982941252892E-03 7.27777354413904E-03 7.28569494440303E-03 7.29359868628248E-03 7.30148994654613E-03 7.30935725959836E-03
6.59074420271126E-03 6.61256231890273E-03 6.63370932290478E-03 6.65419558000432E-03 6.67404266495393E-03 6.69327537735561E-03 6.7119268099558E-03 6.73002570230062E-03 6.74759975679635E-03 6.76467690264334E-03 6.7812931731467E-03 6.79748981744176E-03 6.81332253516201E-03 6.82883287594082E-03 6.84404877351125E-03 6.85900142823982E-03 6.87371977391224E-03 6.88822992024017E-03 6.90254598059638E-03 6.91667630555954E-03 6.93062144031301E-03 6.9443845079433E-03 6.95793680132337E-03 6.9712112735519E-03 6.98410483095473E-03 6.9965986061411E-03 7.00870073933441E-03 7.0204277906046E-03 7.0317834636082E-03 7.04279243756089E-03 7.05348358494817E-03 7.06391335061192E-03 7.07414578556198E-03 7.0842536989221E-03 7.09428762101939E-03 7.1042916137523E-03 7.11425386660763E-03 7.12419802670006E-03 7.13413464515872E-03 7.14406221114138E-03 7.15393899391199E-03 7.1637246319454E-03 7.17340210152031E-03 7.18294405654564E-03 7.1923345336334E-03 7.20153387320044E-03 7.21053208588109E-03 7.21931336732969E-03 7.22792589105272E-03 7.23638589404315E-03 7.24471770585763E-03 7.25292987336133E-03 7.26105638001959E-03 7.26910757420065E-03 7.27710736906682E-03 7.28505979673768E-03 7.29297508675937E-03 7.30084704226774E-03 7.30868796650539E-03 7.31649436047514E-03 7.3242843055333E-03 7.33205652785917E-03 7.33981336199024E-03 7.34754524899076E-03
