NongDo/Fusa 19.1h.grd
DSAA
463	323
2	464
2	324
0	10
[rows 252 to 279 of 323, columns 0 to 63 of 463]
0 0 0 0 0 0 0 0 0 0 0 0 0 0 0 0 0 0 0 0 0 0 0 0 0 0 0 0 0 0 0 0 0 0 0 0 0 0 3.95523179369556E-03 3.96754006307274E-03 3.9742976108896E-03 3.98021322541595E-03 3.98698641429515E-03 3.99498764174688E-03 4.00439306653555E-03 4.01529408802727E-03 4.02783047534581E-03 4.04209541371119E-03 4.05823077447605E-03 4.07635708248904E-03 4.09660122871674E-03 4.11907958365036E-03 4.14386492991304E-03 4.17101376563925E-03 4.20052076697484E-03 4.23238431964613E-03 4.26652298405949E-03 4.30284723983367E-03 4.34121022105896E-03 4.38149315985624E-03 4.42351136922489E-03 4.46702683216531E-03 4.51177582272721E-03 4.55747720436357E-03
0 0 0 0 0 0 0 0 0 0 0 0 0 0 0 0 0 0 0 0 0 0 0 0 0 0 0 0 0 0 0 0 0 0 0 0 0 3.94445780604993E-03 3.95523179369556E-03 3.96107335405535E-03 3.96749956111291E-03 3.9743994233023E-03 3.98225215998473E-03 3.9913073075485E-03 4.00177170586249E-03 4.01377898560912E-03 4.02749155617011E-03 4.04302577893575E-03 4.0605348375201E-03 4.08015612271478E-03 4.10201984231876E-03 4.12624057363358E-03 4.15288142337946E-03 4.18198483704389E-03 4.21352594656767E-03 4.2474764045065E-03 4.28372810045768E-03 4.32215835735808E-03 4.36258629312124E-03 4.40485290170656E-03 4.44874164226755E-03 4.49398337728482E-03 4.54028721119021E-03 4.58734965723643E-03
0 0 0 0 0 0 0 0 0 0 0 0 0 0 0 0 0 0 0 0 0 0 0 0 0 0 0 0 0 0 0 0 0 0 0 0 3.93528219662822E-03 3.94445780604993E-03 3.94961872003501E-03 3.95542608332156E-03 3.96207381555685E-03 3.96964524364302E-03 3.9783645592166E-03 3.98838279729096E-03 3.99988818376713E-03 4.01302701133034E-03 4.02797115073508E-03 4.04485003715671E-03 4.06382358368534E-03 4.08503999778668E-03 4.10862949486513E-03 4.13470038800682E-03 4.16330177398565E-03 4.19445657385691E-03 4.22811405807946E-03 4.26421890865839E-03 4.30263038448103E-03 4.34318753724748E-03 4.3856716775547E-03 4.42988609586365E-03 4.47557883966461E-03 4.52245123747046E-03 4.57018834673766E-03 4.6184686292914E-03
0 0 0 0 0 0 0 0 0 0 0 0 0 0 0 0 0 0 0 0 0 0 0 0 0 0 0 0 0 0 0 0 0 0 0 3.93081665051219E-03 3.93528219662822E-03 3.93941346380775E-03 3.94433885508558E-03 3.95025794439137E-03 3.95729257053059E-03 3.96551025589314E-03 3.97505697163009E-03 3.98603327733182E-03 3.99861296774172E-03 4.01294857547134E-03 4.02921241082079E-03 4.04754204419259E-03 4.06809636752305E-03 4.0910335562718E-03 4.11647543084952E-03 4.14452040133377E-03 4.17519735576083E-03 4.20850604353879E-03 4.24436185642311E-03 4.28268151043101E-03 4.32328550526477E-03 4.36596889209645E-03 4.41047536435068E-03 4.45657145846251E-03 4.50397518203719E-03 4.55235743395248E-03 4.60138372607875E-03 4.65071916249678E-03
0 0 0 0 0 0 0 0 0 0 0 0 0 0 0 0 0 0 0 0 0 0 0 0 0 0 0 0 0 0 0 0 0 0 0 3.93081665051219E-03 3.93120808877799E-03 3.93422885325237E-03 3.93899956015801E-03 3.94518086788032E-03 3.95273137173118E-03 3.9616636515178E-03 3.97208783013128E-03 3.98409094346759E-03 3.99783479670808E-03 4.01347466995374E-03 4.03118011383187E-03 4.05109507303975E-03 4.07337561353461E-03 4.09817985384573E-03 4.12561769787052E-03 4.1557707373668E-03 4.18864301030423E-03 4.22420550887274E-03 4.2623397839404E-03 4.3029216456567E-03 4.34572679360243E-03 4.39050923781349E-03 4.43697867928378E-03 4.48486646743125E-03 4.53385899735145E-03 4.58360416499177E-03 4.63375339888678E-03 4.68396558245715E-03
0 0 0 0 0 0 0 0 0 0 0 0 0 0 0 0 0 0 0 0 0 0 0 0 0 0 0 0 0 0 0 0 0 0 3.91505175459898E-03 3.92337908994836E-03 3.92479907183657E-03 3.92813436439765E-03 3.93323685203243E-03 3.93992154800063E-03 3.94814522047269E-03 3.95790948551076E-03 3.96930984578272E-03 3.98245307826412E-03 3.99748890830318E-03 4.0145773128227E-03 4.03387651205998E-03 4.05554180408028E-03 4.07971658337841E-03 4.10655393321238E-03 4.13614554912805E-03 4.16855063663809E-03 4.20374107944931E-03 4.24165303430208E-03 4.28213086806267E-03 4.32499494821732E-03 4.36998245784484E-03 4.41680615248116E-03 4.46514611713831E-03 4.51469736965023E-03 4.56512734607207E-03 4.61606477673358E-03 4.66715191839374E-03 4.7180483812376E-03
0 0 0 0 0 0 0 0 0 0 0 0 0 0 0 0 0 0 0 0 0 0 0 0 0 0 0 0 0 0 0 0 0 0 3.91505175459898E-03 3.91549497770672E-03 3.91738443289261E-03 3.92123235045595E-03 3.92692210277329E-03 3.93431147564712E-03 3.94337195174299E-03 3.95411391988478E-03 3.9666369711301E-03 3.98106934975194E-03 3.99755981757304E-03 0.004016269922319 4.03734653877192E-03 4.0609471427157E-03 4.08720118756383E-03 4.11624901764321E-03 4.14815871432178E-03 4.18295913420659E-03 4.22058265667108E-03 4.26092321476265E-03 4.30378003539974E-03 4.34892100339578E-03 4.39604145512464E-03 4.44481734860474E-03 4.49490169251873E-03 4.54596391431811E-03 4.59765634773909E-03 4.64959521690303E-03 4.70142082624546E-03 4.7528029279381E-03
0 0 0 0 0 0 0 0 0 0 0 0 0 0 0 0 0 0 0 0 0 0 0 0 0 0 0 0 0 0 0 0 0 0 3.90649551011971E-03 3.90662425841421E-03 3.9090150168032E-03 3.91354482990433E-03 3.92001269015832E-03 3.92828362672504E-03 3.93834552032402E-03 3.95022795451877E-03 3.9640443311354E-03 3.97994659224023E-03 3.99808172978708E-03 4.01861610079721E-03 0.004041675054579 4.06741661998002E-03 4.09594581069114E-03 4.12738851392695E-03 4.16178118459311E-03 4.19911272605533E-03 4.23926635372522E-03 4.28208658278924E-03 4.32732635862703E-03 4.37470250248636E-03 4.42387192748986E-03 4.47447497186122E-03 4.52614531232179E-03 4.57853454145008E-03 4.63129367073055E-03 4.68402715214056E-03 4.73638257494144E-03 4.7880509550044E-03
0 0 0 0 0 0 0 0 0 0 0 0 0 0 0 0 0 0 0 0 0 0 0 0 0 0 0 0 0 0 0 0 0 0 3.89619967806555E-03 3.89644511516533E-03 3.89959016983895E-03 3.90502186044581E-03 3.91246869671347E-03 3.92181080246697E-03 3.93305961225261E-03 3.94626889739316E-03 3.96156922368669E-03 3.9791459544223E-03 3.99914120741597E-03 4.02172061202604E-03 4.04698328751816E-03 4.07508227535825E-03 4.10608528548304E-03 4.14010657207426E-03 4.17713875340631E-03 4.21711706275513E-03 4.25986765265507E-03 4.30518454611114E-03 4.35277363287001E-03 4.40230525257059E-03 4.45340179643936E-03 4.50567556739066E-03 4.5587468817958E-03 4.61226031636416E-03 4.66587437514841E-03 4.71918384023356E-03 4.77185816657556E-03 4.82362210773861E-03
0 0 0 0 0 0 0 0 0 0 0 0 0 0 0 0 0 0 0 0 0 0 0 0 0 0 0 0 0 0 0 0 0 3.86793055128878E-03 3.88237779160799E-03 3.88452741535648E-03 3.88906114670729E-03 3.89569143867335E-03 3.9043364510029E-03 3.91494811688811E-03 3.92758229004894E-03 3.94232406906427E-03 3.9593141765025E-03 3.97879317439998E-03 4.0008772226301E-03 4.02573877312871E-03 4.05342971919365E-03 4.08411263526738E-03 4.11778515525778E-03 4.15456363769275E-03 4.19436993404146E-03 4.23707632489431E-03 4.28245031875236E-03 4.33023631257386E-03 4.38009801447334E-03 4.43166035102703E-03 4.48452493438156E-03 4.5382813055563E-03 4.59254845481527E-03 4.64696236941331E-03 4.70121028965418E-03 4.75487248566319E-03 4.80766538414778E-03 4.8593551389368E-03
0 0 0 0 0 0 0 0 0 0 0 0 0 0 0 0 0 0 0 0 0 0 0 0 0 0 0 0 0 0 0 0 0 3.86793055128878E-03 3.8686750599269E-03 3.8717733147694E-03 3.87765356533388E-03 3.88569227160396E-03 3.89573978193346E-03 3.90781774518525E-03 3.92204163616986E-03 3.93853539751523E-03 3.95745609292529E-03 3.9790686826705E-03 4.0034800898596E-03 4.03085165576038E-03 4.06120300852941E-03 4.09467709657153E-03 4.13122583370474E-03 4.17091185019747E-03 4.21358167329194E-03 4.25904681424625E-03 4.30702502211793E-03 4.35720812200906E-03 4.40921964127004E-03 4.46265098901387E-03 4.51708974383074E-03 4.57212120555534E-03 4.62736910985188E-03 4.68246902302507E-03 4.7371063792171E-03 4.79090833461594E-03 4.84364768278579E-03 4.89511961405309E-03
0 0 0 0 0 0 0 0 0 0 0 0 0 0 0 0 0 0 0 0 0 0 0 0 0 0 0 0 0 0 0 0 0 3.85380998894849E-03 3.85419870261981E-03 3.85852762464122E-03 3.86583175679117E-03 0.003875343905709 3.8869289337611E-03 3.90064045460215E-03 3.91664804055279E-03 3.93511015591018E-03 3.95621278268463E-03 3.98020340941851E-03 4.00718850378265E-03 4.0373030540843E-03 4.07053981910672E-03 4.10699133143323E-03 4.14658554000239E-03 4.18926425975964E-03 4.23483479941759E-03 4.28303785354863E-03 4.3335551007285E-03 4.38601251529751E-03 4.44001270063372E-03 4.49511686719302E-03 4.55091111389424E-03 4.60698782105053E-03 4.66298346261232E-03 4.71854435277469E-03 4.77335501529491E-03 4.82714642099594E-03 4.87969692262595E-03 4.93083214532893E-03
0 0 0 0 0 0 0 0 0 0 0 0 0 0 0 0 0 0 0 0 0 0 0 0 0 0 0 0 0 0 0 0 3.80561005798629E-03 3.83431893144813E-03 3.83823627116217E-03 3.84480397200107E-03 3.85382158623331E-03 3.86494499204729E-03 3.87819623523779E-03 3.89370473658979E-03 3.91168763020162E-03 3.9323357696347E-03 3.95584532171136E-03 3.98244744782861E-03 4.01223140646543E-03 4.04530067902956E-03 4.0816069350208E-03 4.12118887563771E-03 4.16391676720714E-03 4.20963829038244E-03 4.25810122840067E-03 4.30898708798759E-03 4.36193328826259E-03 4.4165180091253E-03 4.47232237862522E-03 4.52889346942358E-03 4.58582334571659E-03 4.64272011620424E-03 4.69924238884406E-03 4.75505864796538E-03 4.80988624473419E-03 4.86351927130332E-03 4.91575093694199E-03 4.96642448801092E-03
0 0 0 0 0 0 0 0 0 0 0 0 0 0 0 0 0 0 0 0 0 0 0 0 0 0 0 0 0 0 0 3.79525645057308E-03 3.80561005798629E-03 3.81533473904466E-03 3.82278169967162E-03 3.83143601556692E-03 3.84212143989585E-03 3.85488087777294E-03 3.86989090022371E-03 3.88734213418514E-03 3.90748132749882E-03 3.93051588359234E-03 3.95663849047614E-03 3.98606019836557E-03 4.01884096039576E-03 4.05503781030816E-03 4.09454999052118E-03 4.13734968634307E-03 4.18324655396027E-03 4.23200625921023E-03 4.28331189947643E-03 4.33678397877921E-03 4.39201992359261E-03 4.44856252041358E-03 4.50597819492138E-03 4.56381149294774E-03 4.62166622063476E-03 4.67917644018567E-03 4.73603317450531E-03 4.79193867413936E-03 4.84664137346088E-03 4.89997302253721E-03 4.95175229237163E-03 5.00183452786997E-03
0 0 0 0 0 0 0 0 0 0 0 0 0 0 0 0 0 0 0 0 0 0 0 0 0 0 0 0 0 0 0 3.79525645057308E-03 3.79594253866636E-03 3.80130864593192E-03 3.80897959341861E-03 3.81883325316144E-03 3.83099692374048E-03 3.84542308600679E-03 3.86230163135576E-03 3.88185300626529E-03 3.90433083462188E-03 3.92994187233972E-03 3.9588595335185E-03 3.99127640016302E-03 4.02721073900388E-03 4.06666155484611E-03 4.10946485797331E-03 4.15552712183787E-03 4.2045871766888E-03 4.25633752118616E-03 4.3103947222752E-03 4.36632364037728E-03 4.42368482921453E-03 4.48199722291513E-03 0.004540824340965 4.59971225109887E-03 4.65828610458874E-03 4.71621395609241E-03 4.77322531288174E-03 4.82905778090855E-03 4.8834955462393E-03 4.93639593925339E-03 4.98759667224154E-03 5.03696236573096E-03
0 0 0 0 0 0 0 0 0 0 0 0 0 0 0 0 0 0 0 0 0 0 0 0 0 0 0 0 0 0 0 3.7823286949504E-03 3.7826961960275E-03 3.7876227683943E-03 3.79588931136271E-03 3.80692818542478E-03 3.82060495737964E-03 3.83679547787782E-03 3.85568624895384E-03 3.87751078703492E-03 3.90251010078437E-03 3.93088010922588E-03 3.96275757442461E-03 3.99831936593139E-03 4.03752853661165E-03 4.08031417307943E-03 4.12644616509379E-03 4.17576164725782E-03 4.22793513452328E-03 4.28258051966981E-03 4.33925847678583E-03 4.39747992551824E-03 4.45678062080796E-03 4.51666012893287E-03 4.5766932020261E-03 4.63642851859348E-03 4.69552485582386E-03 4.75368933394326E-03 4.81069193590144E-03 4.86630548976111E-03 4.92034449563624E-03 4.97268758268044E-03 5.02318766619983E-03 5.07171308178017E-03
0 0 0 0 0 0 0 0 0 0 0 0 0 0 0 0 0 0 0 0 0 0 0 0 0 0 0 0 0 0 3.74639246003224E-03 3.76437010721377E-03 3.76724431639365E-03 3.77353662690318E-03 3.78308408754024E-03 3.79559423860965E-03 3.81098656525183E-03 3.82914992979257E-03 3.85025788990868E-03 3.87455084292796E-03 3.90225459239399E-03 3.93355320382009E-03 3.96854757273466E-03 4.00737180819832E-03 4.04992933241982E-03 4.09608330888541E-03 4.14554050124793E-03 4.19806486223048E-03 4.2532590861409E-03 4.31066904301239E-03 4.36980123338168E-03 4.43012703333443E-03 4.49116202769227E-03 4.5523987126563E-03 4.61342033617522E-03 4.67380015915382E-03 4.73323642000191E-03 4.79147070125821E-03 0.004848307874442 4.90355799912864E-03 4.95707182943636E-03 5.00873835637334E-03 5.05841696068278E-03 5.10598120464105E-03
0 0 0 0 0 0 0 0 0 0 0 0 0 0 0 0 0 0 0 0 0 0 0 0 0 0 0 0 0 0 3.74639246003224E-03 3.74744380748845E-03 3.75167763835263E-03 3.75954559429347E-03 3.7707241245311E-03 3.78499645078954E-03 3.80232953439333E-03 3.82268459422663E-03 3.84622926477668E-03 3.87319827013577E-03 3.90378687576382E-03 3.93817465135586E-03 3.97642181763283E-03 4.01859188476427E-03 4.06453734349843E-03 4.11405323993141E-03 4.16678875816107E-03 4.22242079269948E-03 4.28050022967472E-03 4.34050181028715E-03 4.40188995726254E-03 4.46410462203254E-03 4.52665321103584E-03 4.58903054076024E-03 4.65083308496374E-03 4.71167684999326E-03 4.77128734006027E-03 4.82943880040972E-03 4.88596912255886E-03 4.94072778284699E-03 4.99359470618315E-03 5.04446132014634E-03 5.09319689612507E-03 5.13967913473913E-03
0 0 0 0 0 0 0 0 0 0 0 0 0 0 0 0 0 0 0 0 0 0 0 0 0 0 0 0 0 3.70683591848248E-03 3.72671291525523E-03 3.72971956093519E-03 3.73607992049053E-03 3.74584830288788E-03 3.75894661660514E-03 3.77525350803601E-03 3.79479629784679E-03 3.81759089264249E-03 3.8438028007172E-03 3.87365308256458E-03 3.90730450645674E-03 3.94491901759877E-03 3.9865118141825E-03 4.03208026224066E-03 4.08141661625208E-03 4.13425245813604E-03 4.19017506481925E-03 4.24878877393644E-03 4.30958469943301E-03 4.37198196347413E-03 4.43540730791465E-03 4.49928451588622E-03 4.56312099383601E-03 4.62642549687113E-03 4.68881712065317E-03 4.74994928388132E-03 4.80957652214055E-03 4.86750055933724E-03 4.92358813048531E-03 4.97772500825269E-03 5.02981890999687E-03 5.07976362170841E-03 5.12743310048998E-03 5.17271149391351E-03
0 0 0 0 0 0 0 0 0 0 0 0 0 0 0 0 0 0 0 0 0 0 0 0 0 0 0 0 0 3.70683591848248E-03 3.70796538571669E-03 3.71255976146105E-03 3.72091492243603E-03 3.73274594416279E-03 3.74798919200794E-03 3.76658044992562E-03 3.78859319464709E-03 3.81407241480217E-03 3.84317477730299E-03 3.87610341395895E-03 3.91297720662073E-03 3.95393333205927E-03 3.99893692919083E-03 4.04792223511178E-03 4.10062239075521E-03 4.15669942693594E-03 4.21568178690419E-03 4.27710674179005E-03 4.34042170874745E-03 4.40499235413164E-03 4.47021871736241E-03 4.53552336463366E-03 4.60042544214113E-03 4.66445693700625E-03 4.72725726703053E-03 4.78851629146932E-03 4.84801230194829E-03 4.90557235210723E-03 4.96108521231529E-03 5.01447287310635E-03 5.06566828368235E-03 5.11456494329981E-03 5.16104054504229E-03 5.20498952466671E-03
0 0 0 0 0 0 0 0 0 0 0 0 0 0 0 0 0 0 0 0 0 0 0 0 0 0 0 0 3.66538406691404E-03 3.68605745961083E-03 3.68912268692807E-03 3.69586582165862E-03 3.70637557419856E-03 3.72045569687154E-03 3.73807316964698E-03 3.7591967606439E-03 3.78393161374446E-03 3.8123315058877E-03 3.84453132572101E-03 3.88071199969744E-03 3.92094079256398E-03 3.96532629515924E-03 4.0137757948011E-03 4.06616812454782E-03 4.12217348312129E-03 4.18138344545862E-03 4.24326910605699E-03 4.30731458651688E-03 4.37293016302112E-03 4.43943349408902E-03 4.50621401921155E-03 4.5727114926576E-03 4.63846425333627E-03 4.70302946297181E-03 4.76606656145515E-03 4.82729849636921E-03 4.88652351909157E-03 4.94358675380973E-03 4.99839316508546E-03 5.05089994990094E-03 5.10106640157445E-03 5.14877977339962E-03 5.19392537648396E-03 5.23641659940413E-03
0 0 0 0 0 0 0 0 0 0 0 0 0 0 0 0 0 0 0 0 0 0 0 0 0 0 0 0 3.66538406691404E-03 3.66643723459747E-03 3.67101754544288E-03 3.67990104786907E-03 3.69274599321189E-03 3.70928137262622E-03 3.7294969995597E-03 3.7533791568679E-03 3.78105723311124E-03 3.81258301957574E-03 3.84805502601141E-03 3.88763821267909E-03 3.93132340704991E-03 3.97920284578881E-03 4.03110797633116E-03 4.08686682741745E-03 4.14608801994223E-03 4.20828696164693E-03 4.27289176349603E-03 4.3393307525259E-03 4.40700617173278E-03 4.47518168669326E-03 4.54326642428399E-03 4.6107309966077E-03 4.67713162695825E-03 4.74205344879637E-03 4.80516347390502E-03 4.86622456155564E-03 4.92504083911194E-03 4.98147602401866E-03 5.03544054057852E-03 5.08692881225717E-03 5.13592901014577E-03 5.18231186321314E-03 5.2259858759953E-03 5.26689291583059E-03
0 0 0 0 0 0 0 0 0 0 0 0 0 0 0 0 0 0 0 0 0 0 0 0 0 0 0 0 3.6457742409453E-03 3.6464202635224E-03 3.65326345816863E-03 3.66476876602591E-03 3.68027584135764E-03 3.69952132086181E-03 3.72255616336455E-03 3.74940335208949E-03 3.78020983654929E-03 3.81502582206811E-03 3.85391576314805E-03 3.89700778661553E-03 3.9442295205615E-03 3.99563169098306E-03 4.05097884187528E-03 4.11003070918117E-03 4.17233319348755E-03 4.23734680926877E-03 4.30446801748425E-03 4.37307306343611E-03 4.44253234139667E-03 4.51212010713599E-03 4.58127820380027E-03 4.64950330775058E-03 0.004716362518045 4.78146672879135E-03 4.84449443677215E-03 4.9052362707532E-03 4.96349973385762E-03 5.01916381015683E-03 5.07214826208335E-03 5.12247624984755E-03 5.17014763060301E-03 5.21504142613292E-03 5.25710334225036E-03 5.29630930843764E-03
0 0 0 0 0 0 0 0 0 0 0 0 0 0 0 0 0 0 0 0 0 0 0 0 0 0 0 3.57881663050383E-03 3.61865133789494E-03 3.6253109387504E-03 3.63625843819892E-03 3.65098876027603E-03 3.66943826815386E-03 3.69158899279928E-03 3.71760946075574E-03 3.74757743099914E-03 3.7816499200302E-03 3.81988168911519E-03 3.86229528353657E-03 3.90897073061619E-03 3.95976896787812E-03 4.01467925344117E-03 4.07341203155009E-03 4.13563032519187E-03 4.20084528429109E-03 4.26846319549506E-03 4.33787039051595E-03 4.4083838756299E-03 4.4793653436447E-03 4.55014695177143E-03 4.62017179302577E-03 4.68897102985766E-03 4.75610857262592E-03 4.82123405280415E-03 4.88401540099558E-03 4.94427977394058E-03 5.00182737607373E-03 5.05656085288018E-03 5.10840006798791E-03 5.15739522315666E-03 5.20357358189456E-03 5.24683156986466E-03 5.2871545312232E-03 5.32456052325534E-03
0 0 0 0 0 0 0 0 0 0 0 0 0 0 0 0 0 0 0 0 0 0 0 0 0 0 3.55391585237379E-03 3.57881663050383E-03 3.59371594463202E-03 3.60651311292729E-03 3.62134939379273E-03 3.63925428259024E-03 3.66068632389874E-03 3.68583453629599E-03 3.71495369645001E-03 3.74815496487496E-03 3.78559398502984E-03 0.003827316984174 3.87331017639467E-03 3.92359558721286E-03 3.97796798599188E-03 4.03634244751015E-03 4.09835408131576E-03 4.16359408161016E-03 4.23152868361244E-03 4.30153430566113E-03 4.37298242917033E-03 4.44516419753964E-03 4.51744733947095E-03 4.58920664237158E-03 4.65990574991639E-03 4.72909045479485E-03 4.79633025593356E-03 4.86129285716452E-03 4.92365789012706E-03 4.98326392531279E-03 5.0399159090398E-03 5.09353569300626E-03 5.14406114397521E-03 5.1915619487278E-03 5.23607676709452E-03 5.27754864734465E-03 5.31601854470215E-03 5.35154721362049E-03
0 0 0 0 0 0 0 0 0 0 0 0 0 0 0 0 0 0 0 0 0 0 0 0 0 3.54266083147571E-03 3.55391585237379E-03 3.56450453997548E-03 3.57730582293589E-03 3.59193688437491E-03 3.60935233972706E-03 3.63002265197079E-03 3.65434079307827E-03 3.68251977491759E-03 3.71481551535165E-03 3.75133727859686E-03 3.79221445810202E-03 3.83747808815581E-03 3.88707299137478E-03 3.94095430289508E-03 3.9988511423464E-03 4.06058558255984E-03 4.12573169264525E-03 4.19381214005305E-03 4.26425924356485E-03 4.33642881314664E-03 4.40968860710236E-03 4.48332481075174E-03 4.55670934196081E-03 4.62925702706289E-03 4.7004473704654E-03 4.76983651874814E-03 4.83699484485703E-03 4.9016029311526E-03 4.96335507775823E-03 5.02209085699735E-03 5.07763892332285E-03 5.12993709136806E-03 5.17895452650469E-03 5.2247724392734E-03 5.26746958403266E-03 5.30704347064296E-03 5.34358127661591E-03 5.37718941100301E-03
0 0 0 0 0 0 0 0 0 0 0 0 0 0 0 0 0 0 0 0 0 0 0 0 0 3.54266083147571E-03 3.5436653810476E-03 3.55150654763367E-03 3.56403988018136E-03 3.58016676919353E-03 3.59986599389912E-03 3.62320524487637E-03 3.6504359862982E-03 3.68173139636857E-03 3.71730618720315E-03 3.75723607713594E-03 3.80160552257913E-03 3.85042895006284E-03 3.90361325066162E-03 3.96103954768438E-03 4.02237350923592E-03 4.0873453387831E-03 0.004155461784563 4.22619135411328E-03 4.29893633664581E-03 4.37304881474246E-03 4.4478982119525E-03 4.52277561437477E-03 4.59705990398051E-03 4.67020276804108E-03 4.74169686254936E-03 4.81109394602809E-03 4.87796381358868E-03 4.94199809570252E-03 5.00291438204081E-03 5.06055436295686E-03 5.11477638287767E-03 5.16554526890884E-03 5.21287254585432E-03 5.25685913998641E-03 5.2976146207139E-03 5.33520069505543E-03 5.36975852407173E-03 5.40143228793652E-03
0 0 0 0 0 0 0 0 0 0 0 0 0 0 0 0 0 0 0 0 0 0 0 0 3.50466421749672E-03 3.52427099219888E-03 3.52847489696147E-03 3.53789911395765E-03 3.5520126233758E-03 3.57023643382913E-03 3.59245771764999E-03 3.6186290729102E-03 3.64892376105815E-03 3.68348829334653E-03 3.72247267760547E-03 3.76591634241493E-03 3.81383280298099E-03 3.86623446755418E-03 3.92298121949337E-03 3.98386902719596E-03 4.04852049712437E-03 4.11655799454974E-03 4.18745394073234E-03 4.26061602696616E-03 4.33543754096373E-03 4.41127231236232E-03 4.48749661169063E-03 4.56341635023852E-03 4.63840138353349E-03 4.71195403433894E-03 4.78355391527372E-03 4.85274502905092E-03 4.91909609222492E-03 4.98231348976919E-03 5.04214990712358E-03 5.09844396816803E-03 5.15111155854809E-03 5.2001410857011E-03 5.24560778423271E-03 5.28762503422124E-03 5.32635374295592E-03 5.36191422293359E-03 5.39448793796959E-03 5.42424970742403E-03
