NongDo/Fusa 19h.grd
DSAA
463	323
2	464
2	324
0	10
[rows 252 to 279 of 323, columns 126 to 188 of 463]
8.9632112963923E-03 9.09633066072154E-03 9.22190542483493E-03 9.33888751435254E-03 9.44628508803581E-03 9.54317204591024E-03 9.62877563301071E-03 9.70251530064883E-03 9.76403986212147E-03 9.81325973469462E-03 9.8503526212977E-03 0.009875762976136 9.89012963317458E-03 9.8942785283489E-03 9.88920594378075E-03 9.87605117980167E-03 9.85606315130578E-03 9.83056286489944E-03 9.80088605132882E-03 9.76833126776436E-03 9.73412176893057E-03 9.69936914170412E-03 9.66505127009031E-03 9.63197336844626E-03 9.60079812346978E-03 9.57201168671463E-03 9.54599278632689E-03 9.52298168455794E-03 9.50311056340823E-03 9.48636975035463E-03 9.47265732348029E-03 9.46175155885675E-03 9.45336653071712E-03 9.44714859295664E-03 9.44274537722893E-03 9.43983631497401E-03 9.43811882809395E-03 9.43732722857195E-03 9.43716510150308E-03 9.43719902614886E-03 0 0 0 0 0 0 0 0 0 0 0 0 0 0 0 0 0 0 0 0 0 0 0
9.0559752496027E-03 9.18463546351963E-03 9.30511461052894E-03 9.4163974234467E-03 9.51755099428469E-03 9.60773086361741E-03 9.68626330333236E-03 9.75268068252216E-03 9.80675237503846E-03 9.84850967270534E-03 9.87824607103916E-03 9.89651078996225E-03 9.90405094956386E-03 9.90179774187192E-03 9.89084601377513E-03 9.87242214403207E-03 9.84784558025035E-03 9.81848596607094E-03 9.78569900502025E-03 9.75076814950398E-03 9.71487690544712E-03 0.009679073476354 9.64426066394659E-03 9.61116041755678E-03 9.58034859945218E-03 9.55222980742064E-03 9.5271049841939E-03 9.50514655789143E-03 9.48642757454899E-03 9.47089041817377E-03 0.009458391818572 9.44867905893635E-03 9.44143224528595E-03 9.43626445348042E-03 9.4327779302156E-03 9.43060907928762E-03 9.4294226111811E-03 9.42893119642545E-03 9.42886103139643E-03 9.42923723437426E-03 0 0 0 0 0 0 0 0 0 0 0 0 0 0 0 0 0 0 0 0 0 0 0
9.14626234871275E-03 9.27002264994913E-03 9.38499777332096E-03 9.49021797221947E-03 9.58481911567134E-03 9.66804310709282E-03 9.73932197075597E-03 9.79830260577517E-03 9.84487347108836E-03 9.8791820739984E-03 9.90163529523106E-03 9.91288633916335E-03 9.91378644755236E-03 9.90537013648937E-03 9.88882769969914E-03 9.86546647794341E-03 9.83666712218215E-03 9.8038363783892E-03 9.76833559970676E-03 9.73141792122324E-03 9.69421453806412E-03 9.6577019171214E-03 9.62269970704432E-03 9.58984057356344E-03 9.55961131825849E-03 9.53233401354848E-03 9.50823531878139E-03 9.48742481582121E-03 9.46992135480985E-03 9.45562330895971E-03 9.44435460910304E-03 9.43583922518315E-03 9.42973253087404E-03 9.42561268115645E-03 9.42303623867917E-03 9.42158854185965E-03 9.42090134346774E-03 9.42069319530136E-03 9.42083254412484E-03 9.42923723437426E-03 0 0 0 0 0 0 0 0 0 0 0 0 0 0 0 0 0 0 0 0 0 0 0
9.23372719949604E-03 9.35217746124753E-03 9.46127988497029E-03 9.56012004418368E-03 9.64791079223106E-03 9.7239825590268E-03 9.78787659647757E-03 9.83935356881767E-03 9.87841699230548E-03 9.90532683012856E-03 9.9206000349795E-03 9.92499396136534E-03 9.91946352658181E-03 9.90514510698224E-03 9.88332095407273E-03 9.85537195711438E-03 9.82272878461133E-03 9.78682152800906E-03 9.74900324320415E-03 9.71048007964156E-03 9.67232188159069E-03 9.63542462828347E-03 9.60051852452735E-03 9.56814136835798E-03 9.53869100065653E-03 9.51240739758479E-03 9.48944571483795E-03 9.46985795653533E-03 9.45361351852956E-03 9.44057236289805E-03 9.4305356624741E-03 9.42321531742163E-03 9.41824961755019E-03 9.41518783582176E-03 9.41353029173676E-03 0.009412801093123 9.41259802159485E-03 9.41262744631465E-03 9.41300008661512E-03 0 0 0 0 0 0 0 0 0 0 0 0 0 0 0 0 0 0 0 0 0 0 0 0
9.31804756067055E-03 9.4308181015669E-03 9.5337274512299E-03 9.62592115255393E-03 9.70668974764543E-03 9.77546142674569E-03 9.83188622671695E-03 9.8758331179739E-03 9.90741665682842E-03 9.92700693797616E-03 9.93523022251021E-03 9.93294658915226E-03 9.92121609671752E-03 9.90127736237661E-03 9.87450011542638E-03 9.84233040441078E-03 9.80623630282627E-03 9.76765411910933E-03 9.72791022574435E-03 9.68815517010829E-03 9.64938737897665E-03 9.61241340923258E-03 9.57786708174244E-03 9.54619007401759E-03 9.51769021388154E-03 9.4925297096476E-03 9.47079703129359E-03 9.45248707486301E-03 9.4375220151536E-03 9.42573452791298E-03 9.41691433937537E-03 9.41076959074937E-03 9.40693274103616E-03 9.40493275883665E-03 9.40422204914926E-03 9.40422211580172E-03 9.40448146497886E-03 9.40481596947886E-03 9.41300008661512E-03 0 0 0 0 0 0 0 0 0 0 0 0 0 0 0 0 0 0 0 0 0 0 0 0
9.39891248369065E-03 9.50568834098834E-03 9.60213795186507E-03 9.68747226070624E-03 9.76106381900892E-03 9.82244015785181E-03 9.87135250881777E-03 9.90777601237363E-03 9.93193386055463E-03 9.94430550213084E-03 9.94562572234618E-03 9.93686150106962E-03 9.91918167886869E-03 9.89392478663065E-03 9.86254142508652E-03 9.8265317943204E-03 9.78738639601434E-03 0.009746529735958 9.70524786153721E-03 9.66462406169418E-03 9.62557409645355E-03 9.58880832898256E-03 9.55486209453456E-03 9.52408026438657E-03 9.49668000479392E-03 9.47275092679781E-03 9.45231553287752E-03 9.43531563349702E-03 9.42163381461165E-03 9.41108562518618E-03 9.40345397280858E-03 9.39846281887509E-03 9.39576733365713E-03 9.3949031353303E-03 9.39523240572501E-03 9.39596054754107E-03 9.39651652488531E-03 9.3969010039191E-03 0 0 0 0 0 0 0 0 0 0 0 0 0 0 0 0 0 0 0 0 0 0 0 0 0
9.47608554336696E-03 9.57660478837971E-03 9.66638047584259E-03 9.74469253589052E-03 9.81099479789982E-03 9.86491191707343E-03 9.90629507468844E-03 9.93522372038947E-03 9.95202907958548E-03 9.95730015736147E-03 9.95188318576134E-03 9.93685634604157E-03 9.91349942632321E-03 9.88324796599029E-03 9.84762461713696E-03 9.80817044560372E-03 9.7663819985717E-03 9.72365462019046E-03 9.68121606880746E-03 9.64007270872938E-03 9.60104908520955E-03 9.56475593640055E-03 9.5316282651288E-03 9.5019124854803E-03 9.47573822775336E-03 9.45312510020442E-03 9.43403510626395E-03 9.41836091096925E-03 9.40595024292383E-03 9.39660255507224E-03 9.39010338922772E-03 9.38621443975776E-03 9.38466305847623E-03 9.38505369686204E-03 9.38666753059462E-03 9.38820068961104E-03 9.38895455289982E-03 9.3969010039191E-03 0 0 0 0 0 0 0 0 0 0 0 0 0 0 0 0 0 0 0 0 0 0 0 0 0
9.54936244735055E-03 9.6434200025305E-03 9.72635927665044E-03 9.79753141793453E-03 9.85646943707153E-03 9.90289333717035E-03 9.93675220540477E-03 9.95823139737352E-03 9.96777142899079E-03 9.96607449844663E-03 9.95410257269906E-03 9.93305109569301E-03 9.90431121914252E-03 9.86940913509332E-03 9.82992780241163E-03 9.78743316256145E-03 9.7434109858315E-03 9.69921078159981E-03 9.65598811234075E-03 9.6146606550718E-03 9.57595255122791E-03 9.54037429635692E-03 9.50826044327659E-03 9.47975797137204E-03 9.45491333271631E-03 9.43368195252908E-03 9.41597007461262E-03 9.40162502164726E-03 9.39045848592874E-03 9.38225191649793E-03 9.37679839001707E-03 9.37392487291284E-03 9.37351278304741E-03 9.37542514945843E-03 9.37900272223097E-03 9.38145835751954E-03 9.38180465703192E-03 0 0 0 0 0 0 0 0 0 0 0 0 0 0 0 0 0 0 0 0 0 0 0 0 0 0
9.61861696104593E-03 9.70605496334592E-03 9.78203603892095E-03 9.84598140789406E-03 9.89750244956944E-03 9.93641395145199E-03 9.96276507343052E-03 9.97684986223706E-03 9.9792231969729E-03 9.97070557417511E-03 9.95238013217652E-03 9.92556471423024E-03 9.89175987794543E-03 9.85257266736189E-03 9.80963118063761E-03 9.76450920802225E-03 9.71866447497956E-03 9.67338516073602E-03 9.62973915605584E-03 9.58854448622405E-03 9.55041858687057E-03 9.51577256651077E-03 9.48484219872494E-03 9.45767473196087E-03 9.43424163021509E-03 9.41444052536442E-03 9.39812700571506E-03 9.38510253697467E-03 9.37513893338922E-03 9.36798957674008E-03 9.36344325746828E-03 9.36139067658208E-03 9.36195827795728E-03 9.36571675374862E-03 9.37335613940907E-03 9.37720175647004E-03 9.38180465703192E-03 0 0 0 0 0 0 0 0 0 0 0 0 0 0 0 0 0 0 0 0 0 0 0 0 0 0
9.68377085435984E-03 9.76447056341229E-03 9.83340067862932E-03 9.89005331977756E-03 9.93411817621812E-03 9.96550788064664E-03 9.98437427174272E-03 9.99112692150701E-03 9.98644251845263E-03 9.9712673811274E-03 9.94681088005487E-03 9.91451758913768E-03 9.87599001084114E-03 9.83290191828561E-03 9.78690916887367E-03 9.73957518640259E-03 9.69231297873405E-03 9.64633466875641E-03 9.6026091790357E-03 9.5618441379761E-03 9.52454447493248E-03 9.4910224247062E-03 9.46142025249685E-03 9.43568612938917E-03 9.41372890583806E-03 9.39539532410138E-03 9.38049142742717E-03 9.36877269248516E-03 9.35996573736346E-03 9.35378334720843E-03 9.34997177808728E-03 9.34840962466839E-03 9.34935572606072E-03 9.35455154328925E-03 9.37335613940907E-03 9.37720175647004E-03 0 0 0 0 0 0 0 0 0 0 0 0 0 0 0 0 0 0 0 0 0 0 0 0 0 0 0
9.74480964855956E-03 9.81867446625254E-03 9.88047443867875E-03 9.92977355511718E-03 9.96634579391501E-03 9.99020347623645E-03 1.00016099835615E-02 1.00010985126978E-02 9.9894775688533E-03 9.96782734044049E-03 9.93748843244484E-03 9.90002972210017E-03 9.85714610645714E-03 9.81055873258188E-03 9.7619330388003E-03 9.71280354132154E-03 9.66452369679521E-03 9.6182123600653E-03 9.57473163209433E-03 9.53466883479961E-03 9.49841852994555E-03 9.4661882988664E-03 9.43802514463744E-03 9.41380058428122E-03 9.39337166210143E-03 9.37653365161938E-03 9.36304436087741E-03 9.35261182320104E-03 9.34491449909262E-03 9.33961056115695E-03 9.33636749034603E-03 9.33487146856144E-03 9.33471929571909E-03 9.33492974720135E-03 0 0 0 0 0 0 0 0 0 0 0 0 0 0 0 0 0 0 0 0 0 0 0 0 0 0 0 0 0
9.80176447697191E-03 9.86870044271595E-03 9.92328941149273E-03 9.9651706731478E-03 9.99420731457375E-03 1.00105187662012E-02 1.00144907540161E-02 1.00067910950503E-02 9.98837100369407E-03 9.96045174608937E-03 9.92450596231533E-03 9.8822199178775E-03 9.83536852699656E-03 9.78569653496468E-03 9.73486335697357E-03 9.68435170418171E-03 9.63544256213201E-03 0.009589140891569 9.54620314200009E-03 9.50708233377894E-03 9.47207151649293E-03 9.4412691792372E-03 9.41464498786361E-03 9.39200700153287E-03 9.37315372809607E-03 9.35783539764396E-03 9.3457652506389E-03 9.33660958925785E-03 9.33000124025933E-03 0.009325551215816 9.32285483642227E-03 9.32149736553867E-03 9.32100910877179E-03 9.32097261768356E-03 0 0 0 0 0 0 0 0 0 0 0 0 0 0 0 0 0 0 0 0 0 0 0 0 0 0 0 0 0
9.85466287057893E-03 9.91456932753991E-03 9.96185787861256E-03 9.99624754383571E-03 1.00176998386707E-02 1.00264500633937E-02 1.00230186446507E-02 0.01000822003868 9.98315831641808E-03 9.94920149068242E-03 9.90795336181108E-03 9.8612048849482E-03 9.81078981503061E-03 9.75846127713011E-03 9.70584926222277E-03 9.65436758631047E-03 9.60520289814944E-03 9.55924126878444E-03 9.51711715148708E-03 9.47915912539566E-03 9.44555629869112E-03 9.41630671929817E-03 9.39130596589087E-03 9.37030683315114E-03 9.35305985986671E-03 9.33927076814045E-03 9.32861326090295E-03 9.32071594554385E-03 9.31517454703516E-03 9.31155988781947E-03 9.30942670055077E-03 9.30832893359909E-03 9.30784422599156E-03 9.30782867407718E-03 0 0 0 0 0 0 0 0 0 0 0 0 0 0 0 0 0 0 0 0 0 0 0 0 0 0 0 0 0
9.90354414851196E-03 9.95630545052198E-03 9.99618822130158E-03 1.00229994661506E-02 1.00368093362572E-02 1.00379820959332E-02 1.00271865699905E-02 1.00053958863404E-02 9.97387498206731E-03 9.93413997615034E-03 9.88791925081523E-03 9.83709307411467E-03 9.78353649224687E-03 9.72898754951136E-03 9.67502297622373E-03 9.62296938674875E-03 9.57390633561835E-03 9.52859239836733E-03 9.48753528326371E-03 9.45094401085997E-03 9.41890075195427E-03 9.39131421303452E-03 9.36801038607462E-03 9.34869484748895E-03 9.33307016640859E-03 9.32080813755799E-03 9.3115488363912E-03 9.30489133993875E-03 9.30039833760682E-03 9.29761279268322E-03 9.29606604946586E-03 9.29532181512918E-03 9.29503686463711E-03 9.29562061360767E-03 0 0 0 0 0 0 0 0 0 0 0 0 0 0 0 0 0 0 0 0 0 0 0 0 0 0 0 0 0
9.94841776259549E-03 9.99389889886081E-03 1.00262546486758E-02 1.00453894716967E-02 1.00514962450631E-02 0.01004508228411 1.00269782627682E-02 9.99832731997029E-03 9.96056126450493E-03 9.91534291288683E-03 9.86451581391037E-03 9.81003201378763E-03 9.7537819000728E-03 9.69746299273195E-03 9.64257607499995E-03 9.59034671796508E-03 9.54173340690367E-03 9.49735677698658E-03 9.45759613762897E-03 9.42254519315172E-03 9.39218689556408E-03 9.36634769746456E-03 9.34478923102387E-03 9.32717188543476E-03 9.31316142890883E-03 9.30240063780039E-03 9.2945036971527E-03 9.2890432329977E-03 9.28555503523334E-03 9.28355930271212E-03 9.28257869250797E-03 9.28221129844104E-03 9.28232594863256E-03 9.29562061360767E-03 0 0 0 0 0 0 0 0 0 0 0 0 0 0 0 0 0 0 0 0 0 0 0 0 0 0 0 0 0
9.98927818494474E-03 1.00273256211971E-02 1.00520166183112E-02 1.00633679499366E-02 1.00617113639638E-02 1.00477130999346E-02 1.00223791438216E-02 9.98703213523557E-03 9.94327293804516E-03 9.89290494811661E-03 9.83787118771286E-03 9.78017406650732E-03 9.72169664054054E-03 9.66406571856617E-03 9.60868681419564E-03 9.55666717052264E-03 9.50883297437084E-03 9.46565606129572E-03 9.42739720619879E-03 9.39403725663156E-03 9.36546590348095E-03 9.34143714299122E-03 9.32165182961022E-03 9.3057332390394E-03 9.29331070454823E-03 9.28400921555996E-03 9.27741882142486E-03 9.27309420990732E-03 9.27055194049673E-03 9.26930142344341E-03 9.26885241612534E-03 9.26879838041071E-03 9.26943210336223E-03 0 0 0 0 0 0 0 0 0 0 0 0 0 0 0 0 0 0 0 0 0 0 0 0 0 0 0 0 0 0
0.010026083484395 1.00565247195298E-02 1.00734018314124E-02 1.00768612642759E-02 0.010067391663068 1.00458338941994E-02 1.00133817222863E-02 9.97154349021526E-03 9.9220871891018E-03 9.86694779099007E-03 9.80815057485184E-03 9.74771788664968E-03 9.6874918223766E-03 9.62901385307147E-03 0.009573574513297 9.52214069352708E-03 9.47538878951524E-03 9.4336523007466E-03 9.39707176107175E-03 9.36552521101333E-03 9.33881944709542E-03 9.31663705367568E-03 9.29862426111302E-03 9.2843734269757E-03 9.27349232871684E-03 9.26558323331235E-03 9.26020952980218E-03 9.25691144135804E-03 9.25520804156867E-03 9.25460103915842E-03 9.25460701858366E-03 9.25498609245924E-03 9.26943210336223E-03 0 0 0 0 0 0 0 0 0 0 0 0 0 0 0 0 0 0 0 0 0 0 0 0 0 0 0 0 0 0
1.00587688283663E-02 1.00814148862011E-02 1.00903227967622E-02 1.00857879845859E-02 1.00684740475233E-02 1.00394132713849E-02 9.99999662543264E-03 9.95192014173291E-03 9.89711106808375E-03 9.8376201687886E-03 9.77553023041219E-03 9.71285197184821E-03 9.65136485528297E-03 9.59250144230327E-03 9.53741335163833E-03 9.48691105174569E-03 9.44152164066753E-03 9.40144708657106E-03 9.36670434045338E-03 9.33708041598036E-03 9.3122986089635E-03 9.2919816424495E-03 9.27572879701321E-03 9.26311472416777E-03 9.25371824499324E-03 9.24712409709706E-03 9.24287605923943E-03 9.2405025821399E-03 9.23951115833179E-03 9.23939240918204E-03 9.2396202241923E-03 9.24034994396838E-03 0 0 0 0 0 0 0 0 0 0 0 0 0 0 0 0 0 0 0 0 0 0 0 0 0 0 0 0 0 0 0
1.00872284463476E-02 1.01018824561674E-02 1.01026701384963E-02 1.00900564481688E-02 0.010064898863563 1.00284347419636E-02 9.98225862799968E-03 9.92825093189887E-03 9.86848564639459E-03 9.80510807735683E-03 9.74023121247094E-03 9.67582456250034E-03 9.61357207258116E-03 9.55477608531662E-03 9.50043326938724E-03 9.45119049668844E-03 9.40742256165887E-03 9.36920007192523E-03 9.33642368782722E-03 9.30879425644019E-03 9.28596460535442E-03 9.26750409866177E-03 9.25297879196347E-03 9.24194334203996E-03 9.23395758626366E-03 9.22858572888048E-03 9.22535049754637E-03 9.2237593014262E-03 9.22329567008435E-03 9.22345129130913E-03 9.22390761134449E-03 9.24034994396838E-03 0 0 0 0 0 0 0 0 0 0 0 0 0 0 0 0 0 0 0 0 0 0 0 0 0 0 0 0 0 0 0
1.01113404380484E-02 1.01178036834947E-02 1.01103325686286E-02 1.00895827894353E-02 1.00566233111727E-02 1.00129070722632E-02 9.96023287034987E-03 9.90065678064707E-03 9.8363806568439E-03 9.76961710898929E-03 9.7024789746987E-03 9.63686387461639E-03 9.57433690002634E-03 9.51604528175023E-03 9.46281757301535E-03 9.41513459237705E-03 9.3732186828699E-03 9.3370101323915E-03 9.30630216990729E-03 9.28072088059335E-03 9.25985788434765E-03 9.24324284950483E-03 9.23040787761689E-03 9.22089457296768E-03 9.21424365640351E-03 9.21000191636928E-03 9.20767726227872E-03 9.20675733473191E-03 9.20669962915139E-03 9.20696753423167E-03 9.20776850671604E-03 0 0 0 0 0 0 0 0 0 0 0 0 0 0 0 0 0 0 0 0 0 0 0 0 0 0 0 0 0 0 0 0
1.01309576251226E-02 1.01290422974605E-02 1.01131987837293E-02 1.00842948716983E-02 1.00436260761855E-02 9.99286731541082E-03 9.93401760513448E-03 9.86929382762071E-03 9.80100011325577E-03 9.73138643369297E-03 9.66253323371403E-03 9.59623555250107E-03 9.53391233163142E-03 9.47653792513148E-03 9.42476616468668E-03 9.37891265135457E-03 9.33904797281477E-03 9.30498266905645E-03 9.27641219116016E-03 9.25289966388908E-03 9.23399338234808E-03 9.21918752014939E-03 9.20798941150174E-03 9.19992792179926E-03 9.19452722449833E-03 9.19131290982388E-03 9.18978032636495E-03 9.18940110457157E-03 9.18962931005337E-03 9.19010989744472E-03 9.20776850671604E-03 0 0 0 0 0 0 0 0 0 0 0 0 0 0 0 0 0 0 0 0 0 0 0 0 0 0 0 0 0 0 0 0
1.01459309267632E-02 1.01354663086428E-02 0.010111170254092 0.01007414195784 1.00259139968793E-02 9.96838508728288E-03 9.90374295517284E-03 9.83434455365168E-03 9.76256493934678E-03 9.69065699560575E-03 9.62063632087418E-03 9.55416314410791E-03 9.49249735720045E-03 9.43642185788744E-03 9.38641365729803E-03 9.34262416107046E-03 9.30497620166251E-03 9.2731532764578E-03 9.24676626955009E-03 9.22533093325937E-03 9.20836057581862E-03 9.19532949100719E-03 9.18572107298458E-03 9.17906323203508E-03 9.17485117442183E-03 9.17258293503172E-03 9.17173572677506E-03 9.17177381519324E-03 9.17213269341716E-03 9.17298061362078E-03 0 0 0 0 0 0 0 0 0 0 0 0 0 0 0 0 0 0 0 0 0 0 0 0 0 0 0 0 0 0 0 0 0
1.01561030340682E-02 1.01369482656544E-02 1.01041653746425E-02 0.010059099711634 1.00035254294166E-02 9.93956204897891E-03 9.86957120397137E-03 9.79601854063882E-03 9.72131629854208E-03 9.64768505197294E-03 9.57704183817462E-03 9.51088789566867E-03 9.4502996387834E-03 9.39587124604685E-03 9.34790265756742E-03 9.30637807053669E-03 9.27107382392977E-03 9.24156235816103E-03 9.21738038037932E-03 9.19800860072635E-03 9.18293560065086E-03 9.17162481113977E-03 9.1635698981859E-03 9.1582805659779E-03 0.009155211450269 9.15382130939501E-03 9.15353619863094E-03 9.15382720808981E-03 9.1544460268437E-03 9.17298061362078E-03 0 0 0 0 0 0 0 0 0 0 0 0 0 0 0 0 0 0 0 0 0 0 0 0 0 0 0 0 0 0 0 0 0
1.01613234924326E-02 1.01333787477195E-02 1.00921288750644E-02 0.010039176017972 9.97653366068402E-03 9.90653337254177E-03 9.83168565926759E-03 9.75452927511318E-03 9.67748160336432E-03 9.60269221185187E-03 9.53195445201746E-03 9.46658490161774E-03 9.40746810862226E-03 9.35500491754308E-03 9.30930965654618E-03 9.27020570901065E-03 9.23733992746298E-03 9.21019419751567E-03 9.18823377478316E-03 9.17093247910101E-03 9.15775620115717E-03 9.14817644746311E-03 9.14167647554683E-03 9.13774398159474E-03 9.1358185193887E-03 9.13531870706614E-03 9.13561504630555E-03 9.13606494608002E-03 9.13692546381879E-03 0 0 0 0 0 0 0 0 0 0 0 0 0 0 0 0 0 0 0 0 0 0 0 0 0 0 0 0 0 0 0 0 0 0
1.01614503556702E-02 0.01012466836502 1.00750326029384E-02 0.010014406663594 9.9450395091585E-03 9.86945519022956E-03 9.79028531847607E-03 9.71010854441844E-03 9.63130798726631E-03 9.55592996815087E-03 9.4856115115209E-03 9.42147316576861E-03 9.36419309975398E-03 9.31397185553115E-03 9.27074376658213E-03 9.23418064730537E-03 0.009203815616283 9.17905116443855E-03 9.15931274771254E-03 9.14406682960128E-03 9.13277427018856E-03 9.12491701188318E-03 0.009119970925195 9.11740935616731E-03 9.11666260917152E-03 9.11713193875626E-03 9.11813182517781E-03 9.11890637755905E-03 9.13692546381879E-03 0 0 0 0 0 0 0 0 0 0 0 0 0 0 0 0 0 0 0 0 0 0 0 0 0 0 0 0 0 0 0 0 0 0
1.01563695173898E-02 1.01107593733561E-02 1.00528808073383E-02 9.98485813693758E-03 9.9091645750078E-03 9.82849296353926E-03 9.74556735495479E-03 9.66296738218625E-03 9.58300699550651E-03 9.5075962085057E-03 9.43819394941059E-03 9.37570865539861E-03 9.32060253593493E-03 9.27286974141918E-03 9.23227285428293E-03 9.19834965973959E-03 9.1705354580284E-03 9.14816517869038E-03 9.13062458793418E-03 9.11738711141376E-03 9.10793049450589E-03 9.10175533046232E-03 9.09834216566105E-03 9.09716277187991E-03 9.09766406836564E-03 9.09926041305009E-03 9.10111532409879E-03 9.10125725673857E-03 0 0 0 0 0 0 0 0 0 0 0 0 0 0 0 0 0 0 0 0 0 0 0 0 0 0 0 0 0 0 0 0 0 0 0
1.01459926074451E-02 1.00916210324934E-02 1.00257040375908E-02 9.95062099450233E-03 9.86905303728174E-03 9.7838361619483E-03 9.69775223126391E-03 9.61334268141527E-03 9.5328154561632E-03 9.45791892819326E-03 9.38990832954405E-03 9.32946407358592E-03 9.27682807767926E-03 9.23178639870481E-03 9.19394591569515E-03 9.16272580104507E-03 9.13747721632553E-03 9.11746901814063E-03 9.10206873794815E-03 9.09076328687789E-03 9.08305961886987E-03 9.07848912352746E-03 9.07655333593506E-03 9.0767461351599E-03 9.07857199944664E-03 9.08165455745126E-03 9.08561535791223E-03 9.08634877985199E-03 0 0 0 0 0 0 0 0 0 0 0 0 0 0 0 0 0 0 0 0 0 0 0 0 0 0 0 0 0 0 0 0 0 0 0
0.010130260716942 1.00672532679373E-02 9.99356169583004E-03 9.91180919091208E-03 9.82486302558457E-03 9.73567109795358E-03 9.64704050639057E-03 9.56143163776204E-03 9.48091934311248E-03 9.40705924976566E-03 9.34088448933568E-03 9.28282485903546E-03 9.23291583962102E-03 9.19073196608545E-03 9.15574691612326E-03 9.1272730272841E-03 9.10459062603243E-03 9.08690887316502E-03 9.07357425141227E-03 9.06410293778287E-03 9.05803357411619E-03 0.009054942514128 9.0543834115324E-03 9.05588045237474E-03 9.05896318648291E-03 9.06370897514549E-03 9.07417317513668E-03 9.08634877985199E-03 0 0 0 0 0 0 0 0 0 0 0 0 0 0 0 0 0 0 0 0 0 0 0 0 0 0 0 0 0 0 0 0 0 0 0
