NongDo/Fusa 12h.grd
DSAA
463	323
2	464
2	324
0	10
[rows 252 to 279 of 323, columns 0 to 63 of 463]
0 0 0 0 0 0 0 0 0 0 0 0 0 0 0 0 0 0 0 0 0 0 0 0 0 0 0 0 0 0 0 0 0 0 0 0 0 0 3.96806860937893E-03 3.97781053088647E-03 3.98353175368442E-03 3.98848534036046E-03 3.9940233228803E-03 4.00035520774914E-03 4.00754629731983E-03 4.01560503475695E-03 4.02458563599663E-03 4.03451086521875E-03 4.04544454056885E-03 4.05743862937547E-03 4.07055743627158E-03 4.08486533903095E-03 4.10040786558931E-03 4.11723129007142E-03 4.13535566119216E-03 4.15481396271314E-03 4.17559810630285E-03 4.19770438840276E-03 4.22110023345401E-03 4.24576942570178E-03 4.27164703484636E-03 4.29863391722036E-03 4.32661674206915E-03 4.35547191189817E-03
0 0 0 0 0 0 0 0 0 0 0 0 0 0 0 0 0 0 0 0 0 0 0 0 0 0 0 0 0 0 0 0 0 0 0 0 0 3.95971883870842E-03 3.96806860937893E-03 3.97302386839699E-03 3.9784812253106E-03 3.98419466453768E-03 3.99048902928734E-03 3.99750025534829E-03 4.00533483389822E-03 4.01404222357033E-03 4.02369657063126E-03 4.03434025999631E-03 4.04604722662706E-03 4.05888317735168E-03 4.07291613822195E-03 4.08821133747345E-03 4.10481154984312E-03 4.12275871951406E-03 4.14206609247108E-03 4.16275571758924E-03 4.18480930493718E-03 4.20820908477391E-03 4.23290721186936E-03 4.25886745267654E-03 4.28600919153869E-03 4.31421703342068E-03 4.34336248912406E-03 4.37330831599099E-03
0 0 0 0 0 0 0 0 0 0 0 0 0 0 0 0 0 0 0 0 0 0 0 0 0 0 0 0 0 0 0 0 0 0 0 0 3.95284990478993E-03 3.95971883870842E-03 3.96404648396739E-03 3.96900021686657E-03 3.97458481000473E-03 3.98074502508296E-03 3.98758961495372E-03 3.99518092749275E-03 4.00361713605909E-03 4.01296247519853E-03 4.02330078376648E-03 4.03468698873641E-03 4.04720241278452E-03 4.06092295642589E-03 4.07591909501805E-03 4.09225527047768E-03 4.10996971429168E-03 4.12909750476174E-03 4.14964211625691E-03 4.17161526859043E-03 4.19498494912014E-03 4.21971599151275E-03 4.24574236981027E-03 4.27300841625345E-03 4.30141447377808E-03 4.33082830477954E-03 4.36110656115731E-03 4.39209927032624E-03
0 0 0 0 0 0 0 0 0 0 0 0 0 0 0 0 0 0 0 0 0 0 0 0 0 0 0 0 0 0 0 0 0 0 0 3.94999182140734E-03 3.95284990478993E-03 3.95626558552997E-03 3.96048103739427E-03 3.96550371665502E-03 3.97130711812828E-03 3.9778462223649E-03 3.98516932934076E-03 3.99330058544233E-03 4.00232866831443E-03 4.01232487782367E-03 4.0233755633304E-03 0.004035544685225 4.04891661113412E-03 4.06357772236336E-03 4.07959689856402E-03 4.09703686962989E-03 4.11592872797386E-03 4.13629930439338E-03 4.15813811373061E-03 4.18144681060523E-03 4.20617593621729E-03 4.2322688014153E-03 4.25964010435892E-03 4.28821379952317E-03 4.31787253516602E-03 4.34846482818193E-03 4.37983343502023E-03 4.41181666697149E-03
0 0 0 0 0 0 0 0 0 0 0 0 0 0 0 0 0 0 0 0 0 0 0 0 0 0 0 0 0 0 0 0 0 0 0 3.94999182140734E-03 3.95030043455565E-03 3.95296438042304E-03 3.9570814012551E-03 3.96224960553135E-03 3.96833506275729E-03 3.97526589957506E-03 3.98306634135414E-03 3.99175088593392E-03 4.00139863204723E-03 4.01208448229536E-03 4.02389573366055E-03 4.03690470318923E-03 4.05119822028203E-03 4.0668680719543E-03 4.08398102600214E-03 4.10259535944129E-03 4.12273357623745E-03 4.14441190950671E-03 4.16760614378999E-03 4.19230046025997E-03 4.21842430192617E-03 4.24589990889909E-03 0.004274623060048 4.30449645333128E-03 4.3353820356869E-03 4.36711114396234E-03 4.39951395764591E-03 4.4324197519163E-03
0 0 0 0 0 0 0 0 0 0 0 0 0 0 0 0 0 0 0 0 0 0 0 0 0 0 0 0 0 0 0 0 0 0 3.93968852867498E-03 3.94495666783025E-03 3.94627094454413E-03 3.94922616873389E-03 3.95356603159811E-03 3.95902382443761E-03 3.96547637233825E-03 3.97285230812939E-03 3.98116695019621E-03 3.9904499778201E-03 4.00077027476474E-03 4.01220764572831E-03 4.02484556606494E-03 4.03876955716385E-03 4.05406423338196E-03 4.07082490338544E-03 4.08911389422622E-03 4.1089832378441E-03 4.13044393969405E-03 4.15349912158261E-03 4.17810914889683E-03 4.20423086243144E-03 4.23177537586393E-03 4.26064249661959E-03 4.29070990347232E-03 4.32185559922177E-03 4.35392592379922E-03 4.38673524665205E-03 4.42010238773755E-03 4.45385024457267E-03
0 0 0 0 0 0 0 0 0 0 0 0 0 0 0 0 0 0 0 0 0 0 0 0 0 0 0 0 0 0 0 0 0 0 3.93968852867498E-03 3.94000343971356E-03 0.003941745241006 3.94509072349197E-03 3.94980804750532E-03 3.95567464124554E-03 3.96258643151017E-03 3.97048347544534E-03 3.97938491644578E-03 3.98933595203069E-03 4.00040447472469E-03 4.01267374642717E-03 4.02622521368445E-03 4.04115332025592E-03 4.05754184846566E-03 4.07548643950035E-03 4.09504336631529E-03 4.11625509078333E-03 4.13911790863876E-03 4.16361799042041E-03 4.18969508921516E-03 4.21727904087984E-03 4.2462589087331E-03 4.27651283693182E-03 4.30789970761991E-03 4.34027693229402E-03 4.37347505158042E-03 4.40729331137937E-03 4.44154198977393E-03 4.47604218629807E-03
0 0 0 0 0 0 0 0 0 0 0 0 0 0 0 0 0 0 0 0 0 0 0 0 0 0 0 0 0 0 0 0 0 0 3.93445587314543E-03 3.93457639722221E-03 3.93670700012334E-03 3.94052719414079E-03 3.94573266903343E-03 3.95211192666752E-03 3.95957673388504E-03 3.96808350917618E-03 3.97766105449217E-03 3.98837110949671E-03 4.00028166558803E-03 4.01348311695346E-03 4.02805045617327E-03 4.04408793892816E-03 4.0616745531463E-03 4.08090702178895E-03 4.10183211527398E-03 4.12447844856412E-03 4.14882258022935E-03 4.17482912725632E-03 4.20241530585332E-03 4.23148303120815E-03 4.26189881453417E-03 4.2935172609722E-03 4.32618083336058E-03 4.35972890321726E-03 4.39398233774349E-03 0.004428723768394 4.4637595113509E-03 4.49891499821017E-03
0 0 0 0 0 0 0 0 0 0 0 0 0 0 0 0 0 0 0 0 0 0 0 0 0 0 0 0 0 0 0 0 0 0 3.9280932080292E-03 3.92831240138149E-03 3.9310063395306E-03 3.9354409805139E-03 3.94125804401599E-03 3.94826397766207E-03 3.95638980574302E-03 3.9656099227418E-03 3.97596559530769E-03 3.98754189466409E-03 4.00040641831935E-03 4.01465485132948E-03 4.03035531567222E-03 4.04762001312803E-03 4.06651797967606E-03 4.08715080138766E-03 4.10954976620485E-03 4.13372234107763E-03 4.1596205097866E-03 4.18718548250271E-03 4.21630960556237E-03 4.24686722187668E-03 4.27870162350097E-03 4.31164525910475E-03 4.34552530147018E-03 4.38016832631443E-03 4.41538956922252E-03 4.4509544108184E-03 4.48667359550036E-03 4.52238492684427E-03
0 0 0 0 0 0 0 0 0 0 0 0 0 0 0 0 0 0 0 0 0 0 0 0 0 0 0 0 0 0 0 0 0 3.90935228176138E-03 3.91889061842081E-03 3.92075514946143E-03 3.92451951019419E-03 3.9297767299827E-03 3.93634674287677E-03 3.94410148216543E-03 3.95300526159323E-03 3.9630548328009E-03 3.97430005264184E-03 3.98686590300277E-03 4.00080756524128E-03 4.01623331906105E-03 4.03319337681235E-03 4.05181875074257E-03 4.07214950173997E-03 4.09430382008867E-03 4.11828223323302E-03 0.004144065657472 4.17157881457059E-03 4.20073804404205E-03 4.23141125368324E-03 4.26344298398092E-03 4.29665857035466E-03 4.33086808180588E-03 4.36588823485582E-03 4.40153036703877E-03 4.43761821583589E-03 4.47389464294016E-03 4.51019111900179E-03 4.54636424060283E-03
0 0 0 0 0 0 0 0 0 0 0 0 0 0 0 0 0 0 0 0 0 0 0 0 0 0 0 0 0 0 0 0 0 3.90935228176138E-03 3.90988954591736E-03 3.91255253871578E-03 3.9173278803834E-03 3.92354694215555E-03 3.93100294282258E-03 3.93962830924662E-03 3.9494313609168E-03 3.96043646120108E-03 3.97270705900681E-03 3.98639008175542E-03 4.00154325781265E-03 4.01827862291922E-03 4.03663971171552E-03 4.05676028049346E-03 4.07866651563307E-03 4.10246089511806E-03 4.1281126303021E-03 4.15557501957716E-03 4.18474798436762E-03 4.21551846082568E-03 4.24772866662708E-03 4.28119746667637E-03 4.31573376263044E-03 4.35113393353145E-03 4.38720553612021E-03 4.42374813700339E-03 4.4605751267326E-03 4.49744710332013E-03 4.53422353093171E-03 4.57077486810893E-03
0 0 0 0 0 0 0 0 0 0 0 0 0 0 0 0 0 0 0 0 0 0 0 0 0 0 0 0 0 0 0 0 0 3.8999448088312E-03 3.90027568337663E-03 3.90388129236529E-03 3.90967832119954E-03 3.91688748158984E-03 3.92531060426001E-03 3.93490547611656E-03 3.94572009697721E-03 3.95780471763074E-03 3.97124658044779E-03 3.98618859052105E-03 4.00270037627974E-03 4.02089113212852E-03 4.04080415493809E-03 4.06255867866532E-03 4.08618083990684E-03 4.11171415315223E-03 4.13911636490851E-03 4.1683056704263E-03 4.19916324310551E-03 4.23153495931003E-03 4.26524624862027E-03 4.30008963512945E-03 4.33586349203779E-03 4.37235620230085E-03 4.40936947241464E-03 4.44669612652319E-03 4.48413973068031E-03 4.52152348036127E-03 4.55870246356142E-03 4.59556383162575E-03
0 0 0 0 0 0 0 0 0 0 0 0 0 0 0 0 0 0 0 0 0 0 0 0 0 0 0 0 0 0 0 0 3.86478860178202E-03 3.88607762468635E-03 3.88933766076213E-03 3.89465202210183E-03 3.90165847661386E-03 3.90993078779639E-03 3.91938848966857E-03 3.93004322677303E-03 3.94197766067318E-03 3.95526822711337E-03 3.9700156580069E-03 3.98636185951649E-03 4.00437966496236E-03 4.02417464997093E-03 4.04578262552776E-03 4.06930676440913E-03 4.09475259286128E-03 4.12211660663509E-03 4.15133013439868E-03 4.18228075252779E-03 4.21482341995087E-03 4.24877055601745E-03 4.28392774385725E-03 4.32006901159887E-03 4.35698560458525E-03 4.39446299904061E-03 4.43230318689914E-03 4.47030052049005E-03 4.50827348903369E-03 4.54608460440364E-03 4.58359235576229E-03 4.62069172826838E-03
0 0 0 0 0 0 0 0 0 0 0 0 0 0 0 0 0 0 0 0 0 0 0 0 0 0 0 0 0 0 0 3.85734712342173E-03 3.86478860178202E-03 3.87248970209939E-03 3.87853180086896E-03 3.88540584665689E-03 3.89355969650465E-03 3.90288191812832E-03 3.91340847740722E-03 3.92519510753364E-03 3.93834773381808E-03 3.95296043505675E-03 3.96914171220468E-03 3.98703173190515E-03 4.00670007479378E-03 4.02824056097502E-03 4.0516747697923E-03 4.07708073934616E-03 4.10443829012502E-03 4.13370213223242E-03 4.16477012970532E-03 4.19749513398208E-03 4.23170541016697E-03 4.26718507432321E-03 4.30372163085716E-03 4.34107679978083E-03 0.004379038018478 4.41739503205797E-03 4.45595870891791E-03 4.49453556162501E-03 4.53295944034383E-03 4.57111483542079E-03 4.60887262055131E-03 4.64613197855228E-03
0 0 0 0 0 0 0 0 0 0 0 0 0 0 0 0 0 0 0 0 0 0 0 0 0 0 0 0 0 0 0 3.85734712342173E-03 3.85788535188769E-03 3.86240262182754E-03 3.86868084233996E-03 3.87641281921612E-03 3.88553621385364E-03 3.89588931324854E-03 3.90752267548619E-03 3.9205163315667E-03 3.9349857493429E-03 3.95103377281374E-03 3.96876860599872E-03 3.98833193603261E-03 4.00978227615151E-03 4.03319424603046E-03 4.05856675586175E-03 4.0859506932614E-03 4.11529163202925E-03 4.14650456008335E-03 4.17944902891267E-03 4.21394254351707E-03 4.24978577254702E-03 4.28673958562766E-03 0.004324579217345 4.36305607041997E-03 4.40196045821205E-03 4.44109342972359E-03 4.48028143568982E-03 4.51934642948632E-03 4.55814093136348E-03 4.59656320498809E-03 4.63449323033331E-03 4.67183279338849E-03
0 0 0 0 0 0 0 0 0 0 0 0 0 0 0 0 0 0 0 0 0 0 0 0 0 0 0 0 0 0 0 3.84798588204766E-03 3.84830696392581E-03 3.85247308442726E-03 3.8591417299468E-03 3.86763618341385E-03 3.87768996502188E-03 3.88908800834908E-03 3.90188169367447E-03 3.91616415336156E-03 3.93204952302913E-03 3.94964418707945E-03 3.96904757413623E-03 3.99040599500718E-03 4.01375831157752E-03 4.03915092995284E-03 4.06655530802124E-03 4.09598968000172E-03 4.12736518381543E-03 4.16055081394499E-03 4.1953703801298E-03 4.2316035103899E-03 4.26902799473768E-03 4.3073827487028E-03 0.004346439383334 4.38593918612086E-03 4.42568455268228E-03 4.46549369695125E-03 4.50521310448568E-03 4.5446820863583E-03 4.58376816858935E-03 4.62237990267166E-03 4.66040405628859E-03 4.69774104814993E-03
0 0 0 0 0 0 0 0 0 0 0 0 0 0 0 0 0 0 0 0 0 0 0 0 0 0 0 0 0 0 3.82076196389081E-03 3.83439522852011E-03 3.83688665104293E-03 3.84206779994854E-03 3.84957139056871E-03 3.85896506015179E-03 3.87003096766202E-03 3.88256679655969E-03 3.89661600852196E-03 3.91228531671683E-03 3.92969056124816E-03 3.94894321271375E-03 3.97013292410174E-03 3.99339605445149E-03 4.01874973357428E-03 4.04621137186918E-03 4.0757220821393E-03 4.10726169416859E-03 4.1406994286494E-03 4.17586018763835E-03 4.21252967944052E-03 4.25045503832027E-03 4.2893917566952E-03 4.32906312780342E-03 4.36923565496445E-03 4.40965534019861E-03 4.4501422855175E-03 4.49053198504566E-03 4.53068999904429E-03 4.57047577860413E-03 4.60977591899952E-03 4.64850130034785E-03 4.68653900466692E-03 4.72378877683852E-03
0 0 0 0 0 0 0 0 0 0 0 0 0 0 0 0 0 0 0 0 0 0 0 0 0 0 0 0 0 0 3.82076196389081E-03 3.82161599613265E-03 3.82519344525476E-03 3.83149401250983E-03 3.84004197654997E-03 3.85049058062066E-03 3.86267171867816E-03 3.87644578344879E-03 3.89185935724609E-03 3.90902667412465E-03 3.92805939668439E-03 3.94908177334147E-03 3.97217281190367E-03 3.99743974885815E-03 4.02488093175052E-03 4.05448137888859E-03 4.08615190528126E-03 4.11982054446322E-03 4.15532174147732E-03 4.19243097638829E-03 4.23090012358764E-03 4.27044635384882E-03 4.31080845881018E-03 4.35169925063016E-03 4.39288384829254E-03 4.43412785428005E-03 4.47526313575743E-03 4.51614329195654E-03 4.55665385994653E-03 4.59667784321412E-03 4.63611594402762E-03 4.67487406756782E-03 4.71284163328281E-03 4.7499164610124E-03
0 0 0 0 0 0 0 0 0 0 0 0 0 0 0 0 0 0 0 0 0 0 0 0 0 0 0 0 0 3.78980165937712E-03 3.80539624938488E-03 3.80802554639061E-03 3.81323717939511E-03 3.82084565068368E-03 3.83060232852372E-03 3.84225546387183E-03 3.85569647912304E-03 3.87084012014227E-03 3.88774403893659E-03 3.90653001260273E-03 3.92730748392364E-03 3.95020822498053E-03 3.97529827797379E-03 4.00265663287421E-03 4.03225476967792E-03 4.06404502665242E-03 4.09790156163795E-03 4.1337048627443E-03 4.17124607047925E-03 4.21025662243417E-03 4.25045464765287E-03 4.29153477300352E-03 4.33322335649024E-03 4.37523042758146E-03 4.41732761652312E-03 4.45929921832054E-03 4.50099191213967E-03 4.5422757395746E-03 4.58305514144476E-03 4.62323541352894E-03 4.66272980105667E-03 4.7014382286106E-03 4.73924794488328E-03 4.77605576362104E-03
0 0 0 0 0 0 0 0 0 0 0 0 0 0 0 0 0 0 0 0 0 0 0 0 0 0 0 0 0 3.78980165937712E-03 3.79074070063268E-03 3.79464034652509E-03 3.80130622176507E-03 3.81028909852298E-03 3.82137321336555E-03 3.83436905279478E-03 3.84921682866638E-03 3.86586932185205E-03 3.88439763003957E-03 3.9049308445521E-03 3.92757221040965E-03 3.95245736345577E-03 3.97963630658423E-03 4.00915998328535E-03 4.04097031841216E-03 4.0749803243649E-03 4.11102581149126E-03 4.1489389909775E-03 4.18847277693686E-03 4.22931322408994E-03 4.27114932636055E-03 4.31366129626783E-03 4.35657057636966E-03 4.39959220251871E-03 4.44250495736065E-03 4.48511319772045E-03 4.52727650665458E-03 4.56888123183905E-03 4.60984701473051E-03 4.65010210205872E-03 4.68956983931487E-03 4.72814109363496E-03 4.7656990541111E-03 4.80214107599652E-03
0 0 0 0 0 0 0 0 0 0 0 0 0 0 0 0 0 0 0 0 0 0 0 0 0 0 0 0 3.7564053686141E-03 3.77312919415693E-03 3.77580882610674E-03 3.78132692057144E-03 3.7894835954639E-03 3.79991938225594E-03 3.8124538359212E-03 3.82693634009208E-03 3.84334483477089E-03 3.86165726572166E-03 3.88195030210417E-03 3.90436084133666E-03 3.92898209713597E-03 3.95595161692976E-03 3.98529822794504E-03 4.01704824814215E-03 4.05110882191155E-03 4.0873492375393E-03 4.12556411411593E-03 4.1655428035435E-03 4.20700113152358E-03 4.24957970407265E-03 4.29294685884267E-03 4.33677979758706E-03 4.38080136746911E-03 4.42473503588634E-03 4.46836873171938E-03 4.51152633986038E-03 4.55407884583419E-03 4.59592441224746E-03 4.63699404837114E-03 4.67723859786797E-03 4.71659153218432E-03 4.7549286002614E-03 4.79213032752358E-03 4.82809987482293E-03
0 0 0 0 0 0 0 0 0 0 0 0 0 0 0 0 0 0 0 0 0 0 0 0 0 0 0 0 3.7564053686141E-03 3.75730031236903E-03 3.76115540798984E-03 3.76819931084389E-03 3.77791199616226E-03 3.78989760336877E-03 3.80400508713926E-03 3.82010986471153E-03 3.83822243811334E-03 3.85833732339055E-03 3.88053008796477E-03 3.90494817385055E-03 3.93165922583249E-03 3.96080985389299E-03 3.99239478691741E-03 4.02641837300935E-03 4.06275069200827E-03 4.10120961552655E-03 4.1415530313426E-03 4.18352296684371E-03 4.22681481542293E-03 4.27101656221592E-03 4.31579460713696E-03 4.3608335402979E-03 4.40585958143833E-03 4.4506093145333E-03 4.4948730539478E-03 4.53850049889749E-03 4.5813641784319E-03 4.62337383999978E-03 4.6644627324428E-03 4.70460590630392E-03 4.74374864502501E-03 4.78174095707792E-03 4.81847127303214E-03 4.85385510585558E-03
0 0 0 0 0 0 0 0 0 0 0 0 0 0 0 0 0 0 0 0 0 0 0 0 0 0 0 0 3.74029588805949E-03 3.74083526148657E-03 3.74637845111724E-03 3.75524493598136E-03 3.76669837572928E-03 3.7803746720378E-03 3.7961842023859E-03 3.81404455998343E-03 3.83399466978075E-03 3.85604652904609E-03 3.88027078686647E-03 3.90681338969942E-03 3.93572238708744E-03 3.96713751664468E-03 4.00102387295727E-03 4.03735096119923E-03 0.004075949440152 4.11659346425051E-03 4.15900639358028E-03 4.20288246121908E-03 4.24788229922129E-03 4.29358030372729E-03 4.33965011019644E-03 4.38578450429995E-03 4.43171182261422E-03 4.47718236321213E-03 4.5219924748879E-03 4.56600989939961E-03 4.60910601068564E-03 4.65119775627734E-03 4.69222110269972E-03 4.73216795256403E-03 4.77098083857349E-03 4.80850112468208E-03 4.84463556362297E-03 4.87931708190704E-03
0 0 0 0 0 0 0 0 0 0 0 0 0 0 0 0 0 0 0 0 0 0 0 0 0 0 0 3.68235910443695E-03 3.71746843204988E-03 3.72305982937145E-03 3.73169755778637E-03 3.74279115618868E-03 3.75614471649149E-03 3.77161654700083E-03 3.78922427955503E-03 3.80894290839572E-03 3.83083713446455E-03 3.8549392132574E-03 3.88131177390158E-03 3.91008727804215E-03 3.94129026346911E-03 3.97503830786817E-03 4.01127143135728E-03 4.04990324834004E-03 4.09073844241579E-03 4.13350552291703E-03 4.17790397346557E-03 4.22357094660022E-03 4.27014635196144E-03 4.31722797722261E-03 4.36447897407347E-03 4.41160854131263E-03 4.4583394184419E-03 4.50444692988177E-03 4.54971732858055E-03 4.59404205068632E-03 4.63728128760468E-03 4.67936297078546E-03 0.004720214417075 4.75983993168707E-03 4.79819168788488E-03 4.83511053794472E-03 4.87052361160749E-03 4.90438890883124E-03
0 0 0 0 0 0 0 0 0 0 0 0 0 0 0 0 0 0 0 0 0 0 0 0 0 0 3.66008613245779E-03 3.68235910443695E-03 3.6958793183948E-03 3.70652379608943E-03 3.71805462078535E-03 3.73130219905126E-03 3.74655368168404E-03 3.76386321344824E-03 3.78333673378194E-03 3.80499622945344E-03 3.82892576727094E-03 3.85517148012631E-03 3.88378642593305E-03 3.91488200584194E-03 3.94845435036555E-03 3.98458755246633E-03 4.02318185573786E-03 4.06410449104219E-03 4.10712516996291E-03 4.15193884153276E-03 4.19821668373947E-03 4.24555889960205E-03 4.29359664151886E-03 4.34194605666323E-03 4.39027506210686E-03 4.43829849635893E-03 4.48574092785202E-03 4.53238903479175E-03 4.57803292457388E-03 4.62256808555495E-03 4.66584929691029E-03 4.70780824776877E-03 4.74837291781442E-03 4.78755204168564E-03 4.82529477426927E-03 4.86146558879714E-03 4.89602718378756E-03 4.92896648520272E-03
0 0 0 0 0 0 0 0 0 0 0 0 0 0 0 0 0 0 0 0 0 0 0 0 0 3.65040680118559E-03 3.66008613245779E-03 3.66985409602076E-03 3.6810541738112E-03 3.69290401012304E-03 3.70616454537454E-03 3.72118346858859E-03 3.73821469973983E-03 3.75735423857302E-03 3.77873207009605E-03 3.80239334569021E-03 3.82842863277973E-03 3.85689219055676E-03 3.8878248283305E-03 3.92130585542231E-03 3.9572990527274E-03 3.99583687155902E-03 4.03678185189722E-03 4.07995419378438E-03 4.12509197753202E-03 4.17186147276433E-03 4.21991268336851E-03 4.26882510688989E-03 4.31822284046344E-03 4.36774158988116E-03 4.41705381289381E-03 4.46587863446324E-03 4.51393983692184E-03 4.56103087417526E-03 4.60694529192404E-03 4.65157054848197E-03 4.69476679646402E-03 4.73646303238482E-03 4.77659455844931E-03 4.81516435870119E-03 4.85214385110042E-03 4.88743290854812E-03 4.92102583791912E-03 4.95294543333833E-03
0 0 0 0 0 0 0 0 0 0 0 0 0 0 0 0 0 0 0 0 0 0 0 0 0 3.65040680118559E-03 3.65129731298565E-03 3.65822602331069E-03 0.003668633231415 3.68122275663996E-03 3.69583836346998E-03 3.71246141840551E-03 3.73122955026643E-03 3.75222130328847E-03 3.77555658311059E-03 3.80128235062911E-03 3.82948366844578E-03 3.86022324203364E-03 3.89352639563288E-03 3.9294336047314E-03 3.96787106713326E-03 4.00881444103502E-03 4.05208101479906E-03 4.09744804459565E-03 4.14462278781911E-03 4.19325292108408E-03 4.24297291211661E-03 4.29335049747276E-03 4.34400677583296E-03 4.39459734829891E-03 4.44479924678652E-03 4.49432676040352E-03 4.54290073228734E-03 4.59031750105985E-03 4.63637624185563E-03 4.68095303732383E-03 4.72391421433157E-03 4.76519109860251E-03 4.80473297128616E-03 4.84254384551194E-03 4.87861293896338E-03 4.91288815156612E-03 4.94540752235788E-03 4.97622829052672E-03
0 0 0 0 0 0 0 0 0 0 0 0 0 0 0 0 0 0 0 0 0 0 0 0 3.61783200095349E-03 3.63462926674717E-03 3.63822953609132E-03 3.64598550500479E-03 3.6570869287501E-03 3.67078188509764E-03 3.68682454861774E-03 3.70508561020992E-03 3.72563884763048E-03 3.74855194663555E-03 3.77391743491176E-03 3.8017809986643E-03 3.8322064805355E-03 3.86527447100501E-03 3.90098925429228E-03 3.93934026239286E-03 3.98022372357622E-03 4.0235409670684E-03 4.06907893670061E-03 4.11656411782285E-03 0.004165684864961 4.21607560328143E-03 4.26736179324509E-03 4.31910905897771E-03 4.37092600628477E-03 4.42250039323714E-03 4.47349644306769E-03 4.52361986035434E-03 4.57258486554493E-03 4.62018953764556E-03 4.66624340585258E-03 4.71060171516327E-03 4.75315575289741E-03 4.7938341543019E-03 4.83261843154255E-03 4.86950814423008E-03 4.90453280418734E-03 4.9376909676356E-03 4.96905889340891E-03 4.99872753618072E-03
