NongDo/Fusa 17.8h.grd
DSAA
463	323
2	464
2	324
0	10
[rows 140 to 167 of 323, columns 192 to 255 of 463]
7.43055382428336E-03 7.5374008718905E-03 7.64393137306475E-03 7.74978858985689E-03 7.8545919409317E-03 0.007957885560275 8.05921831985997E-03 8.1581343655086E-03 8.25419966352841E-03 8.34697631728432E-03 8.43604898104948E-03 8.52101410311088E-03 8.60152327345116E-03 8.67729083187412E-03 8.74809806605219E-03 8.81380057074541E-03 8.87433554946648E-03 0.008929731791795 8.98009314646007E-03 9.02559202733584E-03 9.0664528664898E-03 9.10293985579363E-03 9.1353368357711E-03 9.16393579737099E-03 9.18902194888865E-03 9.21085812695546E-03 9.22967577012853E-03 9.24567129317644E-03 9.25905118403196E-03 9.27004208380269E-03 9.27888971346759E-03 9.28583924098975E-03 9.29112637792029E-03 9.29497811757185E-03 9.29760780178127E-03 9.29921111628011E-03 9.29995475492921E-03 9.29997676381449E-03 9.29938659895348E-03 9.29826600359045E-03 9.29667969338264E-03 9.29467981958126E-03 9.29231198215923E-03 9.28962480843154E-03 9.2866838911931E-03 9.2835770685309E-03 9.28042310397106E-03 9.27455282044218E-03 0 0 0 0 0 0 0 0 0 0 0 0 0 0 0 0
7.5289308577913E-03 7.63556673278898E-03 7.74146298517441E-03 7.84626472934043E-03 7.94959554719102E-03 8.05100512264093E-03 8.15007631576935E-03 8.24639103054047E-03 8.33955265875324E-03 8.42915642975685E-03 8.51482137172701E-03 8.59617840957467E-03 8.67291770736867E-03 8.74479186691103E-03 8.81161815053689E-03 8.87328792896305E-03 8.92977670418641E-03 8.98115427427769E-03 9.02756281861695E-03 9.06921255311763E-03 9.10636015568368E-03 9.13929352226563E-03 9.16831393614456E-03 9.19372469182024E-03 9.21581507609937E-03 9.23484630509443E-03 9.25104563943072E-03 9.2646008014466E-03 9.27572205544676E-03 9.28464850836981E-03 9.29162775075028E-03 9.2969010802916E-03 9.30069906489318E-03 9.3032428261993E-03 9.30473620534309E-03 9.30536258657357E-03 9.30527516668368E-03 9.30459639887269E-03 9.30341849840353E-03 9.30180397313666E-03 9.29980505558966E-03 9.29746878472352E-03 9.29483667455814E-03 9.29196057199845E-03 9.28893254757889E-03 9.28590209730874E-03 9.28042310397106E-03 0 0 0 0 0 0 0 0 0 0 0 0 0 0 0 0 0
7.62616705214287E-03 7.73225176354591E-03 7.83718953073577E-03 7.94062314892124E-03 8.04217864497955E-03 8.14142917483423E-03 8.23800101377318E-03 8.33151244280601E-03 8.42159793957914E-03 8.50788091116503E-03 8.59001039321291E-03 8.66765475578079E-03 8.7405428523337E-03 8.80846385448776E-03 8.87127119387556E-03 8.92889547211662E-03 8.98135349169411E-03 9.02875592915804E-03 9.07128410830506E-03 9.10918596446401E-03 9.14274849158721E-03 9.17227965246572E-03 9.19809350143635E-03 9.22049884769826E-03 9.23978296231853E-03 9.2562005502698E-03 9.26997144642247E-03 9.2812781160464E-03 0.009290336923162 9.29739415413552E-03 9.30269306196975E-03 9.30646915833772E-03 9.30894742043601E-03 9.31034301368747E-03 9.31085118996044E-03 9.31064151815692E-03 9.30985151178656E-03 9.30858829896711E-03 9.30692833013366E-03 9.30491448930212E-03 9.30258592010081E-03 9.29999103399238E-03 9.29717537759069E-03 9.29420343439152E-03 9.29120701009043E-03 9.28590209730874E-03 0 0 0 0 0 0 0 0 0 0 0 0 0 0 0 0 0 0
7.72214936259538E-03 7.82736336817523E-03 7.93103686009682E-03 8.03280696922747E-03 8.1323099137286E-03 8.22916590110938E-03 8.32303130154229E-03 8.41355783072314E-03 8.5004038158662E-03 8.58322116591493E-03 8.66168809064229E-03 8.73551679429854E-03 8.80447112572777E-03 8.86837754142033E-03 8.92712872427016E-03 8.98069938702026E-03 9.02914980368233E-03 9.07263107537975E-03 9.1113655027752E-03 9.14563701790759E-03 9.1757594499559E-03 9.20205511340242E-03 9.22484541364706E-03 9.24443835902747E-03 9.26111314874013E-03 9.27511400997055E-03 9.2866516071399E-03 9.29590665212459E-03 9.30309819029535E-03 9.30847543559166E-03 9.31227481884133E-03 9.31472472826787E-03 9.31604484093908E-03 9.3164434580525E-03 9.31610653159442E-03 9.31518916651374E-03 9.3138122889767E-03 9.31206705386324E-03 9.31001463111922E-03 9.30768301437445E-03 9.30510025476124E-03 9.30232245966841E-03 9.29941374456366E-03 9.29647114058643E-03 9.29120701009043E-03 0 0 0 0 0 0 0 0 0 0 0 0 0 0 0 0 0 0 0
7.81682314155956E-03 7.92086150365583E-03 8.02297272570685E-03 8.1228009943235E-03 8.2200064003585E-03 8.31425200807474E-03 8.40521148138798E-03 8.49256849672546E-03 8.57600421231277E-03 8.65520438705975E-03 8.72988004670339E-03 8.79978584105919E-03 8.86471971104463E-03 8.92455069592402E-03 8.97921607503311E-03 9.02873709314764E-03 9.07321840462547E-03 9.11285299204954E-03 9.14790386694406E-03 9.17868595092448E-03 9.20553324192147E-03 9.22877715095837E-03 9.24873999636439E-03 9.26572192163143E-03 9.27998895732338E-03 9.2917721591152E-03 9.30127285378024E-03 9.30867262229964E-03 9.31419070258226E-03 9.31807256804102E-03 9.32054538325078E-03 9.32183253562419E-03 9.32214924432132E-03 9.3216948112055E-03 9.32064283992621E-03 9.31913482727744E-03 9.31727547888285E-03 9.31513761878141E-03 9.31276560836308E-03 9.31018013050066E-03 9.30740857841275E-03 9.3045249617073E-03 9.30163231705757E-03 9.29647114058643E-03 0 0 0 0 0 0 0 0 0 0 0 0 0 0 0 0 0 0 0 0
7.91016148696263E-03 8.0127325348007E-03 8.11300199431201E-03 8.21063000715543E-03 8.30529763683466E-03 8.3967003773947E-03 8.48454009777025E-03 8.56852823571676E-03 8.64837363750204E-03 8.72379770507379E-03 8.79454787913307E-03 8.86041760200751E-03 8.92124816488462E-03 8.97695503028981E-03 9.02752459152115E-03 9.07302452749575E-03 9.11360460521821E-03 9.14949906590471E-03 9.18100691017666E-03 9.20846743681233E-03 9.23222702783766E-03 9.25261999724936E-03 9.2699613051736E-03 9.28453731971433E-03 9.29659834161077E-03 9.30636042939169E-03 9.31401500810895E-03 9.3197466325533E-03 9.32377279552616E-03 9.32632936383092E-03 9.32763746240843E-03 9.32791643019217E-03 9.32737574535437E-03 9.3262042995263E-03 9.32456278264255E-03 9.32257789804614E-03 9.32033587974331E-03 9.31788920307504E-03 9.31526914415659E-03 9.31249581362434E-03 9.30961247027323E-03 9.30672738489679E-03 9.30163231705757E-03 0 0 0 0 0 0 0 0 0 0 0 0 0 0 0 0 0 0 0 0 0
8.00200327859273E-03 8.10281476351307E-03 8.20096490023561E-03 8.29613241147656E-03 8.38801686315127E-03 8.47634543961081E-03 8.56085317327341E-03 8.64127996691125E-03 8.71736590197209E-03 8.78886864967035E-03 8.85557410165179E-03 8.91731709490272E-03 8.97398893599021E-03 9.02555522394393E-03 9.07205408869602E-03 9.11359780292999E-03 9.1503799356894E-03 9.18267370412458E-03 9.21080777097536E-03 9.23513822898392E-03 9.25601585353777E-03 9.27376943167315E-03 9.2886994231435E-03 9.30107585192778E-03 9.31113169104507E-03 9.3190676753678E-03 9.32506638212047E-03 9.32931179375318E-03 9.33201431601249E-03 9.3334030005928E-03 9.33369792616514E-03 9.33311269699287E-03 9.33184804523612E-03 9.33008279226621E-03 9.3279671847431E-03 9.32561295542162E-03 9.32308302422912E-03 9.32040431588733E-03 9.31760354729841E-03 9.31471505280826E-03 9.31182761146974E-03 9.30672738489679E-03 0 0 0 0 0 0 0 0 0 0 0 0 0 0 0 0 0 0 0 0 0 0
8.09211071103191E-03 8.19086289971204E-03 8.28660823699242E-03 8.37904630181323E-03 0.008467900366149 8.5529322676031E-03 8.63390908867282E-03 8.71059978929107E-03 8.78277747501174E-03 8.85023883895653E-03 8.91281260325387E-03 8.97037840538113E-03 9.02287900019067E-03 9.07033295705248E-03 9.11283017512016E-03 9.15052448866923E-03 9.18365033269131E-03 9.2125159729903E-03 9.23747139559768E-03 9.25888114206662E-03 9.27709259142378E-03 9.29242162097962E-03 9.30515111121061E-03 9.31553275533111E-03 9.32377964838932E-03 9.33007698503442E-03 9.33459882330692E-03 9.33752784100375E-03 9.33906984864288E-03 9.33944651145217E-03 9.33887431064697E-03 9.33756063215758E-03 9.33569686385352E-03 9.33345216594862E-03 9.33097071131199E-03 9.32835422177505E-03 9.32563285877004E-03 9.32278916200212E-03 9.31987415548952E-03 9.31696057032835E-03 9.31182761146974E-03 0 0 0 0 0 0 0 0 0 0 0 0 0 0 0 0 0 0 0 0 0 0 0
8.18020477086262E-03 8.27659692028154E-03 8.36965384997953E-03 8.45910054433499E-03 8.54468937795033E-03 8.62621776141274E-03 8.70348382633185E-03 8.77628717117319E-03 8.84443690980006E-03 8.90777119005297E-03 8.96616486696598E-03 9.01954442352482E-03 9.06790547773422E-03 9.11131927394074E-03 9.14992530053524E-03 9.18391657061534E-03 9.21356421195436E-03 9.23920354087539E-03 9.26119659454269E-03 9.27990811090399E-03 9.29567499580081E-03 9.3087961708568E-03 9.31953479172012E-03 9.32812149217271E-03 9.33474799056886E-03 9.33958496248905E-03 9.34279924981302E-03 9.34457219304129E-03 9.3451062655698E-03 9.34461639375837E-03 9.34331303419409E-03 9.34139547357427E-03 9.33904542716162E-03 9.33642504670714E-03 9.33368305587616E-03 9.33092654436953E-03 9.32813784910685E-03 9.32516360420394E-03 9.32219450795741E-03 9.31696057032835E-03 0 0 0 0 0 0 0 0 0 0 0 0 0 0 0 0 0 0 0 0 0 0 0 0
8.26598590645707E-03 8.35972207743043E-03 8.44981664241694E-03 8.53602481667715E-03 8.61813151051103E-03 8.69597000396219E-03 8.76937096085961E-03 8.83816661333672E-03 8.90220444203961E-03 8.96136632764805E-03 9.01557480178483E-03 9.06480425760762E-03 9.10910355667733E-03 9.14859451098545E-03 9.18346193019551E-03 9.2139337434864E-03 9.24031005505028E-03 9.26294508147243E-03 9.28220512754062E-03 9.29844761664239E-03 9.31199357729085E-03 9.32312175792368E-03 9.3320726526621E-03 9.33905419183409E-03 9.34423808429237E-03 9.34778200801866E-03 9.34984717145945E-03 9.35061373074478E-03 9.35028203945933E-03 9.34906061863219E-03 9.34715141250076E-03 9.34474171566404E-03 9.34200068658742E-03 9.33909105110782E-03 9.3361967096134E-03 9.33348097060427E-03 9.33089221196527E-03 9.32768586188997E-03 9.32219450795741E-03 0 0 0 0 0 0 0 0 0 0 0 0 0 0 0 0 0 0 0 0 0 0 0 0 0
8.34914618345089E-03 8.43994498328729E-03 8.52682267959156E-03 8.60956907082206E-03 8.68800449415518E-03 8.76199714026201E-03 8.83141148670777E-03 8.8961156401322E-03 8.95599834363846E-03 9.01098515242858E-03 9.06104662023732E-03 9.10620658238274E-03 9.14656550363024E-03 9.18229027225934E-03 9.21360503887173E-03 9.24076809335724E-03 9.26410066000839E-03 9.28396658823166E-03 9.30072910688583E-03 9.31473254173822E-03 9.32627778799157E-03 9.33562110526507E-03 9.34297850966314E-03 9.34853466742986E-03 9.35244316938389E-03 9.3548512350181E-03 9.35591613075822E-03 9.35581633965444E-03 9.35475005558344E-03 9.35292102736738E-03 9.35052088863188E-03 9.34771728207349E-03 9.34465539957021E-03 9.34150127102813E-03 9.33853776275007E-03 9.33613939546025E-03 9.33465022675144E-03 9.32768586188997E-03 0 0 0 0 0 0 0 0 0 0 0 0 0 0 0 0 0 0 0 0 0 0 0 0 0 0
8.42938464850879E-03 8.51698748003414E-03 8.60042045044344E-03 8.67951164907883E-03 8.75411930044828E-03 8.82414530842888E-03 8.88948994300732E-03 8.95006035753379E-03 9.00578778749377E-03 9.05664147262422E-03 9.10263969978803E-03 9.14385541134033E-03 9.18043447987865E-03 9.21258296989062E-03 9.24055783397318E-03 9.26464200155986E-03 9.28516888767875E-03 9.30250436402755E-03 9.31700366206805E-03 9.32899262242221E-03 9.33874853924149E-03 9.34650389483472E-03 9.35245016551033E-03 9.35674914320685E-03 9.35953913516529E-03 9.36095885800067E-03 9.36116217952301E-03 9.36032576986419E-03 9.35864757847956E-03 9.35632882459488E-03 9.35354914673884E-03 9.35044470238707E-03 9.34710200819044E-03 9.34364551852081E-03 9.34054747979852E-03 9.33852552442065E-03 9.33829226793275E-03 0 0 0 0 0 0 0 0 0 0 0 0 0 0 0 0 0 0 0 0 0 0 0 0 0 0 0
8.50642905423307E-03 8.59060958509074E-03 8.67040596239609E-03 8.74568602961343E-03 8.81634711486251E-03 8.88232630928742E-03 8.94356144702587E-03 8.99999891483249E-03 9.05161336215055E-03 9.09841858011631E-03 9.14047916100348E-03 9.17791146118074E-03 9.21090027656821E-03 9.23968598219369E-03 9.26455208035251E-03 9.28579670450502E-03 0.009303757828637 9.31879951672572E-03 9.33126368128779E-03 9.34145315577279E-03 9.34961960957946E-03 9.35597091731659E-03 9.36067467401603E-03 9.36387296751312E-03 9.36569173262172E-03 9.36626194022155E-03 9.36573328115361E-03 9.36428010793238E-03 9.36210310639115E-03 9.35940814342356E-03 9.35636893605773E-03 9.35308199950858E-03 9.34949499565067E-03 9.34544308008817E-03 9.34183537385921E-03 9.33979775231482E-03 9.33829226793275E-03 0 0 0 0 0 0 0 0 0 0 0 0 0 0 0 0 0 0 0 0 0 0 0 0 0 0 0
8.58004504781013E-03 8.66061432904776E-03 8.73662073404821E-03 8.80797443497751E-03 8.87461347288581E-03 8.93651050913225E-03 8.9936396601848E-03 9.04598759083221E-03 9.09357374215629E-03 9.13645550847551E-03 9.17473883362011E-03 9.20857656041118E-03 9.23818695582971E-03 9.26383854615137E-03 9.28583417123261E-03 9.30447864283939E-03 9.32011095222955E-03 9.3330894164831E-03 9.34373544168544E-03 9.35232568653114E-03 9.35908626393153E-03 9.36420179154146E-03 9.36781923000856E-03 9.37006382187978E-03 9.37105018493222E-03 9.37090212537425E-03 9.36976414562292E-03 9.36780582672598E-03 9.3652344181369E-03 9.36227616618186E-03 9.35912643808838E-03 9.35588907693949E-03 9.35231584534267E-03 9.34677215899953E-03 9.34183537385921E-03 9.33979775231482E-03 0 0 0 0 0 0 0 0 0 0 0 0 0 0 0 0 0 0 0 0 0 0 0 0 0 0 0 0
8.65005643998344E-03 8.72686510870292E-03 8.79896934521563E-03 8.8663238761878E-03 8.92890816391938E-03 8.98672774088491E-03 9.03979383476585E-03 9.08813543818526E-03 9.13181663954035E-03 9.17093372572477E-03 9.20562833807616E-03 9.23608379835155E-03 9.26254477632928E-03 9.28530009073956E-03 9.3046638301774E-03 9.32094491235893E-03 9.33447954983446E-03 9.34561274730254E-03 9.35464035560511E-03 9.36181317480863E-03 9.36733385761386E-03 9.37136688869485E-03 9.37404185608928E-03 9.37546920927526E-03 9.37575308874884E-03 9.37501049429816E-03 9.3733790640475E-03 9.37101839165713E-03 9.36814278098055E-03 9.36502028745644E-03 9.36192622268228E-03 9.35919823642846E-03 9.35730693031039E-03 9.34677215899953E-03 0 0 0 0 0 0 0 0 0 0 0 0 0 0 0 0 0 0 0 0 0 0 0 0 0 0 0 0 0 0
8.71633520139628E-03 8.78927509958241E-03 8.85740740231549E-03 8.92073202753669E-03 8.97926977771378E-03 9.03305539340337E-03 9.08214105081605E-03 0.009126598054632 0.009166531618267 9.20207041384851E-03 9.23338691696355E-03 9.26068866386856E-03 9.28423828741466E-03 9.30433791911116E-03 9.32130535122171E-03 9.33545204744456E-03 9.34710453492526E-03 9.35658944306428E-03 9.36417792353506E-03 9.37009658109619E-03 9.37452768243942E-03 9.37761836772121E-03 9.37948299708927E-03 9.38021909732928E-03 9.37992196926403E-03 9.37870085287935E-03 9.37668217677228E-03 9.37400879102789E-03 9.37089688257792E-03 9.3676588750724E-03 9.36463638952896E-03 9.36239749842111E-03 9.36210402359921E-03 0 0 0 0 0 0 0 0 0 0 0 0 0 0 0 0 0 0 0 0 0 0 0 0 0 0 0 0 0 0 0
8.77880311880278E-03 8.84780985156533E-03 8.91194598367183E-03 8.97125263188872E-03 9.02578963687355E-03 9.07562508404979E-03 9.12085272095791E-03 9.16158101090256E-03 9.1979500816893E-03 9.23011636914675E-03 9.25827735305771E-03 9.28265852731885E-03 9.30353362406863E-03 9.3212104827877E-03 9.33600544345823E-03 9.34823002834468E-03 9.35819699092139E-03 9.36621117810296E-03 9.37252063434208E-03 9.37733192862103E-03 9.38081039059679E-03 9.38308740922517E-03 9.38426345827509E-03 9.38442577448031E-03 9.38366206042219E-03 9.38207193854571E-03 9.37976554873378E-03 9.37686058930705E-03 9.37356055772106E-03 9.37019619553008E-03 9.36705074172736E-03 9.36435872656792E-03 9.36210402359921E-03 0 0 0 0 0 0 0 0 0 0 0 0 0 0 0 0 0 0 0 0 0 0 0 0 0 0 0 0 0 0 0
8.8374313270493E-03 8.90248327959722E-03 8.96263996194563E-03 9.01798120241422E-03 9.06860629935364E-03 9.11461840577524E-03 9.15614454426123E-03 9.19332631717951E-03 9.22633321306535E-03 9.25534482984399E-03 9.28057573998961E-03 9.30226432355177E-03 9.32068984387884E-03 9.33615989753678E-03 9.34898642333895E-03 9.35947892395202E-03 9.36793553962502E-03 9.37463631262467E-03 9.37981001374941E-03 9.38364624851941E-03 9.38629536763207E-03 9.38787459960473E-03 9.3884735640941E-03 9.38817125140907E-03 9.38704787302523E-03 9.38519072735874E-03 9.38268741751807E-03 9.37962764111915E-03 9.37620560767186E-03 9.37275797062192E-03 9.36953439014833E-03 9.36435872656792E-03 0 0 0 0 0 0 0 0 0 0 0 0 0 0 0 0 0 0 0 0 0 0 0 0 0 0 0 0 0 0 0 0
8.8922765179155E-03 8.95339234422123E-03 9.00962266858951E-03 9.06108690044438E-03 9.10792214200129E-03 9.15026104805394E-03 9.18825864076207E-03 9.22208629543013E-03 9.25193814151122E-03 9.27801094001094E-03 9.30053059547309E-03 9.31974424341529E-03 9.33593203989986E-03 9.34939782666558E-03 9.36044643697858E-03 9.36938112971078E-03 9.37648351582452E-03 9.38201214756158E-03 9.38618018653873E-03 9.38916155907467E-03 9.39109261560175E-03 9.39207870789721E-03 9.39220148729949E-03 9.3915337836045E-03 9.39014985170633E-03 9.38812330106963E-03 9.38550655551938E-03 9.38234574425644E-03 9.37887763749329E-03 9.37546144139633E-03 9.36953439014833E-03 0 0 0 0 0 0 0 0 0 0 0 0 0 0 0 0 0 0 0 0 0 0 0 0 0 0 0 0 0 0 0 0 0
0.008943445041984 9.00067985247653E-03 9.05307150596513E-03 9.10077791756502E-03 9.14396750857793E-03 9.18279634675479E-03 9.21744664662146E-03 9.24811589348321E-03 9.27501798569423E-03 9.29836035703076E-03 9.31837690883668E-03 9.33531987258688E-03 9.34946631421512E-03 9.36111350092238E-03 9.37055657334515E-03 9.37809036523421E-03 9.38398150695198E-03 9.38846921901156E-03 9.39175147594825E-03 9.39398834171073E-03 9.39530427654845E-03 9.39579460110279E-03 9.39553422224115E-03 9.39459295040605E-03 9.39304525035404E-03 9.39096188960808E-03 9.38835068195737E-03 9.38510913409936E-03 9.38166020536978E-03 9.37546144139633E-03 0 0 0 0 0 0 0 0 0 0 0 0 0 0 0 0 0 0 0 0 0 0 0 0 0 0 0 0 0 0 0 0 0 0
8.99108106484128E-03 9.04451828628821E-03 9.09318475849982E-03 9.13727085801154E-03 9.1769704280498E-03 9.21246205898433E-03 9.24395293226037E-03 9.27166123055439E-03 9.29581453763602E-03 9.31662777957626E-03 9.33433955877324E-03 9.34920319503388E-03 0.009361489631615 9.37148757889221E-03 9.37948156999155E-03 9.38575644652591E-03 9.39056443699631E-03 9.39412836477279E-03 9.39663246573027E-03 9.39822475195979E-03 9.39901987364199E-03 9.39910428543293E-03 9.39854649781284E-03 9.39741669667583E-03 9.39580252694337E-03 9.3938139106648E-03 9.39146105284046E-03 9.38800234923958E-03 9.38166020536978E-03 0 0 0 0 0 0 0 0 0 0 0 0 0 0 0 0 0 0 0 0 0 0 0 0 0 0 0 0 0 0 0 0 0 0 0
9.03535383657357E-03 9.08509839761312E-03 9.1301692802834E-03 9.1707837307674E-03 9.20715878213197E-03 9.23949441087614E-03 9.26801712744588E-03 9.29296089203974E-03 9.31456156028235E-03 9.33303877226939E-03 9.34863140434407E-03 9.36159118967581E-03 9.37218152904999E-03 9.38068158478508E-03 9.38736588039625E-03 9.3925083207993E-03 9.39634808701249E-03 9.39909328999923E-03 9.40091588221097E-03 9.40195344089601E-03 9.40231234616268E-03 9.40207223393277E-03 9.40129700126576E-03 9.40005721929357E-03 9.39846270079172E-03 9.39676198426843E-03 9.39551126846331E-03 9.38800234923958E-03 0 0 0 0 0 0 0 0 0 0 0 0 0 0 0 0 0 0 0 0 0 0 0 0 0 0 0 0 0 0 0 0 0 0 0 0
9.07646010134239E-03 9.12263184894893E-03 9.1642470587505E-03 9.20154551117217E-03 9.23476475475839E-03 9.26412501768221E-03 9.28986746648475E-03 9.31223582471265E-03 9.33146932814943E-03 9.34779083511182E-03 9.36143652097391E-03 9.3726531834755E-03 9.38169608875067E-03 9.38883551507042E-03 9.39433654916875E-03 9.39846122949438E-03 9.40143614555393E-03 9.40345678131807E-03 9.40468429470117E-03 9.40524724942419E-03 9.40524558713459E-03 9.40475513913218E-03 9.40383813238965E-03 9.4025586077095E-03 9.40100103992724E-03 9.39944085863729E-03 9.39921486852621E-03 0 0 0 0 0 0 0 0 0 0 0 0 0 0 0 0 0 0 0 0 0 0 0 0 0 0 0 0 0 0 0 0 0 0 0 0 0
9.11460459860228E-03 9.15733262513964E-03 9.1956381178736E-03 9.2297796073788E-03 9.2600120749066E-03 9.28657422831084E-03 9.30971668362906E-03 9.32968839636786E-03 9.34672829862764E-03 9.36106066403675E-03 9.37291605340847E-03 9.38253460223108E-03 9.39016506785547E-03 9.3960687027968E-03 9.40050120630439E-03 9.40371196536154E-03 9.40591617118731E-03 9.4072978984837E-03 9.40800827511481E-03 9.40816816456262E-03 9.40787311451815E-03 9.40720004803284E-03 9.40621911305796E-03 9.40499462027558E-03 9.40349506829031E-03 9.4011724249662E-03 9.39921486852621E-03 0 0 0 0 0 0 0 0 0 0 0 0 0 0 0 0 0 0 0 0 0 0 0 0 0 0 0 0 0 0 0 0 0 0 0 0 0
9.14998753339354E-03 9.18940366206962E-03 9.22454463709277E-03 9.2556859197799E-03 9.2830975687503E-03 9.30703214221486E-03 9.32774548617847E-03 9.34548914315242E-03 9.36049897724705E-03 9.37299645806059E-03 9.38320491991654E-03 9.39135938046238E-03 9.39770237624587E-03 9.40248564787818E-03 9.40595486276412E-03 9.40834707832986E-03 9.40986681682906E-03 9.41068746548456E-03 9.41095108902798E-03 9.41077203410496E-03 9.41024299064632E-03 9.40944761013232E-03 9.40848500694708E-03 9.40750110573417E-03 9.40670612557241E-03 9.4011724249662E-03 0 0 0 0 0 0 0 0 0 0 0 0 0 0 0 0 0 0 0 0 0 0 0 0 0 0 0 0 0 0 0 0 0 0 0 0 0 0
9.18279559892296E-03 9.2190325545121E-03 9.25115397920813E-03 9.27944926193429E-03 9.30420026661263E-03 9.32566930830781E-03 9.34411453929018E-03 9.35978728810685E-03 9.37291761640311E-03 9.38372147976098E-03 9.39241642185564E-03 9.39923301570437E-03 9.40440584187633E-03 9.40817663471536E-03 9.41078077546557E-03 9.41244330304287E-03 9.41335787893602E-03 9.41368806492567E-03 9.41356835368104E-03 9.41310842794082E-03 9.41240004123252E-03 9.4115344448946E-03 9.41064095361632E-03 9.40994720565871E-03 9.40975808075577E-03 0 0 0 0 0 0 0 0 0 0 0 0 0 0 0 0 0 0 0 0 0 0 0 0 0 0 0 0 0 0 0 0 0 0 0 0 0 0 0
9.21318760854224E-03 9.24637706582736E-03 9.27562095652362E-03 9.30122057709773E-03 9.32346661262496E-03 9.34262737484252E-03 9.35895994201743E-03 9.3727111644098E-03 9.38410341304976E-03 9.39334751352601E-03 9.40065598150243E-03 9.40625328762331E-03 9.41036494930092E-03 9.41322306885517E-03 9.41505301579449E-03 9.41606746134424E-03 9.41644894333648E-03 9.41635251680083E-03 9.4159067717422E-03 9.41521890501687E-03 9.41438275077115E-03 9.41349667017901E-03 9.41270175250337E-03 9.41219303847337E-03 9.40975808075577E-03 0 0 0 0 0 0 0 0 0 0 0 0 0 0 0 0 0 0 0 0 0 0 0 0 0 0 0 0 0 0 0 0 0 0 0 0 0 0 0
9.24130433874475E-03 9.27157769908927E-03 0.009298085474554 9.32113817260827E-03 9.34103119005783E-03 9.3580354071951E-03 9.37240339324144E-03 9.38437441456698E-03 9.39416340461651E-03 9.40197574841022E-03 9.40801774369607E-03 9.41250613139879E-03 9.41565818265841E-03 9.41769600717515E-03 9.41883481838924E-03 9.41927477201908E-03 9.41918825207075E-03 9.41872298324204E-03 9.4180029308496E-03 9.41713457613278E-03 9.41621648880098E-03 9.41536061270624E-03 9.41474103007667E-03 9.41458442040139E-03 0 0 0 0 0 0 0 0 0 0 0 0 0 0 0 0 0 0 0 0 0 0 0 0 0 0 0 0 0 0 0 0 0 0 0 0 0 0 0 0
