NongDo/Fusa 17.6h.grd
DSAA
463	323
2	464
2	324
0	10
[rows 140 to 167 of 323, columns 192 to 255 of 463]
7.42605569750483E-03 7.53099639671635E-03 7.63559896136767E-03 7.73951993913753E-03 7.84239203823743E-03 7.9437746669331E-03 8.04323244272939E-03 8.14032522111972E-03 8.23463372137024E-03 8.32573417970792E-03 8.41322411700084E-03 8.49671177741784E-03 8.57585852166937E-03 8.65038583797492E-03 8.72007941585918E-03 8.7847965093896E-03 8.84447328929227E-03 8.89913476584548E-03 8.94887870860582E-03 8.99386963300358E-03 9.03432278747445E-03 9.07049240927198E-03 9.10265213487529E-03 9.13108387718583E-03 9.15606314331833E-03 0.009177843753728 9.1966490940341E-03 9.21266897503881E-03 9.22610459876619E-03 9.23717815583358E-03 9.24613129932403E-03 9.25320533184232E-03 9.25863202943164E-03 9.2626343728754E-03 9.26542143604232E-03 9.26718466731662E-03 9.26808634215122E-03 9.26826040055585E-03 9.26781288271863E-03 9.26682339875556E-03 9.26535493618872E-03 9.26345817600734E-03 9.26117735725648E-03 9.25855985649872E-03 0.009255669581188 9.25259197779063E-03 9.24944311125639E-03 9.24351567918139E-03 0 0 0 0 0 0 0 0 0 0 0 0 0 0 0 0
7.52227650572249E-03 7.62700576597282E-03 7.73098840745768E-03 7.83388306104909E-03 7.9353266999602E-03 8.03488424696752E-03 8.13215338909618E-03 8.22673044180933E-03 8.31823204905049E-03 8.40626605478033E-03 8.49046270949643E-03 8.57046292298104E-03 8.64596460050903E-03 8.71672541170287E-03 8.78256500147103E-03 8.84337447663824E-03 8.89912650320803E-03 8.94988545515358E-03 8.99578606505824E-03 9.03702952792338E-03 9.07386250718667E-03 9.10656248354397E-03 9.13542040139088E-03 9.1607296037625E-03 9.1827700489048E-03 9.20179454221987E-03 9.21802300717435E-03 9.23163733060387E-03 9.24284328979177E-03 9.25187626046898E-03 9.25898032370868E-03 9.26439332411722E-03 9.26834214753048E-03 9.27104406857074E-03 9.27269875414393E-03 9.27348557050021E-03 9.27355354242993E-03 9.27302138722432E-03 9.27197844241422E-03 9.27048588463536E-03 9.26859479548021E-03 9.26635088343181E-03 9.26379440377251E-03 9.26097587679314E-03 9.2579848665475E-03 9.25496656631734E-03 9.24944311125639E-03 0 0 0 0 0 0 0 0 0 0 0 0 0 0 0 0 0
7.61741986183703E-03 7.7216101217226E-03 7.82466049322883E-03 7.92622746536967E-03 8.02595056144263E-03 8.12341763649747E-03 8.21826853874401E-03 8.31013462855963E-03 8.39866224014524E-03 8.48348594126383E-03 8.56426439359043E-03 8.64067402865203E-03 8.71244936717104E-03 8.77938260046741E-03 8.84132754871334E-03 8.89821261408218E-03 8.95004998325837E-03 8.99694340031737E-03 9.03906553464335E-03 9.07665437793503E-03 9.10998631720321E-03 9.13935868692405E-03 9.16507530420189E-03 9.1874353838558E-03 9.20671745868759E-03 9.2231686079138E-03 9.23700218852758E-03 9.24839564142879E-03 9.25756163130144E-03 9.26474342640196E-03 9.27018124660886E-03 9.27410745375685E-03 9.27674350198475E-03 9.27830085860423E-03 9.27897071935807E-03 9.27891883830044E-03 9.27827881890179E-03 9.27715450824037E-03 9.27562006314542E-03 9.27371769157822E-03 9.27148570127445E-03 9.26897101269153E-03 9.26621757569007E-03 9.26328759146697E-03 9.26030839038756E-03 9.25496656631734E-03 0 0 0 0 0 0 0 0 0 0 0 0 0 0 0 0 0 0
7.71137795939445E-03 7.81472111592506E-03 7.91654440514746E-03 8.01649872964027E-03 8.11423368296378E-03 8.20938305358841E-03 8.30161571764161E-03 8.39059515631108E-03 8.47599023550007E-03 8.55746245996499E-03 8.63469798683681E-03 8.70741498164661E-03 8.77538091665106E-03 8.83842320665034E-03 8.89643290913959E-03 8.94938060801924E-03 8.99732027835213E-03 9.04039476768885E-03 9.07881670827713E-03 9.11285943177834E-03 9.14282586500363E-03 9.16902776683616E-03 9.19177665244614E-03 9.21137151186302E-03 9.22808357596653E-03 9.24215035924671E-03 9.25377700650311E-03 9.26314003806067E-03 9.27045552056253E-03 9.27597029875804E-03 9.27991812558372E-03 9.28252440604499E-03 9.28400539183687E-03 9.28456585524273E-03 9.28438787250934E-03 9.28362285653473E-03 9.28238817246048E-03 9.28077221640779E-03 9.27883447211504E-03 9.27660251538406E-03 9.27410355255846E-03 9.27139161002303E-03 9.26852792186358E-03 9.26560505161847E-03 9.26030839038756E-03 0 0 0 0 0 0 0 0 0 0 0 0 0 0 0 0 0 0 0
7.80410000977392E-03 7.90630174616663E-03 8.00661024695704E-03 8.10468320855454E-03 8.20019362763991E-03 8.29281703278878E-03 8.38223865298673E-03 8.46815250284114E-03 8.5502488667603E-03 8.62822132137305E-03 8.70178698884064E-03 8.77070435741234E-03 8.83477293666937E-03 8.89386058695771E-03 8.94790093055327E-03 8.99690926107454E-03 9.0409824451368E-03 9.08030412125219E-03 9.11512690004587E-03 9.14575478358073E-03 9.17251091009125E-03 0.009195716483523 9.21568451439675E-03 9.23270689314359E-03 9.24704257716201E-03 9.25891689026641E-03 9.2685266366487E-03 9.27605002474039E-03 9.28170393325274E-03 9.28573196036016E-03 9.28835877708905E-03 9.28980488634313E-03 9.29028217968219E-03 9.28998659046903E-03 9.28908802212349E-03 9.28772442888747E-03 9.28599738191653E-03 9.28397738954149E-03 9.28170754431398E-03 9.27920801619019E-03 9.27650494297413E-03 9.27366883985724E-03 9.2707974571702E-03 9.26560505161847E-03 0 0 0 0 0 0 0 0 0 0 0 0 0 0 0 0 0 0 0 0
7.89556379753109E-03 7.99634251220433E-03 8.09486632600504E-03 8.19080843614145E-03 8.28386228196377E-03 8.37373475294743E-03 8.46013794315138E-03 8.54279210160575E-03 8.62141359338293E-03 8.69572975320124E-03 8.76549211310672E-03 8.8304958495004E-03 8.89058164078316E-03 8.94566165366906E-03 8.99571666728616E-03 9.0408068058851E-03 9.08107284491187E-03 9.11673890509909E-03 9.14809320640976E-03 9.1754641534958E-03 9.19918762694261E-03 9.21958832828195E-03 9.23697268364651E-03 9.25161969484621E-03 9.26377354471041E-03 9.27364554185672E-03 9.28142353999061E-03 9.28728951600619E-03 9.29145912984676E-03 9.29416661936906E-03 9.2956307110066E-03 9.29606794713649E-03 9.29568461112486E-03 9.29466636723965E-03 9.29317040608085E-03 9.29132008012885E-03 9.28919875953729E-03 9.28685688345047E-03 9.28432455727453E-03 9.28162086692122E-03 9.27878638718835E-03 9.27592360134204E-03 9.2707974571702E-03 0 0 0 0 0 0 0 0 0 0 0 0 0 0 0 0 0 0 0 0 0
7.98561655844358E-03 0.008084689927567 8.18116086201432E-03 8.2747205176666E-03 8.36508012504864E-03 8.45197703746176E-03 8.5351549453323E-03 8.61436091766859E-03 8.6893407986352E-03 8.75985622835039E-03 8.82569507881177E-03 8.88669178712757E-03 8.94273487587704E-03 8.99378464829049E-03 9.03987184597679E-03 9.08109988536238E-03 9.11765249078572E-03 9.14979232460924E-03 9.17783724315223E-03 9.20213279347939E-03 9.2230198694544E-03 9.24081842319031E-03 9.25582126059864E-03 9.26829198912944E-03 9.27845844282416E-03 9.28651756093416E-03 9.29264921856869E-03 9.29703548381482E-03 9.29988525297516E-03 9.30142610877712E-03 9.30187585138085E-03 9.3014453238496E-03 9.30033218992721E-03 9.29871226084879E-03 9.29673256061033E-03 9.29450152079472E-03 9.29207916698302E-03 9.28949027697455E-03 9.28676005120005E-03 9.28392064365378E-03 9.28105550701862E-03 9.27592360134204E-03 0 0 0 0 0 0 0 0 0 0 0 0 0 0 0 0 0 0 0 0 0 0
8.07402911237679E-03 8.17110701224073E-03 8.26524853737032E-03 8.35616487455584E-03 8.44358993347862E-03 8.52729427078559E-03 8.60705196768207E-03 8.68263742607817E-03 8.7538276533744E-03 8.82042125511213E-03 8.88224675021792E-03 8.93918127204244E-03 8.99116277079417E-03 9.03820272576147E-03 9.0803821598942E-03 9.11784509509423E-03 9.15081563775462E-03 9.1795914212839E-03 9.20451194051898E-03 9.22593181372356E-03 9.24418934341311E-03 9.2595924552879E-03 9.27241730597802E-03 9.28291014458205E-03 9.2912798780877E-03 9.2977087809924E-03 9.30236894645742E-03 9.30544167277533E-03 9.30713150035999E-03 9.30765870841659E-03 9.30723752730489E-03 9.30607259758688E-03 9.30435240680215E-03 9.30224345710401E-03 9.29988695281573E-03 9.29738104009818E-03 9.29475245896937E-03 9.29198070955434E-03 9.28911441660786E-03 9.28622218930872E-03 9.28105550701862E-03 0 0 0 0 0 0 0 0 0 0 0 0 0 0 0 0 0 0 0 0 0 0 0
0.00816053042238 8.25532100748045E-03 8.34685754625004E-03 8.43487557904829E-03 8.51913682966159E-03 8.59944581636327E-03 8.67560592422801E-03 8.74742036826395E-03 8.81470020337808E-03 8.87728340484081E-03 8.93504247245634E-03 8.98789938627354E-03 9.03584313037523E-03 9.07893635276576E-03 9.1173085385977E-03 9.15114229503926E-03 9.18069831528407E-03 9.20630156605287E-03 9.22830419190983E-03 9.24706182725641E-03 9.26290322023259E-03 9.27612028288724E-03 9.28697039608628E-03 9.2956796878966E-03 9.30243654683538E-03 9.30740949159682E-03 9.31076400902238E-03 9.31268050645356E-03 9.31336034870298E-03 9.31301706188807E-03 9.31185879455403E-03 9.31008209853274E-03 9.30786602961593E-03 9.30537048652024E-03 9.30274139560628E-03 9.30008163132698E-03 9.29736862665797E-03 9.29444324551836E-03 9.29149334380916E-03 9.28622218930872E-03 0 0 0 0 0 0 0 0 0 0 0 0 0 0 0 0 0 0 0 0 0 0 0 0
8.2448278088212E-03 8.33704308754347E-03 8.42570757026469E-03 8.51058575874719E-03 8.59147041153038E-03 8.66820017924894E-03 8.74060914146046E-03 8.80853124429617E-03 8.87181389915933E-03 8.93033675354905E-03 8.98401795073064E-03 9.03282555786882E-03 9.07680022987085E-03 9.11605402791481E-03 9.15076105146253E-03 9.18113861160836E-03 9.20747662470946E-03 9.23011953794522E-03 9.2494245680989E-03 9.26574097795473E-03 9.27938261447636E-03 9.29062216467324E-03 9.29969525122168E-03 9.30680615500849E-03 9.31212400600808E-03 9.31580496186906E-03 9.31800937622094E-03 9.31891685668634E-03 9.31872676405069E-03 9.31764608209223E-03 9.31587430152056E-03 9.31359597261387E-03 9.31097784522499E-03 9.30818082801204E-03 9.30538634204101E-03 9.30275266102987E-03 9.30021996169923E-03 9.29702876141457E-03 9.29149334380916E-03 0 0 0 0 0 0 0 0 0 0 0 0 0 0 0 0 0 0 0 0 0 0 0 0 0
8.32661885133249E-03 8.41598416079613E-03 8.50152758654558E-03 8.58304674861487E-03 8.6603681428999E-03 8.73336352096679E-03 8.80189889178876E-03 8.86584212078055E-03 8.9250798626255E-03 8.97953347914604E-03 9.02916728550692E-03 9.07399719690047E-03 9.11411423623135E-03 9.14967479632571E-03 9.18089202982574E-03 9.20801374490906E-03 9.23135152245727E-03 9.25126025734006E-03 9.26809503102241E-03 9.2821930106814E-03 9.29384888580143E-03 9.30331375348078E-03 9.31079956371632E-03 9.31648807275212E-03 9.32053092260659E-03 9.32307434534445E-03 9.3242751773952E-03 9.32431167213483E-03 9.32338106989764E-03 9.32168536688737E-03 9.31941351291215E-03 9.31673023828467E-03 9.31377839815206E-03 9.31072262100415E-03 9.30784431293962E-03 9.30551285644673E-03 9.30406169440729E-03 9.29702876141457E-03 0 0 0 0 0 0 0 0 0 0 0 0 0 0 0 0 0 0 0 0 0 0 0 0 0 0
8.40560637211667E-03 8.49186845259271E-03 8.57406694787523E-03 8.65203614243191E-03 8.72563857880951E-03 8.79477786447057E-03 8.85935389259203E-03 8.91927162681035E-03 8.97445826689249E-03 9.02487704194179E-03 9.07053839089455E-03 9.1115060537967E-03 0.009147915632696 9.17996234868699E-03 9.20789224695116E-03 9.23197822852737E-03 9.25254484526636E-03 9.26994997346633E-03 9.28454170875512E-03 9.29663973640099E-03 9.30651606303087E-03 9.31439881800857E-03 9.32047609727203E-03 9.32490737373832E-03 9.32782951913561E-03 9.32938069883736E-03 9.3297147193631E-03 9.32900831339093E-03 9.32745851790793E-03 9.32526448897136E-03 9.32260273550241E-03 9.31960595888024E-03 9.31635775984384E-03 9.31298099774629E-03 9.30994902381522E-03 9.30797458106864E-03 9.30774416101327E-03 0 0 0 0 0 0 0 0 0 0 0 0 0 0 0 0 0 0 0 0 0 0 0 0 0 0 0
8.48151984707898E-03 8.56445617635644E-03 8.64312023929257E-03 8.71738433621515E-03 8.78714817206454E-03 8.85234863498853E-03 8.91292129960527E-03 8.96880850848638E-03 9.01997905327809E-03 9.06643908557003E-03 9.10824403711647E-03 9.14550016117023E-03 9.17838154930251E-03 9.20711774978005E-03 9.2319817783243E-03 9.25326245538639E-03 9.27128982229805E-03 9.2864209923982E-03 9.29899178143423E-03 9.30929982235329E-03 9.31759231083008E-03 9.32407344168624E-03 9.32890796116396E-03 9.33223611265356E-03 9.33418280905866E-03 9.33487879287092E-03 9.33447399960151E-03 9.3331431930362E-03 9.33108623749855E-03 9.32850651735346E-03 9.3255739317152E-03 9.32238028143158E-03 9.31886797319294E-03 9.31486745463961E-03 9.31129804651465E-03 9.30929410114977E-03 9.30774416101327E-03 0 0 0 0 0 0 0 0 0 0 0 0 0 0 0 0 0 0 0 0 0 0 0 0 0 0 0
8.55412457873974E-03 8.63354852174263E-03 8.70852561598439E-03 8.77896863378366E-03 8.84481598661622E-03 0.00890603825106 8.96260550020585E-03 9.01449861016946E-03 9.06172951239316E-03 9.10434659765316E-03 9.14244568005252E-03 9.17616897246115E-03 9.20572397753011E-03 9.23136875467562E-03 9.25339635344213E-03 9.27210316150209E-03 9.28782126860971E-03 9.30090313781724E-03 9.31166507147417E-03 9.32037936611381E-03 9.32726832949416E-03 9.33251343270707E-03 9.33625920801315E-03 9.33862942405213E-03 9.3397379608501E-03 9.33970861031416E-03 9.3386863818324E-03 9.33684173194673E-03 0.009334381258936 9.33152819149693E-03 9.32847329957138E-03 9.32531395113291E-03 9.32179153241145E-03 9.31624828239478E-03 9.31129804651465E-03 9.30929410114977E-03 0 0 0 0 0 0 0 0 0 0 0 0 0 0 0 0 0 0 0 0 0 0 0 0 0 0 0 0
8.62324200874605E-03 8.69900510733155E-03 8.77018244117559E-03 8.83672940971411E-03 8.89862383191078E-03 8.95586736972714E-03 9.00846552059366E-03 9.05643988730441E-03 9.0998456379991E-03 9.13876902341624E-03 9.17334093672698E-03 9.20373389116754E-03 9.23018207805518E-03 9.25296449851545E-03 9.27238636070054E-03 9.28874917150705E-03 9.30238334209933E-03 9.31362908858709E-03 9.32277800713649E-03 9.33007721935086E-03 9.33572609808179E-03 9.33988641830354E-03 9.34268568143083E-03 9.34423311503806E-03 9.34463227573643E-03 9.3440002843475E-03 9.34247552802025E-03 9.34021895896561E-03 9.33744437957803E-03 9.33441618388004E-03 0.009331404563374 9.32874030074328E-03 9.32688532628019E-03 9.31624828239478E-03 0 0 0 0 0 0 0 0 0 0 0 0 0 0 0 0 0 0 0 0 0 0 0 0 0 0 0 0 0 0
8.68874035535282E-03 8.76073402416996E-03 8.8280398923739E-03 8.89065661675696E-03 8.94860139588295E-03 9.00190343964708E-03 9.05060762428692E-03 9.09477649441046E-03 9.13450524574445E-03 9.16991182827321E-03 0.009201157695065 9.22843971311256E-03 9.25201059756247E-03 9.27216352621435E-03 9.28920847694764E-03 9.30345058597251E-03 9.31521162083683E-03 9.32481438386601E-03 9.33252649691809E-03 9.33857142348797E-03 9.34312856518823E-03 9.34634271148268E-03 9.34832639448996E-03 9.34917604856507E-03 9.34898646748181E-03 9.3478670475622E-03 9.34594510553203E-03 9.34336520481438E-03 9.34034311402946E-03 9.33718639977066E-03 9.33423024018365E-03 9.33203335784731E-03 9.33174160974601E-03 0 0 0 0 0 0 0 0 0 0 0 0 0 0 0 0 0 0 0 0 0 0 0 0 0 0 0 0 0 0 0
8.75053631202041E-03 8.81869447396048E-03 8.88210146496895E-03 8.94079528458335E-03 8.99483032742564E-03 9.04426757244914E-03 9.08919212850606E-03 9.12970264527871E-03 9.16592846298337E-03 9.19801491702046E-03 9.22614851260522E-03 9.25054448274135E-03 9.2714674022603E-03 9.28921715788313E-03 9.30410340949434E-03 9.3164324368523E-03 9.32651315805045E-03 9.33464742168385E-03 9.34108035086411E-03 9.34601582931312E-03 9.34961667529209E-03 9.35201219312908E-03 9.35330117506218E-03 9.35356982483278E-03 9.35290535045572E-03 9.35140744323063E-03 9.34918704441075E-03 9.34636344194939E-03 9.34313932122623E-03 9.3398389178341E-03 9.33673730579528E-03 9.33405864182552E-03 9.33174160974601E-03 0 0 0 0 0 0 0 0 0 0 0 0 0 0 0 0 0 0 0 0 0 0 0 0 0 0 0 0 0 0 0
8.80859450509198E-03 8.87289275541318E-03 8.93241341760339E-03 8.98723142314927E-03 9.03743894595604E-03 9.0831306612798E-03 9.12442392760588E-03 9.16144975211799E-03 9.19436635179637E-03 9.22334211921637E-03 9.24858096162274E-03 9.27031160551364E-03 9.28880503798886E-03 9.30436196428376E-03 9.31728878180271E-03 9.32789081803795E-03 9.33646322066639E-03 9.34328370066997E-03 9.34857864198365E-03 9.35253535742824E-03 9.35530197607745E-03 9.35699382386033E-03 9.35769894393228E-03 9.35749529063762E-03 9.35646245594568E-03 9.35468753278555E-03 9.35225844597373E-03 9.34926551125877E-03 9.34590109692313E-03 9.34249382541177E-03 9.33928328831556E-03 9.33405864182552E-03 0 0 0 0 0 0 0 0 0 0 0 0 0 0 0 0 0 0 0 0 0 0 0 0 0 0 0 0 0 0 0 0
8.86296382017052E-03 8.92341713712736E-03 8.97909966354671E-03 9.03012423913807E-03 9.07661939876389E-03 9.11870822391679E-03 9.15653527709108E-03 9.19026078253706E-03 9.22006736047143E-03 9.24614069894232E-03 9.26869653881222E-03 9.28797311907194E-03 9.30424328656045E-03 9.3178050905958E-03 9.32895895052676E-03 9.33800496165785E-03 9.34522246167636E-03 9.35086825053092E-03 9.3551536040551E-03 9.35825046063606E-03 9.36029314292986E-03 9.36138524122742E-03 9.36160692679343E-03 9.36102990029501E-03 9.35972750655791E-03 9.35777248905006E-03 9.35521627582916E-03 9.35210357979938E-03 9.34866852939122E-03 9.34526089311581E-03 9.33928328831556E-03 0 0 0 0 0 0 0 0 0 0 0 0 0 0 0 0 0 0 0 0 0 0 0 0 0 0 0 0 0 0 0 0 0
8.91374280835065E-03 8.97040201556802E-03 9.0223287309367E-03 9.0696728081721E-03 9.1125929136045E-03 9.15123467231899E-03 9.18576922635119E-03 9.21638257235396E-03 9.2432770904025E-03 9.26664947211796E-03 9.28672411499402E-03 9.30374523435114E-03 9.31798361663104E-03 9.32973183963121E-03 9.33928169066118E-03 9.34692578849784E-03 9.35292917448181E-03 9.35752981707313E-03 9.36092420400698E-03 9.3632706374547E-03 9.36469167914894E-03 9.36528098948773E-03 9.36511202436947E-03 9.36425327412764E-03 9.36277790549349E-03 9.36075476858842E-03 9.35818805100473E-03 9.35496888029129E-03 9.35151935073765E-03 9.34526089311581E-03 0 0 0 0 0 0 0 0 0 0 0 0 0 0 0 0 0 0 0 0 0 0 0 0 0 0 0 0 0 0 0 0 0 0
8.96106798588563E-03 9.01401187489034E-03 9.0622907161284E-03 9.10608555384021E-03 9.1455794961508E-03 9.18093998342934E-03 9.21236271983164E-03 9.24005428700757E-03 9.26423094927276E-03 9.2850973835243E-03 9.30288348813099E-03 9.31783554147458E-03 9.33021926454693E-03 9.34031975948277E-03 9.34841920094964E-03 9.35480109854926E-03 9.35971671632007E-03 9.36338806377378E-03 9.36599820350899E-03 9.36769355295908E-03 9.36858694981742E-03 9.36876319339103E-03 9.36828921691755E-03 9.36723361047788E-03 9.36568237185869E-03 9.36374250746819E-03 9.36141692468559E-03 9.35794111220226E-03 9.35151935073765E-03 0 0 0 0 0 0 0 0 0 0 0 0 0 0 0 0 0 0 0 0 0 0 0 0 0 0 0 0 0 0 0 0 0 0 0
9.00510126339081E-03 9.05442991438316E-03 9.09918486123357E-03 9.13957294252545E-03 9.17579968120417E-03 9.20805337643816E-03 9.23654885141888E-03 9.26150854738399E-03 9.28315738531705E-03 9.30170538411583E-03 9.31738359601068E-03 9.33043774418882E-03 9.34112706872663E-03 9.34972817025194E-03 9.35651415794768E-03 9.36175842554442E-03 9.3656997812063E-03 9.36854589461931E-03 9.37046778783382E-03 9.3716015573701E-03 9.37205179750143E-03 9.37189639226037E-03 9.37119736945805E-03 9.37002318729039E-03 9.36848151315656E-03 9.36681830881522E-03 9.36558750996683E-03 9.35794111220226E-03 0 0 0 0 0 0 0 0 0 0 0 0 0 0 0 0 0 0 0 0 0 0 0 0 0 0 0 0 0 0 0 0 0 0 0 0
9.04603247314894E-03 9.09186080645365E-03 9.13322621837931E-03 9.17035719243871E-03 9.20347920280182E-03 9.23280044868475E-03 9.25855036716762E-03 9.28096140880465E-03 9.30026240143303E-03 9.31666731956297E-03 9.33040545194773E-03 9.34171864303593E-03 9.35085905013781E-03 9.35809542074756E-03 9.36369234157342E-03 9.36791209430809E-03 9.37098142116949E-03 9.37309568858029E-03 9.3744153093359E-03 9.3750674315415E-03 9.37515019652685E-03 9.37473750353579E-03 9.37388920638429E-03 9.3726660473134E-03 9.37114810071398E-03 9.36960546362039E-03 9.3693781436758E-03 0 0 0 0 0 0 0 0 0 0 0 0 0 0 0 0 0 0 0 0 0 0 0 0 0 0 0 0 0 0 0 0 0 0 0 0 0
9.08406026409813E-03 9.1265124888404E-03 9.16462892150373E-03 9.1986560798665E-03 9.22883649416083E-03 9.25539666940668E-03 0.009278575599955 9.29861134256751E-03 9.31573306171501E-03 9.33015698524583E-03 9.3421077571877E-03 9.35182162243979E-03 9.35954530197293E-03 9.36553953027208E-03 9.37006038440879E-03 9.3733581750694E-03 9.37564872566169E-03 9.37711625478771E-03 9.3779112461042E-03 9.37815315794902E-03 9.37793569772734E-03 9.37733366911497E-03 9.37641429491327E-03 9.37523686678406E-03 9.37376029633333E-03 9.37141322127859E-03 9.3693781436758E-03 0 0 0 0 0 0 0 0 0 0 0 0 0 0 0 0 0 0 0 0 0 0 0 0 0 0 0 0 0 0 0 0 0 0 0 0 0
9.11937962804559E-03 9.15858278132591E-03 9.19359021361972E-03 9.22466481990661E-03 9.2520640013777E-03 9.27602811027806E-03 9.29680161041855E-03 9.3146256405433E-03 9.32972703814206E-03 9.34232013530381E-03 9.35262333679585E-03 9.36086886989891E-03 9.36729833373458E-03 9.37216393844486E-03 9.37571254400933E-03 9.37818274764948E-03 9.3797801286762E-03 9.38067839463615E-03 9.38101897705757E-03 9.3809147404024E-03 9.38045642282131E-03 9.37972545743196E-03 9.37881785207541E-03 9.37787409714256E-03 9.37709691017805E-03 9.37141322127859E-03 0 0 0 0 0 0 0 0 0 0 0 0 0 0 0 0 0 0 0 0 0 0 0 0 0 0 0 0 0 0 0 0 0 0 0 0 0 0
9.1521729450567E-03 9.18825502141429E-03 9.22029331968029E-03 9.24856428227843E-03 9.27333705274635E-03 9.2948618807677E-03 9.31338590661356E-03 9.32915066902287E-03 9.34237801475256E-03 9.35327772834291E-03 9.36206349087075E-03 9.36896423645835E-03 9.37421469688037E-03 9.37805801756581E-03 9.38073151544862E-03 9.38246230398002E-03 9.3834454260977E-03 9.38384484576773E-03 9.38379436677587E-03 9.38340203849679E-03 9.38275745027822E-03 9.38194942792052E-03 9.38110365005973E-03 9.38044068765506E-03 9.38024891499477E-03 0 0 0 0 0 0 0 0 0 0 0 0 0 0 0 0 0 0 0 0 0 0 0 0 0 0 0 0 0 0 0 0 0 0 0 0 0 0 0
9.1825954113128E-03 9.21568335607583E-03 9.24488949256109E-03 9.27050195192062E-03 9.29279878002317E-03 9.31203650767158E-03 9.32846169842628E-03 9.34231212501013E-03 9.35380281638441E-03 9.36313947837941E-03 9.37053192700347E-03 9.37620416138218E-03 9.38038288813536E-03 9.38330251050696E-03 9.38519100786616E-03 9.38626354726835E-03 9.3867042410136E-03 9.38666855284778E-03 9.38628428647935E-03 9.38565682216496E-03 9.38487754550679E-03 9.38404178414812E-03 9.38328570460282E-03 9.38279609253068E-03 9.38024891499477E-03 0 0 0 0 0 0 0 0 0 0 0 0 0 0 0 0 0 0 0 0 0 0 0 0 0 0 0 0 0 0 0 0 0 0 0 0 0 0 0
9.21078449356072E-03 9.2410049296152E-03 9.26751529578414E-03 9.29061288640487E-03 9.31058067971008E-03 9.32767819428901E-03 9.34214807777286E-03 9.35422131474028E-03 9.36410646738954E-03 9.37200492775467E-03 9.37812148836682E-03 9.38267357671657E-03 9.38588067093899E-03 9.38796798991654E-03 9.38915393551532E-03 9.38964146037331E-03 9.38960463109793E-03 9.38919150716125E-03 9.38852510767288E-03 9.38770987873028E-03 9.38684153872589E-03 9.38602801445197E-03 9.38543648589417E-03 0.009385277454014 0 0 0 0 0 0 0 0 0 0 0 0 0 0 0 0 0 0 0 0 0 0 0 0 0 0 0 0 0 0 0 0 0 0 0 0 0 0 0 0
