NongDo/Fusa 10.3h.grd
DSAA
463	323
2	464
2	324
0	10
[rows 56 to 83 of 323, columns 252 to 314 of 463]
0 0 0 0 0 0 0 0 0 0 0 0 0 0 0 0 0 0 0 0 0 0 0 0 0 0 0 0 0 0 0 0 0 0 0 0 0 0 0 0 0 0 0 0 0 0 0 0 0 0 0 0 0 0 0 0 0 0 0 0 0 0 0
0 0 0 0 0 0 0 0 0 0 0 0 0 0 0 0 0 0 0 0 0 0 0 0 0 0 0 0 0 0 0 0 0 0 0 0 0 0 0 0 0 0 0 0 0 0 0 0 0 0 0 0 0 0 0 0 0 0 0 0 0 0 0
0 0 0 0 0 0 0 0 0 0 0 0 0 0 0 0 0 0 0 0 0 0 0 0 0 0 0 0 0 0 0 0 0 0 0 0 0 0 0 0 0 0 0 0 0 0 0 0 0 0 0 0 0 0 0 0 0 0 0 0 0 0 0
0 0 0 0 0 0 0 0 0 0 0 0 0 0 0 0 0 0 0 0 0 0 0 0 0 0 0 0 0 0 0 0 0 0 0 0 0 0 0 0 0 0 0 0 0 0 0 0 0 0 0 0 0 0 0 0 0 0 0 0 0 0 0
0 0 0 0 0 0 0 0 0 0 0 0 0 0 0 0 0 0 0 0 0 0 0 0 0 0 0 0 0 0 0 0 0 0 0 0 0 0 0 0 0 0 0 0 0 0 0 0 0 0 0 0 0 0 0 0 0 0 0 0 0 0 0
0 0 0 0 0 0 0 0 0 0 0 0 0 0 0 0 0 0 0 0 0 0 0 0 0 0 0 0 0 0 0 0 0 0 0 0 0 0 0 0 0 0 0 0 0 0 0 0 0 0 0 0 0 0 0 0 0 0 0 0 0 0 0
0 0 0 0 0 0 0 0 0 0 0 0 0 0 0 0 0 0 0 0 0 0 0 0 0 0 0 0 0 0 0 0 0 0 0 0 0 0 0 0 0 0 0 0 0 0 0 0 0 0 0 0 0 0 0 0 0 0 0 0 0 0 0
0 0 0 0 0 0 0 0 0 0 0 0 0 0 0 0 0 0 0 0 0 0 0 0 0 0 0 0 0 0 0 0 0 0 0 0 0 0 0 0 0 0 0 0 0 0 0 0 0 0 0 0 0 0 0 0 0 0 0 0 0 0 0
0 0 0 0 0 0 0 0 0 0 0 0 0 0 0 0 0 0 0 0 0 0 0 0 0 0 0 0 0 0 0 0 0 0 0 0 0 0 0 0 0 0 0 0 0 0 0 0 0 0 0 0 0 0 0 0 0 0 0 0 0 0 9.87835225137211E-90
0 0 0 0 0 0 0 0 0 0 0 0 0 0 0 0 0 0 0 0 0 0 0 0 0 0 0 0 0 0 0 0 0 0 0 0 0 0 0 0 0 0 0 0 0 0 0 0 0 0 0 0 0 0 0 0 0 0 1.15889675426535E-87 3.3239371241528E-88 1.19540346621027E-88 4.80315765416097E-89 9.87835225137211E-90
0 0 0 0 0 0 0 0 0 0 0 0 0 0 0 0 0 0 0 0 0 0 0 0 0 0 0 0 0 0 0 0 0 0 0 0 0 0 0 0 0 0 0 0 0 0 0 0 0 0 0 0 0 0 0 5.07442115731612E-86 1.53569539121345E-86 5.67564929067469E-87 1.15889675426535E-87 3.3239371241528E-88 1.19540346621027E-88 4.80315765416097E-89 1.9347686661416E-89
0 0 0 0 0 0 0 0 0 0 0 0 0 0 0 0 0 0 0 0 0 0 0 0 0 0 0 0 0 0 0 0 0 0 0 0 0 0 0 0 0 0 0 0 0 0 0 0 0 2.99429070219753E-83 8.22021116628793E-84 2.9003962883795E-84 1.19267391435882E-84 5.23754430041023E-85 2.35040928850331E-85 5.07442115731612E-86 1.53569539121345E-86 5.67564929067469E-87 2.22631586055437E-87 9.22485771504448E-88 3.94919511335172E-88 1.70684858642615E-88 7.39225787204009E-89
0 0 0 0 0 0 0 0 0 0 0 0 0 0 0 0 0 0 0 0 0 0 0 0 0 0 0 0 0 0 0 0 0 0 0 0 0 0 0 0 0 0 0 0 0 0 0 5.24081206058308E-82 1.54748280905323E-82 2.99429070219753E-83 8.22021116628793E-84 2.9003962883795E-84 1.19267391435882E-84 5.23754430041023E-85 2.35040928850331E-85 1.00555456138217E-85 4.34603466867652E-86 1.89073298802496E-86 8.26053834853022E-87 3.61038944540321E-87 1.57848862534255E-87 6.87222718043546E-88 2.98038452463183E-88
0 0 0 0 1.08615845734216E-69 4.78468346212304E-70 2.67709661229801E-70 1.62064213244722E-70 9.97372626324064E-71 6.09689596986196E-71 3.69193850061948E-71 2.21278077282154E-71 1.31426690253146E-71 7.71590695155641E-72 4.47966055233389E-72 2.5609696203647E-72 1.44834916492278E-72 8.11125301907412E-73 4.50710458377003E-73 2.47743649138427E-73 1.35037638833647E-73 7.26976022624056E-74 3.88315382935884E-74 2.05901207442025E-74 1.08714234442814E-74 5.69708757556472E-75 2.96907193619284E-75 1.53097160500238E-75 7.85448519971462E-76 4.01065655906385E-76 2.04441318809783E-76 1.03565742407287E-76 5.23045802826298E-77 2.61957909290096E-77 1.3073043438395E-77 6.49000510465029E-78 3.21446021671446E-78 1.59354677642814E-78 8.94500871486029E-79 0 0 0 0 4.54093261339729E-80 1.48778390398901E-80 5.74427528326392E-81 2.42071946503943E-81 5.24081206058308E-82 1.54748280905323E-82 5.40947361100911E-83 2.15927632938583E-83 9.29658947230642E-84 4.15482056629909E-84 1.8783402009652E-84 8.50938883486138E-85 3.82145516290976E-85 1.70469768721312E-85 7.54425175445919E-86 3.32455120605865E-86 1.45839255074928E-86 6.37655150545314E-87 2.7726974600564E-87 1.20010373535231E-87
1.31797357782504E-68 8.9875098336612E-69 6.04449848921166E-69 3.97214348807505E-69 1.08615845734216E-69 4.78468346212304E-70 2.67709661229801E-70 1.62064213244722E-70 9.97372626324064E-71 6.09689596986196E-71 3.69193850061948E-71 2.21278077282154E-71 1.31426690253146E-71 7.71590695155641E-72 4.47966055233389E-72 2.5609696203647E-72 1.44834916492278E-72 8.11125301907412E-73 4.50710458377003E-73 2.47743649138427E-73 1.35037638833647E-73 7.26976022624056E-74 3.88315382935884E-74 2.05901207442025E-74 1.08714234442814E-74 5.69708757556472E-75 2.96907193619284E-75 1.53097160500238E-75 7.85448519971462E-76 4.01065655906385E-76 2.04441318809783E-76 1.03565742407287E-76 5.23045802826298E-77 2.61957909290096E-77 1.3073043438395E-77 6.49000510465029E-78 3.21446021671446E-78 1.59354677642814E-78 8.94500871486029E-79 1.51314634040816E-78 7.68085587101058E-79 3.8041510920136E-79 1.85893507584255E-79 4.54093261339729E-80 1.48778390398901E-80 5.74427528326392E-81 2.42071946503943E-81 1.00647073488914E-81 4.29384735669361E-82 1.86414259236675E-82 8.23281361200069E-83 3.68657923792288E-83 1.66610341919907E-83 7.5402862704127E-84 3.40796543000461E-84 1.5288505434385E-84 6.81655053441035E-85 3.01644008302022E-85 1.3280531678006E-85 5.81753915241603E-86 2.53772350912201E-86 1.10081112508538E-86 4.75231134320597E-87
1.31797357782504E-68 8.9875098336612E-69 6.04449848921166E-69 3.97214348807505E-69 2.42898825033753E-69 1.5133333444704E-69 9.49721765026206E-70 5.93594114137816E-70 3.67976107336843E-70 2.25120659982574E-70 1.36053038608157E-70 8.13487960405383E-71 4.82064222635928E-71 2.82721988747216E-71 1.64047520302035E-71 9.3694270249222E-72 5.28549213289965E-72 2.9511782474936E-72 1.63343536811099E-72 8.95157115266788E-73 4.86573172595695E-73 2.61519729428802E-73 1.39348428632047E-73 7.37450504100318E-74 3.88679734965362E-74 2.03683857906042E-74 1.06204066491407E-74 5.48061694299806E-75 2.81040821875824E-75 1.43416181839263E-75 7.29799587119337E-76 3.69373002318223E-76 1.86317790416769E-76 9.33048971416435E-77 4.65113247767992E-77 2.30891224430402E-77 1.14404336602676E-77 5.649290738477E-78 2.81614893715048E-78 1.51314634040816E-78 7.68085587101058E-79 3.8041510920136E-79 1.85893507584255E-79 8.58553886410008E-80 3.96621930044182E-80 1.81418704264911E-80 8.22170552611051E-81 3.69410407725436E-81 1.65383863457534E-81 7.37546706726446E-82 3.29535867552011E-82 1.47928636314343E-82 6.67106376124004E-83 3.00799148368681E-83 1.35377049227641E-83 6.05194758343624E-84 2.68937823632564E-84 1.18674300989524E-84 5.20773952166615E-85 2.27336177399014E-85 9.87834289839754E-86 4.26880231892926E-86 1.83571781938565E-86
4.84354217396343E-68 3.29332458570247E-68 2.21143615836097E-68 1.45795717143724E-68 9.4328413064256E-69 6.02424485451211E-69 3.80637523134141E-69 2.38010829110915E-69 1.47285199071276E-69 8.9953359436227E-70 5.4249650153012E-70 3.23595379988023E-70 1.91235401177171E-70 1.11931210268039E-70 6.48751728851499E-71 3.70344554186933E-71 2.08410943800993E-71 1.15968530689793E-71 6.39401784635089E-72 3.49345044421764E-72 1.89306845952791E-72 1.0155586423528E-72 5.40087916814742E-73 2.8528824699316E-73 1.50011268692266E-73 7.85113902812242E-74 4.09199056589814E-74 2.11315148854811E-74 1.08285397164797E-74 5.51766840833498E-75 2.80117624563919E-75 1.41556101705479E-75 7.12686441538379E-76 3.56697474891418E-76 1.77698899115697E-76 8.82219231207281E-77 4.37321866956257E-77 2.16430459236516E-77 1.07256966090175E-77 5.3253588586077E-78 2.62790865595035E-78 1.28674837136106E-78 6.26258408161149E-79 3.01807320679786E-79 1.43923840199658E-79 6.74006861424506E-80 3.10873497278356E-80 1.41693357588573E-80 6.41364652654404E-81 2.88354158928806E-81 1.29377493650642E-81 5.80696816544358E-82 2.60930129522396E-82 1.17091888265941E-82 5.24141327774934E-83 2.33211445426141E-83 1.03157983644959E-83 4.53260973883314E-84 1.97997245833763E-84 8.60215745381824E-85 3.7186323701037E-85 1.59896004529636E-85 6.84094109815782E-86
1.98632352656269E-67 1.34558412830025E-67 9.00548717623527E-68 5.92671276725352E-68 3.83083606632539E-68 2.44179622884094E-68 1.53936414180215E-68 9.6004547768858E-69 5.92418557158786E-69 3.61002709706115E-69 2.17180538781208E-69 1.29168208755557E-69 7.60774775506368E-70 4.43642526293255E-70 2.56232605894211E-70 1.46003981197753E-70 8.19782078453E-71 4.54873789366571E-71 2.50100583444822E-71 1.36279241613238E-71 7.36406101607012E-72 3.94216127242705E-72 2.09183294708021E-72 1.10213761069419E-72 5.7782573694779E-73 3.01504837638648E-73 1.56698069321537E-73 8.08327501393863E-74 4.13615750211957E-74 2.10358035381517E-74 1.06577453498323E-74 5.37632407485521E-75 2.70146370219557E-75 1.35041436475583E-75 6.7187501263851E-76 3.33109151694042E-76 1.64895828852345E-76 8.15089620969096E-77 4.02890787448056E-77 1.98665801836245E-77 9.74716226743285E-78 4.75310352568379E-78 2.30624742155046E-78 1.11060944590176E-78 5.30223721119064E-79 2.49607158056664E-79 1.15935935657359E-79 5.32316438297885E-80 2.42476242316352E-80 1.09563547377011E-80 4.92507002786536E-81 2.20826214577202E-81 9.88569731259644E-82 4.41360968896527E-82 1.96386901856959E-82 8.68943298924743E-83 3.82132757094435E-83 1.66985709330169E-83 7.25269033811457E-84 3.13252347245418E-84 1.34593993594654E-84 5.75328148839486E-85 2.44676153754329E-85
8.230611327236E-67 5.55373635819327E-67 3.69753245053E-67 2.42474204722171E-67 1.56596057988704E-67 9.97494232520715E-68 6.27672371513083E-68 3.90380699354095E-68 2.40028509144194E-68 1.45800743399602E-68 8.75031430947209E-69 5.19025063392711E-69 3.04524387552399E-69 1.76732116155211E-69 1.01463033375995E-69 5.75630957438652E-70 3.22602048263733E-70 1.78733759223697E-70 9.80383324112199E-71 5.32674289088898E-71 2.86859285103424E-71 1.53110102329134E-71 8.10545004370093E-72 4.25962356207065E-72 2.22534056763731E-72 1.15623245985467E-72 5.97722936919092E-73 3.07147625648604E-73 1.56861501395811E-73 7.96528707501396E-74 4.02643132514726E-74 2.02601780207309E-74 1.01502628391661E-74 5.06139020133735E-75 2.5132113929277E-75 1.24333439121563E-75 6.1361680564704E-76 3.02187366925653E-76 1.48572676966337E-76 7.2843678966611E-77 3.55764191811291E-77 1.72849249655829E-77 8.35565715579603E-78 4.01210810910405E-78 1.91158251080504E-78 9.0085218380576E-79 4.19912641927126E-79 1.93622476272184E-79 8.84734749620844E-80 4.00662435825392E-80 1.80176134079357E-80 8.0644287927733E-81 3.59554211809653E-81 1.59658901849468E-81 7.05659999504477E-82 3.10207139557175E-82 1.35541972568625E-82 5.88726559200709E-83 2.54168001560305E-83 1.09104337488032E-83 4.65716974567344E-84 1.97791056609916E-84 8.35788009281739E-85
3.45497279753185E-66 2.32360093422398E-66 1.54123701171025E-66 1.00754038115848E-66 6.49282189344236E-67 4.12785819395666E-67 2.5911647347708E-67 1.60677670957341E-67 9.84556476481972E-68 5.95967913267774E-68 3.56462302522042E-68 2.10685263251454E-68 1.23101594546967E-68 7.11073739473715E-69 4.06156885147078E-69 2.29376581403391E-69 1.28097421319806E-69 7.07589186310583E-70 3.86895491350139E-70 2.0949814875177E-70 1.12411817840172E-70 5.97838781124894E-71 3.15392591809897E-71 1.65160287909688E-71 8.59358300226002E-72 4.44480252707019E-72 2.28646795217531E-72 1.16954182147871E-72 5.95038223116617E-73 3.0118228283379E-73 1.51739515263014E-73 7.60813760493518E-74 3.79720201421156E-74 1.88623148583966E-74 9.33072905294644E-75 4.59828777193294E-75 2.25943277443694E-75 1.10715056619213E-75 5.41221120017684E-76 2.63716998543263E-76 1.28042745769844E-76 6.18835472511775E-77 2.9765696520167E-77 1.42281785665507E-77 6.75390836343556E-78 3.17601841243648E-78 1.47929774891731E-78 6.82196581409899E-79 3.11689241771159E-79 1.41066457003925E-79 6.33231146107307E-80 2.82518309681862E-80 1.25381326630625E-80 5.53576335708551E-81 2.43067608784384E-81 1.06124952118374E-81 4.60538373823971E-82 1.98697856413461E-82 8.52170595563031E-83 3.63375784456943E-83 1.54056383221943E-83 6.49827746989211E-84 2.72739735916741E-84
1.46435161829409E-65 9.8189566812995E-66 6.49238136191284E-66 4.2314348097111E-66 2.71904648101049E-66 1.72372271470973E-66 1.07869142845117E-66 6.66648046900089E-67 4.07000475300431E-67 2.45421067322523E-67 1.46192935419793E-67 8.60379637699858E-68 5.00435011581257E-68 2.87706761109606E-68 1.63544743940329E-68 9.19330382710488E-69 5.11167175135124E-69 2.81204776898502E-69 1.5313657876319E-69 8.25872513741316E-70 4.41333138695435E-70 2.33738313720639E-70 1.22779753685406E-70 6.40110774760137E-71 3.31499972386811E-71 1.70615812990401E-71 8.7317032300861E-72 4.4433820272983E-72 2.24961798552466E-72 1.13342311345454E-72 5.68415677010854E-73 2.83662093593719E-73 1.40884688464668E-73 6.96301554486317E-74 3.42634334563822E-74 1.67940310537363E-74 8.20430622267132E-75 3.99543772077872E-75 1.94020966723189E-75 9.38797458162021E-76 4.52582538313497E-76 2.17244849803283E-76 1.03797422629917E-76 4.93019014434767E-77 2.32646647378507E-77 1.08869356584398E-77 5.0502639748314E-78 2.32136851313959E-78 1.0573596448019E-78 4.77118399679361E-79 2.13450283622694E-79 9.48334319350112E-80 4.18691237778861E-80 1.8376090920843E-80 8.0160167933033E-81 3.47616918840948E-81 1.49818778853643E-81 6.41999550210431E-82 2.73470116690295E-82 1.1581835881131E-82 4.8766141674722E-83 2.04294551788825E-83 8.5161078041859E-84
6.25739930300012E-65 4.18294119938098E-65 2.75692355734592E-65 1.79104685814676E-65 1.14704202369192E-65 7.24621627229407E-66 4.51800411741793E-66 2.78137822211421E-66 1.6911116335385E-66 1.015406875186E-66 6.02130514698334E-67 3.52704392979098E-67 2.04152603126151E-67 1.1679179018495E-67 6.60568844592646E-68 3.69491916747602E-68 2.04444439061024E-68 1.11931291097818E-68 6.06667663249871E-69 3.25647484044914E-69 1.73199504260923E-69 9.12913552164192E-70 4.77165448880083E-70 2.4749129730088E-70 1.27486134175049E-70 6.52532087938867E-71 3.32062084535814E-71 1.68007571677959E-71 8.45734395142591E-72 4.23691896850935E-72 2.11263995500889E-72 1.04809439379374E-72 5.17393124070146E-73 2.54113693355598E-73 1.24230302067176E-73 6.0480877121606E-74 2.93386192595212E-74 1.4183279867546E-74 6.83527427689204E-75 3.28136392377733E-75 1.56919115487039E-75 7.4718557459341E-76 3.54122525134322E-76 1.66862753340219E-76 7.81271732624406E-77 3.63042191404752E-77 1.67306426430327E-77 7.64482891720416E-78 3.46280534980585E-78 1.55459695029845E-78 6.9189657744451E-79 3.0575661800035E-79 1.34215153754217E-79 5.85420632265158E-80 2.53703404940827E-80 1.09278542335959E-80 4.67750315305652E-81 1.99071611891021E-81 8.4220514669396E-82 3.54254100862702E-82 1.48143763888088E-82 6.16378129957284E-83 2.55184956635208E-83
2.68567671980435E-64 1.78933609848614E-64 1.17515162367824E-64 7.60705506596104E-65 4.85404092577622E-65 3.05470809518963E-65 1.89679277582694E-65 1.16262520863128E-65 7.03591723775552E-66 4.20440981434609E-66 2.48100533865304E-66 1.44598725892756E-66 8.32608817839564E-67 4.73806503657294E-67 2.66552547523319E-67 1.48310431646166E-67 8.16331976140863E-68 4.44604186699666E-68 2.3971023224259E-68 1.27995249080811E-68 6.77128275349833E-69 3.54982392638259E-69 1.84515935065786E-69 9.51521010972243E-70 4.87198059336474E-70 2.4782813793662E-70 1.25319229029281E-70 6.30005206437232E-71 3.15085147942918E-71 1.56805704111104E-71 7.76563045787E-72 3.8257174778741E-72 1.87502283055805E-72 9.14142233466408E-73 4.43505347175964E-73 2.14219149899836E-73 1.03069152207399E-73 4.94111044770533E-74 2.36082771675535E-74 1.12343540322288E-74 5.32429592716466E-75 2.51222124160337E-75 1.17966168219499E-75 5.50711758416706E-76 2.55428925280261E-76 1.17649294702515E-76 5.3771266552758E-77 2.43825782370491E-77 1.09640867710845E-77 4.8896764063897E-78 2.16268953255438E-78 9.49915721520839E-79 4.1441172783612E-79 1.79617243058893E-79 7.73312752875989E-80 3.30862937765174E-80 1.40656444389883E-80 5.94543407647986E-81 2.49826706247235E-81 1.0437524587082E-81 4.33533242174637E-82 1.79152307337619E-82 7.36637128197531E-83
1.15641134074076E-63 7.67607702890665E-64 5.02156469095911E-64 3.23757310804063E-64 2.05733413480554E-64 1.28912517225212E-64 7.96859967040858E-65 4.86107451376125E-65 2.92707833630721E-65 1.74006131513201E-65 1.02134449583477E-65 5.92025857717111E-66 3.38990476631765E-66 1.91814122192759E-66 1.07291239609121E-66 5.93555834332349E-67 3.24843244609922E-67 1.75913738661393E-67 9.43027780346006E-68 5.00630381735542E-68 2.63292401937309E-68 1.37205731828526E-68 7.0877214005411E-69 3.63154264143123E-69 1.84695845610847E-69 9.32969450081823E-70 4.68394434849412E-70 2.33786049644824E-70 1.16073095656754E-70 5.73321829028798E-71 2.81732759036731E-71 1.37690695382846E-71 6.69309677944667E-72 3.23610612825105E-72 1.55665678371566E-72 7.45289750987573E-73 3.55349680741455E-73 1.68779219622821E-73 7.98782500718542E-74 3.76489305113742E-74 1.76697011541182E-74 8.25510223045195E-75 3.83749428504537E-75 1.77345079356461E-75 8.14216930671578E-76 3.71361294928193E-76 1.68143502958664E-76 7.55708759796077E-77 3.36985012186091E-77 1.49127953220679E-77 6.54826804549672E-78 2.85620955623835E-78 1.237637283762E-78 5.32832085157959E-79 2.27858622924048E-79 9.68273010222756E-80 4.08833384702869E-80 1.71615318534282E-80 7.16181604401571E-81 2.97173195190049E-81 1.22590847550109E-81 5.03077000504644E-82 2.05410768472185E-82
4.98200731752253E-63 3.29332204657586E-63 2.14498147200788E-63 1.37672364429176E-63 8.70883513213683E-64 5.43151339630578E-64 3.34100996307762E-64 2.02762361577392E-64 1.21432340583247E-64 7.17841774396428E-65 4.18921195326037E-65 2.41405405519286E-65 1.37400130426377E-65 7.72745575130116E-66 4.29578328091359E-66 2.36187515249234E-66 1.28468420029602E-66 6.91447100000987E-67 3.68388830525741E-67 1.94346072711892E-67 1.01552408721415E-67 5.25718483722702E-68 2.69734738510896E-68 1.37232603465052E-68 6.92785488765235E-69 3.47236281671327E-69 1.72914743984957E-69 8.560954295515E-70 4.21629375377139E-70 2.06534148043961E-70 1.00614961201591E-70 4.87368682055407E-71 2.34753280886834E-71 1.12465707023822E-71 5.36015098003927E-72 2.54220200718485E-72 1.20031043033474E-72 5.64399514718654E-73 2.64352861944694E-73 1.23307048288798E-73 5.72722347984592E-74 2.64774512531649E-74 1.21768882928902E-74 5.56711005637702E-75 2.52863038126006E-75 1.14137182043227E-75 5.11669669979186E-76 2.27799536827323E-76 1.00669342150372E-76 4.41783751891488E-77 1.92492401145253E-77 8.33404300614832E-78 3.58505018409397E-78 1.53244274120314E-78 6.50751894635872E-79 2.7462004732079E-79 1.1516168699757E-79 4.80053596521711E-80 1.98922113696948E-80 8.19562854125116E-81 3.357102119902E-81 1.36783751695527E-81 5.54486473878356E-82
2.14350924762423E-62 1.41047595623519E-62 9.14239004353271E-63 5.83866965655629E-63 3.67472152868417E-63 2.27998342834933E-63 1.39491809488687E-63 8.41808216410871E-64 5.01208977521995E-64 2.94505119269874E-64 1.7081256308958E-64 9.78162498683048E-65 5.53204795748538E-65 3.09118558193894E-65 1.70719594782239E-65 9.32438435584054E-66 5.03842954928574E-66 2.69403178991745E-66 1.42585763962421E-66 7.47155650982289E-67 3.87714047049684E-67 1.99283900029408E-67 1.0149658248012E-67 5.124383991681E-68 2.56610638915111E-68 1.2752666897417E-68 6.29439172551912E-69 3.08884998282108E-69 1.50767238356958E-69 7.31749718287089E-70 3.53104606330876E-70 1.6940031039532E-70 8.080429226568E-71 3.83339046675359E-71 1.80900546716666E-71 8.49373630634647E-72 3.96891620074376E-72 1.84639950927906E-72 8.55381490148424E-73 3.94620490791848E-73 1.81266851179667E-73 8.28709527713007E-74 3.76842693029233E-74 1.70364397790815E-74 7.65283380460735E-75 3.41718099550214E-75 1.51607991392631E-75 6.68294178249001E-76 2.92562880879514E-76 1.27255943814949E-76 5.49885607253128E-77 2.36185220820991E-77 1.00818931992231E-77 4.27706978626675E-78 1.80291369695031E-78 7.55321843231515E-79 3.14466839613504E-79 1.30141031325016E-79 5.35349745800122E-80 2.18943150056423E-80 8.90222587314328E-81 3.60016400758961E-81 1.44838561099503E-81
9.18856800675921E-62 6.0158162902575E-62 3.87882430178129E-62 2.46362623738594E-62 1.54190570165873E-62 9.5122399411075E-63 5.7853477249999E-63 3.46996433528858E-63 2.05293445634835E-63 1.19846033249746E-63 6.90535355076128E-64 3.92806955493919E-64 2.20659624482301E-64 1.22458427947068E-64 6.71645929203627E-65 3.64267692018373E-65 1.95447463631818E-65 1.03770988035984E-65 5.45320556277321E-66 2.83674374857153E-66 1.46106926714887E-66 7.45232262669347E-67 3.76546243453729E-67 1.88548498035428E-67 9.35990783078963E-68 4.60887680509857E-68 2.25293768444701E-68 1.09497656057671E-68 5.29212626276094E-69 2.54268999154826E-69 1.21447227343261E-69 5.7672951238078E-70 2.72310095840988E-70 1.27870152990973E-70 5.97195823328116E-71 2.77446110610708E-71 1.28239122310666E-71 5.89945024643605E-72 2.70163403240583E-72 1.23201746637269E-72 5.59327779618266E-73 2.52710755651007E-73 1.13567232860282E-73 5.07519766292851E-74 2.25433298548016E-74 9.95636431657979E-75 4.37081026149649E-75 1.90717160765966E-75 8.26890891063962E-76 3.5639714442582E-76 1.52680169456488E-76 6.50310547038517E-77 2.75344515585523E-77 1.15886373828991E-77 4.84722439258195E-78 2.01512533585246E-78 8.3254481927565E-79 3.41905256176551E-79 1.39568313706222E-79 5.66385071646455E-80 2.28505659214779E-80 9.16846416150829E-81 3.65921923257612E-81
3.91413818066222E-61 2.54834031414975E-61 1.63364623126182E-61 1.03139604260569E-61 6.41567718396268E-62 3.93306506146472E-62 2.37658562642038E-62 1.41594063824343E-62 8.32013691829438E-63 4.82335794523049E-63 2.75963627729074E-63 1.5586771882765E-63 8.69330095786239E-64 4.78966581002122E-64 2.60788174988894E-64 1.40388685041418E-64 7.47642682331956E-65 3.93975978396982E-65 2.05454590847174E-65 1.06042810596027E-65 5.41823366743075E-66 2.74105774046655E-66 1.37332101509579E-66 6.81659021688546E-67 3.35273152712363E-67 1.63479045683303E-67 7.90892957377157E-68 3.80427265426878E-68 1.81917407045917E-68 8.64691017435761E-69 4.08588275282216E-69 1.91978564456524E-69 8.96825147817183E-70 4.16659749475244E-70 1.92505057451294E-70 8.84574671143224E-71 4.04271965467837E-71 1.83828415391767E-71 8.31731523043272E-72 3.74736863223675E-72 1.68050163481663E-72 7.49955343581904E-73 3.32917611780709E-73 1.47019689579839E-73 6.45537552165551E-74 2.81909846432824E-74 1.22426469826922E-74 5.28662753542889E-75 2.26956397689675E-75 9.69013966825486E-76 4.11449681528608E-76 1.73710468703352E-76 7.29256867290928E-77 3.04381214997924E-77 1.26280811383387E-77 5.20697337068448E-78 2.13378745793077E-78 8.69121843950785E-79 3.51883914199076E-79 1.41627910600537E-79 5.66708623677059E-80 2.25496779229821E-80 8.92470769161105E-81
