NongDo/Fusa 18.2h.grd
DSAA
463	323
2	464
2	324
0	10
[rows 56 to 83 of 323, columns 256 to 319 of 463]
0 0 0 0 0 0 0 0 0 0 0 0 0 0 0 0 0 0 0 0 0 0 0 0 0 0 0 0 0 0 0 0 0 0 0 0 0 0 0 0 0 0 0 0 0 0 0 0 0 0 0 0 0 0 0 0 0 0 0 0 0 0 0 0
0 0 0 0 0 0 0 0 0 0 0 0 0 0 0 0 0 0 0 0 0 0 0 0 0 0 0 0 0 0 0 0 0 0 0 0 0 0 0 0 0 0 0 0 0 0 0 0 0 0 0 0 0 0 0 0 0 0 0 0 0 0 0 0
0 0 0 0 0 0 0 0 0 0 0 0 0 0 0 0 0 0 0 0 0 0 0 0 0 0 0 0 0 0 0 0 0 0 0 0 0 0 0 0 0 0 0 0 0 0 0 0 0 0 0 0 0 0 0 0 0 0 0 0 0 0 0 0
0 0 0 0 0 0 0 0 0 0 0 0 0 0 0 0 0 0 0 0 0 0 0 0 0 0 0 0 0 0 0 0 0 0 0 0 0 0 0 0 0 0 0 0 0 0 0 0 0 0 0 0 0 0 0 0 0 0 0 0 0 0 0 0
0 0 0 0 0 0 0 0 0 0 0 0 0 0 0 0 0 0 0 0 0 0 0 0 0 0 0 0 0 0 0 0 0 0 0 0 0 0 0 0 0 0 0 0 0 0 0 0 0 0 0 0 0 0 0 0 0 0 0 0 0 0 0 0
0 0 0 0 0 0 0 0 0 0 0 0 0 0 0 0 0 0 0 0 0 0 0 0 0 0 0 0 0 0 0 0 0 0 0 0 0 0 0 0 0 0 0 0 0 0 0 0 0 0 0 0 0 0 0 0 0 0 0 0 0 0 0 0
0 0 0 0 0 0 0 0 0 0 0 0 0 0 0 0 0 0 0 0 0 0 0 0 0 0 0 0 0 0 0 0 0 0 0 0 0 0 0 0 0 0 0 0 0 0 0 0 0 0 0 0 0 0 0 0 0 0 0 0 0 0 0 0
0 0 0 0 0 0 0 0 0 0 0 0 0 0 0 0 0 0 0 0 0 0 0 0 0 0 0 0 0 0 0 0 0 0 0 0 0 0 0 0 0 0 0 0 0 0 0 0 0 0 0 0 0 0 0 0 0 0 0 0 0 0 6.98716334040859E-03 6.99647001050294E-03
0 0 0 0 0 0 0 0 0 0 0 0 0 0 0 0 0 0 0 0 0 0 0 0 0 0 0 0 0 0 0 0 0 0 0 0 0 0 0 0 0 0 0 0 0 0 0 0 0 0 0 0 0 0 0 0 0 0 6.95032061602235E-03 6.95939119191574E-03 6.96840603069082E-03 6.97749522446347E-03 6.98716334040859E-03 6.99647001050294E-03
0 0 0 0 0 0 0 0 0 0 0 0 0 0 0 0 0 0 0 0 0 0 0 0 0 0 0 0 0 0 0 0 0 0 0 0 0 0 0 0 0 0 0 0 0 0 0 0 0 0 0 0 0 0 6.91298580394064E-03 6.92247479756439E-03 6.93172581638573E-03 6.94091133344397E-03 6.95032061602235E-03 6.95939119191574E-03 6.96840603069082E-03 6.97749522446347E-03 6.98667754263606E-03 6.99584412864238E-03
0 0 0 0 0 0 0 0 0 0 0 0 0 0 0 0 0 0 0 0 0 0 0 0 0 0 0 0 0 0 0 0 0 0 0 0 0 0 0 0 0 0 0 0 0 0 0 0 0 0 0 6.8819079292212E-03 6.89250749011366E-03 6.90283086660124E-03 6.91298580394064E-03 6.92247479756439E-03 6.93172581638573E-03 6.94091133344397E-03 6.95004805626468E-03 6.95914257668708E-03 6.96812606110378E-03 6.97710608627649E-03 6.98607534513411E-03 6.99507214000441E-03
0 0 0 0 0 0 0 0 0 0 0 0 0 0 0 0 0 0 0 0 0 0 0 0 0 0 0 0 0 0 0 0 0 0 0 0 0 0 0 0 0 0 0 0 0 6.81283506443397E-03 6.8253357833438E-03 6.83722448559441E-03 6.84866147360522E-03 6.85986977481217E-03 6.87088675163502E-03 6.8819079292212E-03 6.89250749011366E-03 6.90283086660124E-03 6.91278732646104E-03 6.9223712149449E-03 6.93168581608931E-03 6.94088253248257E-03 6.9499746143414E-03 6.95903971094581E-03 6.9680064633571E-03 6.97693877450753E-03 6.98583359477482E-03 6.99473649216464E-03
0 0 0 0 0 0 0 0 0 0 0 0 0 0 0 0 0 0 0 0 0 0 0 0 0 0 0 0 0 0 0 0 0 0 0 0 0 0 0 0 0 0 0 6.78496064290424E-03 6.79891213210453E-03 6.81283506443397E-03 6.8253357833438E-03 6.83722448559441E-03 6.84866147360522E-03 6.85986977481217E-03 6.87088675163502E-03 6.88181367988457E-03 6.89246298843141E-03 6.90282777154455E-03 6.91284057696095E-03 6.92255248241203E-03 6.93200586216073E-03 6.94131039600416E-03 6.95048851159022E-03 6.95960248317502E-03 6.96862942425654E-03 6.97761029577534E-03 6.98654713528743E-03 6.99547074961869E-03
6.2831883285584E-03 6.29589021044115E-03 6.30840619594524E-03 6.32075636387826E-03 6.33295788023698E-03 6.34511367264322E-03 6.35713733355881E-03 6.3690273315631E-03 6.38080157182681E-03 6.39259058964278E-03 6.40442664974026E-03 6.41638366058787E-03 6.42830311331048E-03 6.44010201305701E-03 6.45171453386125E-03 6.46324077596663E-03 6.47467171728883E-03 6.48610106232593E-03 6.4974194152088E-03 6.50863503573959E-03 6.51974457715708E-03 6.53088861022996E-03 6.54208588820449E-03 6.55343821676302E-03 6.56480487023314E-03 6.57612987905839E-03 6.58732511344964E-03 6.5984749641712E-03 6.60951743498953E-03 6.62052414918291E-03 6.63136047860054E-03 6.64205240199511E-03 6.65261307977442E-03 6.66328192935309E-03 6.67430357260023E-03 0 0 0 0 6.73184402982464E-03 6.74376215721221E-03 6.75699542265591E-03 6.7708332044557E-03 6.78496064290424E-03 6.79891213210453E-03 6.81242968704984E-03 6.82512753776554E-03 6.83718394732392E-03 6.84877868590419E-03 6.86011421201873E-03 6.87123056732748E-03 6.88221154027118E-03 6.89295682127614E-03 6.90345379536289E-03 6.91364411000398E-03 6.92356645240516E-03 6.93324565762588E-03 6.94276320682574E-03 6.95214008862577E-03 6.96142816863295E-03 6.97062487233525E-03 6.97976508967969E-03 6.98885740255541E-03 6.9979323004124E-03
6.2831883285584E-03 6.29589021044115E-03 6.30840619594524E-03 6.32075636387826E-03 6.33295788023698E-03 6.34511367264322E-03 6.35713733355881E-03 6.3690273315631E-03 6.38080157182681E-03 6.39259058964278E-03 6.40442664974026E-03 6.41638366058787E-03 6.42830311331048E-03 6.44010201305701E-03 6.45171453386125E-03 6.46324077596663E-03 6.47467171728883E-03 6.48610106232593E-03 6.4974194152088E-03 6.50863503573959E-03 6.51974457715708E-03 6.53088861022996E-03 6.54208588820449E-03 6.55343821676302E-03 6.56480487023314E-03 6.57612987905839E-03 6.58732511344964E-03 6.5984749641712E-03 6.60951743498953E-03 6.62052414918291E-03 6.63136047860054E-03 6.64205240199511E-03 6.65261307977442E-03 6.66328192935309E-03 6.67430357260023E-03 6.68749290570233E-03 6.69874243046858E-03 6.70999211427663E-03 6.7213252291185E-03 6.73184402982464E-03 6.74376215721221E-03 6.75699542265591E-03 6.7708332044557E-03 6.78489514155475E-03 6.79878838706266E-03 6.81231240916611E-03 6.82523631949306E-03 0.006837586318949 6.84948497270736E-03 6.86109363531136E-03 6.87245255820654E-03 6.88364884889562E-03 6.89461968037343E-03 6.90536544361257E-03 6.91583909711908E-03 6.92606540636134E-03 6.93606376929381E-03 6.94589810990219E-03 6.95558547245934E-03 0.006965168808596 6.97465303912079E-03 6.9840698782302E-03 6.99343704530944E-03 7.00278793289677E-03
6.2835335907109E-03 6.29655348101143E-03 6.30924441543091E-03 6.32171907346571E-03 6.33402828214094E-03 6.34627369528691E-03 6.35838301789984E-03 6.37034393274198E-03 6.38218664026704E-03 6.3940263572914E-03 6.40590562267695E-03 6.41791654011154E-03 6.42989169510717E-03 6.44171786257197E-03 6.45336474534219E-03 6.46492166276356E-03 6.47639298872036E-03 6.48785542797142E-03 6.49922038316001E-03 6.51048019835339E-03 6.52164402016381E-03 6.53282904275836E-03 6.54406734110792E-03 6.55547057973464E-03 6.56689835658563E-03 6.57826641254424E-03 6.58951325097632E-03 6.60070594376368E-03 6.61179591494055E-03 6.62283000288509E-03 6.63369036388894E-03 6.64436949585823E-03 6.65487364461642E-03 6.66538091875199E-03 6.67608358069015E-03 6.68749290570233E-03 6.69874243046858E-03 6.70999211427663E-03 6.7213252291185E-03 6.73287968446896E-03 6.74514215524084E-03 6.75832739617188E-03 6.77201851988254E-03 6.78591297207984E-03 6.79974096633764E-03 6.81336299260512E-03 6.82656409212527E-03 6.83929641565008E-03 6.85161049654132E-03 6.86361713646091E-03 6.87535243151859E-03 6.88690071248557E-03 6.89822233023178E-03 6.90932598201815E-03 6.92017889089436E-03 6.93079912105882E-03 6.94120517205979E-03 6.95144994818978E-03 6.96154720030558E-03 6.97152963316175E-03 6.98140615989497E-03 6.99120795006037E-03 7.00095900914339E-03 7.01069445704197E-03
6.28476405366805E-03 6.29801196975445E-03 6.31092879830642E-03 6.32361054043197E-03 6.33611365382979E-03 6.34852492880694E-03 6.36079493593059E-03 6.37290884077922E-03 6.38490664722703E-03 6.39687780855936E-03 6.4088642847894E-03 6.42096030967229E-03 6.43300783722414E-03 6.44489133780399E-03 6.45661747100268E-03 6.46825329512148E-03 6.47981256698809E-03 6.4913501087021E-03 6.50280877324854E-03 6.5141716341679E-03 6.52546028164581E-03 6.53675885361974E-03 6.54810423211729E-03 6.55960100907979E-03 6.57112023208524E-03 6.58257013586421E-03 6.59391956340672E-03 6.60520785482863E-03 6.61639769906966E-03 6.62750737289541E-03 6.63844840142867E-03 6.64918974928087E-03 6.65974180166999E-03 6.67022263134764E-03 6.68077030258488E-03 6.69167525981511E-03 6.7027190741104E-03 6.71388374664387E-03 6.72522103276594E-03 6.73693671064782E-03 6.74919282606595E-03 6.76216279964947E-03 6.77560956781709E-03 6.78932116068323E-03 6.80309641971744E-03 6.81682823741888E-03 6.83030714340633E-03 6.84344125262752E-03 6.85621408050569E-03 6.86868721525907E-03 6.88088162645794E-03 6.89287184143831E-03 6.90462901241949E-03 6.91616723904966E-03 6.92746771533776E-03 6.93854644878616E-03 6.94942410852414E-03 6.96014576772914E-03 6.97072285506904E-03 6.9811784695937E-03 6.99152649728303E-03 7.00179485137706E-03 7.01201229762724E-03 7.02221305482923E-03
0.006286787057088 6.30030913605043E-03 6.31352286093325E-03 6.32649714603284E-03 6.3392808384587E-03 6.35193727652434E-03 6.36444258752004E-03 6.37679882947851E-03 6.38903980887362E-03 6.40123171784297E-03 6.41340921714326E-03 6.42562473538993E-03 6.43776784185692E-03 6.44976804370317E-03 6.46163523307033E-03 6.47341486345753E-03 6.48512250275026E-03 6.49679451797833E-03 6.50839967772906E-03 6.51993467631809E-03 6.53141977725538E-03 6.54291362972638E-03 6.55444905452612E-03 6.56608707821769E-03 6.57773316094109E-03 6.58932737171099E-03 6.60084514945539E-03 6.6122991438657E-03 6.62365550923584E-03 6.63491156012593E-03 6.64600088711874E-03 6.65690019410873E-03 6.66761667380739E-03 6.67822964194414E-03 6.68883989301042E-03 6.69963681088139E-03 6.71058248862926E-03 6.72170045709585E-03 6.73304101390892E-03 6.74475717648417E-03 6.75693903767815E-03 6.76970950915695E-03 6.7829393776134E-03 6.79650390091746E-03 6.81024869638591E-03 6.82407266691749E-03 6.83778844708332E-03 6.85127868138989E-03 6.86448510566342E-03 6.87742248534831E-03 6.89009444896349E-03 6.90254859641579E-03 6.91476582940958E-03 6.92676192127114E-03 6.93852916606927E-03 6.95008857693938E-03 0.006961462418234 6.97268699165966E-03 6.9837717348781E-03 6.99473570507302E-03 7.0055931971863E-03 7.01637183524709E-03 7.02710106721572E-03 7.0378135463206E-03
6.28967510791783E-03 6.30355865983941E-03 6.3171537135856E-03 6.33050649864647E-03 6.34365697088927E-03 6.35665016151635E-03 6.36948568105003E-03 6.38217680269861E-03 6.39474434264556E-03 6.40723517591926E-03 6.41967325097159E-03 6.4320790026586E-03 6.44440195549493E-03 6.45660606389117E-03 6.46869024545155E-03 6.48068590413767E-03 6.49261120888529E-03 6.50449270397442E-03 6.51632369835048E-03 6.52810987430564E-03 6.53986319865805E-03 6.55162320410496E-03 6.56341389688514E-03 6.57526411666763E-03 6.58712607096162E-03 6.5989579827072E-03 6.6107260186723E-03 6.62242420163543E-03 6.63402340752904E-03 6.64550900505353E-03 6.65683744329732E-03 6.66799037055124E-03 6.67896674725411E-03 6.68982117508597E-03 6.7006283584323E-03 6.71152026225567E-03 6.72253613523577E-03 6.7337338823463E-03 6.74516528842388E-03 6.75694560765339E-03 6.76914555163672E-03 6.78185956433184E-03 6.79502320990122E-03 6.80855467416873E-03 6.82232519675463E-03 6.8362441129965E-03 6.85015715559796E-03 6.86393313908554E-03 6.87749449820789E-03 6.8908219981389E-03 6.90390627009438E-03 6.91677036301431E-03 6.92940953366294E-03 6.94183162235235E-03 6.95404079056876E-03 6.96605618646243E-03 6.9779016253966E-03 6.98960689684363E-03 7.00118635328436E-03 7.01265190868281E-03 7.02401908031967E-03 7.0353127602346E-03 7.04656232970079E-03 7.05779714277185E-03
6.29360110028946E-03 6.30794480342849E-03 6.32201433920191E-03 6.33584113949546E-03 6.34945570541019E-03 6.36289541350703E-03 6.37616769903351E-03 6.38928782770847E-03 6.40227055712506E-03 6.41514890559719E-03 6.42793720367005E-03 6.4406475644009E-03 6.45325952538982E-03 6.46575861113331E-03 6.47814448861361E-03 6.49044202930781E-03 6.5026702221358E-03 6.51485603845293E-03 6.52700528783031E-03 6.53912754692053E-03 6.55123080635509E-03 6.56334181756227E-03 6.57547580142715E-03 6.58764916600734E-03 6.59983562934231E-03 6.61200309873635E-03 6.62411224489722E-03 6.6361456629792E-03 6.64807439578025E-03 6.65988232021457E-03 6.67153813970807E-03 6.6830270048007E-03 6.69434397747463E-03 6.70552938982959E-03 6.71664273113294E-03 6.72778840614947E-03 6.73903439369828E-03 6.75045728445577E-03 6.76211336135542E-03 6.77409913108776E-03 6.78647558932765E-03 6.7993217385754E-03 6.81259431413784E-03 6.82622763744722E-03 6.84010697416684E-03 6.85415349847294E-03 6.86823317196129E-03 6.88222386425261E-03 6.89604214057436E-03 6.90965300421026E-03 6.92304009470987E-03 6.93621672621544E-03 6.94918254250826E-03 6.96194611500206E-03 6.97451561252856E-03 6.98691086690443E-03 6.99915615296257E-03 7.01127907696948E-03 7.02329481955988E-03 7.03521259290556E-03 7.04704712936721E-03 7.05882092077622E-03 7.07056143198619E-03 7.08229341863151E-03
6.2987326698288E-03 6.31365034562437E-03 6.3283015983897E-03 6.34270945702292E-03 6.3568969420438E-03 6.37089609602437E-03 6.38471426271563E-03 6.39836544091801E-03 6.41186278007679E-03 6.42523044268516E-03 6.43847706978529E-03 6.45161250354086E-03 6.46463023387243E-03 6.47752891614058E-03 6.4903157779812E-03 6.50301497920681E-03 6.51564733644892E-03 6.52824243199201E-03 6.54081165668205E-03 6.55336659309679E-03 6.5659152333105E-03 6.57847652532085E-03 6.59105930999846E-03 6.6036740387226E-03 6.61630150225186E-03 6.62891008125655E-03 6.6414579793124E-03 6.65392083878553E-03 6.66626944404522E-03 6.67848806049462E-03 6.69055163611534E-03 6.70244780223874E-03 6.71417300352714E-03 6.72576213722264E-03 6.73726869470663E-03 6.74878586943518E-03 6.76039114308951E-03 6.77216815084349E-03 6.7841768878044E-03 6.79650563330286E-03 6.80920555276302E-03 0.006822343472039 6.83587049637373E-03 6.8497218073479E-03 6.86379084512121E-03 6.87800763532545E-03 6.89225128067102E-03 0.006906406489619 6.92039377131826E-03 6.93418000655409E-03 6.94775552302438E-03 6.96113183460844E-03 6.97431435670751E-03 6.98731211410999E-03 7.00013678000994E-03 7.01281111496716E-03 7.02536396451584E-03 7.0378193601366E-03 7.05019303964831E-03 7.0624899192704E-03 7.07472444788532E-03 7.0869180988506E-03 7.09909604865034E-03 7.11127568850109E-03
6.30527868064893E-03 6.32089425159968E-03 6.33624665221561E-03 6.35135297002922E-03 6.36623125655939E-03 6.38090563995477E-03 6.39538306264426E-03 6.4096771042044E-03 6.42379987534886E-03 6.43776887352781E-03 6.45158984732694E-03 6.46527111298492E-03 6.47881392024551E-03 6.49222732054371E-03 6.5055269100771E-03 6.51873864939303E-03 6.5318866201394E-03 6.54500254076789E-03 6.55810109733045E-03 6.57119632524967E-03 6.58429739719725E-03 6.59741847929915E-03 6.61056286897387E-03 6.62373823150325E-03 6.63692256214922E-03 6.65007796852202E-03 6.6631594921113E-03 6.67613959108945E-03 6.68898841219949E-03 6.70169188831725E-03 6.71422838413452E-03 6.72658821975869E-03 6.73877361010709E-03 6.75082213205237E-03 6.76278783565451E-03 6.77476131245178E-03 6.78682181406486E-03 6.79905062832778E-03 6.81150832047262E-03 6.82427824558591E-03 6.83740403003445E-03 6.85092767631132E-03 6.86478457431833E-03 6.87891036740716E-03 6.89320593520773E-03 6.90760380648106E-03 6.92198790544242E-03 6.93625714391557E-03 6.95034129724717E-03 6.96421819478355E-03 6.97788817990119E-03 6.99136605086134E-03 7.00466426866845E-03 7.01779474025733E-03 7.03077492503322E-03 7.04363468013256E-03 7.0564060877418E-03 7.06910885804138E-03 7.08175772643473E-03 7.09435598676303E-03 7.10691932595122E-03 7.11946685741922E-03 7.13201975426309E-03 7.14458593830866E-03
6.31347996188601E-03 6.32992345337502E-03 6.34610344201327E-03 6.36203117082775E-03 6.37772057564612E-03 6.39318832605731E-03 6.40844321181719E-03 6.42349723575331E-03 6.43836092826134E-03 6.45304676856787E-03 6.46756025435561E-03 6.48190801348172E-03 6.49609792108177E-03 6.51014670034096E-03 6.52407688791135E-03 6.53791741870325E-03 6.55169642757636E-03 6.56544765613702E-03 6.57918880477172E-03 6.59293580365321E-03 6.60669923233452E-03 6.62049088094039E-03 6.63430895793656E-03 6.64815714452629E-03 6.66200148292659E-03 6.67579434362775E-03 6.68948787999403E-03 6.70305405995857E-03 6.71646203394732E-03 6.72970017143252E-03 6.7427486229151E-03 6.75560345907787E-03 6.76827827976445E-03 6.78081923536355E-03 6.79328289624356E-03 6.80576220800182E-03 6.81833049941356E-03 6.83106236103458E-03 6.84401505663885E-03 6.85726495099036E-03 6.87083903703017E-03 6.88475739473995E-03 6.89895045493528E-03 6.9133458219561E-03 6.92785243703736E-03 6.94240447049943E-03 6.95690119431684E-03 6.97124400551121E-03 6.98537803636094E-03 6.99929144277495E-03 7.01299447894124E-03 7.02650527942714E-03 7.03984909157878E-03 7.05304008454762E-03 7.06610997039034E-03 7.07909238936629E-03 7.09201926805898E-03 7.10490326883819E-03 7.11776290073672E-03 7.13059795391834E-03 7.14342548262462E-03 7.15626386438782E-03 7.16912856429209E-03 7.18201796480881E-03
6.32365303396589E-03 6.34105998198263E-03 6.35820043609794E-03 6.37507976099519E-03 6.39170724400224E-03 6.40809390168809E-03 6.42424867968954E-03 6.44018252325705E-03 6.45590501365257E-03 6.47142532307246E-03 6.48674911844633E-03 6.50188246265518E-03 6.51683896318824E-03 6.53164304509948E-03 6.54632302254903E-03 6.56091063971507E-03 6.57543733011252E-03 6.58993678837157E-03 6.60442871282858E-03 6.61893267761465E-03 6.6334608841276E-03 6.64802296759462E-03 6.66261250777827E-03 6.6772235435323E-03 6.69180488129125E-03 6.70629971458592E-03 6.72065692631931E-03 6.73484764497169E-03 6.74884318510233E-03 6.76263332732465E-03 6.77620151643827E-03 6.78955699105442E-03 6.80272733807911E-03 6.81576882638688E-03 6.82874396554452E-03 6.84174492513406E-03 6.85483467273294E-03 6.86808131615367E-03 6.88153481828725E-03 6.89525696730486E-03 6.90925724496064E-03 6.92353301832878E-03 6.93800981321775E-03 6.9526188353204E-03 6.96728002202544E-03 6.98192908796643E-03 6.99647526598826E-03 7.01083485592972E-03 7.02497006024825E-03 7.03887516230424E-03 7.05256782200691E-03 7.06607201608077E-03 7.07942113802861E-03 7.09263704488003E-03 7.10576514467691E-03 7.11883519559842E-03 7.13187537053847E-03 7.14489562650593E-03 7.1579170985848E-03 7.17093862839219E-03 7.18398081803653E-03 7.19705480547504E-03 7.21017058663339E-03 7.22332167135742E-03
6.33617533955529E-03 6.35468927178958E-03 6.37292986094443E-03 6.3908960244677E-03 6.40859270623061E-03 6.42602580417802E-03 6.44320426306888E-03 6.46013791421453E-03 6.47683656131996E-03 6.49330682678593E-03 6.50955645132851E-03 6.52559119733577E-03 6.5414317822007E-03 6.55710963162992E-03 6.57265666967324E-03 6.58810529004158E-03 6.60348779524347E-03 6.61883810674833E-03 6.63417922216443E-03 6.64953246248861E-03 6.66490927164761E-03 6.68031703558984E-03 6.69574165039278E-03 6.71116989795378E-03 6.72653342076739E-03 6.74175974235474E-03 6.75679046163365E-03 6.77160172544814E-03 6.78617121588636E-03 6.80049407063409E-03 6.81456607559618E-03 6.82840694768574E-03 6.84205357793459E-03 6.85557443725267E-03 6.86903631477825E-03 6.88253571700913E-03 6.89612766920926E-03 0.006909864074818 6.92377697359353E-03 6.93791495062012E-03 6.95227686510941E-03 6.9668352263826E-03 6.98152285526305E-03 6.99627217556227E-03 7.0110183236961E-03 7.02569868258034E-03 7.04024342749569E-03 7.05457357877061E-03 7.0686647651206E-03 7.08252430323649E-03 7.09618548550025E-03 7.10967297228629E-03 7.12302467392915E-03 7.13626493912804E-03 7.14943874053838E-03 7.16257641328774E-03 7.17570939168219E-03 7.18884290789316E-03 7.20199602376974E-03 7.21516604301333E-03 7.22837056422583E-03 7.24162100129505E-03 7.25492929652738E-03 7.26828540879123E-03
6.35151523995986E-03 6.37128507494477E-03 6.3907693987247E-03 6.40996079796991E-03 6.42886011728958E-03 6.44746894478044E-03 6.46579579605652E-03 6.48385024390812E-03 6.50164167689814E-03 6.51917584171246E-03 6.53646317655974E-03 6.55351194982167E-03 6.57035087068281E-03 6.58701689556703E-03 6.60354226072394E-03 6.61995778042001E-03 6.63629533320709E-03 6.65258813763029E-03 6.66886020497668E-03 6.68513312373704E-03 6.70141655712769E-03 6.71771618494623E-03 6.73400979283533E-03 6.75027367326794E-03 6.76641425036652E-03 6.78234685370829E-03 6.79801540361335E-03 6.81340744560488E-03 6.82850679127161E-03 6.8433180091121E-03 6.85784853331644E-03 6.87212946029763E-03 6.88620766773772E-03 6.90016435915076E-03 6.91406909358882E-03 6.92801992258014E-03 6.94205482550793E-03 6.95620942774092E-03 6.97050079085296E-03 6.98496773177539E-03 6.9995947199487E-03 7.01433861932492E-03 7.02914252942558E-03 7.04394628745784E-03 0.007058700984798 7.07334610240175E-03 7.08782969988891E-03 7.10207964322328E-03 7.1160924317635E-03 7.12988712108365E-03 7.1435089931277E-03 7.15697846032352E-03 7.17033635260295E-03 7.18360574611507E-03 7.19682795675651E-03 7.21002960296371E-03 7.22324413485133E-03 7.23647161088028E-03 7.24972958823697E-03 7.26301231438812E-03 7.27633769887011E-03 7.28971613068308E-03 7.30316314047521E-03 7.31666625678942E-03
6.37022810097073E-03 6.39140752853622E-03 6.41228118790461E-03 6.43283605168513E-03 6.45307006308228E-03 6.47298192317784E-03 6.49258050338182E-03 6.51187461004225E-03 6.53087284612548E-03 6.54958091527277E-03 6.5680140529418E-03 6.5861850685192E-03 6.60413042172576E-03 6.62188991968877E-03 6.63949197035557E-03 6.65696462623322E-03 6.67433813708756E-03 6.69164397145545E-03 6.7089037959541E-03 6.72613631036238E-03 6.74334791053419E-03 6.76054446353898E-03 6.7776939120352E-03 6.7947554026142E-03 6.81160543994476E-03 6.82816379879048E-03 6.84439392066973E-03 6.86029772049463E-03 6.87586278841967E-03 6.89109983661132E-03 6.90602303153949E-03 6.92067658707424E-03 6.93512070378573E-03 6.94944759607215E-03 6.96372322550332E-03 6.97804342409156E-03 6.99241970911087E-03 7.00687906778814E-03 7.0214375895705E-03 7.03612651844038E-03 7.05091785342518E-03 7.06575111341081E-03 7.08058538442413E-03 7.09536946767209E-03 0.007110073037443 7.12463161228299E-03 7.1390123633674E-03 7.15314787249251E-03 7.16706612335074E-03 7.18079455526697E-03 7.19437898430876E-03 7.20783005972487E-03 7.22119392389958E-03 7.23449061424209E-03 7.24776029361356E-03 7.26102170521791E-03 7.27430433175619E-03 7.28760095625648E-03 7.3009317417982E-03 7.31428720890308E-03 7.32769045348298E-03 7.34114987071448E-03 7.35467952012979E-03 7.36826503877049E-03
6.39294679210863E-03 6.41568839092403E-03 6.43809326483684E-03 6.46014602538878E-03 6.48184200697929E-03 6.50318009868759E-03 6.52416877711308E-03 6.5448150132712E-03 6.56512665969503E-03 6.58511257064601E-03 6.6047910946401E-03 6.62418641831962E-03 6.64333985136833E-03 6.66228478535452E-03 6.68104338336275E-03 6.69964365951914E-03 6.71811276194756E-03 6.73647814842853E-03 6.75475502905922E-03 6.77295362862712E-03 6.79107531793585E-03 6.80912611913339E-03 6.82707107691359E-03 6.84482853683565E-03 6.86226416538486E-03 6.87933537495757E-03 6.89603092091126E-03 6.91235614969719E-03 6.92830019604478E-03 6.94387898477207E-03 6.9591127024075E-03 6.97405955810009E-03 6.98879034082547E-03 7.00339815183164E-03 7.01794955494649E-03 7.03251697636592E-03 7.04709290989855E-03 7.06171759809616E-03 7.07641503491551E-03 7.09120026295062E-03 7.10602989441334E-03 7.12084802762038E-03 7.13562976326013E-03 7.15033246475413E-03 7.16493477660008E-03 7.17937007227229E-03 7.19361584395097E-03 7.20762578638826E-03 7.22145791669243E-03 7.23512892595333E-03 7.24867570403782E-03 7.26210498267915E-03 7.27546864846358E-03 7.28878133960894E-03 7.30208346802836E-03 7.31538353105436E-03 7.32870390507614E-03 7.34203434632557E-03 7.3553965549018E-03 7.36878138971771E-03 7.38221805955244E-03 7.39570628224012E-03 0.007409255303322 7.42285229038511E-03
