NongDo/Fusa 15.4h.grd
DSAA
463	323
2	464
2	324
0	10
[rows 56 to 83 of 323, columns 256 to 319 of 463]
0 0 0 0 0 0 0 0 0 0 0 0 0 0 0 0 0 0 0 0 0 0 0 0 0 0 0 0 0 0 0 0 0 0 0 0 0 0 0 0 0 0 0 0 0 0 0 0 0 0 0 0 0 0 0 0 0 0 0 0 0 0 0 0
0 0 0 0 0 0 0 0 0 0 0 0 0 0 0 0 0 0 0 0 0 0 0 0 0 0 0 0 0 0 0 0 0 0 0 0 0 0 0 0 0 0 0 0 0 0 0 0 0 0 0 0 0 0 0 0 0 0 0 0 0 0 0 0
0 0 0 0 0 0 0 0 0 0 0 0 0 0 0 0 0 0 0 0 0 0 0 0 0 0 0 0 0 0 0 0 0 0 0 0 0 0 0 0 0 0 0 0 0 0 0 0 0 0 0 0 0 0 0 0 0 0 0 0 0 0 0 0
0 0 0 0 0 0 0 0 0 0 0 0 0 0 0 0 0 0 0 0 0 0 0 0 0 0 0 0 0 0 0 0 0 0 0 0 0 0 0 0 0 0 0 0 0 0 0 0 0 0 0 0 0 0 0 0 0 0 0 0 0 0 0 0
0 0 0 0 0 0 0 0 0 0 0 0 0 0 0 0 0 0 0 0 0 0 0 0 0 0 0 0 0 0 0 0 0 0 0 0 0 0 0 0 0 0 0 0 0 0 0 0 0 0 0 0 0 0 0 0 0 0 0 0 0 0 0 0
0 0 0 0 0 0 0 0 0 0 0 0 0 0 0 0 0 0 0 0 0 0 0 0 0 0 0 0 0 0 0 0 0 0 0 0 0 0 0 0 0 0 0 0 0 0 0 0 0 0 0 0 0 0 0 0 0 0 0 0 0 0 0 0
0 0 0 0 0 0 0 0 0 0 0 0 0 0 0 0 0 0 0 0 0 0 0 0 0 0 0 0 0 0 0 0 0 0 0 0 0 0 0 0 0 0 0 0 0 0 0 0 0 0 0 0 0 0 0 0 0 0 0 0 0 0 0 0
0 0 0 0 0 0 0 0 0 0 0 0 0 0 0 0 0 0 0 0 0 0 0 0 0 0 0 0 0 0 0 0 0 0 0 0 0 0 0 0 0 0 0 0 0 0 0 0 0 0 0 0 0 0 0 0 0 0 0 0 0 0 6.5753914466348E-03 6.58119258334664E-03
0 0 0 0 0 0 0 0 0 0 0 0 0 0 0 0 0 0 0 0 0 0 0 0 0 0 0 0 0 0 0 0 0 0 0 0 0 0 0 0 0 0 0 0 0 0 0 0 0 0 0 0 0 0 0 0 0 0 6.55224313054456E-03 6.55800911147757E-03 6.56377811925281E-03 6.56956433867468E-03 6.5753914466348E-03 6.58119258334664E-03
0 0 0 0 0 0 0 0 0 0 0 0 0 0 0 0 0 0 0 0 0 0 0 0 0 0 0 0 0 0 0 0 0 0 0 0 0 0 0 0 0 0 0 0 0 0 0 0 0 0 0 0 0 0 6.52823018973068E-03 6.53440394955675E-03 6.54048305839579E-03 6.54648900876438E-03 6.55224313054456E-03 6.55800911147757E-03 6.56377811925281E-03 6.56956433867468E-03 6.57533804873465E-03 6.58111704304767E-03
0 0 0 0 0 0 0 0 0 0 0 0 0 0 0 0 0 0 0 0 0 0 0 0 0 0 0 0 0 0 0 0 0 0 0 0 0 0 0 0 0 0 0 0 0 0 0 0 0 0 0 6.50802717965216E-03 6.51505449811553E-03 6.52193355245358E-03 6.52823018973068E-03 6.53440394955675E-03 6.54048305839579E-03 6.54648900876438E-03 6.5523715473076E-03 6.55823013621349E-03 6.56401237921016E-03 6.56976232057752E-03 6.57546925919004E-03 6.58117195183216E-03
0 0 0 0 0 0 0 0 0 0 0 0 0 0 0 0 0 0 0 0 0 0 0 0 0 0 0 0 0 0 0 0 0 0 0 0 0 0 0 0 0 0 0 0 0 6.46000753898027E-03 6.46879850267084E-03 6.47727786689552E-03 6.48543730081435E-03 6.49336476377905E-03 6.50104103363519E-03 6.50802717965216E-03 6.51505449811553E-03 6.52193355245358E-03 6.52848508648389E-03 6.53481594725392E-03 6.54096863561167E-03 6.54701043489289E-03 6.55293820234755E-03 6.55881334212486E-03 6.56459453381039E-03 6.57031845420011E-03 6.57598422285506E-03 6.58162249604377E-03
0 0 0 0 0 0 0 0 0 0 0 0 0 0 0 0 0 0 0 0 0 0 0 0 0 0 0 0 0 0 0 0 0 0 0 0 0 0 0 0 0 0 0 6.44063383921788E-03 6.45071542128739E-03 6.46000753898027E-03 6.46879850267084E-03 6.47727786689552E-03 6.48543730081435E-03 6.49336476377905E-03 6.50104103363519E-03 6.50844977901935E-03 6.51564814052907E-03 6.52261808749455E-03 6.52929991340201E-03 6.53574605955507E-03 6.54198666992267E-03 6.54808728304739E-03 6.55406199955694E-03 6.55995285604093E-03 6.56574826520637E-03 6.57147514179531E-03 6.57713650594612E-03 6.58275175729451E-03
5.90540833480341E-03 5.92091837592051E-03 5.93652646552959E-03 5.95198937292333E-03 5.9672251176606E-03 5.98230428090834E-03 5.99712282760598E-03 6.01167426604902E-03 6.02597917292226E-03 6.04017621838954E-03 6.05430190769841E-03 6.06842974911284E-03 6.08239873925434E-03 6.09612359365667E-03 6.10954190679479E-03 6.12275602745291E-03 6.13576256288898E-03 6.14865384684823E-03 6.16132950209569E-03 6.17380433220003E-03 6.18608359105207E-03 6.19830042051804E-03 6.2104661928006E-03 6.22265834672533E-03 6.23473491182483E-03 6.24663971654995E-03 6.25829689995859E-03 6.26978130943647E-03 6.28104072194345E-03 6.29213876756995E-03 6.30297423518545E-03 6.31359729496648E-03 6.32406189022541E-03 6.33462115928265E-03 6.34555682913827E-03 0 0 0 0 6.39878440180275E-03 6.40883862116819E-03 6.41969345955265E-03 6.43066301124766E-03 6.44063383921788E-03 6.45071542128739E-03 6.46035382997603E-03 6.46945481500265E-03 6.47810058640144E-03 6.48637455472647E-03 6.49438580277156E-03 6.50214428162747E-03 6.50969118291562E-03 6.51699589968102E-03 6.52405841705491E-03 6.53084769322496E-03 6.53739994191726E-03 6.54373987751734E-03 6.54992380473617E-03 6.55596920689634E-03 6.56191192958099E-03 6.56775353632849E-03 6.57351805428453E-03 6.57921212651875E-03 6.58485344774401E-03
5.90540833480341E-03 5.92091837592051E-03 5.93652646552959E-03 5.95198937292333E-03 5.9672251176606E-03 5.98230428090834E-03 5.99712282760598E-03 6.01167426604902E-03 6.02597917292226E-03 6.04017621838954E-03 6.05430190769841E-03 6.06842974911284E-03 6.08239873925434E-03 6.09612359365667E-03 6.10954190679479E-03 6.12275602745291E-03 6.13576256288898E-03 6.14865384684823E-03 6.16132950209569E-03 6.17380433220003E-03 6.18608359105207E-03 6.19830042051804E-03 6.2104661928006E-03 6.22265834672533E-03 6.23473491182483E-03 6.24663971654995E-03 6.25829689995859E-03 6.26978130943647E-03 6.28104072194345E-03 6.29213876756995E-03 6.30297423518545E-03 6.31359729496648E-03 6.32406189022541E-03 6.33462115928265E-03 6.34555682913827E-03 6.35851958866961E-03 6.36917385280668E-03 6.37961791288701E-03 6.38991193544002E-03 6.39878440180275E-03 6.40883862116819E-03 6.41969345955265E-03 6.43066301124766E-03 6.44131462323429E-03 6.45164331383873E-03 6.4615335283136E-03 6.47088940249885E-03 6.47974894344544E-03 6.48820077097123E-03 6.49635293619147E-03 6.50423126242296E-03 6.51189148438928E-03 6.51930083050664E-03 6.52646681017581E-03 6.53336935497446E-03 6.54003668513764E-03 6.54649259251096E-03 6.55278523668189E-03 6.55893137500053E-03 6.56496239774203E-03 6.57088553601375E-03 6.57672349335814E-03 6.58248828655329E-03 6.58819798185606E-03
5.90737910198639E-03 5.92369212414896E-03 5.93961959870918E-03 5.95522735209832E-03 5.97053838468064E-03 5.98565102694007E-03 6.00048465467424E-03 6.0150283885454E-03 6.02932046348312E-03 6.04348883666553E-03 6.05758034070948E-03 6.07168858955053E-03 6.08563821888819E-03 6.09931222709011E-03 6.1126846522676E-03 6.1258521605732E-03 6.13882421953128E-03 6.15167827176689E-03 6.1643299215944E-03 6.17678003242844E-03 0.006189046572608 6.20124394462126E-03 6.21339475364732E-03 6.22558557123451E-03 6.23766747781052E-03 6.24955818520256E-03 6.26120588486991E-03 6.27267297877657E-03 6.28391648387948E-03 6.29497889977155E-03 6.30576835409354E-03 6.31630695048385E-03 6.32664107652399E-03 6.33696539275736E-03 6.34746820448253E-03 6.35851958866961E-03 6.36917385280668E-03 6.37961791288701E-03 6.38991193544002E-03 6.40006502518791E-03 6.41058044203005E-03 6.42153835280573E-03 6.43254010043058E-03 6.44333143977053E-03 6.45378637939218E-03 6.46384997425833E-03 6.47341993864103E-03 6.48250383293462E-03 6.49116519565576E-03 6.49949473431265E-03 6.50752626106363E-03 6.51531887238914E-03 6.52285123938575E-03 6.53013631006805E-03 6.53716409662158E-03 6.54395976877559E-03 6.55054781603147E-03 6.55696997248416E-03 6.56324152972325E-03 6.56938830164198E-03 6.57542125832559E-03 6.58136335178141E-03 6.58723044776374E-03 6.59304057235687E-03
5.91253465151971E-03 5.9292314771212E-03 5.94540028102924E-03 5.96115451920679E-03 5.97655821696625E-03 5.99171192869746E-03 6.00656660537922E-03 6.02111543859992E-03 0.006035414065014 6.0495681808375E-03 6.06362398889611E-03 6.07767544952588E-03 6.09154894835572E-03 6.1051267840164E-03 6.11842670927989E-03 6.13152695894347E-03 6.1444462256264E-03 6.15724084696947E-03 6.16985498553912E-03 6.18228017051769E-03 6.19454726936718E-03 6.20674050001743E-03 6.21888651284531E-03 6.23106393756723E-03 6.2431276993596E-03 6.2549878699209E-03 6.26662152376705E-03 6.27806712462316E-03 6.28929026607795E-03 6.30030801669686E-03 6.31105109798039E-03 6.32151921973832E-03 6.33175932249932E-03 6.34190892106958E-03 6.35209948897482E-03 6.36252288980915E-03 6.37291012641615E-03 6.38323461928013E-03 6.39353009366096E-03 6.40392794597671E-03 6.41454031383554E-03 6.42543165931677E-03 6.4363508797989E-03 6.44711982150467E-03 6.4576133208204E-03 6.4677825946689E-03 6.47751694948677E-03 6.48679886122805E-03 6.49565952735806E-03 6.50416994525416E-03 6.51236347431356E-03 6.52029809028435E-03 6.52796180802929E-03 6.53537274488704E-03 6.54253115443451E-03 6.54946129599145E-03 6.55618924769721E-03 6.56275114566501E-03 6.56916101160759E-03 6.57543930407957E-03 6.58160125338273E-03 0.006587668180932 6.59365888365342E-03 6.59959027889354E-03
5.92053541498058E-03 5.93739512416437E-03 5.95371681257288E-03 5.96959245921581E-03 5.98508752232762E-03 6.00028082566558E-03 6.01515335194667E-03 6.02972369103234E-03 6.04404633730031E-03 6.05820368079518E-03 6.0722357495911E-03 6.08618788537708E-03 6.09993130582956E-03 6.11340135804036E-03 6.1266242459437E-03 6.13965646329653E-03 6.15251875857829E-03 6.16524864392527E-03 6.17781532152711E-03 6.19022363179215E-03 6.20250216281734E-03 6.2147091440607E-03 6.22686697524473E-03 6.23901128019193E-03 6.2510286996413E-03 6.26285914533843E-03 6.27448415760095E-03 6.28591659025506E-03 6.29712508082873E-03 6.30810817649593E-03 6.31881561126974E-03 6.32925107869082E-03 6.33945357331414E-03 6.34952201576446E-03 6.35955688195145E-03 6.36968782666768E-03 6.37983720898781E-03 6.39000366497158E-03 6.40021417479259E-03 6.41056531530046E-03 6.42108870294561E-03 6.43181279795091E-03 6.44257075037016E-03 6.45323909290785E-03 6.46370301789603E-03 6.47390079874527E-03 6.48372516780417E-03 6.49313916589667E-03 6.50215167917592E-03 6.5108105583829E-03 6.51914589683447E-03 6.52720358184172E-03 6.53498305642437E-03 6.5425061290015E-03 6.54978198621682E-03 6.55683768273968E-03 6.56369950162073E-03 6.57039679513362E-03 6.57694259848965E-03 6.58335500318605E-03 6.58965045907055E-03 6.59585016918626E-03 6.60197326251427E-03 6.6080355227982E-03
5.93122933271153E-03 5.94819204582824E-03 5.96462732587932E-03 5.98060272738601E-03 5.9961765137206E-03 6.01141127514444E-03 6.02631798363755E-03 6.04092652244999E-03 6.05527593033818E-03 6.0694286334031E-03 6.08341429715465E-03 6.0972496758577E-03 6.11087470636572E-03 6.12425755223544E-03 6.13741022854009E-03 6.15037559729644E-03 6.16317820790579E-03 6.17584711164167E-03 6.18837699803665E-03 6.20077838187052E-03 6.21306795140428E-03 6.22528349335451E-03 6.23743854875494E-03 6.24954104545693E-03 6.26152594410859E-03 6.27334655611304E-03 6.28497169935152E-03 6.29639653538919E-03 6.3075951062314E-03 6.31855649005221E-03 6.32925107377691E-03 6.33968263389588E-03 6.34987724372509E-03 6.35990789268041E-03 6.36985409608545E-03 6.37981411583761E-03 6.38979411660047E-03 6.39981995009497E-03 6.40991428245719E-03 6.42014167436776E-03 6.43051690126919E-03 6.44105199459338E-03 6.45163502560405E-03 6.46216762908175E-03 6.47254133265714E-03 6.48269053212088E-03 6.49252142146017E-03 6.50198104996974E-03 6.51106516125187E-03 6.51980188122971E-03 6.52821762195968E-03 6.53634713649132E-03 6.54420383941298E-03 6.55180678811217E-03 6.55917416800278E-03 6.56633105363894E-03 6.57330350809978E-03 6.58011564625588E-03 6.58678310934139E-03 6.59331949570558E-03 6.59974239159539E-03 6.60607122352173E-03 6.61232481417977E-03 6.61851708559412E-03
5.9448243915872E-03 5.96187304505196E-03 5.9784067923049E-03 5.99447571041069E-03 6.01012889063442E-03 6.02542269031417E-03 6.04037942719428E-03 6.05502971112092E-03 6.06940377939502E-03 6.08354892456092E-03 6.09748669346459E-03 6.11123069152734E-03 6.12475843311011E-03 6.13805944359621E-03 6.15114328435737E-03 6.1640451850691E-03 6.17679108994253E-03 6.18941137372351E-03 6.20191334193311E-03 6.2143081706691E-03 6.22660483158593E-03 6.23882626771034E-03 6.25097767047538E-03 6.26305839427644E-03 6.27502686937723E-03 6.2868434533897E-03 6.29846930784769E-03 6.30988881357139E-03 0.006321077484854 6.33202457787885E-03 6.34271113364823E-03 6.35314033213465E-03 6.3633301870837E-03 6.37333710629079E-03 6.38322687734534E-03 6.39308387121217E-03 6.40294752004413E-03 6.41285915597385E-03 6.42284205818162E-03 6.43294340212702E-03 6.44317166192732E-03 6.45353286783392E-03 6.46393937174206E-03 6.47430638807137E-03 6.48453503164442E-03 6.4945637580997E-03 6.50430795839452E-03 6.51371453115276E-03 6.52277142224126E-03 6.5314948214324E-03 6.53990735432771E-03 6.54803920225068E-03 6.55590902797601E-03 6.56353746096515E-03 6.57094573491255E-03 6.57815825984605E-03 6.58519978728076E-03 6.59209168302025E-03 6.59884925796454E-03 6.60548403272769E-03 6.61201288469205E-03 6.61845335601524E-03 6.62482255853733E-03 6.63113194951452E-03
5.96153249845178E-03 5.97868216504037E-03 0.005995322706859 6.01149532662471E-03 6.02724155344494E-03 6.04261262645027E-03 6.05763155711821E-03 6.07232777341028E-03 6.08672932237705E-03 6.10087397399741E-03 6.11477908685712E-03 6.12845965320814E-03 6.1419121193267E-03 6.15514077306416E-03 6.16816173022622E-03 6.1810081734335E-03 6.1937073849477E-03 6.20629176990242E-03 6.21877325244555E-03 6.23116254739768E-03 6.24346554917322E-03 6.25569515251682E-03 6.26785019706468E-03 6.27992635739827E-03 6.29189072943629E-03 6.30370406415192E-03 6.3153250987173E-03 6.32673244923618E-03 6.33790289699604E-03 6.34882726531571E-03 6.35949203506935E-03 6.36990025118668E-03 6.38006784185629E-03 6.39004256135707E-03 6.39988254868672E-03 6.40966518949788E-03 6.41944093752715E-03 6.42925666140278E-03 6.43913764799777E-03 6.44912236662639E-03 6.45921312822935E-03 6.46941064926786E-03 6.47963432648539E-03 6.48980757033362E-03 6.49984400453256E-03 6.50968933903142E-03 6.51926864920486E-03 6.52853033031529E-03 6.53746131554503E-03 6.54607528057578E-03 6.5543962218036E-03 6.56245161292778E-03 6.57026331777549E-03 6.57785160746477E-03 6.58523935491815E-03 6.59245105372568E-03 6.59951166446291E-03 6.60643880624536E-03 6.61324692449513E-03 6.61994444460843E-03 6.62654733562587E-03 6.63307157656692E-03 6.63953192442642E-03 6.64593596635675E-03
5.98161444269009E-03 5.99889616442772E-03 6.01566726963193E-03 6.03196424051047E-03 6.04782457222228E-03 6.06329076796788E-03 6.07838524278376E-03 6.09313836827649E-03 6.10757808857445E-03 6.12173544298573E-03 6.13562612699489E-03 6.14926637213646E-03 6.16266366334433E-03 6.17583494287061E-03 6.18880502619077E-03 6.20160775118253E-03 6.21427250791611E-03 6.22683221361732E-03 6.23930045748074E-03 6.25168828446302E-03 6.26400019336723E-03 6.27624201074126E-03 6.28840661888419E-03 6.30048762971201E-03 6.31245111141687E-03 6.32425390728348E-03 6.33585390179115E-03 6.34722850558327E-03 6.35835587617976E-03 6.3692294841267E-03 6.37983944677151E-03 6.39019033830614E-03 6.40030072338412E-03 6.41021649146505E-03 6.41999228704985E-03 6.42970096603134E-03 6.43939367968648E-03 6.44911493292671E-03 6.45889056274003E-03 6.46875363098814E-03 6.47870194812524E-03 6.48872164568612E-03 6.49873434460407E-03 6.50867353722196E-03 6.51846663854159E-03 6.52806471210061E-03 0.006537401006042 6.54643290046456E-03 6.55515099396144E-03 6.56357185288424E-03 6.57172137824597E-03 6.57962607176728E-03 6.58730974893534E-03 6.59479251782357E-03 6.60209878040297E-03 6.60925442379984E-03 6.61628308640183E-03 6.62319837991124E-03 6.63001281270845E-03 6.63673311225965E-03 6.64337449088526E-03 6.64995020739615E-03 6.65647152160952E-03 6.66294126227476E-03
6.00529315308873E-03 6.02274867650474E-03 6.03968296830418E-03 6.05612966928909E-03 6.07212364470886E-03 6.08770134044864E-03 6.10288836547703E-03 6.11771400351073E-03 6.13220519242895E-03 6.14638911758919E-03 6.16028291665123E-03 6.17390355447522E-03 6.18726758230137E-03 6.20040103519736E-03 6.21333592472921E-03 6.22610845975743E-03 6.23875066864481E-03 6.25129551051653E-03 6.26375761376833E-03 6.27614761263724E-03 6.28846906040417E-03 6.30072328713082E-03 6.31289750174397E-03 6.32498088432396E-03 6.33693058289548E-03 6.34869857621947E-03 6.36024418343135E-03 6.37154698447978E-03 6.3825868933273E-03 6.39336079300383E-03 6.40386208148179E-03 6.41410055905756E-03 6.42410232414821E-03 6.43391557797483E-03 6.44359233652671E-03 6.45320184087031E-03 6.46278830667577E-03 6.47239041007549E-03 6.48203192055916E-03 6.49173971640762E-03 6.50150247871126E-03 6.51129652516964E-03 6.52105189043719E-03 6.53070628032911E-03 6.54020038486089E-03 6.54949123587019E-03 6.55852641409654E-03 6.56726669315106E-03 6.57571066314995E-03 6.58387782653132E-03 6.59179607027278E-03 6.59949129736402E-03 6.60699153070002E-03 6.61431636030804E-03 6.62149461509279E-03 6.62855072099704E-03 6.63550504674703E-03 6.64236645492068E-03 6.6491477590478E-03 6.65585294866205E-03 6.66249616537405E-03 6.66908855892181E-03 6.67563709528965E-03 6.68214013004329E-03
6.03285421344742E-03 6.0505239546991E-03 6.06765650905378E-03 6.08428233421972E-03 6.1004338234072E-03 6.11614357756428E-03 6.13143931771802E-03 6.14635049154329E-03 6.16090421547647E-03 6.17512595868826E-03 6.18903504363359E-03 6.20265043925004E-03 6.21599628950759E-03 6.22910720597088E-03 6.24202089509873E-03 6.25477538434016E-03 6.26740446242809E-03 6.27993871641327E-03 6.29239257162373E-03 6.30477808996374E-03 6.31709833644375E-03 6.32935048368175E-03 6.34151680227708E-03 6.35357665888112E-03 6.36547482368706E-03 6.37716099509721E-03 6.38859734994819E-03 6.39976625821454E-03 6.41065269102515E-03 6.42125651470735E-03 6.43157624956695E-03 6.44163295581726E-03 6.4514620152348E-03 6.46111455363977E-03 6.47064212115856E-03 6.48010636787163E-03 6.48954095567906E-03 0.006498978813587 6.50843897312669E-03 6.51793820239817E-03 6.52745709030349E-03 6.53696443020347E-03 6.54639768848902E-03 6.55570571292469E-03 6.56484167056894E-03 6.57376835161652E-03 6.58244310343785E-03 6.59083805974196E-03 6.59896001221186E-03 6.6068290998755E-03 6.61447375461151E-03 6.62192093736606E-03 6.62920003465033E-03 6.63633335186895E-03 6.64335278152553E-03 6.65027719054609E-03 6.65712217844313E-03 6.66389466356123E-03 6.67060706315386E-03 6.67726219407141E-03 6.68387401888039E-03 6.69044840145923E-03 6.69698848941786E-03 6.70349048867528E-03
6.06456719915827E-03 6.08249477047088E-03 6.09986216821606E-03 6.11669619939965E-03 6.13302737568755E-03 6.14888594337773E-03 6.16430212031778E-03 6.17930641630529E-03 6.19392794276321E-03 6.20819175963309E-03 6.22212156850268E-03 6.23573888230138E-03 6.24907646494748E-03 6.26217597923764E-03 6.27507775848104E-03 6.28781892182877E-03 6.30043217374334E-03 6.31294658948924E-03 6.32537782504653E-03 6.33773722513244E-03 6.35002529205863E-03 6.36223551738371E-03 6.37434335991114E-03 6.3863220655465E-03 6.39810626085872E-03 6.40963873525925E-03 6.42088243981117E-03 6.43182835653875E-03 6.44247029945873E-03 6.45281509999718E-03 6.46287290679506E-03 6.47267231527564E-03 6.48225400565821E-03 6.49167337025607E-03 6.50098039010521E-03 6.5102329122338E-03 6.51945548804658E-03 6.52866803739747E-03 6.53787870971954E-03 6.54709735158647E-03 6.55630169089209E-03 6.56545364185069E-03 6.5745040933418E-03 6.58340984776049E-03 6.59213688999167E-03 6.60065364021746E-03 6.6089317026349E-03 6.61694743587979E-03 6.62471373664722E-03 6.63225592186312E-03 6.63960660886798E-03 6.64679023672374E-03 6.65383555324813E-03 6.66076363449952E-03 6.6676028818106E-03 6.67437072483636E-03 6.68108199211668E-03 6.68774005236635E-03 6.69435492100368E-03 6.70092785863488E-03 6.70747010982721E-03 6.71398726681417E-03 6.72048230220018E-03 6.72694912059739E-03
6.10073712940453E-03 6.11895822041742E-03 6.13658958357993E-03 6.15365396745957E-03 6.17018076149338E-03 6.18619908266125E-03 6.20174190567583E-03 6.21684216387069E-03 6.23153086108105E-03 6.24583450228455E-03 6.25978200477435E-03 6.27340037344568E-03 6.28673192748773E-03 6.2998227740226E-03 6.31271180998435E-03 0.006325432467318 6.33801507286919E-03 6.35048617952082E-03 6.3628608745521E-03 6.3751488813862E-03 6.38734800826268E-03 6.39944934470207E-03 6.41142275425575E-03 6.42323373756874E-03 6.43480344385338E-03 6.4460731936789E-03 6.45701488150025E-03 6.46763220637745E-03 6.47792716726407E-03 6.48791638352131E-03 6.49762039792849E-03 6.50707517940015E-03 6.51632647968115E-03 6.5254335806403E-03 6.53444394573886E-03 6.54340928604986E-03 6.55234058537406E-03 6.56124646299984E-03 6.57012683170527E-03 6.57898704808748E-03 6.58779987891688E-03 6.59652752148327E-03 6.60513398312621E-03 6.61358630646986E-03 6.6218612299177E-03 6.62993244555787E-03 6.63778250471598E-03 6.64539355517992E-03 6.65278732179212E-03 6.65999239096321E-03 6.66704274519874E-03 6.67395788358945E-03 6.68076495000448E-03 6.68748131052909E-03 6.69413069946298E-03 6.70072775132635E-03 6.70728653457701E-03 6.71380711572946E-03 6.72029776390349E-03 6.72675784286243E-03 6.73319788481476E-03 6.73962289188677E-03 6.74603672341241E-03 6.75243152314366E-03
6.14166671576197E-03 6.16020821619154E-03 6.17812132619197E-03 6.1954256348534E-03 6.21215127530565E-03 6.22832873294787E-03 6.24399542855839E-03 6.2591863934101E-03 6.27393409038735E-03 6.28826722201022E-03 6.3022219098499E-03 6.31583210297317E-03 6.32914892280412E-03 6.34221995548531E-03 6.35507800157063E-03 6.36775142953178E-03 6.38026706621954E-03 6.3926481155158E-03 6.40490645969724E-03 6.41704839353637E-03 6.42906903031225E-03 6.44096002564651E-03 6.45268602766285E-03 6.46420244490563E-03 6.47541731854077E-03 6.48628540788586E-03 6.49679974160627E-03 6.50697664771066E-03 6.51682318116642E-03 6.5263614920886E-03 6.53561818691361E-03 6.5446375650716E-03 6.5534719949949E-03 6.56218281294809E-03 6.57081092568222E-03 6.57940007966837E-03 6.58794493782028E-03 6.59645013960989E-03 6.60491595943064E-03 6.61334354274946E-03 6.62170199121064E-03 6.62995171952147E-03 6.63807123917472E-03 6.6460370163722E-03 6.65383613873998E-03 6.66144331880342E-03 6.66885204989854E-03 6.67604968019952E-03 6.68307027054204E-03 6.68994208784551E-03 6.69669414840596E-03 6.70333936726413E-03 6.70990445573035E-03 6.71640292073375E-03 6.72285487848783E-03 6.72926979841148E-03 6.73565847072107E-03 6.74201781695527E-03 6.74835664403028E-03 6.75467297583038E-03 6.76097857065832E-03 6.76727700240634E-03 6.7735708880381E-03 6.77985168233589E-03
6.18761495474664E-03 6.20648807866745E-03 6.2246830345346E-03 6.24222119429248E-03 6.25913479136719E-03 6.27545896363422E-03 6.29123573874418E-03 6.30650101726046E-03 6.32128861229481E-03 6.33563244269261E-03 6.34957347369045E-03 6.36315756271358E-03 6.37644218052959E-03 6.38946648783575E-03 6.40225478947019E-03 6.41483309006494E-03 6.42722402968483E-03 6.4394453881916E-03 6.45150302282064E-03 6.46339638553081E-03 6.47511797204068E-03 6.48666181261513E-03 6.49799580899521E-03 6.50905382018813E-03 6.51974763157939E-03 6.53006899188953E-03 6.54003314878692E-03 6.54965900714984E-03 6.55895528317558E-03 6.56794805898734E-03 6.57666773086694E-03 6.58516606382472E-03 6.59349899149071E-03 6.60172404576606E-03 6.60987916647199E-03 6.61799049408817E-03 6.62604354239173E-03 6.63405328046966E-03 6.64202421047269E-03 6.64994819937955E-03 6.65778869703859E-03 6.66551592869005E-03 6.6731199898163E-03 6.68058392132384E-03 6.68789862008081E-03 6.69504012027252E-03 6.70200772800221E-03 6.70880130521968E-03 6.71546492422977E-03 6.72201534117929E-03 6.72847282996205E-03 6.73484752997607E-03 6.74116625865032E-03 6.74743805510687E-03 6.7536805473365E-03 6.75989663222595E-03 6.76609277458673E-03 6.77226522581844E-03 6.77842301547666E-03 6.78456492109652E-03 6.79070419603029E-03 6.79683934813248E-03 6.80297080316362E-03 6.80909147581802E-03
