NongDo/Fusa 18.1h.grd
DSAA
463	323
2	464
2	324
0	10
[rows 252 to 279 of 323, columns 0 to 63 of 463]
0 0 0 0 0 0 0 0 0 0 0 0 0 0 0 0 0 0 0 0 0 0 0 0 0 0 0 0 0 0 0 0 0 0 0 0 0 0 3.96237713028726E-03 3.9746304868735E-03 3.98128224133404E-03 3.98696196116972E-03 3.99340729938166E-03 4.00101335793842E-03 4.00996113669576E-03 4.02034301151133E-03 4.03229060655739E-03 4.04589055608951E-03 4.06127334778957E-03 4.0785493675977E-03 4.09783497393182E-03 4.11923706842156E-03 4.14282241598791E-03 4.16864329935016E-03 4.19669522797318E-03 4.22697798251526E-03 4.25941734257197E-03 4.29393232556347E-03 4.33038890484369E-03 4.36867894733769E-03 4.40863115706168E-03 4.45002372814176E-03 4.49261078132721E-03 4.53613014939032E-03
0 0 0 0 0 0 0 0 0 0 0 0 0 0 0 0 0 0 0 0 0 0 0 0 0 0 0 0 0 0 0 0 0 0 0 0 0 3.95167715067914E-03 3.96237713028726E-03 3.96809187890947E-03 3.97430338069427E-03 3.98090004361326E-03 3.98837487517867E-03 3.99699149962385E-03 4.00695626619662E-03 4.01839958484808E-03 4.03147393863859E-03 4.04628743643259E-03 4.06298156305417E-03 4.08168277154936E-03 4.10251089193624E-03 4.12557136035108E-03 4.15092211250204E-03 4.17860253567061E-03 4.20859014186915E-03 4.24085998092448E-03 4.27531314456092E-03 4.31183793499273E-03 4.35026871245546E-03 4.39045981183323E-03 4.43221012100809E-03 4.47526865949173E-03 4.51936397422417E-03 4.56421272232404E-03
0 0 0 0 0 0 0 0 0 0 0 0 0 0 0 0 0 0 0 0 0 0 0 0 0 0 0 0 0 0 0 0 0 0 0 0 3.94256909266955E-03 3.95167715067914E-03 3.95670843323594E-03 3.96230082302646E-03 3.96865595502022E-03 3.97586649286888E-03 3.9841618781692E-03 3.99369910089736E-03 4.00466112213327E-03 4.01718760457415E-03 4.03143913061787E-03 4.04753586674506E-03 4.06562583180213E-03 4.08584592718909E-03 4.10831622234161E-03 4.13313656476633E-03 4.16035201875626E-03 4.18998401112237E-03 4.22198620031111E-03 4.25630874494669E-03 4.29282248611347E-03 4.33138018169251E-03 4.37178094011404E-03 4.41384378097276E-03 4.45733433154373E-03 4.50197371470009E-03 4.54746763380613E-03 4.59351540816029E-03
0 0 0 0 0 0 0 0 0 0 0 0 0 0 0 0 0 0 0 0 0 0 0 0 0 0 0 0 0 0 0 0 0 0 0 3.93805058315643E-03 3.94256909266955E-03 3.94658307630478E-03 3.9513021244693E-03 3.95693763803099E-03 3.96362118517409E-03 3.97142976908011E-03 3.98050945860199E-03 3.99096157698892E-03 4.00295102477985E-03 4.01662094406298E-03 4.03213162426254E-03 4.04961062168734E-03 4.06920529863445E-03 4.09106213626647E-03 4.11529367163069E-03 4.1419907906803E-03 4.17117998122801E-03 4.20286133166483E-03 4.23695719482585E-03 4.2733919865105E-03 4.31200056952075E-03 4.35259471990205E-03 4.39493830752611E-03 4.43881573857953E-03 4.48396413759987E-03 4.53007568994995E-03 4.57683728002282E-03 4.62393509339659E-03
0 0 0 0 0 0 0 0 0 0 0 0 0 0 0 0 0 0 0 0 0 0 0 0 0 0 0 0 0 0 0 0 0 0 0 3.93805058315643E-03 3.93843066381739E-03 3.94128423570878E-03 3.94578818249062E-03 3.95163184497115E-03 3.95878477894478E-03 3.96726603690057E-03 3.97718189736382E-03 3.98861560660619E-03 4.00171762211974E-03 4.01663220215593E-03 4.03351669181092E-03 4.05250455730046E-03 4.07374066179873E-03 4.09737188815429E-03 4.12350004345555E-03 4.15220071559819E-03 4.18347758132828E-03 4.21730428315367E-03 4.25357185773134E-03 4.29216690693053E-03 4.33288270628549E-03 4.37549263037841E-03 4.41972845209066E-03 4.4653411959389E-03 4.51203782497884E-03 4.55948825058496E-03 4.60736543969899E-03 4.65534897040717E-03
0 0 0 0 0 0 0 0 0 0 0 0 0 0 0 0 0 0 0 0 0 0 0 0 0 0 0 0 0 0 0 0 0 0 3.92219914770539E-03 3.93062597251276E-03 3.93192820591386E-03 3.9350330729003E-03 3.93981851821338E-03 3.94612304009054E-03 3.95391088671795E-03 3.96318590998932E-03 3.97403668954647E-03 3.98656141912083E-03 4.00089780291902E-03 4.01719357370727E-03 4.03559535056076E-03 4.05624736911119E-03 4.07928313592223E-03 4.10484535257119E-03 4.13301929679986E-03 4.16386017211777E-03 4.19734216820846E-03 4.23340692044978E-03 4.27191109141863E-03 4.31268970649217E-03 4.35550011166585E-03 4.4000769336116E-03 4.44612375595491E-03 4.49335685093191E-03 4.54146453350677E-03 4.59009783312746E-03 4.63892025836615E-03 4.68761115914855E-03
0 0 0 0 0 0 0 0 0 0 0 0 0 0 0 0 0 0 0 0 0 0 0 0 0 0 0 0 0 0 0 0 0 0 3.92219914770539E-03 3.92263862335363E-03 3.92436879795685E-03 3.92794311022663E-03 3.93327823271983E-03 3.94025369098481E-03 3.94884477913348E-03 3.95906009661213E-03 3.97098928424327E-03 3.98474882797705E-03 4.00047476656353E-03 4.01831597061845E-03 4.03840857016873E-03 4.06089935351804E-03 4.08590945563914E-03 4.11357041319053E-03 4.14394608294029E-03 4.17706398036956E-03 4.21286204551424E-03 4.25124305194796E-03 4.29202178071424E-03 4.33498422506181E-03 4.37984846328843E-03 4.42631429174841E-03 4.47405923285035E-03 4.52277460525463E-03 4.57213345886006E-03 4.62177397284822E-03 4.6713568464791E-03 4.72056994360853E-03
0 0 0 0 0 0 0 0 0 0 0 0 0 0 0 0 0 0 0 0 0 0 0 0 0 0 0 0 0 0 0 0 0 0 3.91351405553046E-03 3.91363191536124E-03 3.91583139850911E-03 3.92005378198335E-03 3.92613731671393E-03 3.93396531019635E-03 3.94352538625926E-03 3.95484141272662E-03 3.96801453243135E-03 3.98318234302886E-03 4.00047889284062E-03 4.02005754466932E-03 4.04203477710682E-03 4.06655868873211E-03 4.09372853019533E-03 4.12366327798937E-03 4.15639798608381E-03 4.19192366931903E-03 4.23013306191241E-03 4.27088327563818E-03 4.3139459293422E-03 4.35905907407605E-03 4.40590439274708E-03 4.45414764437738E-03 4.5034472907664E-03 4.55347677941398E-03 4.60390659463722E-03 4.65436262452532E-03 4.7045113876338E-03 4.75405966400111E-03
0 0 0 0 0 0 0 0 0 0 0 0 0 0 0 0 0 0 0 0 0 0 0 0 0 0 0 0 0 0 0 0 0 0 3.90310478582656E-03 3.90332906642097E-03 3.90624207831727E-03 3.91133240259258E-03 3.91836670042004E-03 3.92723660673149E-03 3.93794830035404E-03 3.95054629745195E-03 3.96514688231308E-03 3.98191847385718E-03 4.00099040782122E-03 4.02251576992625E-03 4.04658724794421E-03 4.07334930943318E-03 4.10286756542879E-03 4.1352513201913E-03 4.17049555392064E-03 4.20854204019293E-03 4.24923086320321E-03 4.29237224792542E-03 4.33769366447764E-03 4.38488918653506E-03 4.43360740491711E-03 4.48348675748025E-03 4.53417197913277E-03 4.58532870701778E-03 4.63663310863677E-03 4.68770063635039E-03 4.73821731466078E-03 4.78792063641832E-03
0 0 0 0 0 0 0 0 0 0 0 0 0 0 0 0 0 0 0 0 0 0 0 0 0 0 0 0 0 0 0 0 0 3.87492947276323E-03 3.88937229795253E-03 3.89134559237314E-03 3.89556995691016E-03 3.90181751061012E-03 3.91001846256759E-03 3.92012441392065E-03 3.93218004653655E-03 3.9462574781025E-03 3.96248212433498E-03 3.98107386429766E-03 4.00213807934573E-03 4.02583489826026E-03 4.05221377321156E-03 4.08142931548603E-03 4.11348279710181E-03 4.14848712419628E-03 4.18637211429487E-03 4.2270216083119E-03 4.27022124095493E-03 4.31573485172046E-03 4.36324998095573E-03 4.41241739079172E-03 4.46286511056611E-03 4.51420883537779E-03 4.56609059610489E-03 4.61816667335767E-03 4.67013913292059E-03 4.72160832327594E-03 4.77230348091031E-03 4.82200025917133E-03
0 0 0 0 0 0 0 0 0 0 0 0 0 0 0 0 0 0 0 0 0 0 0 0 0 0 0 0 0 0 0 0 0 3.87492947276323E-03 3.87566262719056E-03 3.87852879068429E-03 3.88403911374886E-03 3.89164986907996E-03 3.90121577137817E-03 3.91274738941636E-03 3.92634270967724E-03 3.94210905154665E-03 3.96018608478824E-03 3.98081709654292E-03 4.00409964106192E-03 4.03018438819799E-03 4.05909160119168E-03 4.09095900665678E-03 4.1257462444345E-03 4.16351756350158E-03 4.20413374290673E-03 4.2474222569322E-03 4.29312215114964E-03 4.34094770254463E-03 4.39054813403642E-03 4.4415416818315E-03 4.49354192385165E-03 4.54615895287433E-03 4.59903758429097E-03 4.65183225375636E-03 4.70424252728247E-03 4.75591165931728E-03 4.80662108463372E-03 4.85617345643306E-03
0 0 0 0 0 0 0 0 0 0 0 0 0 0 0 0 0 0 0 0 0 0 0 0 0 0 0 0 0 0 0 0 0 3.86079801188158E-03 3.86116111711899E-03 3.86520601872165E-03 3.87209557316893E-03 3.88113886317215E-03 3.89219993965186E-03 3.90531612853795E-03 3.92063448115447E-03 3.9382937255443E-03 3.95846070575947E-03 3.98136262698623E-03 4.00709727954643E-03 4.03579178881312E-03 4.06744276214467E-03 4.10214236311047E-03 4.13982907261562E-03 4.18045514954946E-03 4.2238454537011E-03 4.26976146714842E-03 4.31790820621825E-03 4.36793751294095E-03 4.41947800670122E-03 4.4721182668184E-03 4.52546909725818E-03 4.57914563420506E-03 4.63280295922209E-03 4.6861040194384E-03 4.73874670211715E-03 4.79047183697591E-03 4.84106545831359E-03 4.89035880070543E-03
0 0 0 0 0 0 0 0 0 0 0 0 0 0 0 0 0 0 0 0 0 0 0 0 0 0 0 0 0 0 0 0 3.81304877775151E-03 3.84152270337299E-03 3.84520730167549E-03 3.85140408296504E-03 3.85995973063961E-03 3.87057147070917E-03 3.88325049593425E-03 3.89810525217983E-03 3.91532691384797E-03 3.93508439464546E-03 3.95755411166499E-03 3.98294851914511E-03 4.01135000667105E-03 4.04285749654743E-03 4.07743067237151E-03 4.11511289648296E-03 4.15578988415634E-03 4.19932614810922E-03 4.24549115393103E-03 4.29399085157479E-03 4.34448824518938E-03 4.39658927557016E-03 4.44990117981415E-03 4.50399780333096E-03 4.55849414585273E-03 4.61301863849184E-03 4.66724567859448E-03 4.72085776086922E-03 4.77358325376312E-03 4.82522264106606E-03 0.00487557554614 4.92448965573358E-03
0 0 0 0 0 0 0 0 0 0 0 0 0 0 0 0 0 0 0 0 0 0 0 0 0 0 0 0 0 0 0 3.80271725040169E-03 3.81304877775151E-03 3.82257425347756E-03 3.82970294830876E-03 3.83793162709496E-03 3.84811483344204E-03 3.86031847348406E-03 3.87470176389735E-03 3.89143115088935E-03 3.91072571193259E-03 3.93276985860048E-03 3.9577373686311E-03 3.98582238226127E-03 4.01708072401184E-03 4.05156911328035E-03 4.08919964075298E-03 4.12995465921096E-03 4.1736636438831E-03 4.22011442298443E-03 4.26901569571421E-03 4.32001578938234E-03 4.37273930882949E-03 4.42675769589162E-03 4.48166295619759E-03 4.53702510134428E-03 4.59246886729783E-03 4.64764582461837E-03 4.70225975596471E-03 4.7560241441427E-03 4.80869645514124E-03 4.86011271539219E-03 4.9100963498258E-03 4.95850628843783E-03
0 0 0 0 0 0 0 0 0 0 0 0 0 0 0 0 0 0 0 0 0 0 0 0 0 0 0 0 0 0 0 3.80271725040169E-03 3.80339074418171E-03 3.80852550163954E-03 3.81582008510177E-03 3.82520149806187E-03 0.003836820119915 3.85064021971007E-03 3.86682920022612E-03 3.88558042239504E-03 3.90711913091638E-03 3.93162943389915E-03 3.9592676384087E-03 3.99021154390275E-03 4.02447885702277E-03 4.06207320200037E-03 4.10284860599985E-03 4.14672667456425E-03 4.19347075067169E-03 4.24279974647087E-03 4.2943594146553E-03 4.34774498354636E-03 4.40254528944333E-03 4.45830793720924E-03 4.51462070588895E-03 4.57105363158047E-03 4.62725041831376E-03 4.68289370575376E-03 4.73772284527002E-03 4.79148418176179E-03 4.84396869229795E-03 4.89503649715924E-03 4.94452886922519E-03 4.99231335244774E-03
0 0 0 0 0 0 0 0 0 0 0 0 0 0 0 0 0 0 0 0 0 0 0 0 0 0 0 0 0 0 0 0.003789783436689 3.79012675363831E-03 3.79477455738753E-03 3.80261511125287E-03 3.81313754684723E-03 3.82622261070782E-03 3.84174974124293E-03 3.8598789891978E-03 3.88081440791725E-03 3.90476943663398E-03 3.93191844345985E-03 3.96238448348858E-03 3.99633181768356E-03 4.03372750971876E-03 4.07451072954399E-03 4.11847431410093E-03 4.16547522811354E-03 4.21521613190817E-03 4.26734155130817E-03 4.32144378127483E-03 4.37706615503736E-03 4.43377279613063E-03 4.49109160571518E-03 4.54861954928492E-03 4.60592776796419E-03 4.66269076840518E-03 4.71862744818607E-03 4.77351507548085E-03 4.82713302279757E-03 4.87930065961462E-03 4.92989804642029E-03 4.97878068582792E-03 5.02581945996442E-03
0 0 0 0 0 0 0 0 0 0 0 0 0 0 0 0 0 0 0 0 0 0 0 0 0 0 0 0 0 0 3.75404531042498E-03 3.77200150441883E-03 3.77466846344348E-03 3.78059551543466E-03 3.78966258624008E-03 3.80160946932928E-03 3.8163574349151E-03 3.83379079077052E-03 3.8540543508063E-03 3.87735843976389E-03 3.90390302575663E-03 3.93385242975461E-03 3.96729700354479E-03 4.00436260387143E-03 4.0449618068163E-03 4.08897273092108E-03 4.13612920137048E-03 4.18621943631501E-03 4.23887806667195E-03 4.29368454998456E-03 4.35017897129329E-03 4.40786591483117E-03 4.46628895050419E-03 4.52496776484962E-03 4.58350610781602E-03 4.64149715646399E-03 4.69865201075469E-03 4.75472193460948E-03 4.80951722252311E-03 4.86285238052225E-03 4.91458075837283E-03 4.96459192290901E-03 5.01274728186623E-03 5.05892245602974E-03
0 0 0 0 0 0 0 0 0 0 0 0 0 0 0 0 0 0 0 0 0 0 0 0 0 0 0 0 0 0 3.75404531042498E-03 3.75507297505053E-03 0.00375902983484 3.76646860578573E-03 3.77711597018023E-03 3.7907749148092E-03 3.80740464867574E-03 3.82695294934608E-03 3.84955903604213E-03 3.87542838442626E-03 3.90473371631894E-03 3.93763680876169E-03 3.97419164181835E-03 4.0144593605384E-03 4.05830584704308E-03 4.1055459275503E-03 4.15585932816353E-03 4.20895186697049E-03 4.26440822835954E-03 4.32173951419585E-03 4.38044463406211E-03 4.43999686282347E-03 4.49993037118884E-03 4.55976549242505E-03 4.61911740733224E-03 0.004677618966696 4.73500669757545E-03 4.79106279176656E-03 4.84562905452171E-03 4.89855741376382E-03 4.94972848252441E-03 4.99903359038595E-03 5.04634324791047E-03 5.0915367458373E-03
0 0 0 0 0 0 0 0 0 0 0 0 0 0 0 0 0 0 0 0 0 0 0 0 0 0 0 0 0 3.71468437219479E-03 3.73454980295868E-03 3.7373369930496E-03 3.74331964974645E-03 3.75259692811029E-03 3.76511219938208E-03 3.78074952910012E-03 3.79951978860278E-03 3.82141996628433E-03 3.84658778744713E-03 3.8752175262995E-03 3.90745339775644E-03 3.94344302571775E-03 3.98320010756572E-03 4.02672518347017E-03 4.07382851297005E-03 4.1242656384553E-03 4.17765767279279E-03 4.23364109585053E-03 4.29174279025448E-03 4.35141960217582E-03 4.41213317772988E-03 4.47333968387648E-03 4.53457162321492E-03 4.59536109569493E-03 4.6553439181839E-03 4.71418798287056E-03 4.77165716487452E-03 4.8275598913954E-03 4.8817657100904E-03 4.93416108993952E-03 4.9846524913516E-03 5.03313282094136E-03 5.07947667929408E-03 5.1235691703369E-03
0 0 0 0 0 0 0 0 0 0 0 0 0 0 0 0 0 0 0 0 0 0 0 0 0 0 0 0 0 3.71468437219479E-03 3.71579139543195E-03 3.72008632949286E-03 3.72799341487188E-03 3.73927818756823E-03 3.75388440822585E-03 3.77174208079625E-03 3.79290192917668E-03 3.81738732593529E-03 3.84532930733113E-03 0.00387690733264 3.91222706974311E-03 3.95141552956167E-03 3.99444148327798E-03 4.04124757806066E-03 4.09158913080398E-03 4.14515633921709E-03 4.20151416831282E-03 4.26023446742666E-03 4.32080085238273E-03 4.38261772893526E-03 4.44511965266153E-03 4.5077597398518E-03 4.57008003052308E-03 4.63163352419952E-03 4.69207487675546E-03 4.75110639466587E-03 4.80851451177994E-03 4.8641319699008E-03 4.91784966544716E-03 4.96958857105131E-03 5.01927846473951E-03 5.06681119168163E-03 5.11206444345031E-03 5.15493269515725E-03
0 0 0 0 0 0 0 0 0 0 0 0 0 0 0 0 0 0 0 0 0 0 0 0 0 0 0 0 3.67326900527976E-03 3.69402197548688E-03 3.69688017979177E-03 3.7032418404114E-03 3.71324577312043E-03 3.72672683535047E-03 3.74364783936961E-03 3.76396411979799E-03 0.003787754187425 3.81504991887859E-03 3.8459636143607E-03 3.88065658273902E-03 3.91918891394141E-03 3.96166359697281E-03 4.00799711653307E-03 4.05808134632731E-03 4.11161273418083E-03 4.16821476765605E-03 4.22739716924393E-03 4.28867989771385E-03 4.35150925112376E-03 4.41524198575121E-03 4.47930066875777E-03 4.54315281971081E-03 4.60635740070474E-03 4.66849053947785E-03 4.72922578538932E-03 4.78829691530515E-03 4.84550941954747E-03 4.90071346416284E-03 4.95381569876875E-03 5.00477063089793E-03 5.05353230606471E-03 5.09998568198528E-03 0.005144015138817 5.18553270645714E-03
0 0 0 0 0 0 0 0 0 0 0 0 0 0 0 0 0 0 0 0 0 0 0 0 0 0 0 0 3.67326900527976E-03 3.67431273487971E-03 3.67862490408936E-03 3.68706991081239E-03 3.69935803298022E-03 3.71523967184545E-03 3.73469152362263E-03 0.003757682138625 3.78431246649675E-03 3.81461354877221E-03 3.84866616996005E-03 3.88661933539622E-03 3.92846433289013E-03 3.97429155703642E-03 4.02394795991819E-03 4.07727889835278E-03 4.13392280393239E-03 4.1934305053197E-03 4.2552693986019E-03 4.31890476031314E-03 4.38377294755166E-03 4.44917714196028E-03 4.51455656063713E-03 4.57940639754157E-03 4.64330180593009E-03 4.70584513425951E-03 4.76671726628585E-03 4.82569009807699E-03 4.88257474913174E-03 0.004937239148987 4.98959521888089E-03 5.03963288818766E-03 5.08733288067612E-03 5.13256321657699E-03 5.1752297787961E-03 5.21527124138827E-03
0 0 0 0 0 0 0 0 0 0 0 0 0 0 0 0 0 0 0 0 0 0 0 0 0 0 0 0 3.65355826494524E-03 3.65417167992868E-03 3.66067662360229E-03 3.67168326110921E-03 3.68657772182614E-03 3.70510636441367E-03 3.72729963093943E-03 3.75315991308337E-03 3.78280590924819E-03 3.81626929429136E-03 3.85360114233004E-03 3.89491898065131E-03 3.94015740558881E-03 3.98937042960816E-03 4.04234360616722E-03 4.09885886502326E-03 4.15849528300382E-03 4.22075030657477E-03 4.28505903866945E-03 4.35083522504251E-03 4.41748313374685E-03 4.48431323605082E-03 4.55079394914091E-03 4.61644427698617E-03 4.68084947020462E-03 4.74363631481373E-03 4.80449682453252E-03 4.86322951881273E-03 4.91964860089188E-03 4.97363629349598E-03 5.02511310970795E-03 5.07409611520641E-03 5.12057620850935E-03 5.16442811453551E-03 5.20559265667047E-03 5.24404066038247E-03
0 0 0 0 0 0 0 0 0 0 0 0 0 0 0 0 0 0 0 0 0 0 0 0 0 0 0 3.58674153263837E-03 3.62656733044687E-03 3.6329353537904E-03 3.64343049969124E-03 3.65759342292065E-03 3.67536724530611E-03 3.6967280887361E-03 3.72181815524429E-03 3.7506930157867E-03 3.7834836013495E-03 3.82022844134359E-03 3.86094231653546E-03 3.90570006394323E-03 3.95437600959647E-03 4.00696842531188E-03 4.06321284538869E-03 4.12280036883587E-03 4.18527638375648E-03 4.25008530169339E-03 4.31664995402281E-03 4.38432526175907E-03 4.45250521573331E-03 4.5205533386305E-03 4.58793806835659E-03 4.65421061714093E-03 4.7189532592161E-03 4.7818298352437E-03 4.84252240032198E-03 4.90086429549306E-03 4.95666231042759E-03 5.00982065591473E-03 5.06025906968267E-03 5.10801977642099E-03 5.15311900011799E-03 5.19544714832602E-03 5.23498244969198E-03 5.27173583199556E-03
0 0 0 0 0 0 0 0 0 0 0 0 0 0 0 0 0 0 0 0 0 0 0 0 0 0 3.56197105036499E-03 3.58674153263837E-03 3.60146864274621E-03 3.61389219968484E-03 3.62820812052236E-03 3.64548250227456E-03 3.66616914892777E-03 3.69044371138726E-03 3.7185324556905E-03 3.75052505404623E-03 3.78655420778931E-03 3.82665357682259E-03 3.87080618685711E-03 3.91903472379207E-03 3.97115289519928E-03 4.0270905800299E-03 4.08651291701293E-03 4.14904263781924E-03 4.21418146211197E-03 4.28134330975205E-03 4.34993420719342E-03 4.41928176668042E-03 4.48878411759414E-03 4.55784417311324E-03 4.62594904095045E-03 4.69266369876279E-03 4.75757595451154E-03 4.8203671391562E-03 4.88073023189503E-03 4.93850922350306E-03 4.99351460699661E-03 5.04566788253341E-03 5.09490465301887E-03 5.14128485868148E-03 5.18483488656503E-03 5.22548909674578E-03 5.26327879041404E-03 5.29825597980267E-03
0 0 0 0 0 0 0 0 0 0 0 0 0 0 0 0 0 0 0 0 0 0 0 0 0 3.55068437629984E-03 3.56197105036499E-03 3.57237214407306E-03 3.58484611509213E-03 3.59901023160377E-03 3.61583512798814E-03 3.63580540810593E-03 3.65929848995615E-03 3.68650829836081E-03 3.71766260010301E-03 3.75285123476443E-03 3.79218548869858E-03 3.8356875941424E-03 3.88330413976536E-03 3.93499646822853E-03 3.99051750637357E-03 4.04970998250862E-03 4.11218098948402E-03 4.17748757174786E-03 4.24509764068763E-03 4.31440328943097E-03 4.38480436345305E-03 4.45562145388651E-03 4.52625558454174E-03 4.59614703427034E-03 4.66479755570549E-03 4.73178202708945E-03 4.79668936672931E-03 4.85921329348022E-03 4.91906019406892E-03 4.97607421588921E-03 5.03008730469795E-03 5.08103477546297E-03 5.12888054351014E-03 5.17369432730937E-03 5.21554058615615E-03 5.25440585626677E-03 5.29036597542592E-03 5.32351740258189E-03
0 0 0 0 0 0 0 0 0 0 0 0 0 0 0 0 0 0 0 0 0 0 0 0 0 3.55068437629984E-03 3.55166596989375E-03 3.55922533172256E-03 3.57131640178303E-03 3.58688563758785E-03 3.60591638730035E-03 3.62847447859009E-03 3.65478738640711E-03 3.6850054032904E-03 3.71931689827853E-03 3.75778190862178E-03 3.80047248640398E-03 3.84739826292837E-03 3.89847184487381E-03 3.95358620884551E-03 4.01243461896163E-03 4.07477284525026E-03 4.14014351899319E-03 4.20805084047277E-03 4.27793239844745E-03 4.3491743752249E-03 4.42117595760528E-03 4.4932604997244E-03 4.56483489377851E-03 4.63537411335764E-03 4.70439220930461E-03 4.77146007574316E-03 4.8361661738217E-03 4.89821451636265E-03 4.95733260398605E-03 5.01336534994716E-03 5.06617153693794E-03 5.11571061532384E-03 5.16198535888119E-03 5.20508331571332E-03 5.24509859375538E-03 5.28207984078367E-03 5.31615551753751E-03 5.34745947426946E-03
0 0 0 0 0 0 0 0 0 0 0 0 0 0 0 0 0 0 0 0 0 0 0 0 3.51272835526915E-03 3.53240977303224E-03 3.53638191274583E-03 3.54539458592876E-03 3.55896647394211E-03 3.57654797856543E-03 3.59801773368095E-03 3.62331570876983E-03 3.65258706750726E-03 3.68595350648305E-03 3.72354286404692E-03 3.7653830196333E-03 3.8114825455208E-03 3.86185222485388E-03 3.91636223165511E-03 3.97482596018503E-03 4.03689556269642E-03 4.10222380422636E-03 4.17031921174465E-03 4.24062642321871E-03 4.3125724031213E-03 4.3855429321698E-03 4.45894197548061E-03 4.53210554678227E-03 4.60443142048142E-03 4.67544269712371E-03 4.74464091454713E-03 4.81158957035291E-03 4.87587574012435E-03 4.93721678943719E-03 4.99537218556276E-03 5.05018210566136E-03 5.1015586847631E-03 5.14948215500444E-03 5.1940150053278E-03 5.23525586548525E-03 5.2733488997549E-03 5.30840025729698E-03 5.34057844760143E-03 5.37004833501277E-03
