NongDo/Fusa 13.3h.grd
DSAA
463	323
2	464
2	324
0	10
[rows 252 to 279 of 323, columns 0 to 63 of 463]
0 0 0 0 0 0 0 0 0 0 0 0 0 0 0 0 0 0 0 0 0 0 0 0 0 0 0 0 0 0 0 0 0 0 0 0 0 0 4.23650132915619E-03 4.24454170720205E-03 4.24942382219355E-03 4.25363371469306E-03 4.25832440695518E-03 4.26365383710324E-03 4.26964331699745E-03 4.27626802066918E-03 4.28353984290818E-03 4.29144910725217E-03 4.30002103423596E-03 4.30927553673327E-03 4.31924711453504E-03 4.32997527413796E-03 4.34149155991939E-03 4.35383414855561E-03 4.36702898290076E-03 4.3811166204216E-03 4.39611336432415E-03 4.41204347264073E-03 4.42891459196592E-03 4.44674694550074E-03 4.46552610656631E-03 4.48521639130705E-03 4.50577605966172E-03 4.52715937432582E-03
0 0 0 0 0 0 0 0 0 0 0 0 0 0 0 0 0 0 0 0 0 0 0 0 0 0 0 0 0 0 0 0 0 0 0 0 0 4.22971657090418E-03 4.23650132915619E-03 4.2407142461054E-03 4.24539369924633E-03 4.25027155860713E-03 4.25560154781203E-03 4.26147827510069E-03 4.26796171128337E-03 4.27506370722883E-03 4.2828148835495E-03 4.29122308827735E-03 4.30032313701762E-03 4.3101466302302E-03 4.32073166301494E-03 4.33211927305703E-03 4.34434043197485E-03 4.35743209887234E-03 4.37141774450887E-03 4.38633287064467E-03 4.40218985195699E-03 4.41900667735139E-03 4.43678405920109E-03 4.45553199716323E-03 4.47522893659027E-03 4.49583161286588E-03 4.51729116800787E-03 4.53955533517303E-03
0 0 0 0 0 0 0 0 0 0 0 0 0 0 0 0 0 0 0 0 0 0 0 0 0 0 0 0 0 0 0 0 0 0 0 0 4.22429205187693E-03 4.22971657090418E-03 4.23335793459436E-03 4.2375963880095E-03 4.24238569505885E-03 4.24763501743577E-03 4.25340521823612E-03 4.25972467383791E-03 4.26664726995261E-03 4.27419868867092E-03 4.2824193928838E-03 4.29132890119474E-03 0.004300969257313 4.31138087950833E-03 4.32260451383776E-03 4.33468166848981E-03 4.34764158000189E-03 4.3615183866249E-03 4.37633131991972E-03 4.39211155762469E-03 4.40886526103745E-03 4.42660199284961E-03 4.44531359565241E-03 4.46500023850232E-03 4.48563086032348E-03 4.50715396534227E-03 4.52951345428334E-03 4.55265068920418E-03
0 0 0 0 0 0 0 0 0 0 0 0 0 0 0 0 0 0 0 0 0 0 0 0 0 0 0 0 0 0 0 0 0 0 0 0.0042222706482 4.22429205187693E-03 4.22711736659676E-03 4.23070203183571E-03 4.23500789963873E-03 4.23996807623663E-03 4.24550685850476E-03 4.25163191461323E-03 4.25833744506461E-03 4.26566936169932E-03 4.27365994985761E-03 4.2823531851893E-03 4.29177712703896E-03 4.30197767684778E-03 4.31300425285616E-03 4.32489753092427E-03 4.33769911979904E-03 4.35143501102397E-03 4.36613583338046E-03 4.38181402716532E-03 4.39849711555752E-03 4.41618268514512E-03 4.43486909566196E-03 4.45453847016232E-03 4.47518030319835E-03 4.49675454537364E-03 4.51919940827947E-03 4.54245174304417E-03 4.56644660060237E-03
0 0 0 0 0 0 0 0 0 0 0 0 0 0 0 0 0 0 0 0 0 0 0 0 0 0 0 0 0 0 0 0 0 0 0 0.0042222706482 4.22251656016845E-03 4.22478180921231E-03 4.22830553051367E-03 4.23272577920456E-03 4.23789220476345E-03 4.24370986746831E-03 4.25016603538566E-03 4.25724570994694E-03 4.26498724476803E-03 4.27342648880566E-03 4.28260953180663E-03 4.29257227047903E-03 4.30336396528052E-03 4.31503960245067E-03 4.32763989209649E-03 4.34120510440121E-03 4.35575749072798E-03 4.37132300062712E-03 4.3879077154264E-03 4.40553088317303E-03 4.42417941423662E-03 4.44384065145172E-03 4.46448689334067E-03 4.4860959886372E-03 4.50861637511093E-03 4.53197663368046E-03 4.55610676220053E-03 4.58093666079019E-03
0 0 0 0 0 0 0 0 0 0 0 0 0 0 0 0 0 0 0 0 0 0 0 0 0 0 0 0 0 0 0 0 0 0 4.21488108127314E-03 4.21858320321677E-03 4.21969694696424E-03 4.22222543915661E-03 4.22593539277314E-03 4.23057398752741E-03 4.23600116891734E-03 4.24212357791707E-03 4.24892157968526E-03 4.25639157005077E-03 4.26456398362147E-03 4.27347929123832E-03 4.28318233899582E-03 4.29372074491779E-03 4.30514407265486E-03 4.31751187910742E-03 4.33086386268169E-03 4.3452384013286E-03 4.36065273754548E-03 4.37712708308085E-03 4.39466047408746E-03 4.41325719884152E-03 4.43289551129591E-03 4.45355079377933E-03 4.47518574418575E-03 4.49776343841645E-03 4.52122343044653E-03 4.54548404976062E-03 4.57046852289727E-03 4.59610262593583E-03
0 0 0 0 0 0 0 0 0 0 0 0 0 0 0 0 0 0 0 0 0 0 0 0 0 0 0 0 0 0 0 0 0 0 4.21488108127314E-03 0.004215118088497 4.2166132070536E-03 4.21947453657245E-03 4.22348523609813E-03 4.22842725133672E-03 4.23417654221962E-03 4.24064954990476E-03 4.24783019930223E-03 4.25572689753864E-03 4.26436959040283E-03 4.27380243948293E-03 4.28407085340349E-03 4.29523149840547E-03 4.30733594795484E-03 4.32044664327464E-03 4.33460193373686E-03 4.3498368221304E-03 4.36616216249526E-03 4.38359047770364E-03 4.40211059117002E-03 4.42171209279101E-03 4.44236195521177E-03 4.46402389008771E-03 4.48665000262927E-03 4.51019062138616E-03 4.53457531523108E-03 4.55971242059483E-03 4.5855194745336E-03 4.61192050815013E-03
0 0 0 0 0 0 0 0 0 0 0 0 0 0 0 0 0 0 0 0 0 0 0 0 0 0 0 0 0 0 0 0 0 0 4.21132873408157E-03 4.21143193761709E-03 4.21324942696951E-03 4.21649607294676E-03 4.22088593324584E-03 4.22620464229659E-03 4.23233968291048E-03 4.2392205559819E-03 4.24683878805963E-03 4.25521568052966E-03 4.26438197478247E-03 4.27438861114297E-03 4.28527893794428E-03 4.29711992589859E-03 4.30996333597032E-03 4.3238758233302E-03 4.33889284904797E-03 4.35504409978954E-03 4.37233146255831E-03 4.39075718028171E-03 4.41029874888921E-03 4.43093041397645E-03 4.45260711148304E-03 4.47527909592938E-03 0.004498888883737 4.52337499669671E-03 0.004548660099677 4.57464042233619E-03 4.60123017204784E-03 4.62835513737317E-03
0 0 0 0 0 0 0 0 0 0 0 0 0 0 0 0 0 0 0 0 0 0 0 0 0 0 0 0 0 0 0 0 0 0 4.20701879444007E-03 4.20720159822963E-03 4.20946991850023E-03 4.21320493541249E-03 4.21806279746145E-03 4.22383837632071E-03 4.23043311519586E-03 4.23779007985677E-03 4.24591047750083E-03 4.2548333010166E-03 4.26459014279998E-03 4.27523766806884E-03 4.28681765141652E-03 4.29940659605101E-03 4.31305408464899E-03 4.32783466121999E-03 4.34377777213883E-03 4.36090377341687E-03 4.37920305484694E-03 4.3986666802912E-03 4.41925927426352E-03 4.44093968703972E-03 4.46364969456975E-03 4.48732614376414E-03 4.5119019334337E-03 4.53730673421524E-03 4.56345817017894E-03 4.59023862259616E-03 4.61756399445516E-03 4.64536700273469E-03
0 0 0 0 0 0 0 0 0 0 0 0 0 0 0 0 0 0 0 0 0 0 0 0 0 0 0 0 0 0 0 0 0 4.19381524638773E-03 4.20051161969227E-03 4.20202463202682E-03 4.20515332314772E-03 4.20953750764868E-03 4.21496674951242E-03 4.22128587504331E-03 4.22842082981645E-03 4.23633134398211E-03 4.24502510990596E-03 4.25457143510823E-03 4.2649940886422E-03 0.004276361337416 4.28870622779687E-03 4.3021232245242E-03 4.31664730442149E-03 4.33237076168371E-03 4.34930753493495E-03 4.36746591718171E-03 4.38682332168944E-03 4.40735882530775E-03 4.42902425668892E-03 4.45176102281938E-03 4.47550039443378E-03 4.50016442833037E-03 4.52567867244747E-03 4.55196154293866E-03 4.57893523511791E-03 4.6064629757287E-03 4.63447335606588E-03 4.66291057638551E-03
0 0 0 0 0 0 0 0 0 0 0 0 0 0 0 0 0 0 0 0 0 0 0 0 0 0 0 0 0 0 0 0 0 4.19381524638773E-03 4.19421433888719E-03 4.19640837049754E-03 4.20034898064191E-03 4.20547966565523E-03 4.21157544816903E-03 4.21852399756938E-03 4.22628245741897E-03 4.23483033383242E-03 4.24418627080726E-03 4.25443655235861E-03 4.26560873018834E-03 4.27777701703136E-03 4.2909745671727E-03 4.30530328129164E-03 4.32079470094136E-03 4.33753787758394E-03 0.00435553272092 4.37477497774161E-03 4.39523068973671E-03 4.41686372073047E-03 4.4396120087433E-03 4.46340150476116E-03 4.48815304411023E-03 4.51377851549669E-03 4.54019566604364E-03 4.56731303998834E-03 4.59504415370182E-03 4.6232610419023E-03 4.65190955262132E-03 4.68094285661707E-03
0 0 0 0 0 0 0 0 0 0 0 0 0 0 0 0 0 0 0 0 0 0 0 0 0 0 0 0 0 0 0 0 0 4.1871825791208E-03 4.1874528678393E-03 4.19041665435525E-03 4.19518386268053E-03 4.20109108309471E-03 4.20791540233293E-03 4.21556391761177E-03 4.2240229340343E-03 4.23329118168593E-03 4.24340513311148E-03 4.25444975971707E-03 4.26646462720919E-03 4.27952624788778E-03 4.29367359391466E-03 4.30900489355487E-03 4.32555865743635E-03 4.34339124443827E-03 4.36250274670453E-03 4.38287181694241E-03 4.40445721645753E-03 4.42719911011643E-03 4.45102694697871E-03 4.47584992670255E-03 4.5015815722724E-03 4.52812648827372E-03 4.55539554531842E-03 4.58328946674813E-03 4.61171259038683E-03 4.64058041641655E-03 4.66983303444669E-03 4.69943532634318E-03
0 0 0 0 0 0 0 0 0 0 0 0 0 0 0 0 0 0 0 0 0 0 0 0 0 0 0 0 0 0 0 0 4.1607016769868E-03 4.17697220402835E-03 4.17958809703501E-03 4.18394567906894E-03 4.18969440705719E-03 4.19643558872182E-03 4.20403735989363E-03 4.21244794898283E-03 4.22168006619991E-03 4.23175220989788E-03 4.24271202199406E-03 4.25464576319531E-03 4.26759965991872E-03 4.2816530698409E-03 4.29684675585502E-03 4.31327504595956E-03 4.3309700426442E-03 4.34996329493583E-03 4.37024496710266E-03 4.39177970765592E-03 4.4145137346424E-03 4.43836789345055E-03 4.46326023827061E-03 4.48908770931727E-03 4.51575800832621E-03 4.54317123494489E-03 4.57123491293451E-03 4.59984726631412E-03 4.62892149741014E-03 4.65840120177087E-03 4.68822713093232E-03 4.71836930500189E-03
0 0 0 0 0 0 0 0 0 0 0 0 0 0 0 0 0 0 0 0 0 0 0 0 0 0 0 0 0 0 0 4.15520332931635E-03 4.1607016769868E-03 4.1667955177417E-03 4.17171875593013E-03 4.17737822611604E-03 4.18406594546422E-03 4.19162951803604E-03 4.20002870724379E-03 4.20924709759081E-03 4.2193157465995E-03 4.23026747518108E-03 4.24215745295057E-03 4.25507347664844E-03 4.26906445251261E-03 4.2842078163554E-03 4.30054221319683E-03 4.31815228470994E-03 4.33706013967392E-03 4.35727623903732E-03 4.3787754017079E-03 4.40150512377987E-03 4.42539806783881E-03 4.45035854330685E-03 4.47629344385872E-03 4.50309101448106E-03 4.53065488537177E-03 4.55888527196142E-03 4.58769242266308E-03 4.61698014466272E-03 4.64667143494269E-03 4.6767252382635E-03 4.70709016531329E-03 4.73773871311529E-03
0 0 0 0 0 0 0 0 0 0 0 0 0 0 0 0 0 0 0 0 0 0 0 0 0 0 0 0 0 0 0 4.15520332931635E-03 4.15562359906268E-03 4.15933263355883E-03 4.16453201552257E-03 4.17092636459995E-03 4.17839910192753E-03 4.18675547745585E-03 4.19596719534237E-03 4.20603661579725E-03 4.21700283927113E-03 4.22890672250785E-03 4.24180605706363E-03 4.25579310284459E-03 4.27091426208423E-03 4.28724034743323E-03 4.30480228942328E-03 4.32367372384886E-03 4.34386091997327E-03 4.36535428256659E-03 0.004388109252397 4.41205478859622E-03 4.43710856978663E-03 4.46316098658022E-03 4.49011086656373E-03 4.51783856532469E-03 4.54624803605259E-03 4.57524471747359E-03 4.60474685146375E-03 4.63466667106022E-03 4.66493919421183E-03 4.69553281119924E-03 4.72640207441812E-03 4.75752082943913E-03
0 0 0 0 0 0 0 0 0 0 0 0 0 0 0 0 0 0 0 0 0 0 0 0 0 0 0 0 0 0 0 4.14820357383476E-03 4.14847218384298E-03 4.15195256717831E-03 4.15751172218187E-03 4.1645388015677E-03 4.17274381026276E-03 4.18188420197243E-03 4.19193085304888E-03 4.20289637982292E-03 4.21481987379808E-03 4.22774685867948E-03 4.24173245031604E-03 4.25687637314015E-03 4.27321679880035E-03 4.29081181787116E-03 4.30968118259009E-03 4.32988350929782E-03 4.3514083712659E-03 4.37422141473827E-03 4.39825931820384E-03 4.42342965403978E-03 4.44963721148479E-03 4.47675856421798E-03 4.50468985566031E-03 4.53330305869262E-03 4.56250891739772E-03 4.59222279366207E-03 4.62237498994128E-03 4.65288802416518E-03 4.68370626183535E-03 4.71480475348636E-03 4.7461424803662E-03 4.7776915613939E-03
0 0 0 0 0 0 0 0 0 0 0 0 0 0 0 0 0 0 0 0 0 0 0 0 0 0 0 0 0 0 4.12702165190213E-03 4.13770906107388E-03 4.13976915726855E-03 4.14410733983496E-03 4.1503618434444E-03 4.15810717398412E-03 4.16708358847446E-03 4.17705517483169E-03 4.18798728504196E-03 4.1999037520148E-03 4.21284696456814E-03 4.22686876411239E-03 4.24202105035064E-03 4.25840187943612E-03 4.27604043646547E-03 4.29498115653808E-03 4.31522972072343E-03 4.33682533083099E-03 4.35973530055235E-03 4.38390054071694E-03 4.40923623503017E-03 4.43563074929064E-03 4.46297523608383E-03 4.4911358158727E-03 4.52000459261478E-03 4.5494551055716E-03 4.57940902025998E-03 4.60979278676892E-03 4.64054911594993E-03 4.67161329137543E-03 4.70294173473838E-03 0.004734510208942 4.7662772929455E-03 4.79821369888036E-03
0 0 0 0 0 0 0 0 0 0 0 0 0 0 0 0 0 0 0 0 0 0 0 0 0 0 0 0 0 0 4.12702165190213E-03 4.1277145249279E-03 4.13072066501823E-03 4.13600001862559E-03 4.14310354092151E-03 4.15166903885517E-03 4.16147420235256E-03 4.17233108987795E-03 4.18420894040226E-03 0.004197140150567 4.21116806670354E-03 4.22635772008723E-03 4.24275793115694E-03 4.26045193587829E-03 4.27946211747425E-03 4.29981688162169E-03 4.32150714200556E-03 4.34454250319309E-03 4.36887130664865E-03 4.39440504163394E-03 4.42103888094183E-03 4.44864235168492E-03 4.47709545692398E-03 4.50625645890757E-03 4.53601563801819E-03 4.56625905574775E-03 4.59691583348693E-03 4.6279248769841E-03 4.6592428790462E-03 4.69082117280891E-03 4.72262472585198E-03 4.75462373046362E-03 4.78677769500672E-03 4.8190546849229E-03
0 0 0 0 0 0 0 0 0 0 0 0 0 0 0 0 0 0 0 0 0 0 0 0 0 0 0 0 0 4.10213322504258E-03 4.11476961191168E-03 4.11695073933012E-03 4.12132350768879E-03 4.12768516059656E-03 4.13575237570545E-03 4.14523454824225E-03 4.15595657597268E-03 4.16777511529162E-03 4.1806717065665E-03 4.19468929804537E-03 4.20987541002633E-03 4.2263061229352E-03 4.2440264531169E-03 4.26310549796315E-03 4.28355318589211E-03 4.30538124389361E-03 4.32856062641292E-03 4.3530727849257E-03 4.3788401073767E-03 4.40574657622556E-03 4.43366605844213E-03 4.46245282441199E-03 4.49197757632115E-03 4.52209531887536E-03 4.55270002264551E-03 4.58369031752968E-03 4.6150055677381E-03 4.64659687955415E-03 4.67843515269961E-03 4.71048745846708E-03 4.74272588704793E-03 4.7751139013157E-03 4.80760810021776E-03 4.84017413468606E-03
0 0 0 0 0 0 0 0 0 0 0 0 0 0 0 0 0 0 0 0 0 0 0 0 0 0 0 0 0 4.10213322504258E-03 4.10291478345078E-03 4.10618739076472E-03 4.11178306378399E-03 4.11926815156803E-03 4.12837563638482E-03 4.13886145378019E-03 4.15059068698014E-03 4.16345421230913E-03 4.17745025386029E-03 4.19263394173346E-03 4.20905611009419E-03 4.22680253131913E-03 4.24591321104317E-03 4.26644343097756E-03 4.28838826430294E-03 4.31173777631921E-03 4.33644083805299E-03 4.36244885744277E-03 4.38965961551212E-03 4.41792733948552E-03 4.44710625151456E-03 4.47703958531598E-03 4.50759300234363E-03 4.53862350038185E-03 4.57002955082209E-03 4.60172384755699E-03 4.63365535249712E-03 4.66578812944071E-03 4.6981054637505E-03 4.73059129747686E-03 4.76322286916155E-03 4.79595394791988E-03 4.82873616697469E-03 4.86153306194684E-03
0 0 0 0 0 0 0 0 0 0 0 0 0 0 0 0 0 0 0 0 0 0 0 0 0 0 0 0 4.07432414027484E-03 4.08837647013409E-03 4.09063184152129E-03 4.09529311599937E-03 4.10213900547013E-03 4.11079617357387E-03 4.12102149576338E-03 4.13260199642034E-03 4.14543591823966E-03 4.15944006074023E-03 4.17462490194151E-03 4.19105996755358E-03 4.20879814979902E-03 4.22793467975838E-03 4.24850190508501E-03 4.27054387336455E-03 4.29403673751132E-03 4.31894500678128E-03 4.34519243259052E-03 4.37270270847889E-03 4.4013482177276E-03 4.43095152445627E-03 4.46135155821551E-03 4.49238718082369E-03 4.52392304658538E-03 4.55582066452514E-03 4.58798485566671E-03 0.004620342594949 4.65285192818709E-03 4.68548731458557E-03 4.71824233266613E-03 4.75111821064856E-03 4.78409711206726E-03 4.81711748265762E-03 4.85012613065086E-03 4.88308756160578E-03
0 0 0 0 0 0 0 0 0 0 0 0 0 0 0 0 0 0 0 0 0 0 0 0 0 0 0 0 4.07432414027484E-03 4.07509223999972E-03 4.07837925167805E-03 4.08434115570546E-03 4.09247359528161E-03 4.10236121641813E-03 4.11378074059393E-03 4.12654175559739E-03 4.14057285015567E-03 4.15581080392875E-03 4.17227514629697E-03 4.19005230948708E-03 4.20918748367954E-03 4.2297912292825E-03 4.25187970078733E-03 4.27548828319701E-03 4.30057192740758E-03 4.32706327721499E-03 4.35486244732675E-03 4.38386130728488E-03 4.41391662416172E-03 4.44481245922167E-03 4.47638392382329E-03 4.50847220040717E-03 4.54094261384468E-03 4.57366502740528E-03 4.60654636850001E-03 4.63953303071692E-03 4.67258526970897E-03 4.70568801622478E-03 4.73883838741157E-03 4.77205683131226E-03 4.80533178343829E-03 4.83857622034112E-03 4.87173946830951E-03 4.90479099609324E-03
0 0 0 0 0 0 0 0 0 0 0 0 0 0 0 0 0 0 0 0 0 0 0 0 0 0 0 0 4.06062530618781E-03 4.06108596778151E-03 4.06579974234447E-03 4.07328663139439E-03 4.08283468933799E-03 4.0940435994414E-03 4.10673860651397E-03 4.12076661492426E-03 4.13608461090768E-03 4.15265069918694E-03 4.17048943728934E-03 4.18969676791362E-03 4.21031449975066E-03 4.23245835439609E-03 4.25613206697976E-03 4.28135368866544E-03 4.30805546494772E-03 4.33614136034448E-03 4.36548727723824E-03 4.39595163162819E-03 4.42736591465397E-03 4.45949992145216E-03 4.49219019375642E-03 4.52528160571762E-03 4.5586401989141E-03 4.59214523343524E-03 4.62570865882304E-03 4.6592912478994E-03 4.69285342501333E-03 4.72638691953687E-03 4.75989221742244E-03 4.79340338858128E-03 4.82690338940333E-03 4.86029163362034E-03 4.89352683306728E-03 4.92658690321588E-03
0 0 0 0 0 0 0 0 0 0 0 0 0 0 0 0 0 0 0 0 0 0 0 0 0 0 0 4.0089754607195E-03 4.04083722355744E-03 4.04562715728069E-03 4.05299052816911E-03 4.06234288543557E-03 4.07342228856252E-03 4.08601624674704E-03 4.1000431888663E-03 4.11540254946623E-03 4.13207946121715E-03 4.15005517828951E-03 4.16935807902346E-03 4.19008385188906E-03 4.21226854242441E-03 4.23602245082151E-03 4.26133956806299E-03 4.28820610794014E-03 4.31653948748978E-03 4.34621279735197E-03 4.3770832839057E-03 4.40896745426981E-03 4.44167983205388E-03 4.47500229670939E-03 4.5087612945522E-03 4.54281160683746E-03 4.57701521406332E-03 4.6112696922358E-03 4.64548052315494E-03 4.67962700803963E-03 4.71366154290528E-03 4.74758471194367E-03 4.78139000760697E-03 4.81512053532731E-03 4.8487627313138E-03 4.88220866867695E-03 4.91542752875548E-03 4.94841112728024E-03
0 0 0 0 0 0 0 0 0 0 0 0 0 0 0 0 0 0 0 0 0 0 0 0 0 0 3.9886624573298E-03 4.0089754607195E-03 4.02139293026839E-03 4.0308007162123E-03 4.0407092436331E-03 4.05186467909987E-03 4.06445312093882E-03 4.07844239274824E-03 4.09383448970723E-03 4.11057607985034E-03 4.12867611074103E-03 4.14813496055897E-03 4.1689815673438E-03 4.19130584794431E-03 4.21513318254101E-03 4.24056015906336E-03 4.26756158677134E-03 4.29609648147193E-03 4.32606064195028E-03 4.3573028899894E-03 4.38965773530482E-03 4.42291199801185E-03 4.45687143000174E-03 4.49132802304762E-03 4.52610916252566E-03 4.56107311430356E-03 4.5960836534897E-03 4.6310475616287E-03 4.66587334721685E-03 4.70054416914622E-03 4.73500760251399E-03 4.76926574032991E-03 4.80331006550919E-03 4.83718488466361E-03 4.87086986748703E-03 4.90426838591818E-03 4.93737195449133E-03 4.97019015908584E-03
0 0 0 0 0 0 0 0 0 0 0 0 0 0 0 0 0 0 0 0 0 0 0 0 0 3.97997267690959E-03 3.9886624573298E-03 3.9976637894134E-03 4.00782157097591E-03 4.01825269451196E-03 4.02961741213734E-03 4.04220109756054E-03 4.05616102978073E-03 4.07150693242593E-03 4.08827031456046E-03 4.10642603249101E-03 4.12599803079626E-03 4.1470003501534E-03 4.16946065666433E-03 4.19345308096564E-03 4.21898839187434E-03 4.24613524065769E-03 4.27484824442213E-03 4.30505824427175E-03 4.33664012707449E-03 4.36942104460337E-03 4.40321682503842E-03 4.43779590004109E-03 4.47295721827691E-03 0.004508504621583 4.54426746875242E-03 4.58010733310658E-03 4.61588860359851E-03 4.65152395554527E-03 4.68692398028054E-03 4.72206503274806E-03 0.004756896262474 4.79141403482912E-03 4.82561058013288E-03 4.85952052521526E-03 4.89313629628709E-03 4.92638389694382E-03 4.95927486358192E-03 4.99184355469815E-03
0 0 0 0 0 0 0 0 0 0 0 0 0 0 0 0 0 0 0 0 0 0 0 0 0 3.97997267690959E-03 3.98077489534731E-03 3.98702637407791E-03 3.99626131523801E-03 4.00719159988694E-03 4.01959589256444E-03 4.03339788935328E-03 4.04864203951573E-03 4.06532347383805E-03 4.08347265067089E-03 4.10307562043382E-03 4.12416202176535E-03 4.14675987243689E-03 4.17089035067931E-03 4.19660617830286E-03 4.22389718755382E-03 4.25279843815333E-03 4.28323822323476E-03 4.31511993591447E-03 4.34829746144475E-03 4.38258228574067E-03 4.41777564962513E-03 4.45363416544218E-03 4.48995345132996E-03 4.52655054094024E-03 4.56325763247922E-03 4.59993407718767E-03 4.63644333088947E-03 4.67270052420976E-03 4.70861826400162E-03 4.74416168274491E-03 4.7792800231289E-03 4.81396510518349E-03 4.84821273714118E-03 4.88205150951175E-03 4.91548355175483E-03 4.94846873372365E-03 4.98105039120681E-03 5.01328860882396E-03
0 0 0 0 0 0 0 0 0 0 0 0 0 0 0 0 0 0 0 0 0 0 0 0 3.95042503629049E-03 3.96578433299999E-03 3.96890044618751E-03 3.97568366355379E-03 3.98531242245725E-03 3.99700758808872E-03 4.01044626973222E-03 4.02543340595217E-03 4.04195049734946E-03 4.05998312331434E-03 4.07954701908217E-03 4.10063656918088E-03 4.12327658106973E-03 4.14751561566036E-03 4.17336448311161E-03 4.20084361778673E-03 4.22992496644885E-03 4.26059505953353E-03 4.29276318751633E-03 4.32629854124376E-03 4.3610410805164E-03 4.39679063576374E-03 4.43333902397037E-03 4.47043849593231E-03 4.5078754982704E-03 4.54549013202083E-03 4.58310599704265E-03 4.62057746854874E-03 4.6577635293137E-03 4.69457951060223E-03 4.73094167869984E-03 4.76679378333537E-03 4.80209732830585E-03 4.8368329307807E-03 4.87101322171895E-03 4.90465437028066E-03 4.93778764939365E-03 4.97041189775173E-03 5.00260027793252E-03 5.03444053110926E-03
