NongDo/Fusa 11.2h.grd
DSAA
463	323
2	464
2	324
0	10
[rows 56 to 83 of 323, columns 256 to 319 of 463]
0 0 0 0 0 0 0 0 0 0 0 0 0 0 0 0 0 0 0 0 0 0 0 0 0 0 0 0 0 0 0 0 0 0 0 0 0 0 0 0 0 0 0 0 0 0 0 0 0 0 0 0 0 0 0 0 0 0 0 0 0 0 0 0
0 0 0 0 0 0 0 0 0 0 0 0 0 0 0 0 0 0 0 0 0 0 0 0 0 0 0 0 0 0 0 0 0 0 0 0 0 0 0 0 0 0 0 0 0 0 0 0 0 0 0 0 0 0 0 0 0 0 0 0 0 0 0 0
0 0 0 0 0 0 0 0 0 0 0 0 0 0 0 0 0 0 0 0 0 0 0 0 0 0 0 0 0 0 0 0 0 0 0 0 0 0 0 0 0 0 0 0 0 0 0 0 0 0 0 0 0 0 0 0 0 0 0 0 0 0 0 0
0 0 0 0 0 0 0 0 0 0 0 0 0 0 0 0 0 0 0 0 0 0 0 0 0 0 0 0 0 0 0 0 0 0 0 0 0 0 0 0 0 0 0 0 0 0 0 0 0 0 0 0 0 0 0 0 0 0 0 0 0 0 0 0
0 0 0 0 0 0 0 0 0 0 0 0 0 0 0 0 0 0 0 0 0 0 0 0 0 0 0 0 0 0 0 0 0 0 0 0 0 0 0 0 0 0 0 0 0 0 0 0 0 0 0 0 0 0 0 0 0 0 0 0 0 0 0 0
0 0 0 0 0 0 0 0 0 0 0 0 0 0 0 0 0 0 0 0 0 0 0 0 0 0 0 0 0 0 0 0 0 0 0 0 0 0 0 0 0 0 0 0 0 0 0 0 0 0 0 0 0 0 0 0 0 0 0 0 0 0 0 0
0 0 0 0 0 0 0 0 0 0 0 0 0 0 0 0 0 0 0 0 0 0 0 0 0 0 0 0 0 0 0 0 0 0 0 0 0 0 0 0 0 0 0 0 0 0 0 0 0 0 0 0 0 0 0 0 0 0 0 0 0 0 0 0
0 0 0 0 0 0 0 0 0 0 0 0 0 0 0 0 0 0 0 0 0 0 0 0 0 0 0 0 0 0 0 0 0 0 0 0 0 0 0 0 0 0 0 0 0 0 0 0 0 0 0 0 0 0 0 0 0 0 0 0 0 0 1.56562568944645E-05 1.39287112637721E-05
0 0 0 0 0 0 0 0 0 0 0 0 0 0 0 0 0 0 0 0 0 0 0 0 0 0 0 0 0 0 0 0 0 0 0 0 0 0 0 0 0 0 0 0 0 0 0 0 0 0 0 0 0 0 0 0 0 0 2.37479431741897E-05 2.15933493020101E-05 1.99709280456697E-05 1.84818622554817E-05 1.56562568944645E-05 1.39287112637721E-05
0 0 0 0 0 0 0 0 0 0 0 0 0 0 0 0 0 0 0 0 0 0 0 0 0 0 0 0 0 0 0 0 0 0 0 0 0 0 0 0 0 0 0 0 0 0 0 0 0 0 0 0 0 0 3.40258938666754E-05 3.12713446341684E-05 2.92513386521143E-05 2.74217160123272E-05 2.37479431741897E-05 2.15933493020101E-05 1.99709280456697E-05 1.84818622554817E-05 1.684865675725E-05 1.54271809427931E-05
0 0 0 0 0 0 0 0 0 0 0 0 0 0 0 0 0 0 0 0 0 0 0 0 0 0 0 0 0 0 0 0 0 0 0 0 0 0 0 0 0 0 0 0 0 0 0 0 0 0 0 4.4761467122835E-05 4.15138355611216E-05 3.89106475690576E-05 3.40258938666754E-05 3.12713446341684E-05 2.92513386521143E-05 2.74217160123272E-05 2.53948524880878E-05 2.36570823293313E-05 2.21524642768559E-05 2.07455229965388E-05 1.93635357463816E-05 1.80449795303626E-05
0 0 0 0 0 0 0 0 0 0 0 0 0 0 0 0 0 0 0 0 0 0 0 0 0 0 0 0 0 0 0 0 0 0 0 0 0 0 0 0 0 0 0 0 0 6.35030817226545E-05 5.92059745103585E-05 5.64141894096168E-05 5.42830705759381E-05 5.23470467560315E-05 5.0269914962725E-05 4.4761467122835E-05 4.15138355611216E-05 3.89106475690576E-05 3.62308331653177E-05 3.40464731361063E-05 3.22086689891091E-05 3.05193811481262E-05 2.88711099151891E-05 2.73024310664545E-05 2.58213557487852E-05 2.43981493194323E-05 2.30174925742577E-05 2.16702861028174E-05
0 0 0 0 0 0 0 0 0 0 0 0 0 0 0 0 0 0 0 0 0 0 0 0 0 0 0 0 0 0 0 0 0 0 0 0 0 0 0 0 0 0 0 7.7078578966698E-05 7.17278276522068E-05 6.35030817226545E-05 5.92059745103585E-05 5.64141894096168E-05 5.42830705759381E-05 5.23470467560315E-05 5.0269914962725E-05 4.75517847492287E-05 4.51235664977018E-05 4.29133091353463E-05 4.08105357619645E-05 3.88865217120224E-05 3.71220792501822E-05 3.54500589407428E-05 3.3831643408187E-05 3.22522373692368E-05 3.07130888270689E-05 2.92060411608292E-05 2.77308017882628E-05 2.62844697329745E-05
8.49678816831917E-05 8.4449713095719E-05 8.49562490576796E-05 8.5883816378959E-05 8.69759771706827E-05 8.81194893923672E-05 8.92430909362965E-05 9.03135878235261E-05 9.13137967208426E-05 9.22403020924747E-05 9.3080427854907E-05 9.38306384834698E-05 9.44768180850528E-05 9.50082919960677E-05 9.54237892246085E-05 9.57382067210594E-05 9.59645602854629E-05 9.6116207884754E-05 9.62060297837824E-05 9.62481754941014E-05 9.62558489299059E-05 9.62357842175396E-05 9.61891312768549E-05 9.61145948900495E-05 9.60118464769068E-05 9.58683631048658E-05 9.56743434098161E-05 9.54228347304291E-05 9.51167169031963E-05 9.47612831107521E-05 9.43934885921241E-05 9.40877427484824E-05 9.40179950696527E-05 9.45775929238869E-05 9.66985220839795E-05 0 0 0 0 9.6219836047528E-05 9.22052196416898E-05 8.90254002398717E-05 8.57987477486961E-05 7.7078578966698E-05 7.17278276522068E-05 6.7070391871514E-05 6.37229133592701E-05 6.12329960558511E-05 5.92031358507995E-05 5.73389390085598E-05 5.5449161325506E-05 5.33995543350704E-05 5.1357910053115E-05 4.93574422404195E-05 4.74111337678906E-05 4.55355741494451E-05 4.37327447327803E-05 4.19798154812282E-05 4.02648709145975E-05 3.85747780689539E-05 3.69091162418173E-05 3.5263014305594E-05 3.36397008697872E-05 3.20419375589535E-05
8.49678816831917E-05 8.4449713095719E-05 8.49562490576796E-05 8.5883816378959E-05 8.69759771706827E-05 8.81194893923672E-05 8.92430909362965E-05 9.03135878235261E-05 9.13137967208426E-05 9.22403020924747E-05 9.3080427854907E-05 9.38306384834698E-05 9.44768180850528E-05 9.50082919960677E-05 9.54237892246085E-05 9.57382067210594E-05 9.59645602854629E-05 9.6116207884754E-05 9.62060297837824E-05 9.62481754941014E-05 9.62558489299059E-05 9.62357842175396E-05 9.61891312768549E-05 9.61145948900495E-05 9.60118464769068E-05 9.58683631048658E-05 9.56743434098161E-05 9.54228347304291E-05 9.51167169031963E-05 9.47612831107521E-05 9.43934885921241E-05 9.40877427484824E-05 9.40179950696527E-05 9.45775929238869E-05 9.66985220839795E-05 1.03689563475604E-04 1.04313977492099E-04 1.04197958761291E-04 1.03300905835304E-04 9.6219836047528E-05 9.22052196416898E-05 8.90254002398717E-05 8.57987477486961E-05 8.1566305071913E-05 7.77995536563273E-05 7.4459564244354E-05 7.16969221306433E-05 6.94082623116961E-05 6.74188319411008E-05 6.5557113485115E-05 6.37057483283823E-05 6.17888682273518E-05 5.98340938112514E-05 5.78578282615991E-05 5.58866519455486E-05 5.39342477258028E-05 5.20095736349099E-05 5.01071993171921E-05 4.82272793870667E-05 4.63627965141818E-05 4.45139036606325E-05 4.267864818136E-05 4.08609508136084E-05 3.90662485351242E-05
8.87927605242801E-05 8.95636813302958E-05 9.06267774094704E-05 9.18581132748459E-05 9.31547882499089E-05 9.44532948838057E-05 9.57019902217604E-05 9.68823934481463E-05 9.79902388031315E-05 9.90226206042009E-05 9.995922742874E-05 1.00789515541479E-04 1.01495521404422E-04 1.02065651776493E-04 1.02509592544221E-04 1.02851072945027E-04 1.03105616715862E-04 1.03281743729631E-04 1.03389608314709E-04 1.03452638210217E-04 1.03492463073415E-04 1.03516438653891E-04 1.03516270805652E-04 1.03482947312415E-04 1.03410562123403E-04 1.0328551352023E-04 1.0310175153683E-04 1.02856110814448E-04 1.02547592935568E-04 1.02172158851663E-04 1.01751167501211E-04 1.01343706146945E-04 1.01066650093177E-04 1.01133253991737E-04 1.01902066806245E-04 1.03689563475604E-04 1.04313977492099E-04 1.04197958761291E-04 1.03300905835304E-04 1.00922960151745E-04 9.85587220159169E-05 9.61681667608612E-05 9.35816050834254E-05 9.06828422140318E-05 8.77992902913365E-05 8.50616103056563E-05 8.25853182756829E-05 8.03750042616276E-05 7.83597924234681E-05 7.64306929242193E-05 7.45083345221501E-05 7.25319789205843E-05 7.04996112970447E-05 6.84164697415054E-05 6.63051045017863E-05 6.4182922093141E-05 6.20631233868788E-05 5.99483114076001E-05 5.78441021446669E-05 5.57483746129259E-05 5.36608967776055E-05 5.15835291470399E-05 4.95208250286121E-05 4.74787966269806E-05
9.67458991822804E-05 9.83446608258474E-05 9.99394243510421E-05 1.01545237475919E-04 1.03133718117306E-04 1.04672537197403E-04 1.06126730679247E-04 1.07492314235645E-04 1.08780635619837E-04 1.09993476755026E-04 1.11103638962044E-04 1.12075531603168E-04 1.12869081953796E-04 1.13490208973884E-04 1.13976904332509E-04 1.1436245052901E-04 1.14660976757426E-04 1.14878747785719E-04 1.15025227786243E-04 1.15129721535779E-04 1.15224231508393E-04 1.15322807830851E-04 1.15410540067336E-04 1.15455429517303E-04 1.15426648039268E-04 1.15318673442803E-04 1.15142034185872E-04 1.1489976523614E-04 1.14583618808967E-04 1.14184026465911E-04 1.13710185061748E-04 1.13207152789974E-04 1.1275525163854E-04 1.12469716352985E-04 1.12486114074874E-04 1.12822336574348E-04 1.12914348787859E-04 1.12655168465152E-04 1.11986911641889E-04 1.10799004180942E-04 1.09322338963573E-04 1.07573300675356E-04 1.05540046505468E-04 1.03256334660981E-04 1.00861604110551E-04 9.84557081302042E-05 9.61354079555363E-05 9.39335991440979E-05 9.18297897019558E-05 8.97657843921769E-05 8.76877362688648E-05 8.55478663993506E-05 8.33352796519318E-05 8.1051016010125E-05 7.87145442291046E-05 7.63460409784043E-05 7.39624473314251E-05 7.15728777029214E-05 6.91844963168992E-05 6.68005432751806E-05 6.44208533075277E-05 6.20483753151533E-05 5.96871047043428E-05 5.73447194717698E-05
1.07984303596789E-04 1.10164150945421E-04 1.12243861915609E-04 1.14255999178209E-04 1.16197389464804E-04 1.18043701742586E-04 1.1976547200995E-04 1.21375768976046E-04 1.22897224798301E-04 1.24331517172112E-04 1.25655747009613E-04 1.26805756033223E-04 1.27717925422487E-04 1.28428837710796E-04 1.2900081919135E-04 1.29465780729834E-04 1.29839511876806E-04 1.30125501906668E-04 1.30329756577598E-04 1.30492285676572E-04 1.30655087633904E-04 1.30833214658842E-04 1.31016499636519E-04 1.31147698206963E-04 1.3116600049173E-04 1.31085007536561E-04 1.30931320836847E-04 1.30702952078576E-04 1.30387805381441E-04 1.29971364152663E-04 1.29451723741682E-04 1.28872132924401E-04 1.28298541219991E-04 1.27799356605687E-04 1.27442116089436E-04 1.27211381773422E-04 1.26914129027546E-04 1.26468874496218E-04 1.25839799182854E-04 1.24978846563894E-04 1.23887091114663E-04 1.22520742617562E-04 1.20855420728924E-04 1.18933381672118E-04 1.16838648471932E-04 1.14628293350544E-04 1.12370538629282E-04 1.10115207403443E-04 1.07869305314857E-04 1.05608103969389E-04 1.03302202435758E-04 1.00915679510192E-04 9.84334897461065E-05 9.5862468532001E-05 9.32179761182969E-05 9.05262748979298E-05 8.78083935827863E-05 8.50773822155637E-05 8.23396886816997E-05 7.96045830995365E-05 7.68719094757256E-05 7.41455168110858E-05 7.14287047467655E-05 6.87289534489351E-05
1.22165397967538E-04 1.2491294690914E-04 1.27504198842952E-04 1.29970270467608E-04 1.32316123723939E-04 1.34531657342386E-04 1.36601749168877E-04 1.385322011932E-04 1.40334753579597E-04 1.42010616891305E-04 1.43538098503511E-04 1.44873307751889E-04 1.45975893285706E-04 1.46863102055993E-04 1.4758122407162E-04 1.48167154324687E-04 1.48643531459279E-04 1.49025480903864E-04 1.4932846602701E-04 1.49583769089527E-04 1.49824615495636E-04 1.50067301510497E-04 1.50302265395124E-04 1.50490740066366E-04 1.5058409280636E-04 1.50571945490158E-04 1.50462566477076E-04 1.50254573874666E-04 1.49938327733831E-04 1.49505640809011E-04 1.48957625627813E-04 1.48321831050505E-04 1.47644862395556E-04 1.46976568868707E-04 1.46359173949251E-04 1.45797765891829E-04 1.45225206245135E-04 1.44595085440844E-04 1.43881135429583E-04 1.43051113449561E-04 1.42065470254397E-04 1.40869184255529E-04 1.39419172728385E-04 1.37710779544707E-04 1.35775034199861E-04 1.33645497454257E-04 1.31370840774218E-04 1.28996901120852E-04 1.26542477234818E-04 1.24008605220808E-04 1.21384008530869E-04 1.18657974381462E-04 1.1582134587298E-04 1.1288453183683E-04 1.09860667413295E-04 1.0677476563923E-04 1.03648850700559E-04 1.00504625092609E-04 9.73510692984352E-05 9.42007222195518E-05 9.10534320376597E-05 8.79128326243727E-05 8.47811424958486E-05 8.16658547281128E-05
1.39602148910078E-04 1.42963740267522E-04 1.46133107219135E-04 1.49132135416902E-04 1.51967572700733E-04 1.54637390110232E-04 1.57133572178603E-04 1.59454460514324E-04 1.61601516943694E-04 1.63573747787162E-04 1.65355540723353E-04 1.66923821823983E-04 1.68258648962913E-04 1.69367704963283E-04 1.70281056348656E-04 1.71033605229267E-04 1.71653478989659E-04 1.72166003581407E-04 1.72595266835953E-04 1.72966750989903E-04 1.7330445759096E-04 1.73622519131838E-04 1.73916042236752E-04 1.74161604904066E-04 1.74325346249359E-04 1.74383150887307E-04 1.74321892774577E-04 1.74132518166339E-04 1.7380679226444E-04 1.73342066476364E-04 1.72744505570858E-04 1.72033060466049E-04 1.71240105622384E-04 1.70404729947159E-04 1.69563758385178E-04 1.6873662206535E-04 1.67912714105147E-04 1.67071996681263E-04 1.66195595439709E-04 1.65257516174286E-04 1.64218555862997E-04 1.63021708382887E-04 1.61610940371091E-04 1.59947928956528E-04 1.58020046780284E-04 1.55835810438253E-04 1.5342312810121E-04 1.50826209950045E-04 1.48070182631386E-04 1.45170153346817E-04 1.42131608897635E-04 1.38964366301296E-04 1.35670948118291E-04 1.32268579999029E-04 1.2877082886952E-04 1.25201575154039E-04 1.21583082105555E-04 1.17942819660423E-04 1.14293377082085E-04 1.10650918855689E-04 1.07016139221441E-04 1.03391586090579E-04 9.97781726429664E-05 9.61822369402291E-05
1.60718464933199E-04 1.64785063995442E-04 1.68629971797641E-04 1.72266378759731E-04 1.75697786449402E-04 1.78922580142431E-04 1.81932025100486E-04 1.84722288704595E-04 1.87291715800376E-04 1.89638410043039E-04 1.91751894634743E-04 1.93620754001512E-04 1.95236845322891E-04 1.96608888426422E-04 1.97761732779325E-04 1.98727817776378E-04 1.99537168573316E-04 2.00219462330249E-04 2.0080251581859E-04 2.0131175730293E-04 2.01767895258853E-04 2.02183030939821E-04 2.02554290975031E-04 2.02865962398563E-04 2.03093181247591E-04 2.03205356430621E-04 2.03175090097414E-04 2.02983960352307E-04 2.02622403891165E-04 2.02089284347044E-04 2.01393881559101E-04 2.00554033550455E-04 1.99596501597842E-04 1.98556561895423E-04 1.97470663021934E-04 1.96366957187559E-04 1.95261248787574E-04 1.94153129802474E-04 1.93030285357023E-04 1.91872154411857E-04 1.90641906497656E-04 1.8928511692487E-04 1.87732268151262E-04 1.859276100632E-04 1.8383227113278E-04 1.81435828676225E-04 1.78748269695993E-04 1.75803026991202E-04 1.72626077097964E-04 1.69246245681436E-04 1.65684596081214E-04 1.61967494803804E-04 1.58109189080403E-04 1.54133962058819E-04 1.50056978929346E-04 1.45904075669222E-04 1.41699177304322E-04 1.37472844853271E-04 1.33240410273888E-04 1.2902087479091E-04 1.24815859962008E-04 1.20628364868771E-04 1.16457898225412E-04 1.12308874069968E-04
1.86096234268687E-04 1.90995613870263E-04 1.95642288284165E-04 2.00041739792308E-04 2.0419344473577E-04 2.0809020729532E-04 2.11719392106142E-04 2.15078270158051E-04 2.18166095712514E-04 2.20980313674393E-04 2.23513248836448E-04 2.25760226045554E-04 2.27719786486542E-04 2.29406545796269E-04 2.30847767628021E-04 2.3207497710394E-04 2.33118757435703E-04 2.34009844453966E-04 2.34776744346434E-04 2.35447372812674E-04 2.36043650620503E-04 2.3657645276364E-04 2.37041916928506E-04 2.37426509781647E-04 2.3770721881684E-04 2.37846879266353E-04 2.37809282158745E-04 2.37569562411397E-04 2.37116097751199E-04 2.36448308779815E-04 2.35577730387847E-04 2.34524921098849E-04 2.33319159047956E-04 2.31998676406487E-04 2.30603095564915E-04 2.29164405506993E-04 2.27710573600951E-04 2.26250353709913E-04 2.24776451815187E-04 2.23271962219661E-04 2.21704211463024E-04 2.20016081587656E-04 2.1812308351979E-04 2.15968014697043E-04 2.13501089314333E-04 2.10701353946764E-04 2.07558883824683E-04 2.04106022979415E-04 2.00366744496775E-04 1.96378031866727E-04 1.92171939680294E-04 1.8778677771086E-04 1.83246274541876E-04 1.78583378756979E-04 1.73816068806703E-04 1.68973488134117E-04 1.6408108843903E-04 1.59170907975247E-04 1.54259600280027E-04 1.49369615613386E-04 1.44505036668305E-04 1.39668202845736E-04 1.34857297272539E-04 1.30074350129015E-04
2.16362480855987E-04 2.22260282465802E-04 2.2786394843106E-04 2.33172824608047E-04 2.38181117981501E-04 2.42879008790459E-04 2.47253654867118E-04 2.51299856905533E-04 2.55015598613349E-04 2.58399783871586E-04 2.61448371659431E-04 2.64161210245344E-04 2.66542573685507E-04 2.68611363270244E-04 2.70397899349112E-04 2.7193610537113E-04 2.73257691920177E-04 2.74394401749891E-04 2.75375038657187E-04 2.76228583546725E-04 2.76979323217542E-04 2.77639923139056E-04 2.78205090058341E-04 2.78657418265863E-04 2.78964925227623E-04 2.79082639210544E-04 2.7897103882023E-04 2.786033797908E-04 2.77966967278081E-04 2.77062504807253E-04 2.75902807886795E-04 2.74515633429632E-04 2.72940867928279E-04 2.71225595365609E-04 2.69412816911216E-04 2.67537126993527E-04 2.65626281540081E-04 2.63691731070864E-04 2.61727651131935E-04 2.59717997562761E-04 2.57624878132099E-04 2.55399489304132E-04 2.52954820703631E-04 2.50230869524462E-04 2.47173380941549E-04 2.43763031728494E-04 2.39982784360278E-04 2.35857225798581E-04 2.31408929120977E-04 2.26677938290875E-04 2.21701069838435E-04 2.16525064003731E-04 2.11182537750905E-04 2.05714878524431E-04 2.00146767088979E-04 1.94508836893166E-04 1.88825403769662E-04 1.83128491500122E-04 1.77437580001377E-04 1.71777094206678E-04 1.66153484902878E-04 1.60570470421174E-04 1.55024721430281E-04 1.49516515572948E-04
2.52326504819757E-04 2.59416339588609E-04 2.66161974779521E-04 2.7255487903324E-04 2.78584075139375E-04 2.84236345128189E-04 2.89498345779237E-04 2.94363261249722E-04 2.98828487116506E-04 3.02894164755032E-04 3.06559975151208E-04 3.09830344251821E-04 3.12714746063419E-04 3.15237210924047E-04 3.17431475973019E-04 3.19332808690101E-04 3.20974736905471E-04 3.22387321616783E-04 3.23597890674931E-04 3.24638754388725E-04 3.25537751920895E-04 3.26309176906846E-04 3.26947924231092E-04 3.27428931818339E-04 3.27701274109481E-04 3.27712551759667E-04 3.27423165689937E-04 3.26806777940793E-04 3.25853652456371E-04 3.24568940803891E-04 3.22966382708656E-04 3.21087841873751E-04 3.18988439473116E-04 3.16725973596343E-04 3.14349866859494E-04 3.11894818304032E-04 3.0937945862687E-04 3.06814821713281E-04 3.04193948405968E-04 3.01496394163257E-04 2.98678562919763E-04 2.95698205502686E-04 2.92470648947428E-04 2.8894391178767E-04 2.85068277587645E-04 2.80827828824523E-04 2.76200838444325E-04 2.71212932102795E-04 2.65888943586646E-04 2.60266452210161E-04 2.54382063485433E-04 2.48287331766151E-04 2.42020503258244E-04 2.35628471803356E-04 2.29145868384252E-04 2.22601071596228E-04 2.16015140034347E-04 2.09420107754653E-04 2.02838899944987E-04 1.96297323434189E-04 1.89806732521585E-04 1.83370209096714E-04 1.76983389868247E-04 1.70646471169316E-04
2.94879174376134E-04 3.03390947985814E-04 3.11494594087588E-04 3.19172736107852E-04 3.26408728861398E-04 3.33186266931266E-04 3.39491570273129E-04 3.45317286118061E-04 3.50661247658357E-04 3.5552493508563E-04 3.59913155529582E-04 3.63835540022507E-04 3.6730876935464E-04 3.703614682177E-04 3.73027622489086E-04 3.75340398708042E-04 3.77331519293004E-04 3.79032255337136E-04 3.80471218197164E-04 3.81680470329968E-04 3.82687548890772E-04 3.83509118812337E-04 3.84138475634232E-04 3.84552884605422E-04 3.84684247404007E-04 3.84460324764679E-04 3.83836085684934E-04 3.82795549383611E-04 3.81338275208307E-04 3.79482287548113E-04 3.77252698653773E-04 3.7469864716514E-04 3.71883996388058E-04 3.6888096375588E-04 3.6574447990924E-04 3.62518907115253E-04 3.59216016091813E-04 3.55832973287479E-04 3.52350471752812E-04 3.48748803444536E-04 3.44983979439718E-04 3.41018585330803E-04 3.36779577527139E-04 3.32221715662888E-04 3.2730360192469E-04 3.22017498074625E-04 3.16347514547922E-04 3.10312407964089E-04 3.03935964185974E-04 2.97260772249681E-04 2.90327495511874E-04 2.83185908609181E-04 2.75876201207849E-04 2.68442251521898E-04 2.60920921579147E-04 2.53344367694885E-04 2.4573582705635E-04 2.38123814137755E-04 2.30532744730912E-04 2.22987928114763E-04 2.15503266099543E-04 2.08087103223214E-04 2.00738362942516E-04 1.93456836962635E-04
3.45063230290636E-04 3.55250323744961E-04 3.64950269102962E-04 3.74135000314493E-04 3.82782499371372E-04 3.90873106512159E-04 3.98393015139154E-04 4.05334882427499E-04 4.1169667794758E-04 4.17481228538475E-04 4.22699227211365E-04 4.27368222335757E-04 4.31516007596416E-04 4.35173301684312E-04 4.38369802253661E-04 4.4113254447942E-04 4.43490423215053E-04 4.45473330918095E-04 4.47109831225541E-04 4.4843068660793E-04 4.49461851326278E-04 4.50223769042163E-04 4.50712878004295E-04 4.50907977541616E-04 4.50715889068503E-04 4.50051608377519E-04 4.48874989645643E-04 4.4718777871349E-04 4.44999412650434E-04 4.42343214821076E-04 4.39256846365865E-04 4.35798640371497E-04 4.32040311456263E-04 4.28068526252403E-04 4.23945117444558E-04 4.19721504786374E-04 4.1539613745561E-04 4.10955016259675E-04 4.06368899298275E-04 4.01620640359941E-04 3.96663106664273E-04 3.91466163143777E-04 3.85973068539461E-04 3.80148698490321E-04 3.73962826744961E-04 3.67413977543284E-04 3.60492891152897E-04 3.53215406708731E-04 3.45609675808248E-04 3.3771917590133E-04 3.29587342111925E-04 3.21258375083278E-04 3.12771249941084E-04 3.04166253384386E-04 2.95477850667872E-04 2.86738755050205E-04 2.77975199926457E-04 2.69213988102388E-04 2.60479652419783E-04 2.51798290267786E-04 2.43186708169289E-04 2.34657380576737E-04 2.26214678789182E-04 2.17859933132382E-04
4.04027885094884E-04 4.16165907658632E-04 4.27716950886675E-04 4.38641946024042E-04 4.48914477480365E-04 4.5851367821184E-04 4.67427842581532E-04 4.75648721700593E-04 4.83173081894887E-04 4.90004494144894E-04 4.96161251499431E-04 5.01669705055011E-04 5.06569887584911E-04 5.10893294903815E-04 5.14658938702059E-04 5.1788568272728E-04 5.20597951486052E-04 5.22822573114185E-04 5.24584037550989E-04 5.25909112636307E-04 5.26819768219446E-04 5.27343734650936E-04 5.27483036030093E-04 5.27220905536855E-04 5.26432743611712E-04 5.25042143311405E-04 5.23035967608547E-04 5.20437072430046E-04 5.17260250967782E-04 5.13547070459358E-04 5.09341103660007E-04 5.04713454003579E-04 4.99746929561014E-04 4.94541206170116E-04 4.89159393430809E-04 4.83662398709312E-04 4.78027114577815E-04 4.72238210814687E-04 4.66270640771249E-04 4.6011248390743E-04 4.53712965084664E-04 4.47040232230972E-04 4.40057066289372E-04 4.32739466181939E-04 4.25071391439753E-04 4.17052496895375E-04 4.08681709616763E-04 3.99970071156665E-04 3.90958576103552E-04 3.81689358710783E-04 3.72201000616031E-04 3.62528180496144E-04 3.52709993037993E-04 3.42784138355999E-04 3.32783739749828E-04 3.22737881079378E-04 3.12673198538873E-04 3.02614660229935E-04 2.92589312380968E-04 2.82624216015245E-04 2.72741350392593E-04 2.6295621342303E-04 2.53277158577281E-04 2.43708083652224E-04
4.72971720787731E-04 4.87345987392162E-04 5.01007015617772E-04 5.13909528003604E-04 5.26023534984542E-04 5.37328945627373E-04 5.4781730834521E-04 5.5747766769519E-04 5.66304983180089E-04 5.74306493526269E-04 5.81504346772273E-04 5.87937744193639E-04 5.93660263172038E-04 5.98691462541536E-04 6.03035789659372E-04 6.06707882240484E-04 6.09727546499759E-04 6.12114171294504E-04 6.13883151356554E-04 6.15051064193788E-04 6.15632525525779E-04 6.15662406419717E-04 6.15160998149597E-04 6.14109990951028E-04 6.12369596697399E-04 6.09911849222995E-04 6.06758913641098E-04 6.02943217479247E-04 5.98477104383731E-04 5.93412227645818E-04 5.87793637982076E-04 5.8170455833574E-04 5.75235080936884E-04 5.68489220773655E-04 5.61534569438957E-04 5.54436137300208E-04 5.47151335332782E-04 5.39685890134485E-04 5.32027797444235E-04 5.24167736454612E-04 5.1604297275451E-04 5.07632891842269E-04 4.98919899518907E-04 4.8988605330517E-04 4.80524655667232E-04 4.70834612700841E-04 4.60820902745192E-04 4.5049003716128E-04 4.39903686145044E-04 4.29089474276456E-04 4.18076544116456E-04 4.06889711736948E-04 3.95572801093758E-04 3.84157700455958E-04 3.72680139688675E-04 3.61164094800066E-04 3.49635597289502E-04 3.38118287212386E-04 3.26643760594944E-04 3.15238437317545E-04 3.03932938872021E-04 2.92742633062649E-04 2.81678999900259E-04 2.70748457616968E-04
