NongDo/Fusa 15.7h.grd
DSAA
463	323
2	464
2	324
0	10
[rows 252 to 279 of 323, columns 0 to 62 of 463]
0 0 0 0 0 0 0 0 0 0 0 0 0 0 0 0 0 0 0 0 0 0 0 0 0 0 0 0 0 0 0 0 0 0 0 0 0 0 4.17309332907466E-03 4.18510746208201E-03 4.1912148911669E-03 4.1955167667365E-03 4.19990349149557E-03 4.20485730502909E-03 4.21059110953861E-03 4.21722061868315E-03 4.22486168871253E-03 4.23358838021952E-03 4.24349100565923E-03 4.25464163178847E-03 4.26711331237077E-03 4.28097389175295E-03 4.29626878857352E-03 4.31303858532355E-03 4.33129380412364E-03 4.35105261802199E-03 4.37229073652731E-03 4.39498424084097E-03 4.41907891732568E-03 4.44453613950401E-03 4.47127167184361E-03 4.49916737677852E-03 4.52809049322249E-03
0 0 0 0 0 0 0 0 0 0 0 0 0 0 0 0 0 0 0 0 0 0 0 0 0 0 0 0 0 0 0 0 0 0 0 0 0 4.16275378145378E-03 4.17309332907466E-03 4.17817268358082E-03 4.1831508246824E-03 4.18785500903411E-03 4.19283149031967E-03 4.19840626228271E-03 4.20479840026934E-03 4.21213998779576E-03 4.22055309929767E-03 4.23011954301154E-03 4.24093414307251E-03 4.25307735769683E-03 4.26662430944638E-03 4.28164188593584E-03 4.29817079765351E-03 4.31624503250375E-03 4.33586587690186E-03 4.3570382154125E-03 4.37972448764778E-03 4.40388403138959E-03 4.42944490844633E-03 4.45634659510777E-03 4.48448700319642E-03 4.51373016154338E-03 4.54392706505068E-03
0 0 0 0 0 0 0 0 0 0 0 0 0 0 0 0 0 0 0 0 0 0 0 0 0 0 0 0 0 0 0 0 0 0 0 0 4.15395361218606E-03 4.16275378145378E-03 4.16713743783956E-03 4.17153315991645E-03 4.17611758086163E-03 4.1809873263027E-03 4.18639389181588E-03 4.19252957826914E-03 4.19956974349246E-03 4.20763779022245E-03 4.21685291772612E-03 4.22730026824845E-03 0.004239076789697 4.25226927231921E-03 4.26695295695837E-03 4.28319225632727E-03 4.30102113436864E-03 4.32046439830741E-03 4.34151078825463E-03 4.36415216037393E-03 4.38833423809837E-03 4.41399628463707E-03 4.44104579605987E-03 4.46940087691986E-03 4.49893875902348E-03 4.52950525492784E-03 4.5609357357317E-03
0 0 0 0 0 0 0 0 0 0 0 0 0 0 0 0 0 0 0 0 0 0 0 0 0 0 0 0 0 0 0 0 0 0 0 4.14916125111693E-03 4.15395361218606E-03 4.15740945096132E-03 4.16102686070248E-03 4.16500606943879E-03 4.16948488916449E-03 4.17456478855889E-03 4.18039796087321E-03 4.18710134353506E-03 4.19481474932176E-03 4.20364963047583E-03 4.21371821131774E-03 4.22510692731202E-03 4.23791208133214E-03 4.25222674454726E-03 4.26812264561242E-03 4.28566022526775E-03 4.30486391244529E-03 4.32574751490094E-03 4.3482828591456E-03 4.37244866153542E-03 4.39817028845739E-03 4.42536303755916E-03 4.45391294353496E-03 4.4837161446252E-03 4.51463071963308E-03 0.004546482425505 4.57909245969809E-03
0 0 0 0 0 0 0 0 0 0 0 0 0 0 0 0 0 0 0 0 0 0 0 0 0 0 0 0 0 0 0 0 0 0 0 4.14916125111693E-03 4.14948917052848E-03 4.15150708570484E-03 4.15453504183566E-03 4.15833859807433E-03 4.1629196770598E-03 4.16832500013123E-03 0.004174655650307 4.18199135139951E-03 4.1904433780631E-03 4.20011462952818E-03 4.21111176171934E-03 4.22352351648069E-03 4.23744422243016E-03 4.25296926984052E-03 4.2701659774489E-03 4.28908787975661E-03 4.30974789830042E-03 4.33214627785684E-03 4.35623766797663E-03 4.38198019846128E-03 4.40927562566629E-03 4.43801589156902E-03 4.46806619723703E-03 4.49930015934197E-03 4.53155456446346E-03 4.56463771725884E-03 4.59835845826789E-03
0 0 0 0 0 0 0 0 0 0 0 0 0 0 0 0 0 0 0 0 0 0 0 0 0 0 0 0 0 0 0 0 0 0 4.13304532240412E-03 4.14181640469208E-03 4.14257521586512E-03 4.14447574717668E-03 4.1474383008503E-03 4.15136779100919E-03 4.15625815682479E-03 4.16213182789098E-03 4.16906136294205E-03 4.17711942863933E-03 4.18639940871683E-03 4.1970002306306E-03 4.20901999030619E-03 4.22255456146001E-03 4.23769339120813E-03 4.25453202714713E-03 4.2731304203776E-03 4.29353279361889E-03 4.31573724294569E-03 4.33972756884144E-03 4.3654397530805E-03 4.39280177609999E-03 4.42169418152596E-03 4.45198453476982E-03 4.48351866668562E-03 4.51614506232983E-03 4.5496847213657E-03 4.58392940268482E-03 4.61867745573374E-03
0 0 0 0 0 0 0 0 0 0 0 0 0 0 0 0 0 0 0 0 0 0 0 0 0 0 0 0 0 0 0 0 0 0 4.13304532240412E-03 4.13346271447206E-03 4.1344047250434E-03 4.13648250732159E-03 4.13969622650863E-03 4.14399878682495E-03 4.14938878627921E-03 4.15588120975654E-03 4.16353663072417E-03 4.17243070160551E-03 4.18265072938717E-03 4.19429394113949E-03 4.20745205639335E-03 4.22222525813808E-03 4.23869876291737E-03 4.25696528777288E-03 4.27707533434944E-03 4.29905998331026E-03 4.32289881535399E-03 4.34855518444035E-03 4.3759413870544E-03 4.4049557333612E-03 4.43545424802389E-03 4.46728124978108E-03 4.50026316404999E-03 4.53422810445984E-03 4.56898202165571E-03 4.6043026112272E-03 4.63998111696666E-03
0 0 0 0 0 0 0 0 0 0 0 0 0 0 0 0 0 0 0 0 0 0 0 0 0 0 0 0 0 0 0 0 0 0 4.12388856016022E-03 4.12395392448661E-03 4.12517335815568E-03 4.12764590832825E-03 4.13133958903701E-03 4.1362143699685E-03 4.14227171136402E-03 4.14952774388897E-03 4.15804441108976E-03 4.16790534423156E-03 4.17919452071597E-03 4.19201189606688E-03 4.20643954755917E-03 4.22258294051299E-03 0.004240518883768 4.26033757577495E-03 4.28207597032318E-03 4.30574733975846E-03 4.33130752156049E-03 4.35869481750759E-03 4.38779593792197E-03 4.41847898771996E-03 4.45057558987624E-03 4.48390565073918E-03 4.51827924781027E-03 4.55350745068604E-03 4.58938800803848E-03 4.62568378456187E-03 4.66218405833566E-03
0 0 0 0 0 0 0 0 0 0 0 0 0 0 0 0 0 0 0 0 0 0 0 0 0 0 0 0 0 0 0 0 0 0 4.11309759421736E-03 4.11322364414547E-03 4.11492438454753E-03 4.11800164350177E-03 4.12237808263486E-03 4.12800906121372E-03 4.13489819242149E-03 4.14306872510618E-03 4.15258897937423E-03 4.16356038318309E-03 4.17606311550644E-03 4.1901995848182E-03 4.20604139182489E-03 4.2236975962106E-03 4.24323078575583E-03 4.26473173274108E-03 4.2882174697293E-03 4.31367587480509E-03 4.34103413877018E-03 4.37020367161852E-03 4.40104363555403E-03 4.43339271390297E-03 4.46705837569906E-03 4.50183833011843E-03 4.53752823626243E-03 4.5739279075251E-03 4.61083175168352E-03 4.64798787630819E-03 4.68519239141582E-03
0 0 0 0 0 0 0 0 0 0 0 0 0 0 0 0 0 0 0 0 0 0 0 0 0 0 0 0 0 0 0 0 0 4.08563360436048E-03 4.09988372475747E-03 4.10109442908239E-03 4.10369280032617E-03 4.10761807408289E-03 4.11287199793383E-03 4.11942867784388E-03 4.12730755346815E-03 4.13654399434154E-03 4.14721253266389E-03 4.15944727813275E-03 4.17331566118164E-03 4.18892879060139E-03 4.2063366753766E-03 4.22566152355677E-03 4.24693209591336E-03 4.2702504432581E-03 4.29559833807315E-03 4.32293287255558E-03 4.35214990162962E-03 4.38313274555519E-03 4.41571389902592E-03 4.44970117650787E-03 4.4848840227573E-03 4.52103878237595E-03 4.55795234877956E-03 4.59541151502421E-03 4.6332216502882E-03 4.67111175115845E-03 4.70890119249852E-03
0 0 0 0 0 0 0 0 0 0 0 0 0 0 0 0 0 0 0 0 0 0 0 0 0 0 0 0 0 0 0 0 0 4.08563360436048E-03 4.08631142517945E-03 4.08810483031198E-03 4.09164044048963E-03 4.0966090033215E-03 4.10291134074038E-03 4.11054740507503E-03 4.11956690159856E-03 4.13002595093213E-03 4.14200405072843E-03 4.15565544204089E-03 4.17104886911166E-03 4.18829529546871E-03 4.20743178325087E-03 4.22857778385245E-03 4.2517420610117E-03 4.27700489780952E-03 4.30431303588953E-03 4.33359128459453E-03 4.36470687928069E-03 4.3975108068722E-03 4.43180853234092E-03 4.46738191165025E-03 4.50400487425184E-03 4.54144203063195E-03 4.57947365406395E-03 4.61787746784528E-03 4.6564516082477E-03 4.69494638834771E-03 4.73321112138674E-03
0 0 0 0 0 0 0 0 0 0 0 0 0 0 0 0 0 0 0 0 0 0 0 0 0 0 0 0 0 0 0 0 0 4.07164345972953E-03 4.07189287614015E-03 4.07456389458722E-03 4.07915266573276E-03 4.08522310955597E-03 4.0926697112403E-03 4.10149771998168E-03 4.11178488155061E-03 4.12360534818779E-03 4.13705888333509E-03 4.15229255538187E-03 4.16938047274566E-03 4.18842547727744E-03 4.20945773883635E-03 4.23257645814744E-03 4.25778397753917E-03 4.28509609513149E-03 4.31444193132942E-03 0.00434570695809 4.37873664505209E-03 4.41333904123382E-03 4.44930222679793E-03 4.48638244235485E-03 4.52434485855139E-03 4.56294892197882E-03 4.60197248626711E-03 4.64119003238167E-03 4.68039253527824E-03 4.71939485075094E-03 4.75804451145509E-03
0 0 0 0 0 0 0 0 0 0 0 0 0 0 0 0 0 0 0 0 0 0 0 0 0 0 0 0 0 0 0 0 4.02647728522118E-03 4.05350369713004E-03 4.05620618141176E-03 4.06051537057177E-03 4.06639031191381E-03 4.07366615906572E-03 4.08233869873467E-03 4.09246050418514E-03 4.10413634890783E-03 4.11746078500787E-03 4.13254111486939E-03 4.14951950242067E-03 4.16846512853308E-03 4.18947045618634E-03 4.21255043434912E-03 4.2377819365963E-03 4.26514112219686E-03 4.29459101318728E-03 4.32602824619309E-03 4.35930340399538E-03 4.39423342162598E-03 4.43059202940966E-03 4.4681477991159E-03 4.50664007279625E-03 4.54582935043424E-03 4.58547557232981E-03 4.62536076625228E-03 4.66526451817764E-03 4.70499464310126E-03 4.74440656302316E-03 4.78335369404574E-03
0 0 0 0 0 0 0 0 0 0 0 0 0 0 0 0 0 0 0 0 0 0 0 0 0 0 0 0 0 0 0 4.01629184499748E-03 4.02647728522118E-03 4.03510805840347E-03 4.0406907538602E-03 4.04660403704471E-03 4.05373424390656E-03 4.06221595973824E-03 4.07216043894463E-03 4.08365865321474E-03 4.09683344781144E-03 4.11178987362012E-03 4.12863797741621E-03 4.14751169388391E-03 4.16846844523673E-03 4.19158094858731E-03 4.21684185739414E-03 4.24429646688995E-03 4.27388865321809E-03 4.30553446224598E-03 4.3390919506552E-03 4.37437345361851E-03 4.41116756597249E-03 4.44921972434448E-03 4.48828169001329E-03 4.52808271296333E-03 4.56838248624454E-03 4.6089488221642E-03 4.64957635766632E-03 4.69005992333003E-03 4.73022465381148E-03 4.76994934850621E-03 4.80910167289914E-03
0 0 0 0 0 0 0 0 0 0 0 0 0 0 0 0 0 0 0 0 0 0 0 0 0 0 0 0 0 0 0 4.01629184499748E-03 4.01691387204758E-03 4.02105307002062E-03 4.02647481592648E-03 4.0331845227532E-03 4.04137620948908E-03 4.05105804569375E-03 4.06233043945914E-03 4.07529819806558E-03 4.09008652545214E-03 4.10680261713599E-03 4.12554866363569E-03 4.14645357966302E-03 4.16955515246295E-03 4.19489891235902E-03 4.22244665629228E-03 4.25220981756847E-03 4.28409222440109E-03 4.31796514653389E-03 4.35364442681272E-03 4.39090443216695E-03 4.42950542726431E-03 4.46917033886211E-03 4.50964066439268E-03 4.55063798326383E-03 4.59192807860871E-03 4.63329355426589E-03 4.6745479802001E-03 4.71550446619664E-03 4.75600876442729E-03 4.79595498896811E-03 4.83522151386119E-03
0 0 0 0 0 0 0 0 0 0 0 0 0 0 0 0 0 0 0 0 0 0 0 0 0 0 0 0 0 0 0 4.00344522666439E-03 4.00368810554244E-03 4.00707210213333E-03 4.01269440949123E-03 4.02017454834814E-03 4.0294257412738E-03 4.04035175878669E-03 4.05303307365591E-03 4.06757448502302E-03 4.08409346761315E-03 4.10269306079306E-03 4.12345975103852E-03 4.14651946204423E-03 4.17188248903692E-03 4.19955840034773E-03 4.22947391792711E-03 4.26160162128734E-03 4.29580531144956E-03 4.33190606205267E-03 4.3696810864708E-03 4.40886541773963E-03 4.44919663220159E-03 4.49037711215903E-03 4.53214729015421E-03 4.57422163292678E-03 4.61638121454454E-03 4.65842887591245E-03 4.70020103123736E-03 4.74153064535073E-03 4.78228065043133E-03 4.82235713387545E-03 4.86164676879842E-03
0 0 0 0 0 0 0 0 0 0 0 0 0 0 0 0 0 0 0 0 0 0 0 0 0 0 0 0 0 0 3.96887914575996E-03 3.98650981231225E-03 3.98835101269759E-03 3.99252107613852E-03 3.9989469855044E-03 4.00742973831868E-03 4.01788576267694E-03 4.03019696845286E-03 4.04441805190776E-03 4.06065881338288E-03 4.07903230763748E-03 4.09964008273762E-03 4.12255044312607E-03 4.14787243305615E-03 4.17558795285896E-03 4.20567068124261E-03 4.23801016337154E-03 4.2725347980911E-03 4.30906225693665E-03 4.34736618943132E-03 4.38718392532585E-03 4.42821763461573E-03 4.47018367052171E-03 4.51277084389045E-03 4.55571729183854E-03 4.59874550982905E-03 4.64165707966192E-03 4.68427459412127E-03 4.72645585004324E-03 4.76805629572255E-03 4.80896005949864E-03 4.84907738550775E-03 4.88829697447982E-03
0 0 0 0 0 0 0 0 0 0 0 0 0 0 0 0 0 0 0 0 0 0 0 0 0 0 0 0 0 0 3.96887914575996E-03 0.003969809901913 3.97254245452652E-03 3.97777880810944E-03 3.98534008002747E-03 3.99506874470838E-03 4.00689497125033E-03 4.02073419769584E-03 4.03663824148607E-03 4.05471600668286E-03 4.07506933994298E-03 4.09780541187159E-03 4.12297608622178E-03 4.15065451654892E-03 4.18079673669316E-03 4.21333797533447E-03 4.24813238348753E-03 4.28505197980077E-03 4.32387639391656E-03 4.36432766957301E-03 4.40610859848904E-03 4.44889211795622E-03 4.4923797910409E-03 4.53625256828915E-03 4.58024999021318E-03 4.62411710848019E-03 4.66766982303221E-03 4.71075085639944E-03 4.75323976730919E-03 4.7950174851592E-03 4.83598456235604E-03 4.87604851878453E-03 4.91510219680312E-03
0 0 0 0 0 0 0 0 0 0 0 0 0 0 0 0 0 0 0 0 0 0 0 0 0 0 0 0 0 3.9306414642714E-03 3.95025255142773E-03 3.95221084874521E-03 0.003956422240448 3.96301877154216E-03 3.97196861280194E-03 3.98316105879949E-03 3.99655426892995E-03 4.01209652167908E-03 4.02984245979395E-03 4.04990200733944E-03 4.07236711008934E-03 4.09734610671781E-03 4.12487226496694E-03 4.15498483066426E-03 4.18760691349215E-03 4.22263595531365E-03 4.25988546387999E-03 4.29917678625371E-03 4.34024437967046E-03 4.38276528855825E-03 4.42640885678536E-03 4.47082715707153E-03 4.51571187869002E-03 4.56074409622674E-03 4.60567245087959E-03 4.65026314596336E-03 4.69434906230928E-03 4.73779097644813E-03 4.78048870214592E-03 4.82234721937645E-03 4.86328208076311E-03 4.90319735103646E-03 4.9419857928933E-03
0 0 0 0 0 0 0 0 0 0 0 0 0 0 0 0 0 0 0 0 0 0 0 0 0 0 0 0 0 3.9306414642714E-03 0.003931660143457 3.93470363928211E-03 3.94036002806311E-03 3.94848063177949E-03 3.95900980668691E-03 3.97185795279988E-03 3.98700687191582E-03 4.00442524876997E-03 4.02417345868809E-03 4.04636112156426E-03 4.0710665342354E-03 4.09839567660059E-03 4.12836039350687E-03 4.16096711689754E-03 4.19610454349126E-03 4.23362668058894E-03 4.27330597194793E-03 4.31491385977731E-03 4.35814611331485E-03 4.40263451723587E-03 4.44802060054671E-03 4.49394457869946E-03 4.54009612719138E-03 4.58616415872394E-03 4.63190673351803E-03 4.67711217350532E-03 4.72162800890475E-03 4.76533255200953E-03 4.80814185806289E-03 4.8499854497472E-03 4.89079162832143E-03 4.93045824614974E-03 4.96887653283113E-03
0 0 0 0 0 0 0 0 0 0 0 0 0 0 0 0 0 0 0 0 0 0 0 0 0 0 0 0 3.88973031191201E-03 3.91060447911407E-03 3.91267614460715E-03 3.91726033002932E-03 3.92451810300947E-03 3.93432482375857E-03 3.94661517698714E-03 3.9613060679423E-03 3.97839735310622E-03 3.99786911423837E-03 4.0197778228964E-03 4.04423390920152E-03 4.0712979828877E-03 4.10107237609844E-03 4.13354259802249E-03 4.1686864585866E-03 4.20635424195182E-03 4.24635319240375E-03 4.28841302692568E-03 4.33226187341355E-03 4.37755945322572E-03 4.42389325849929E-03 4.47088651039273E-03 4.51817956496852E-03 4.56546640700984E-03 4.61244692407994E-03 4.65889013741756E-03 4.70460561017437E-03 4.74945364179564E-03 4.79332534694912E-03 4.83614901321063E-03 4.87787827180078E-03 4.91845441251786E-03 4.95776354051135E-03 4.99569727007117E-03
0 0 0 0 0 0 0 0 0 0 0 0 0 0 0 0 0 0 0 0 0 0 0 0 0 0 0 0 3.88973031191201E-03 3.89073971126844E-03 3.89388769830985E-03 3.90008537064338E-03 3.90912121381954E-03 3.92078504260044E-03 3.93500667397483E-03 3.95170708180987E-03 3.97090457805579E-03 3.99258478416764E-03 4.01679567139067E-03 4.04365096784997E-03 4.07317832455757E-03 4.10548393250635E-03 4.1405139741813E-03 4.17822073115627E-03 4.21841476348933E-03 4.26084995510794E-03 4.30521920095002E-03 4.35120374475144E-03 4.39844515603017E-03 4.44648052339114E-03 4.49493442272411E-03 4.54345785913776E-03 4.59175061716621E-03 4.63952779388986E-03 4.6865621792581E-03 4.73269054739662E-03 4.77777597031934E-03 4.82172215548864E-03 0.004864460691752 4.90597088261609E-03 4.94620879834076E-03 4.98503914879215E-03 5.02236487846761E-03
0 0 0 0 0 0 0 0 0 0 0 0 0 0 0 0 0 0 0 0 0 0 0 0 0 0 0 0 3.86968082914097E-03 3.87015500468373E-03 3.87504821936956E-03 3.88328005209528E-03 3.89436535504116E-03 3.90808128978473E-03 3.92439561542833E-03 3.94325678587308E-03 3.96470227366048E-03 3.98872772593322E-03 4.0153689242343E-03 4.04473217171187E-03 4.07681852652461E-03 4.11172187057156E-03 4.14935419112227E-03 4.18962895247412E-03 4.23231555343166E-03 4.27712384316332E-03 4.32371343449613E-03 4.37171881421423E-03 4.42074929814922E-03 4.47033278923124E-03 4.52010434201843E-03 4.56972576171148E-03 4.61890071837036E-03 4.66735977615875E-03 4.71488283032481E-03 4.76132585094128E-03 4.8065521156071E-03 4.8504739278229E-03 4.89302703293883E-03 4.93420928644734E-03 4.9739778024786E-03 5.01219345729282E-03 5.04878102878654E-03
0 0 0 0 0 0 0 0 0 0 0 0 0 0 0 0 0 0 0 0 0 0 0 0 0 0 0 3.80343671557853E-03 3.84326261112408E-03 3.84841554291109E-03 3.85654347195435E-03 3.86729944685264E-03 3.88064645140766E-03 3.89654795510778E-03 3.91506457500211E-03 3.93619195748919E-03 3.95998766789742E-03 3.98646138174605E-03 4.01563632405095E-03 4.04759954263367E-03 4.08232199853773E-03 4.11986975949948E-03 4.16012534192215E-03 4.20294234692137E-03 4.24806327309052E-03 4.29515284136672E-03 4.3438496157289E-03 4.39373315017696E-03 4.44439476404352E-03 4.49539010640006E-03 4.54634654426883E-03 4.59694461723872E-03 4.64688361708833E-03 4.69592049414405E-03 4.74382613137357E-03 4.7904814404882E-03 4.83574028301314E-03 4.87952787056533E-03 4.92177384713504E-03 4.96249105405724E-03 5.00164987417744E-03 5.03911537901842E-03 5.0748364770078E-03
0 0 0 0 0 0 0 0 0 0 0 0 0 0 0 0 0 0 0 0 0 0 0 0 0 0 3.77887161552241E-03 3.80343671557853E-03 3.81762471605463E-03 3.8281693519292E-03 3.83947548805472E-03 3.85271576073937E-03 3.86833125291307E-03 3.88646237785283E-03 3.90724620783272E-03 3.93071559021736E-03 3.95694107365891E-03 3.98594116690658E-03 4.01772500746777E-03 4.05235381120184E-03 4.08976417592164E-03 4.1299829397391E-03 4.17284849164909E-03 4.21816523324192E-03 4.26564009718935E-03 4.3149058863181E-03 0.004365576128928 4.41719677905412E-03 4.46935306459466E-03 4.52162218739416E-03 0.004573638965216 4.62509125011136E-03 4.67568121021185E-03 4.72517821330393E-03 4.77335848772481E-03 4.82010845485786E-03 4.86527911393459E-03 4.9088023409108E-03 4.95061195312652E-03 0.004990728446084 5.0291234902484E-03 5.06569005904008E-03 5.10041564153479E-03
0 0 0 0 0 0 0 0 0 0 0 0 0 0 0 0 0 0 0 0 0 0 0 0 0 3.76740016198367E-03 3.77887161552241E-03 3.78876023807459E-03 3.79982938126059E-03 3.81146390580825E-03 3.82466434602012E-03 3.83996926292675E-03 3.85772106949517E-03 3.87806605374308E-03 3.90114793641832E-03 3.92700986766442E-03 3.95572142629082E-03 3.98730371389163E-03 4.02175001278553E-03 0.00405908499372 4.0992080634808E-03 4.14208918148403E-03 4.18752529985598E-03 4.23527165286595E-03 4.28500372487967E-03 4.33632788103957E-03 4.38884002958976E-03 4.44206886321854E-03 4.49559490098911E-03 4.54901749479582E-03 4.60197808384055E-03 4.65417004838604E-03 4.70529564812962E-03 4.75513221301446E-03 4.8034615525429E-03 4.85016452435797E-03 4.89510084911292E-03 4.93820378647921E-03 4.97941900606645E-03 5.01876583233557E-03 5.05624156239451E-03 5.09177753881594E-03 5.12539533629941E-03
0 0 0 0 0 0 0 0 0 0 0 0 0 0 0 0 0 0 0 0 0 0 0 0 0 3.76740016198367E-03 3.76830478757072E-03 3.77476284670954E-03 3.78470144567034E-03 3.79705816381767E-03 3.81180595610915E-03 3.82902033791509E-03 3.84887178637429E-03 3.87145547573316E-03 3.89688702834864E-03 3.92519827694413E-03 3.95644457979194E-03 3.99065047267617E-03 4.02779066646817E-03 4.06784745655787E-03 4.11067918321524E-03 4.15619470945186E-03 4.20414295471781E-03 4.25423498340425E-03 4.3061162524926E-03 4.35937724140781E-03 4.4136017238436E-03 4.46830989023541E-03 4.52308120712957E-03 4.57753709468696E-03 4.6313250614711E-03 4.68413449865773E-03 4.73566580336233E-03 4.78570100551195E-03 4.83403066812413E-03 4.88052782541902E-03 4.92506284711625E-03 4.96757643289882E-03 5.00803347436887E-03 5.0464589505869E-03 5.0828710331291E-03 5.11725082239447E-03 5.14966451489051E-03
0 0 0 0 0 0 0 0 0 0 0 0 0 0 0 0 0 0 0 0 0 0 0 0 3.72974259406061E-03 3.74957234267411E-03 3.75265327845331E-03 3.75976987395812E-03 3.77042267932132E-03 3.78406507000343E-03 3.80053314557639E-03 3.81974327601641E-03 3.84177082737781E-03 3.86667711227339E-03 3.89453701844228E-03 3.92536960904227E-03 3.95920072621213E-03 3.99606802635661E-03 4.03592306813893E-03 4.07869429576613E-03 4.12420860949255E-03 4.17229739338527E-03 4.22267823445426E-03 4.27501092156835E-03 4.32892350166615E-03 4.38399583057006E-03 4.43980559921651E-03 4.49587379640339E-03 4.55176884141109E-03 4.60714606273414E-03 4.66164115411085E-03 4.71493599172962E-03 4.76672617696512E-03 4.81679823207597E-03 4.86495734542292E-03 4.91106082363853E-03 4.95500925844561E-03 4.9967467624966E-03 5.03627553528354E-03 5.07362105901703E-03 5.10884311099162E-03 5.14197349429108E-03 5.17311631788203E-03
