NongDo/Fusa 14.1h.grd
DSAA
463	323
2	464
2	324
0	10
[rows 252 to 279 of 323, columns 0 to 63 of 463]
0 0 0 0 0 0 0 0 0 0 0 0 0 0 0 0 0 0 0 0 0 0 0 0 0 0 0 0 0 0 0 0 0 0 0 0 0 0 4.36923205369333E-03 4.37742538022409E-03 4.38215708045127E-03 4.38598384472957E-03 4.39012935607327E-03 4.39480246378537E-03 4.40005027793951E-03 4.40586666163148E-03 4.41226944331553E-03 4.41925489631657E-03 4.42684672913134E-03 4.43506344267062E-03 4.44393571723586E-03 4.45349936261476E-03 4.46378412216895E-03 4.47482654581498E-03 4.48665347896066E-03 4.49930582565568E-03 4.51280441037592E-03 4.52717818955378E-03 4.54244258024753E-03 4.55862534242645E-03 4.5757246015342E-03 4.59372030541031E-03 4.61258777241384E-03 4.63229944773853E-03
0 0 0 0 0 0 0 0 0 0 0 0 0 0 0 0 0 0 0 0 0 0 0 0 0 0 0 0 0 0 0 0 0 0 0 0 0 0.004362290121559 4.36923205369333E-03 4.3732683562718E-03 4.37758627586805E-03 4.38194251656116E-03 4.38662683544304E-03 4.39176836467826E-03 4.39744320475235E-03 4.40367494863686E-03 4.41049666620129E-03 4.41791907694677E-03 4.42597424582418E-03 4.43469084854577E-03 4.44410313661224E-03 4.45424846470959E-03 4.4651563175324E-03 4.4768623990484E-03 4.48939172271555E-03 4.50278105362159E-03 4.51704805502578E-03 4.53221659878779E-03 4.54829653647352E-03 4.56530719140613E-03 4.58324087428945E-03 4.60207147701125E-03 4.62176866045571E-03 4.64229966360545E-03
0 0 0 0 0 0 0 0 0 0 0 0 0 0 0 0 0 0 0 0 0 0 0 0 0 0 0 0 0 0 0 0 0 0 0 0 4.35664843350349E-03 0.004362290121559 4.36576484636812E-03 4.36964307800937E-03 4.37391769761811E-03 4.37853163338662E-03 4.38356984879006E-03 4.38908371476587E-03 4.39513538724055E-03 4.40175656932726E-03 4.40898725685157E-03 4.41684765295046E-03 4.42537592131737E-03 4.43460861268598E-03 4.44458247927672E-03 4.45533562389425E-03 4.46689626289564E-03 4.47929794515554E-03 4.49256230715303E-03 4.50672267508564E-03 4.52179160693907E-03 4.53778601411876E-03 4.55470848601831E-03 4.5725701923036E-03 0.004591355666708 4.61103206965777E-03 4.63156323495409E-03 4.65291129925985E-03
0 0 0 0 0 0 0 0 0 0 0 0 0 0 0 0 0 0 0 0 0 0 0 0 0 0 0 0 0 0 0 0 0 0 0 4.35423101784295E-03 4.35664843350349E-03 4.35934264267636E-03 4.36258767022123E-03 4.3663904475476E-03 4.37072066868514E-03 4.3755338740164E-03 4.38085410024398E-03 4.38669116581365E-03 4.39309356866722E-03 4.40009500623157E-03 4.40773703961885E-03 4.41604659877053E-03 4.42506529389996E-03 4.43483753635384E-03 4.44540035542613E-03 4.45679223240869E-03 4.46903888914717E-03 4.48217110182296E-03 4.49620495417658E-03 4.51117098989213E-03 4.52707466476761E-03 4.54392357591009E-03 4.56171230619981E-03 4.58044316161132E-03 4.60009316862099E-03 4.62062093413329E-03 4.6419846018233E-03 4.66414117756455E-03
0 0 0 0 0 0 0 0 0 0 0 0 0 0 0 0 0 0 0 0 0 0 0 0 0 0 0 0 0 0 0 0 0 0 0 4.35423101784295E-03 4.35446941017543E-03 4.35644891968703E-03 4.35949654083863E-03 4.3633033241292E-03 4.36775167335757E-03 4.37277199676612E-03 4.37836238496577E-03 4.38451724136231E-03 4.39127326085344E-03 4.3986649090611E-03 4.40673476864404E-03 4.4155162160867E-03 4.42505347304224E-03 4.43539609851128E-03 4.44658157454967E-03 4.45864762612994E-03 4.47161708039837E-03 4.48551702341908E-03 4.50035825047267E-03 4.51616455085053E-03 4.53293278421841E-03 4.55066139503674E-03 4.56933676350028E-03 4.58895138041103E-03 4.60947271352214E-03 4.63085126109094E-03 4.65303950225602E-03 4.67599024200229E-03
0 0 0 0 0 0 0 0 0 0 0 0 0 0 0 0 0 0 0 0 0 0 0 0 0 0 0 0 0 0 0 0 0 0 4.34569010450274E-03 4.35012803104271E-03 4.35103891422613E-03 4.3531507409936E-03 4.35628037113954E-03 4.3602227142285E-03 4.36486472816169E-03 4.37013229502588E-03 4.37601236853083E-03 4.3825045087106E-03 4.38963642956689E-03 4.39744502245438E-03 4.40597126507559E-03 4.41525845066665E-03 4.42535136907311E-03 4.43630379897922E-03 4.44815271976815E-03 4.46093463643662E-03 4.47466848374765E-03 4.48937682110457E-03 4.50506482534413E-03 4.5217437607356E-03 4.53940347190619E-03 4.55803251498365E-03 4.57760937257708E-03 4.59811396860807E-03 4.61950625443822E-03 4.64172802299155E-03 4.66472610597178E-03 4.6884499043757E-03
0 0 0 0 0 0 0 0 0 0 0 0 0 0 0 0 0 0 0 0 0 0 0 0 0 0 0 0 0 0 0 0 0 0 4.34569010450274E-03 4.34594214714964E-03 4.34714089679012E-03 4.34949539823109E-03 4.35285091778202E-03 4.3570358162723E-03 4.3619484019317E-03 4.36751932547224E-03 4.37373499964453E-03 4.38060326664659E-03 4.38815054350055E-03 4.39641634107435E-03 4.40544186757418E-03 4.41527841689786E-03 4.42597285847195E-03 4.43758191692765E-03 4.45014186295352E-03 4.46368673636905E-03 4.4782304400743E-03 4.49378944980241E-03 4.51036074087311E-03 4.52794331763326E-03 4.54651773844223E-03 4.56606289427656E-03 4.58654851129761E-03 4.60794365887954E-03 4.63019979949824E-03 4.65325006406423E-03 4.67703645457071E-03 4.70150694691733E-03
0 0 0 0 0 0 0 0 0 0 0 0 0 0 0 0 0 0 0 0 0 0 0 0 0 0 0 0 0 0 0 0 0 0 4.34125618462422E-03 4.34133864371084E-03 4.34280204115622E-03 4.34547885719951E-03 4.34915957684972E-03 4.35367523182184E-03 4.35893179852245E-03 4.36486856027262E-03 4.37147727995236E-03 4.37877572894761E-03 4.38679077434388E-03 4.39556760693883E-03 4.40514589578175E-03 4.41558621990156E-03 4.42693617014332E-03 4.43925668621374E-03 4.45258195210765E-03 4.46694199644104E-03 4.48234361482852E-03 4.49879508337164E-03 4.51628418805588E-03 4.53479720276869E-03 4.55430472519224E-03 4.57477442665908E-03 4.59616812632133E-03 4.61844486634541E-03 4.64155014862068E-03 4.66540643215825E-03 4.68995289908537E-03 4.7151390432379E-03
0 0 0 0 0 0 0 0 0 0 0 0 0 0 0 0 0 0 0 0 0 0 0 0 0 0 0 0 0 0 0 0 0 0 4.33592933344124E-03 4.33607611282808E-03 4.33793071896296E-03 4.34104118632274E-03 4.34514715532157E-03 4.35008268993557E-03 4.35576247486786E-03 4.36213611977471E-03 4.36920330774394E-03 4.37699695379857E-03 4.38554441229634E-03 4.39489624438417E-03 4.40509120638687E-03 4.41619867673236E-03 4.42826510268751E-03 4.44135892380018E-03 4.45550961425793E-03 4.47073985117262E-03 4.48704730764074E-03 4.50443130470588E-03 4.52286914721841E-03 4.54233428695266E-03 4.56278642607911E-03 4.58418196174611E-03 4.6064747337649E-03 4.62961629381041E-03 4.65354786592261E-03 4.67817947812709E-03 4.7034517866709E-03 4.72932023348815E-03
0 0 0 0 0 0 0 0 0 0 0 0 0 0 0 0 0 0 0 0 0 0 0 0 0 0 0 0 0 0 0 0 0 4.32081285174201E-03 4.32858584131015E-03 4.32983581660961E-03 4.33244014257881E-03 4.33614174935941E-03 4.34078078542489E-03 4.34622596278908E-03 4.35241063726548E-03 4.35929765724208E-03 4.3668931185265E-03 4.37525597478099E-03 4.38440751124863E-03 4.39440881179868E-03 4.40529166937323E-03 4.41714141883571E-03 4.42999240704262E-03 4.44392941207087E-03 4.45896916236779E-03 0.004475124949321 4.49238401825651E-03 4.51073606961799E-03 4.53014791326446E-03 4.5505784098966E-03 4.57197857268877E-03 4.59429221618316E-03 4.61746705977925E-03 4.64144506108231E-03 4.66617165192587E-03 4.6915395176071E-03 4.71750046622301E-03 4.74401970139618E-03
0 0 0 0 0 0 0 0 0 0 0 0 0 0 0 0 0 0 0 0 0 0 0 0 0 0 0 0 0 0 0 0 0 4.32081285174201E-03 4.32123501993437E-03 4.32305284278359E-03 4.32638280703288E-03 4.33078044080116E-03 4.33604877268715E-03 4.34208857969699E-03 4.34885955592387E-03 4.3563418545438E-03 4.36454941846101E-03 4.37355729867949E-03 4.38339173030908E-03 4.39411961741221E-03 4.40577286766336E-03 4.41844370421344E-03 4.43216376853716E-03 4.44701577063489E-03 4.46300643503398E-03 4.48013893141396E-03 4.49839131157917E-03 4.51774065051485E-03 4.53814248984339E-03 4.55954267880862E-03 4.58188356498843E-03 4.60510023600845E-03 4.62913365973903E-03 4.65391714613666E-03 4.6793890983354E-03 4.70544983512358E-03 4.73206544483558E-03 4.7592088229735E-03
0 0 0 0 0 0 0 0 0 0 0 0 0 0 0 0 0 0 0 0 0 0 0 0 0 0 0 0 0 0 0 0 0 4.3130834837867E-03 4.3133150244572E-03 0.004315825112834 4.31991441604722E-03 4.32503503182047E-03 4.33098782569885E-03 4.33768583191136E-03 4.34511300990389E-03 4.3532655427971E-03 4.36217371487244E-03 4.37191166187105E-03 4.38251639806185E-03 4.39405731174957E-03 4.40657189779398E-03 4.42014977412653E-03 4.43482914853246E-03 4.45066535437156E-03 4.46766609495467E-03 4.48582077619757E-03 4.50510197030272E-03 4.52546683639318E-03 4.54686417057761E-03 4.56922569905524E-03 4.59248776185106E-03 4.61657924683315E-03 4.64143505683285E-03 4.66698144763863E-03 4.69314832789753E-03 4.71987490909154E-03 4.74712162916625E-03 4.77487157933454E-03
0 0 0 0 0 0 0 0 0 0 0 0 0 0 0 0 0 0 0 0 0 0 0 0 0 0 0 0 0 0 0 0 4.28455055643919E-03 4.30197602939235E-03 4.30429363723321E-03 4.30807689789409E-03 4.31307570119498E-03 4.31897349083688E-03 4.32565254018746E-03 4.33306280417775E-03 4.34121069828796E-03 4.35010971964816E-03 4.35979946815059E-03 4.3703556162828E-03 4.38182063811955E-03 4.39426670899282E-03 4.40773321441041E-03 4.42230707218004E-03 4.43802227710071E-03 4.45491316847001E-03 4.4729793437483E-03 4.49219876208022E-03 4.51253401323252E-03 4.5339261113802E-03 4.55631450650272E-03 4.57962066433047E-03 4.60377611996528E-03 4.62870598258313E-03 4.65434216199697E-03 4.68060834831924E-03 4.70744157258066E-03 4.73480614246731E-03 4.7626631154925E-03 4.79100000865347E-03
0 0 0 0 0 0 0 0 0 0 0 0 0 0 0 0 0 0 0 0 0 0 0 0 0 0 0 0 0 0 0 4.27831082869131E-03 4.28455055643919E-03 4.29068703775146E-03 4.29520138833744E-03 4.30019208243236E-03 4.30605879281492E-03 4.31271656248521E-03 4.32013479900683E-03 4.32829469233843E-03 4.33721840882197E-03 4.34693115179424E-03 4.35747942653968E-03 4.36893968555933E-03 4.38135626808991E-03 4.39479962376646E-03 4.40930771574257E-03 4.42495982738725E-03 4.44178167759799E-03 4.45979008580924E-03 4.47897173554299E-03 4.49929036713793E-03 4.52069745283126E-03 4.54312023614147E-03 4.56648893314545E-03 4.5907177766809E-03 4.61573504835548E-03 4.64146604430653E-03 4.66784494783472E-03 4.6947999843707E-03 4.72227660682043E-03 4.75025258501063E-03 4.77869588451478E-03 4.80759612545637E-03
0 0 0 0 0 0 0 0 0 0 0 0 0 0 0 0 0 0 0 0 0 0 0 0 0 0 0 0 0 0 0 4.27831082869131E-03 4.27874380347663E-03 4.28215032857108E-03 4.28676431977039E-03 4.29238274111273E-03 4.29895810717216E-03 4.30634321315723E-03 4.31451130846223E-03 4.32345850614608E-03 4.33321267598977E-03 4.3438056023245E-03 4.35528530886494E-03 4.36773195053377E-03 4.38118698417089E-03 4.39571507928248E-03 4.41134768226629E-03 4.42815492233238E-03 4.44614945498928E-03 4.46533103028216E-03 4.48567006621111E-03 4.50711463001472E-03 4.52960375544992E-03 4.55305301372252E-03 4.57738595956687E-03 4.60251019174621E-03 4.6283545495721E-03 4.65484900939891E-03 4.68193470910596E-03 4.70954709931603E-03 4.73764196261524E-03 4.76620531918441E-03 4.79521028600702E-03 4.82464749720272E-03
0 0 0 0 0 0 0 0 0 0 0 0 0 0 0 0 0 0 0 0 0 0 0 0 0 0 0 0 0 0 0 4.2703317041537E-03 4.27055992666805E-03 4.27358217820617E-03 4.27842747121406E-03 4.2845861119227E-03 4.29182036516196E-03 4.29992287179028E-03 4.30886071175651E-03 4.31863570456041E-03 4.32927471222047E-03 4.34081253764001E-03 4.35329476894482E-03 4.36680744643445E-03 4.38138439211691E-03 4.39707910844735E-03 4.41391343071578E-03 4.43194476402268E-03 4.45117123460318E-03 4.47157156997872E-03 4.49310021105501E-03 4.51568705329423E-03 4.53926030122459E-03 4.56372384520904E-03 4.5889992680431E-03 4.61498693569509E-03 4.64162190577158E-03 4.66884295367193E-03 4.69660187932712E-03 4.7248430613382E-03 4.75353050516588E-03 4.78265593238478E-03 4.81219617892644E-03 4.84214002482306E-03
0 0 0 0 0 0 0 0 0 0 0 0 0 0 0 0 0 0 0 0 0 0 0 0 0 0 0 0 0 0 4.24718913108313E-03 4.25899575263527E-03 4.26073092007003E-03 4.26445030370979E-03 4.2698839366157E-03 4.27668127334307E-03 4.2846207603854E-03 4.29349117787816E-03 4.3032484224674E-03 4.31390362717992E-03 4.32548661795073E-03 4.33803747475997E-03 4.35159734131166E-03 4.3662508539676E-03 4.38202453798215E-03 4.39895982737998E-03 4.41706588788498E-03 4.43638322894106E-03 4.45689114768555E-03 4.47854688669163E-03 4.50128649789647E-03 4.52502330732562E-03 4.54967392466552E-03 4.57513329850415E-03 4.60131984960319E-03 4.6281354463311E-03 4.65552469409271E-03 4.68343631752192E-03 4.71183328985024E-03 4.74067135315443E-03 4.76992498242295E-03 4.79958631246118E-03 4.8296316342303E-03 4.86004809836805E-03
0 0 0 0 0 0 0 0 0 0 0 0 0 0 0 0 0 0 0 0 0 0 0 0 0 0 0 0 0 0 4.24718913108313E-03 4.24788671203957E-03 4.25041965619239E-03 4.25496204132823E-03 4.26115932424891E-03 4.26870991846689E-03 4.27741812728598E-03 4.28711013425289E-03 4.29774562088419E-03 4.30934239612922E-03 4.32193119814928E-03 4.33556340944909E-03 4.35027764581334E-03 4.36614536831226E-03 4.38318689570682E-03 4.40142967927635E-03 4.42087000088668E-03 4.44152261726545E-03 4.46335008998635E-03 4.48628418272067E-03 4.51024360062859E-03 4.53512537662929E-03 4.56083646441511E-03 4.58726500727307E-03 4.6143279232149E-03 4.64193825036167E-03 4.67004734039272E-03 4.69861508933399E-03 4.72761708250623E-03 4.75702348860357E-03 4.78681643768409E-03 4.81698264664274E-03 4.8474989484414E-03 4.87834966504998E-03
0 0 0 0 0 0 0 0 0 0 0 0 0 0 0 0 0 0 0 0 0 0 0 0 0 0 0 0 0 4.22023897548846E-03 4.23407593198153E-03 4.23591841938782E-03 4.23965847292616E-03 4.24518181414179E-03 4.25227108268625E-03 4.26067967197922E-03 4.27024823924069E-03 4.28084041563297E-03 4.2924268731372E-03 4.30503566698969E-03 4.31870131212694E-03 4.33348546248957E-03 4.34942375481655E-03 4.36657533937683E-03 4.38494952315171E-03 4.40455911589824E-03 4.42538297911888E-03 4.44741120193302E-03 4.47058379874916E-03 4.49480832043182E-03 4.51998487244728E-03 4.54599708686024E-03 4.57274377433937E-03 4.60011010657166E-03 4.62801617134213E-03 4.65638622404567E-03 4.68518086111851E-03 4.71437106768436E-03 4.74394538013007E-03 4.77388829936065E-03 4.80418829791947E-03 4.83482565341369E-03 4.86577416352605E-03 4.8970154653937E-03
0 0 0 0 0 0 0 0 0 0 0 0 0 0 0 0 0 0 0 0 0 0 0 0 0 0 0 0 0 4.22023897548846E-03 4.2210284180439E-03 4.22381192831424E-03 4.22865633915511E-03 4.23522226651688E-03 4.24329127132041E-03 4.25265007376706E-03 4.26317114345777E-03 4.27474702069507E-03 4.28736488427895E-03 4.30106406928073E-03 4.31588281725648E-03 4.33189196221276E-03 4.3491233093096E-03 4.36762422786762E-03 4.38739089609897E-03 4.40841728071074E-03 4.43066303395872E-03 4.4540920426329E-03 4.47862244636443E-03 4.50413561835881E-03 4.53051435517579E-03 4.55763246488981E-03 4.58538409092039E-03 4.61365594163071E-03 4.64237200407922E-03 4.67146903185487E-03 4.70091632356302E-03 4.73069671124004E-03 4.76081017809134E-03 4.79125672677071E-03 4.82202945388597E-03 4.85309939849585E-03 4.8844354291777E-03 4.91601664277616E-03
0 0 0 0 0 0 0 0 0 0 0 0 0 0 0 0 0 0 0 0 0 0 0 0 0 0 0 0 4.19009803293525E-03 4.20551401769289E-03 4.20744266898718E-03 4.21146551312288E-03 4.21746365567494E-03 4.2251352390612E-03 4.23426959062008E-03 4.24467356515779E-03 4.25624627515998E-03 4.26890286140309E-03 4.28264151583417E-03 4.29751576284175E-03 4.31356646984649E-03 4.33087394132103E-03 4.34946405838793E-03 4.36937487853869E-03 4.39058620409707E-03 4.41306974066781E-03 4.43676332227106E-03 4.46160651522098E-03 4.48749513062607E-03 4.51428231645235E-03 4.54183728272039E-03 4.57002962483728E-03 4.59875224287387E-03 4.62789551305882E-03 4.65738887254802E-03 4.6871818303517E-03 4.71725187200817E-03 4.7475914634369E-03 4.77821025880247E-03 4.80912432867454E-03 4.84033120205829E-03 4.87178740326857E-03 4.90345692417638E-03 4.9353190469534E-03
0 0 0 0 0 0 0 0 0 0 0 0 0 0 0 0 0 0 0 0 0 0 0 0 0 0 0 0 4.19009803293525E-03 4.19089583631437E-03 4.19372907220574E-03 4.19895660107104E-03 4.20617226025952E-03 0.00421502206448 4.2253042534494E-03 4.23684140420471E-03 4.24955835475304E-03 4.26338747573646E-03 4.27833665280336E-03 4.29447494156974E-03 4.31183755769325E-03 4.33051951305552E-03 4.35053311779598E-03 4.37190983087568E-03 4.39461113379685E-03 4.41858108569155E-03 4.44373693192246E-03 4.46999039468027E-03 4.49722330724253E-03 4.52525444135798E-03 4.55394933108527E-03 4.58317908111956E-03 4.61283670535338E-03 4.64281965173113E-03 4.67305905383504E-03 4.70352182720212E-03 4.73418746792306E-03 4.76505816957244E-03 4.79614713238405E-03 4.82748845640379E-03 4.85908539288754E-03 4.89087037510682E-03 4.92280923716235E-03 4.95488490874279E-03
0 0 0 0 0 0 0 0 0 0 0 0 0 0 0 0 0 0 0 0 0 0 0 0 0 0 0 0 4.17499062340854E-03 4.17540400043813E-03 0.004179579969859 4.18626392667799E-03 4.19484339608678E-03 4.20497066677427E-03 4.2164853482726E-03 4.22924275097366E-03 4.24319311847228E-03 4.25828871224746E-03 4.27454139767436E-03 4.29203030925061E-03 4.31078845414423E-03 4.33091675475089E-03 4.3524178463542E-03 4.37530868129078E-03 4.39953189715169E-03 4.42500639834155E-03 4.45162799522075E-03 4.47927875402578E-03 4.50781874841742E-03 4.53705355990955E-03 4.56684888409857E-03 4.59707861328956E-03 4.62763600313864E-03 4.65842661284507E-03 4.68938572948364E-03 4.72049326616265E-03 4.75172892620315E-03 4.78310127775107E-03 4.81462676562892E-03 4.84635236556411E-03 4.87827661133848E-03 4.91031864155468E-03 4.94245199005075E-03 4.97466638873753E-03
0 0 0 0 0 0 0 0 0 0 0 0 0 0 0 0 0 0 0 0 0 0 0 0 0 0 0 4.12062320769271E-03 4.15403057601353E-03 4.15845836485694E-03 4.16515570615533E-03 4.1736366375101E-03 4.18369922662701E-03 4.19516848344104E-03 4.20797062046855E-03 4.22200920097678E-03 4.23726120937359E-03 4.25369980213057E-03 4.2713418619343E-03 4.29026662111642E-03 4.31050294792973E-03 4.33214812563164E-03 4.35519686099147E-03 4.37963909212311E-03 4.40540486381221E-03 4.43238622685796E-03 4.46046258231035E-03 4.4894786908589E-03 4.51927919608932E-03 4.54968000403003E-03 4.5805373459527E-03 4.61173339082969E-03 4.64315731474887E-03 4.6747308391543E-03 4.70638323685726E-03 0.004738111188733 4.76988700457704E-03 4.80172747781245E-03 4.83364272509707E-03 4.86568836192739E-03 4.89786580359712E-03 4.93008664016004E-03 4.9623333664356E-03 4.99460733519925E-03
0 0 0 0 0 0 0 0 0 0 0 0 0 0 0 0 0 0 0 0 0 0 0 0 0 0 4.09947919390659E-03 4.12062320769271E-03 4.13311960425584E-03 4.14207320586276E-03 0.004151225808759 4.16144447283895E-03 4.17296515545364E-03 4.18578274766495E-03 4.19990123458793E-03 4.21526785548536E-03 4.23188149563083E-03 4.24973352957701E-03 4.26884120934812E-03 4.28927960803982E-03 4.31106841105719E-03 4.33429362548005E-03 4.35893445460526E-03 4.38495721003586E-03 4.41227338109967E-03 4.44075361975399E-03 4.47025726496816E-03 4.50060230063475E-03 4.53162491877189E-03 4.56314965535653E-03 4.59503310715604E-03 4.62716027001571E-03 4.65942156752616E-03 4.69174687579204E-03 4.72406788873469E-03 4.75638479441991E-03 4.78866549025734E-03 4.82092804989875E-03 4.85318053556246E-03 4.8854795104827E-03 4.91782015573077E-03 4.95012353166907E-03 4.98239172175272E-03 5.01464144283791E-03
0 0 0 0 0 0 0 0 0 0 0 0 0 0 0 0 0 0 0 0 0 0 0 0 0 4.09000004556922E-03 4.09947919390659E-03 4.10842322211002E-03 4.11821053541048E-03 4.12797935398717E-03 4.13847268796857E-03 4.15004506028619E-03 4.16288018888812E-03 4.17700140124607E-03 4.19243657692419E-03 4.20915720714744E-03 4.22717625755695E-03 4.24649727949322E-03 4.26713726664861E-03 4.28915715906714E-03 4.31256408712654E-03 4.33741982321925E-03 4.36368580149773E-03 4.39130404004614E-03 4.42016759895244E-03 4.45012803207987E-03 4.4810278394493E-03 0.004512668181997 4.54487878452269E-03 4.57749430488134E-03 4.61037281905248E-03 4.64340201141588E-03 4.67647270567479E-03 4.70951997652772E-03 4.74247729534135E-03 4.77533851920724E-03 4.80807271175087E-03 4.84069240082914E-03 4.87320591065692E-03 4.90566036834109E-03 4.9380619028532E-03 4.97035173296457E-03 5.00254968498445E-03 5.03469442663123E-03
0 0 0 0 0 0 0 0 0 0 0 0 0 0 0 0 0 0 0 0 0 0 0 0 0 4.09000004556922E-03 4.09079711683844E-03 4.09664975586262E-03 4.10523286303403E-03 4.11532714729403E-03 4.12675361499028E-03 4.13947130349566E-03 4.1535315578809E-03 4.16893165669352E-03 4.18569368602878E-03 4.20379765317953E-03 4.22326133620556E-03 4.24410140729055E-03 4.26632860075711E-03 4.28998519458235E-03 4.31505964680527E-03 4.3415839730219E-03 4.36949672982525E-03 4.39871547076517E-03 4.42911480287228E-03 4.46053207056193E-03 4.49279648721717E-03 4.52569815181641E-03 4.55906334436875E-03 4.59273829803102E-03 4.62658322440406E-03 4.66048373466888E-03 4.69432971597019E-03 4.72805847645385E-03 4.76160507350489E-03 4.79495288358651E-03 4.82807069247471E-03 4.86096622208191E-03 4.89365032993595E-03 4.92616350952226E-03 4.95852015398156E-03 4.9906919127034E-03 5.02272727830191E-03 5.05468803367019E-03
0 0 0 0 0 0 0 0 0 0 0 0 0 0 0 0 0 0 0 0 0 0 0 0 4.05837280968988E-03 4.0750069977154E-03 4.07777597782292E-03 4.0839290787532E-03 4.09273332123304E-03 4.10347416943059E-03 4.11585304777011E-03 4.12969185687028E-03 4.1449679917443E-03 4.1616608290916E-03 4.17977568480935E-03 4.19929862792908E-03 4.22024349849455E-03 4.24264572926047E-03 4.26650739991969E-03 0.004291841929159 4.31862190963186E-03 4.34683588212835E-03 4.37640513273778E-03 4.40721661952217E-03 4.43913228177788E-03 4.47197881242604E-03 4.50557655569968E-03 4.5397111653965E-03 4.57420037449122E-03 4.60891095840023E-03 4.64369515474007E-03 4.67843401973994E-03 4.71301333492607E-03 4.74737052876814E-03 4.78144373749541E-03 4.81519628741111E-03 4.8486076311252E-03 4.88167420664557E-03 4.91442146621557E-03 4.94687693050141E-03 4.97908095655027E-03 5.01104058235498E-03 5.04283140488937E-03 5.0745403238692E-03
