NongDo/Fusa 17.4h.grd
DSAA
463	323
2	464
2	324
0	10
[rows 252 to 279 of 323, columns 126 to 188 of 463]
8.84863349263736E-03 8.96888133428235E-03 9.08177358755069E-03 9.18643578268214E-03 9.28207074893306E-03 9.36796856711416E-03 9.44358158256776E-03 9.50855033596851E-03 9.56272700109866E-03 9.60619270639067E-03 9.63925162487348E-03 9.66242024104659E-03 9.67635720052101E-03 9.68185397859232E-03 9.67981711179157E-03 9.6712426830421E-03 9.65718794907848E-03 9.63874113535847E-03 9.61697913339283E-03 9.59293109510959E-03 9.56755303631308E-03 9.54170365744048E-03 9.51613100745603E-03 9.49144765084804E-03 9.46815579787784E-03 9.44662451024374E-03 9.42714149466612E-03 9.40988955274832E-03 9.39496921163211E-03 9.38237449306003E-03 9.37203014465006E-03 9.36377154753623E-03 9.35738641468481E-03 9.35261218112317E-03 9.3491876478773E-03 9.34687584972107E-03 9.34545535628176E-03 9.34473833327715E-03 9.34452633141218E-03 9.34454526720837E-03 0 0 0 0 0 0 0 0 0 0 0 0 0 0 0 0 0 0 0 0 0 0 0
8.93328981069006E-03 0.00904930764839 9.15741665047093E-03 9.25678329646747E-03 9.34667511934895E-03 9.42646624062047E-03 9.49570603265478E-03 9.55414132655683E-03 9.60173379013384E-03 9.63867045475938E-03 9.66535296324314E-03 9.6823826977141E-03 9.69050363542597E-03 9.69058653241128E-03 9.68360860365012E-03 9.67062518292046E-03 9.65273828936305E-03 9.63106318230559E-03 9.6066817786985E-03 9.58060282572749E-03 9.55374486133003E-03 9.5269131776161E-03 9.50079556110981E-03 9.47593974475017E-03 9.45278174686603E-03 9.43162892839633E-03 9.41271048512838E-03 9.39615823478691E-03 9.38202834684293E-03 9.3702785928934E-03 9.36080209226347E-03 9.35340975949495E-03 9.34786206564865E-03 9.34386912186934E-03 9.34113278230487E-03 9.33938132860527E-03 9.33836757995106E-03 9.3378883363128E-03 9.33776231581646E-03 9.33806817023669E-03 0 0 0 0 0 0 0 0 0 0 0 0 0 0 0 0 0 0 0 0 0 0 0
9.01568095192587E-03 9.12707600177975E-03 9.23004067052526E-03 9.32379451188183E-03 9.40767868705262E-03 9.48115531844689E-03 9.5438762067058E-03 9.59569504029623E-03 9.63668066468169E-03 9.66712084754412E-03 9.68751156310906E-03 9.6985369675416E-03 9.70102069012887E-03 9.69590912840714E-03 9.68424591095789E-03 9.66713943744944E-03 9.64572838094606E-03 9.62114582657051E-03 9.59446796772255E-03 9.56667206913962E-03 9.53863044159274E-03 9.51108943864502E-03 9.48467131486768E-03 9.45985510507002E-03 9.43700934684571E-03 9.41637917641077E-03 9.39813797944856E-03 9.38237033865164E-03 9.36909174040092E-03 9.35822669789523E-03 9.34964319816002E-03 9.34313360671851E-03 9.33843818741916E-03 9.33523809139292E-03 9.33319724512531E-03 9.33200227105441E-03 9.33138041773839E-03 9.33113608625292E-03 9.33119576098695E-03 9.33806817023669E-03 0 0 0 0 0 0 0 0 0 0 0 0 0 0 0 0 0 0 0 0 0 0 0
9.0954976039007E-03 9.20190256938908E-03 9.29939618581806E-03 9.38726049493866E-03 9.46491773511326E-03 9.53191957146536E-03 9.58802257853091E-03 9.63318571367533E-03 9.66758028632281E-03 9.69159017101444E-03 9.70580120811718E-03 9.71097867436447E-03 9.70802339413588E-03 9.69795409238943E-03 9.68187642789001E-03 9.66094497331669E-03 9.63632587614263E-03 9.60915954547942E-03 9.58050626285595E-03 9.5512998559341E-03 9.52236038984289E-03 9.49436953559378E-03 9.46787998491966E-03 9.44329836257888E-03 9.42092605960843E-03 9.40094637930223E-03 9.38347895917123E-03 9.36856506565808E-03 9.35618301477364E-03 9.34622833268528E-03 9.3385517139216E-03 9.33293596901332E-03 9.32910729082744E-03 9.32672236510943E-03 9.32539771214152E-03 9.32476870761361E-03 9.32453554653824E-03 9.32449802160539E-03 9.32480261670283E-03 0 0 0 0 0 0 0 0 0 0 0 0 0 0 0 0 0 0 0 0 0 0 0 0
9.17244743369593E-03 9.27353002556346E-03 9.36526880654859E-03 9.44701299124865E-03 9.51826652502296E-03 9.57867813949188E-03 9.62810796303551E-03 9.66661426307899E-03 9.69446583953774E-03 9.71213897028522E-03 9.72030700240791E-03 9.71981290946792E-03 9.71163352443752E-03 9.69685854232091E-03 9.67665087179915E-03 9.65220387952471E-03 9.62470118527525E-03 9.59527780042809E-03 9.56496494149966E-03 9.53464718191285E-03 9.50508565349783E-03 9.47689145460374E-03 9.45054305339097E-03 9.42637400844018E-03 9.40461788276064E-03 9.38539932403127E-03 9.36878774560248E-03 9.35478131778083E-03 9.34332266208984E-03 9.33428681424243E-03 9.32751636817278E-03 9.32279172391004E-03 9.31983450545348E-03 9.31828394164853E-03 9.31771423466523E-03 9.31767316593644E-03 9.31781945616267E-03 9.31803780416255E-03 9.32480261670283E-03 0 0 0 0 0 0 0 0 0 0 0 0 0 0 0 0 0 0 0 0 0 0 0 0
9.2462440972739E-03 9.34172064926099E-03 9.42746962866449E-03 9.50291237672355E-03 9.56763823994407E-03 9.6213937798675E-03 9.6641347411648E-03 9.69601529073067E-03 9.7173978324357E-03 9.72884841427995E-03 9.73112491801774E-03 9.72514934953501E-03 9.71197585738544E-03 9.69276162844758E-03 9.66872056204984E-03 9.64107585776939E-03 9.61101713301772E-03 9.57966064257513E-03 9.54799901844988E-03 9.51685992353264E-03 9.48693802361138E-03 9.45876934075216E-03 9.43275690948861E-03 9.40916091024047E-03 9.38814657560456E-03 0.009369783646756 9.35409147654352E-03 9.34102789402949E-03 9.33050562035331E-03 9.32238717744953E-03 9.31651126068185E-03 9.31267244087072E-03 9.31061202330366E-03 9.30997415776635E-03 9.31025466220015E-03 9.31081635119215E-03 9.31122088164522E-03 9.31153693578856E-03 0 0 0 0 0 0 0 0 0 0 0 0 0 0 0 0 0 0 0 0 0 0 0 0 0
9.31666450744717E-03 9.40630004220395E-03 9.48587336075393E-03 9.55488108091966E-03 9.61299680250912E-03 9.66006188277292E-03 9.69612506826338E-03 9.72143290010008E-03 9.73643878408014E-03 9.74179648612837E-03 9.73834880519263E-03 9.72709825237295E-03 9.70917613002148E-03 9.68580365159627E-03 9.65823819119102E-03 9.62772235674124E-03 9.59543948073203E-03 0.009562474506274 9.52976891568788E-03 9.49808716658066E-03 9.46805188286915E-03 9.44012199885824E-03 9.41462397281844E-03 9.39174338291476E-03 9.37157928226819E-03 9.35414812178603E-03 9.33942292570737E-03 9.32732386346737E-03 9.31773724330239E-03 9.31051399071462E-03 9.30549686687284E-03 9.30251378068123E-03 9.3013687107976E-03 9.30176480336854E-03 9.30312386395129E-03 9.30436856263105E-03 9.30495248203624E-03 9.31153693578856E-03 0 0 0 0 0 0 0 0 0 0 0 0 0 0 0 0 0 0 0 0 0 0 0 0 0
9.38351377736942E-03 9.46712679316082E-03 9.54038812439726E-03 9.60287128734137E-03 9.6543314068468E-03 9.69470171330777E-03 9.72412042762139E-03 9.74292575918303E-03 9.75166082211691E-03 9.75106784766508E-03 0.009742075917346 9.72577116610041E-03 9.70336104089266E-03 9.67612482102726E-03 9.64535387261083E-03 9.61229804298262E-03 9.57812199767937E-03 9.54386739977024E-03 9.51041501456869E-03 9.4784583109648E-03 9.44854177595461E-03 9.42104727131168E-03 9.39622463839033E-03 9.37418393165579E-03 9.35496097205569E-03 9.33852294529219E-03 9.32479975483027E-03 9.31367642026092E-03 9.30501151015288E-03 9.29864266345906E-03 9.29442090277077E-03 9.29223149044914E-03 9.29201289195205E-03 9.29369166516019E-03 9.2967318808162E-03 9.29877432283373E-03 9.2990607047006E-03 0 0 0 0 0 0 0 0 0 0 0 0 0 0 0 0 0 0 0 0 0 0 0 0 0 0
9.44666617399379E-03 9.52412154938215E-03 9.5909754602108E-03 9.64687663765096E-03 9.6916597837887E-03 9.72534782217455E-03 9.74816839130496E-03 9.76055147528445E-03 9.76313179768291E-03 9.75674199029951E-03 9.74239997813726E-03 9.72127800895912E-03 9.69465682159913E-03 9.66386554055897E-03 9.6302177584599E-03 9.59495786272132E-03 9.55921938531557E-03 9.52398985677334E-03 9.49007853090586E-03 9.45810043777825E-03 9.42851783178741E-03 9.40163654159138E-03 9.37763097192775E-03 9.35653506020685E-03 9.33832722768117E-03 9.32292989012687E-03 9.31023338597186E-03 9.30008666529256E-03 9.29231681635933E-03 9.28673939169565E-03 9.28320344048538E-03 9.28165090490757E-03 9.28223545452692E-03 9.28549879271339E-03 9.29203490762485E-03 9.2952620967551E-03 9.2990607047006E-03 0 0 0 0 0 0 0 0 0 0 0 0 0 0 0 0 0 0 0 0 0 0 0 0 0 0
9.5060414678363E-03 9.57724407144391E-03 9.63762601970771E-03 9.68691100788473E-03 0.009725011813998 9.75204190060689E-03 9.7683184546649E-03 9.77436673407874E-03 9.77091689813119E-03 9.75889594115217E-03 9.73941291034015E-03 9.71372831873095E-03 9.68318944859807E-03 9.64916393400699E-03 9.61297435327906E-03 9.57584627408386E-03 9.53887022430103E-03 9.50296938496645E-03 9.46887375342616E-03 9.43711249301473E-03 9.40806168126639E-03 9.38195180173218E-03 9.35888575155347E-03 9.3388213125166E-03 9.32168858348596E-03 9.30737025131791E-03 9.29571756446615E-03 9.28654274440539E-03 9.27963632991433E-03 9.27478036406012E-03 9.27178850755657E-03 9.27059284937253E-03 9.27146553191204E-03 9.27596793220004E-03 9.29203490762485E-03 9.2952620967551E-03 0 0 0 0 0 0 0 0 0 0 0 0 0 0 0 0 0 0 0 0 0 0 0 0 0 0 0
9.56161946260429E-03 9.62649952005715E-03 9.68036227597052E-03 9.72300602623437E-03 9.75442522655969E-03 9.77482352703096E-03 9.78461306567282E-03 9.7844188702394E-03 9.77507257486732E-03 9.75760005812982E-03 9.73320381700535E-03 9.70322966991951E-03 9.66908322204425E-03 9.63215542335317E-03 9.59376424144825E-03 9.55510302463167E-03 9.51720901716539E-03 9.48092902633542E-03 9.44690861836156E-03 9.41558401757196E-03 9.38724702891997E-03 9.36204844287685E-03 9.34001795340147E-03 9.32105398842865E-03 9.30504663841024E-03 9.29183814556764E-03 9.28124128597656E-03 9.27302981955559E-03 9.26695459477835E-03 9.26275162234809E-03 9.26016674787013E-03 9.25896450790593E-03 9.25884116159801E-03 9.25902179699043E-03 0 0 0 0 0 0 0 0 0 0 0 0 0 0 0 0 0 0 0 0 0 0 0 0 0 0 0 0 0
9.61342616800762E-03 9.67192194247186E-03 9.71922153987306E-03 9.75519965879171E-03 9.77993492482324E-03 9.79372556491817E-03 9.7970856874724E-03 9.79074702882653E-03 9.77564957659036E-03 9.75292204727763E-03 9.72385960333591E-03 9.68988685228373E-03 9.65245750006552E-03 9.61296731532073E-03 9.57271834147602E-03 9.53285508986161E-03 9.49435286549977E-03 9.4579671839963E-03 9.42426102811421E-03 9.39356715234065E-03 9.36610004150833E-03 9.34192719108995E-03 9.32101926501866E-03 0.009303225534107 9.2883902589195E-03 9.27631987322542E-03 9.2667911487151E-03 9.25954355904188E-03 9.25429003502727E-03 9.25072672579236E-03 9.24853872451443E-03 9.24740657544533E-03 9.2469764512518E-03 9.24694618486353E-03 0 0 0 0 0 0 0 0 0 0 0 0 0 0 0 0 0 0 0 0 0 0 0 0 0 0 0 0 0
9.66149115700028E-03 9.71353904445871E-03 9.75422743170857E-03 9.78350989394739E-03 9.80155551703262E-03 9.80876252328464E-03 9.80575524944868E-03 9.79337998776759E-03 9.77269135023374E-03 9.74492370462812E-03 9.7114626472085E-03 9.67380069068031E-03 9.63342289341485E-03 9.59171833576689E-03 9.54995590605394E-03 9.50921927255104E-03 9.47040610706132E-03 9.43417783212557E-03 9.40100294297911E-03 9.37111864911378E-03 9.34466045335672E-03 9.32161927364203E-03 9.30190926264418E-03 9.28533659862585E-03 9.27170756494971E-03 9.26079265937008E-03 9.25233620556402E-03 9.24604626545941E-03 9.24160468962526E-03 9.23867402253466E-03 9.23690636687208E-03 9.23595917930458E-03 9.23552193030367E-03 9.23551063134034E-03 0 0 0 0 0 0 0 0 0 0 0 0 0 0 0 0 0 0 0 0 0 0 0 0 0 0 0 0 0
9.70585771938224E-03 9.75138434032544E-03 9.78540227078647E-03 9.80794962454392E-03 9.81929278052909E-03 9.81993894955313E-03 9.81063200527433E-03 9.79234060695018E-03 9.76623860468345E-03 9.73366544508382E-03 9.69609064562147E-03 9.65506155140569E-03 9.61208077449724E-03 9.56851334250638E-03 9.52557766197777E-03 9.4842836206101E-03 9.44544261401307E-03 9.40961639962519E-03 9.37717606841732E-03 9.34826751115558E-03 9.32294482550093E-03 9.30113081947717E-03 9.28268640295456E-03 9.26738068804768E-03 9.25498131474532E-03 9.24523073337086E-03 9.23784511493085E-03 9.23250736236989E-03 9.22887135004459E-03 9.22657646248473E-03 9.22525699541881E-03 9.22458231792065E-03 9.22430741414497E-03 9.22482436736962E-03 0 0 0 0 0 0 0 0 0 0 0 0 0 0 0 0 0 0 0 0 0 0 0 0 0 0 0 0 0
9.7465476899488E-03 9.78546479668946E-03 9.81274072421221E-03 9.82850463467941E-03 9.8331302523956E-03 9.82724344250745E-03 9.81171657240171E-03 9.78764783281145E-03 9.75633316511823E-03 9.71921427701279E-03 9.67783591090342E-03 9.63378606709734E-03 9.58856499221875E-03 9.54349474907411E-03 9.49972698550606E-03 9.45818860921583E-03 9.41959527800613E-03 9.38440202955516E-03 9.35288178232745E-03 9.32509250366288E-03 9.30101273243574E-03 9.28050229810391E-03 9.26337242662788E-03 9.24935622587147E-03 9.23819113139589E-03 9.22959493080029E-03 9.22326150086011E-03 9.21885070963496E-03 9.21599318627921E-03 9.21430967780421E-03 9.21343030095342E-03 9.21305895804239E-03 9.21312352408703E-03 9.22482436736962E-03 0 0 0 0 0 0 0 0 0 0 0 0 0 0 0 0 0 0 0 0 0 0 0 0 0 0 0 0 0
9.78357057485226E-03 9.81577553101262E-03 0.009836224808268 9.84514958078616E-03 9.84304246978636E-03 9.83065897302853E-03 9.80900877230905E-03 9.77932515746398E-03 9.74302602980112E-03 9.70164895878564E-03 9.65680057085021E-03 9.61009256134551E-03 9.56300574631772E-03 9.51679672091275E-03 9.47253687850849E-03 9.43105835596066E-03 9.39297368707984E-03 9.35862337562528E-03 9.32819041104202E-03 9.30164677502448E-03 9.2788997826266E-03 9.2597534704401E-03 9.24397150463067E-03 9.23125683533601E-03 9.22131633533053E-03 9.21385167862288E-03 9.20853548959603E-03 9.20501124132911E-03 9.20289239084022E-03 9.20179119180944E-03 9.20133131964173E-03 9.20122053276875E-03 9.20178288351933E-03 0 0 0 0 0 0 0 0 0 0 0 0 0 0 0 0 0 0 0 0 0 0 0 0 0 0 0 0 0 0
9.81690579286868E-03 9.84228069778058E-03 9.85580934365373E-03 9.85783781397157E-03 9.84899065440021E-03 9.83016365281723E-03 9.80251158398371E-03 9.76740570077912E-03 9.72638249558103E-03 9.68106691715556E-03 9.63311319332414E-03 9.58413312828631E-03 9.5355628428876E-03 9.48858344450991E-03 9.4441722464214E-03 9.40305094237747E-03 9.36571629493836E-03 9.33240305430219E-03 9.3032031835605E-03 9.27801037701704E-03 9.25666858949202E-03 9.2389261456193E-03 9.22450313009944E-03 9.21307653252893E-03 9.20433436783856E-03 9.19795775112678E-03 9.19359536727774E-03 9.1908770250442E-03 9.18941748537053E-03 9.18882426085516E-03 9.18873311081853E-03 9.18899375384914E-03 9.20178288351933E-03 0 0 0 0 0 0 0 0 0 0 0 0 0 0 0 0 0 0 0 0 0 0 0 0 0 0 0 0 0 0
9.84651267225794E-03 9.8649262151477E-03 9.87143513441265E-03 9.86651474723852E-03 9.8509341742009E-03 9.82574091607522E-03 9.7922401171965E-03 9.75194042080207E-03 9.70648896388416E-03 9.65758464125221E-03 9.60690943689656E-03 9.55605072188976E-03 9.50638444376828E-03 9.45899970320938E-03 9.41476239740124E-03 9.37427220934309E-03 9.33791167157132E-03 9.30581582646341E-03 9.2779829744166E-03 9.25423749956675E-03 9.23435858403477E-03 9.21804724371582E-03 9.20498536482439E-03 9.19483403224574E-03 9.18725572205768E-03 9.18191489459064E-03 9.17844186129896E-03 9.1764549081827E-03 9.17555911412813E-03 9.1753566646984E-03 9.17545852763115E-03 9.17610545261598E-03 0 0 0 0 0 0 0 0 0 0 0 0 0 0 0 0 0 0 0 0 0 0 0 0 0 0 0 0 0 0 0
9.87231451013622E-03 9.8836290355438E-03 9.88302254841394E-03 9.87111473573155E-03 9.84883253776747E-03 9.81738376073618E-03 9.77822658585682E-03 9.73300226828103E-03 9.68345712312711E-03 9.63134643431762E-03 9.57835853701328E-03 9.52603419373719E-03 9.47566496658039E-03 9.42823298835712E-03 9.38448164031801E-03 9.34488412293394E-03 9.30970717875695E-03 9.27898656594866E-03 9.25263225296929E-03 9.23040239017801E-03 9.21202088197683E-03 9.19714573680533E-03 0.009185431153822 9.1765199295029E-03 9.17005673687981E-03 9.16568664357265E-03 9.16302016553027E-03 9.16165697005007E-03 9.16118475825871E-03 9.16121601516861E-03 9.1615405529532E-03 9.17610545261598E-03 0 0 0 0 0 0 0 0 0 0 0 0 0 0 0 0 0 0 0 0 0 0 0 0 0 0 0 0 0 0 0
9.89421926140084E-03 9.89829567987346E-03 9.89048829561214E-03 9.8715765121589E-03 9.84265694611112E-03 9.80510354881767E-03 9.76052559114664E-03 9.71068797191235E-03 9.65741997453521E-03 9.60251143135834E-03 9.54763369924024E-03 9.49425803952189E-03 9.44357504502574E-03 9.39644206227602E-03 9.35347105193013E-03 9.31500770450787E-03 9.28120325350285E-03 9.2519949388852E-03 9.2272109566074E-03 9.20655158585675E-03 9.18969195808614E-03 9.17625737050174E-03 9.16587288789222E-03 9.15816832021583E-03 9.15276999386409E-03 9.14930601354252E-03 9.14737222183555E-03 9.14655120446409E-03 9.14641325572793E-03 9.14655804105562E-03 9.14727179081313E-03 0 0 0 0 0 0 0 0 0 0 0 0 0 0 0 0 0 0 0 0 0 0 0 0 0 0 0 0 0 0 0 0
9.9121111046665E-03 9.90881984919333E-03 9.89374681777711E-03 9.86784629154765E-03 9.83239413239556E-03 9.78893280179828E-03 9.73921689962631E-03 9.68512131217628E-03 9.62853708146361E-03 9.5712650701779E-03 9.5149353025877E-03 9.46092713281245E-03 9.41031038148901E-03 9.36380513770176E-03 9.32188799014449E-03 9.28477846364214E-03 9.25251279975586E-03 9.22492973513024E-03 9.20178261857595E-03 9.18272247029592E-03 9.16738944800225E-03 9.15537883947639E-03 9.14629362169847E-03 9.13975044665315E-03 9.13535944289354E-03 9.13272847220108E-03 9.13144079324888E-03 9.1310660411577E-03 9.13117865954457E-03 9.13153707156663E-03 9.14727179081313E-03 0 0 0 0 0 0 0 0 0 0 0 0 0 0 0 0 0 0 0 0 0 0 0 0 0 0 0 0 0 0 0 0
9.92587086994235E-03 9.91509716562022E-03 9.89272149710227E-03 9.85988621511755E-03 9.81805211445902E-03 9.76892884022185E-03 9.71440464087419E-03 9.65644635918061E-03 9.59698138536434E-03 9.53779496523213E-03 9.48045156649968E-03 9.42621488599931E-03 9.37602579345095E-03 9.33045375016458E-03 9.28983936575816E-03 9.25427719786574E-03 9.22369137110787E-03 9.19782348972563E-03 9.17636189114557E-03 9.15892022766976E-03 9.14510974911895E-03 9.13450825694485E-03 9.12669702630362E-03 9.12128912581191E-03 9.11786815009909E-03 9.11601596770565E-03 9.11529842013175E-03 9.11527942768279E-03 9.11552354806759E-03 9.11628537647896E-03 0 0 0 0 0 0 0 0 0 0 0 0 0 0 0 0 0 0 0 0 0 0 0 0 0 0 0 0 0 0 0 0 0
9.93537086147878E-03 9.91702532620048E-03 9.88734801140915E-03 9.84767851093625E-03 9.79966322425932E-03 9.74517383850221E-03 9.68621813467564E-03 9.62482858711453E-03 9.56294207217457E-03 9.50230128608462E-03 9.44438014170863E-03 9.39030961955961E-03 9.34088399131386E-03 9.29652562834003E-03 9.25743981814962E-03 9.22359376078295E-03 9.19479962882542E-03 9.17071374931342E-03 9.15096709487094E-03 9.13514512741392E-03 9.12283813054718E-03 9.11361344349284E-03 9.10705993577135E-03 9.10277319069158E-03 9.10029984459139E-03 9.09918563648779E-03 9.09895090320451E-03 9.09916728582542E-03 9.09966408583628E-03 9.11628537647896E-03 0 0 0 0 0 0 0 0 0 0 0 0 0 0 0 0 0 0 0 0 0 0 0 0 0 0 0 0 0 0 0 0 0
9.94048800781245E-03 9.91451571876957E-03 9.87758252120508E-03 9.83123074881371E-03 9.77728731174859E-03 9.71777637118579E-03 9.65480311689822E-03 9.59043619500227E-03 9.5265969692215E-03 9.46495612144397E-03 9.40687922721863E-03 9.35334610446044E-03 9.30499980656685E-03 9.26211327484455E-03 9.22474964210425E-03 9.19275336722252E-03 9.16583780300341E-03 9.14358986531785E-03 9.12558460187801E-03 9.1114019812314E-03 9.10061281927834E-03 9.09278935815605E-03 9.08751011433448E-03 9.08435088165408E-03 9.08284290999846E-03 9.08249404709579E-03 9.0827697551475E-03 9.08313699907357E-03 9.08391919166289E-03 0 0 0 0 0 0 0 0 0 0 0 0 0 0 0 0 0 0 0 0 0 0 0 0 0 0 0 0 0 0 0 0 0 0
9.94110408432112E-03 9.90749467657994E-03 9.86340238316853E-03 9.8105725444874E-03 9.75100626385422E-03 9.68686166806191E-03 9.6203174125712E-03 9.55345142742319E-03 9.48813899834723E-03 9.42595506569506E-03 9.36813320103401E-03 9.31549535043239E-03 9.26852327977997E-03 9.22733558577137E-03 9.19185757748443E-03 9.1618176551836E-03 9.13684220572961E-03 9.11645694440994E-03 9.10020662154029E-03 9.08766514453525E-03 9.07839791648552E-03 9.07198388777482E-03 9.06799372856375E-03 9.06599058513533E-03 9.06549696562158E-03 9.06600233133757E-03 9.06690844252696E-03 9.06755025057254E-03 9.08391919166289E-03 0 0 0 0 0 0 0 0 0 0 0 0 0 0 0 0 0 0 0 0 0 0 0 0 0 0 0 0 0 0 0 0 0 0
9.93712290236506E-03 9.89591407627177E-03 9.84481107646822E-03 9.78575800194665E-03 9.7209178820248E-03 9.65256121996461E-03 9.5829160451251E-03 9.51403861571666E-03 9.44773173302954E-03 9.38545037323946E-03 9.3282814278105E-03 9.27687837593744E-03 9.23155517560309E-03 9.19227140918007E-03 9.15882064358181E-03 9.13082851638036E-03 9.10784636963659E-03 9.08934753419522E-03 9.07484511951736E-03 9.06391863814152E-03 9.05614640616391E-03 9.05112121438646E-03 9.04841655818896E-03 9.04759502962814E-03 9.04819633180561E-03 9.04972421758846E-03 9.0514354953374E-03 9.05156489106586E-03 0 0 0 0 0 0 0 0 0 0 0 0 0 0 0 0 0 0 0 0 0 0 0 0 0 0 0 0 0 0 0 0 0 0 0
9.92846984156118E-03 9.87974832315394E-03 9.82183375760656E-03 9.75686058820524E-03 9.68713747351496E-03 9.61502475280112E-03 9.54277144178913E-03 9.4723815794376E-03 9.40555799453324E-03 9.34361821012762E-03 9.28748451169015E-03 9.2376310787264E-03 9.19420113268912E-03 9.15699346929568E-03 9.12568209779767E-03 9.09980116987516E-03 9.07883680528193E-03 9.06220972052741E-03 9.04941856194695E-03 9.04005350097859E-03 9.03371641844503E-03 9.03002494863112E-03 9.02856992666981E-03 9.02893479556002E-03 9.03071635705014E-03 9.03362188511032E-03 9.03733135784385E-03 9.03800834290052E-03 0 0 0 0 0 0 0 0 0 0 0 0 0 0 0 0 0 0 0 0 0 0 0 0 0 0 0 0 0 0 0 0 0 0 0
9.91509509405017E-03 9.85899711139526E-03 9.79451875096501E-03 9.72397189809526E-03 9.6497904064324E-03 9.57439789838198E-03 9.50003845566346E-03 9.42863068270781E-03 9.36175835965209E-03 9.30057942625663E-03 9.24583935580204E-03 9.19781610303812E-03 9.15649397565958E-03 9.12150731750701E-03 9.0924277682167E-03 9.06870628542653E-03 9.04977315852174E-03 9.03500050875913E-03 9.0238685268955E-03 9.01599099850786E-03 9.01099591453442E-03 9.00853878497104E-03 9.00825555302923E-03 9.00975601617516E-03 9.01265950542602E-03 9.01710478200523E-03 9.02691430596492E-03 9.03800834290052E-03 0 0 0 0 0 0 0 0 0 0 0 0 0 0 0 0 0 0 0 0 0 0 0 0 0 0 0 0 0 0 0 0 0 0 0
