NongDo/Fusa 19.4h.grd
DSAA
463	323
2	464
2	324
0	10
[rows 56 to 83 of 323, columns 256 to 319 of 463]
0 0 0 0 0 0 0 0 0 0 0 0 0 0 0 0 0 0 0 0 0 0 0 0 0 0 0 0 0 0 0 0 0 0 0 0 0 0 0 0 0 0 0 0 0 0 0 0 0 0 0 0 0 0 0 0 0 0 0 0 0 0 0 0
0 0 0 0 0 0 0 0 0 0 0 0 0 0 0 0 0 0 0 0 0 0 0 0 0 0 0 0 0 0 0 0 0 0 0 0 0 0 0 0 0 0 0 0 0 0 0 0 0 0 0 0 0 0 0 0 0 0 0 0 0 0 0 0
0 0 0 0 0 0 0 0 0 0 0 0 0 0 0 0 0 0 0 0 0 0 0 0 0 0 0 0 0 0 0 0 0 0 0 0 0 0 0 0 0 0 0 0 0 0 0 0 0 0 0 0 0 0 0 0 0 0 0 0 0 0 0 0
0 0 0 0 0 0 0 0 0 0 0 0 0 0 0 0 0 0 0 0 0 0 0 0 0 0 0 0 0 0 0 0 0 0 0 0 0 0 0 0 0 0 0 0 0 0 0 0 0 0 0 0 0 0 0 0 0 0 0 0 0 0 0 0
0 0 0 0 0 0 0 0 0 0 0 0 0 0 0 0 0 0 0 0 0 0 0 0 0 0 0 0 0 0 0 0 0 0 0 0 0 0 0 0 0 0 0 0 0 0 0 0 0 0 0 0 0 0 0 0 0 0 0 0 0 0 0 0
0 0 0 0 0 0 0 0 0 0 0 0 0 0 0 0 0 0 0 0 0 0 0 0 0 0 0 0 0 0 0 0 0 0 0 0 0 0 0 0 0 0 0 0 0 0 0 0 0 0 0 0 0 0 0 0 0 0 0 0 0 0 0 0
0 0 0 0 0 0 0 0 0 0 0 0 0 0 0 0 0 0 0 0 0 0 0 0 0 0 0 0 0 0 0 0 0 0 0 0 0 0 0 0 0 0 0 0 0 0 0 0 0 0 0 0 0 0 0 0 0 0 0 0 0 0 0 0
0 0 0 0 0 0 0 0 0 0 0 0 0 0 0 0 0 0 0 0 0 0 0 0 0 0 0 0 0 0 0 0 0 0 0 0 0 0 0 0 0 0 0 0 0 0 0 0 0 0 0 0 0 0 0 0 0 0 0 0 0 0 6.99845344120644E-03 7.00805979342242E-03
0 0 0 0 0 0 0 0 0 0 0 0 0 0 0 0 0 0 0 0 0 0 0 0 0 0 0 0 0 0 0 0 0 0 0 0 0 0 0 0 0 0 0 0 0 0 0 0 0 0 0 0 0 0 0 0 0 0 6.96048913305231E-03 6.96979076458065E-03 6.97910955503759E-03 6.98854143366117E-03 6.99845344120644E-03 7.00805979342242E-03
0 0 0 0 0 0 0 0 0 0 0 0 0 0 0 0 0 0 0 0 0 0 0 0 0 0 0 0 0 0 0 0 0 0 0 0 0 0 0 0 0 0 0 0 0 0 0 0 0 0 0 0 0 0 6.9224026398381E-03 0.006932033383576 6.94150290592264E-03 6.95095204356221E-03 6.96048913305231E-03 6.96979076458065E-03 6.97910955503759E-03 6.98854143366117E-03 6.9980544319386E-03 7.00756361268434E-03
0 0 0 0 0 0 0 0 0 0 0 0 0 0 0 0 0 0 0 0 0 0 0 0 0 0 0 0 0 0 0 0 0 0 0 0 0 0 0 0 0 0 0 0 0 0 0 0 0 0 0 6.89087309620119E-03 6.90165500462585E-03 6.91219973749578E-03 6.9224026398381E-03 0.006932033383576 6.94150290592264E-03 6.95095204356221E-03 6.96034610764854E-03 6.96973553523889E-03 6.97904027018831E-03 6.98836421001803E-03 6.99768136620076E-03 7.0070321969794E-03
0 0 0 0 0 0 0 0 0 0 0 0 0 0 0 0 0 0 0 0 0 0 0 0 0 0 0 0 0 0 0 0 0 0 0 0 0 0 0 0 0 0 0 0 0 6.82074731815284E-03 6.83332391832066E-03 6.84536508255122E-03 6.85700947801114E-03 6.86847173145116E-03 6.87975826711061E-03 6.89087309620119E-03 6.90165500462585E-03 6.91219973749578E-03 6.92235230334115E-03 6.93215571159985E-03 6.94172302821407E-03 6.95120358730674E-03 6.96059379573748E-03 6.96997859950506E-03 6.97927731183421E-03 6.98855490093464E-03 6.99780095141207E-03 7.00705892722333E-03
0 0 0 0 0 0 0 0 0 0 0 0 0 0 0 0 0 0 0 0 0 0 0 0 0 0 0 0 0 0 0 0 0 0 0 0 0 0 0 0 0 0 0 6.79268040096275E-03 6.80680487154119E-03 6.82074731815284E-03 6.83332391832066E-03 6.84536508255122E-03 6.85700947801114E-03 6.86847173145116E-03 6.87975826711061E-03 6.89093663165688E-03 6.90184336741086E-03 6.91247438633866E-03 6.92274962917382E-03 6.93273401527018E-03 6.9424752248451E-03 6.95208647499347E-03 6.96158432941894E-03 6.97103151266054E-03 6.98039997606007E-03 6.98973078031324E-03 6.99902241297209E-03 7.00830412802659E-03
6.30014432149811E-03 6.31196491420198E-03 6.32368865433276E-03 6.33531958303153E-03 6.34685992256152E-03 6.35840578903284E-03 6.36985649741887E-03 6.38120584672875E-03 6.39246878375813E-03 0.006403779607031 6.41516650317153E-03 6.42670409558562E-03 6.4382194458009E-03 6.44962543166418E-03 6.46085388355245E-03 6.47201492669343E-03 6.48309848579994E-03 6.4942057822283E-03 6.50521776573625E-03 6.51614460572487E-03 6.52698261550886E-03 6.53788390098454E-03 6.54886631711608E-03 6.56004023990138E-03 6.57125015637456E-03 6.58243593294818E-03 6.59350154762925E-03 6.60454216248009E-03 6.61548944810258E-03 6.62642421908305E-03 6.63719790634442E-03 6.64784286170044E-03 6.65837866798743E-03 6.66908410495919E-03 6.68025412946994E-03 0 0 0 0 6.73872566060704E-03 6.75074613772439E-03 6.76425063552625E-03 6.77840067203757E-03 6.79268040096275E-03 6.80680487154119E-03 6.82046713615942E-03 6.83332128574136E-03 6.84557232092745E-03 6.85740349128274E-03 6.86901452607287E-03 6.8804267501249E-03 6.89171267562136E-03 6.90276539121755E-03 6.91357327090214E-03 6.92407399352926E-03 6.93431166755492E-03 6.94431357073542E-03 6.95416473445758E-03 6.96388396430892E-03 6.97352318294865E-03 6.98307672630068E-03 6.99257929214869E-03 7.0020377566939E-03 7.01148275440902E-03
6.30014432149811E-03 6.31196491420198E-03 6.32368865433276E-03 6.33531958303153E-03 6.34685992256152E-03 6.35840578903284E-03 6.36985649741887E-03 6.38120584672875E-03 6.39246878375813E-03 0.006403779607031 6.41516650317153E-03 6.42670409558562E-03 6.4382194458009E-03 6.44962543166418E-03 6.46085388355245E-03 6.47201492669343E-03 6.48309848579994E-03 6.4942057822283E-03 6.50521776573625E-03 6.51614460572487E-03 6.52698261550886E-03 6.53788390098454E-03 6.54886631711608E-03 6.56004023990138E-03 6.57125015637456E-03 6.58243593294818E-03 6.59350154762925E-03 6.60454216248009E-03 6.61548944810258E-03 6.62642421908305E-03 6.63719790634442E-03 6.64784286170044E-03 6.65837866798743E-03 6.66908410495919E-03 6.68025412946994E-03 6.69401340396967E-03 6.70541555119765E-03 6.71681211184213E-03 6.72829258146178E-03 6.73872566060704E-03 6.75074613772439E-03 6.76425063552625E-03 6.77840067203757E-03 6.79273749846246E-03 6.80687583104523E-03 6.82063045801071E-03 6.83378749677811E-03 6.84639139742404E-03 6.8585727683073E-03 6.87049393624898E-03 6.88218458823368E-03 6.89372678438288E-03 6.90504873840188E-03 6.91614959995531E-03 0.006926979092239 6.9375639833373E-03 6.94792464882352E-03 6.95812775075529E-03 6.96818934965484E-03 6.97815263145669E-03 6.9880204290655E-03 6.99782444163804E-03 7.00758204447641E-03 7.0173281725182E-03
6.30062229951751E-03 6.31283541846471E-03 6.32477135073226E-03 6.33654856930322E-03 6.34821289927536E-03 6.35985990648516E-03 6.37140737686342E-03 6.38283885928894E-03 6.39418288032902E-03 6.40555513383252E-03 6.4169944150125E-03 6.42859179491903E-03 6.44016852544313E-03 6.45160660295283E-03 6.46287685978766E-03 6.47407521518839E-03 6.48520663725723E-03 6.49635151643402E-03 6.50741600183977E-03 6.51839335484715E-03 6.52929424073266E-03 6.54024285032496E-03 6.55127177684835E-03 6.56249924106232E-03 6.57377408313519E-03 6.58500587743541E-03 6.59612914494712E-03 6.60721733424447E-03 6.61821869274198E-03 6.62918455591843E-03 6.63998840850119E-03 6.65062510765158E-03 6.66110556669479E-03 6.67162962701407E-03 6.68241285383542E-03 6.69401340396967E-03 6.70541555119765E-03 6.71681211184213E-03 6.72829258146178E-03 6.7399840479191E-03 6.75243675357819E-03 6.76589505767152E-03 6.77989173780664E-03 6.79409101870494E-03 6.80821621271373E-03 6.82213714978371E-03 6.83564355387298E-03 6.84869680098404E-03 6.86135269480424E-03 6.87372314983553E-03 6.8858381908119E-03 6.89777977577577E-03 6.90950117426343E-03 6.92100924411309E-03 6.93226806296599E-03 6.94329619105618E-03 6.95411235981778E-03 6.96477156735608E-03 6.97528692305296E-03 6.98569124458911E-03 6.99599176540544E-03 7.00622007606507E-03 7.01640071018058E-03 7.0265711995398E-03
6.30204579159822E-03 6.31454404631306E-03 6.3267507268745E-03 6.3387691359178E-03 6.35065492045896E-03 6.36248992070484E-03 6.37421868648302E-03 6.38582368022344E-03 6.39734387373228E-03 6.40886720472456E-03 6.42043161354632E-03 6.43212721023091E-03 6.44378751981695E-03 6.45529467973298E-03 6.46665843147617E-03 6.47794963072964E-03 6.48918289780943E-03 6.5004143590095E-03 6.5115848734409E-03 6.52267834599659E-03 6.53371882125446E-03 6.5447944790095E-03 6.5559430179343E-03 6.56727221361306E-03 6.57864551662216E-03 6.58996630912717E-03 6.6012025025741E-03 6.61239643305181E-03 6.6235091103094E-03 6.63456024935004E-03 6.64545679014631E-03 6.65616760419401E-03 6.66670606819889E-03 6.67720022603037E-03 6.68779690477527E-03 6.6988005465989E-03 6.70995922950018E-03 6.72125312203093E-03 6.73273626612783E-03 6.74462296493319E-03 6.75708809510447E-03 6.77032198179202E-03 6.78406939122083E-03 6.79810349257274E-03 6.81221642861334E-03 6.82630435279349E-03 6.84015582859389E-03 6.8536804489666E-03 6.86686166247173E-03 6.87976085497979E-03 6.89239431099006E-03 6.90483552045331E-03 6.91704988716291E-03 6.92904979169926E-03 6.94081363765458E-03 6.95235729386078E-03 6.96370151099895E-03 6.97489329000999E-03 6.98594340525267E-03 6.99687494434901E-03 7.00770050381742E-03 7.01844836494831E-03 7.02914831178141E-03 7.03983749957657E-03
6.3042330289869E-03 6.31705831738436E-03 6.32961033737716E-03 6.34196340181157E-03 6.35416670230693E-03 6.3662797051912E-03 6.37827455398193E-03 6.39015172930063E-03 6.40194413169298E-03 6.41371567721152E-03 6.42549729705928E-03 6.43733526945834E-03 6.4491127457707E-03 6.46075949563858E-03 6.47228854165715E-03 6.48374734659135E-03 6.49515219642508E-03 6.50653967758922E-03 6.51787777489541E-03 6.52916485225649E-03 6.54042384684388E-03 6.55171602853641E-03 6.56307537027107E-03 6.57456272911154E-03 6.58607784188157E-03 6.59755917769571E-03 6.60898253529578E-03 6.62036136174958E-03 6.63166044667477E-03 6.64287689277868E-03 6.6539410856791E-03 6.66482967620938E-03 6.67555145204077E-03 6.68618996566617E-03 6.69684962977969E-03 6.70772535032888E-03 6.71877078420207E-03 6.73001024403866E-03 6.74149728536906E-03 6.75339238850721E-03 6.7657908043078E-03 6.77882507486027E-03 6.79236012295863E-03 6.80626663726736E-03 6.82038587790164E-03 6.83461620014707E-03 6.84876548538266E-03 6.86271320249778E-03 6.87639665454406E-03 6.88982773046611E-03 6.90300529729242E-03 6.9159752393916E-03 6.92871330528083E-03 6.94123402575021E-03 6.95352700989637E-03 6.96561361930546E-03 6.9775163989966E-03 6.98927343242639E-03 7.00089329924752E-03 7.01239535699934E-03 7.02379261865155E-03 7.03511323923319E-03 7.04638783185773E-03 7.05765211414533E-03
6.30721127198816E-03 6.32045199080712E-03 6.33343772837148E-03 6.34621820542387E-03 6.35883363626323E-03 6.37132639668257E-03 6.38369331325634E-03 6.39594580460381E-03 6.40810319141419E-03 6.42020988226531E-03 6.4322863307732E-03 6.44434829418438E-03 6.45634137266249E-03 6.46822903679226E-03 6.4800117066044E-03 6.49172210375226E-03 6.50337907839178E-03 6.51500959037983E-03 6.52660717681613E-03 6.53817885249163E-03 6.54973853429716E-03 6.56132777928108E-03 6.57297160026621E-03 6.58469889219109E-03 6.59645910391099E-03 6.60820892417054E-03 6.61991394600085E-03 6.63156813922724E-03 6.64314124250359E-03 6.65461798643934E-03 6.66595280689513E-03 6.67712653647602E-03 0.006688138084578 6.69904383996848E-03 6.70992008578747E-03 6.72090257629357E-03 6.73203014719532E-03 6.74336362967031E-03 6.75495855418986E-03 6.76693712065736E-03 6.77937453443547E-03 6.79237306037049E-03 6.80586786878267E-03 6.81977551204855E-03 6.83396332011458E-03 6.84833925448312E-03 6.86274426249914E-03 6.87704103412722E-03 6.89114486773609E-03 6.90503154829615E-03 6.91868626853826E-03 6.93212998780912E-03 6.94535389260793E-03 6.95836414136682E-03 6.97116260686344E-03 6.98376848966934E-03 6.99620600932845E-03 7.0085070783907E-03 7.02068588012303E-03 7.03275450560339E-03 7.04472734077691E-03 7.05662972377055E-03 7.06849228482435E-03 7.08034732749732E-03
6.31112944877697E-03 6.32488711397219E-03 6.33840482169604E-03 6.35171568320173E-03 6.36484994113013E-03 6.37784273577126E-03 6.39069910392067E-03 6.40343215827625E-03 6.41605469114451E-03 6.42859718567206E-03 6.44107097837614E-03 6.45348490114144E-03 6.46581590778686E-03 6.47804856257546E-03 6.49018284307915E-03 6.50224428134983E-03 6.51425243073302E-03 6.52623490929971E-03 6.53819827577545E-03 6.55015325238403E-03 6.56210928118407E-03 6.57409476734459E-03 6.58612601238979E-03 6.59821998300784E-03 6.6103494106643E-03 6.62248090395063E-03 6.63457369541929E-03 6.64660949715956E-03 6.65855808174276E-03 6.67040252846161E-03 6.6821101351054E-03 6.69366495589832E-03 6.70506107576421E-03 6.71633945382244E-03 6.7275607235954E-03 6.7388326410495E-03 6.75022600379244E-03 6.76182191668219E-03 6.77368092629267E-03 6.78590638144932E-03 6.79856435085695E-03 6.81174116186399E-03 6.82539462036262E-03 6.83945787284078E-03 6.85381119938143E-03 6.86837358031984E-03 6.88300551865418E-03 6.89757829425098E-03 6.91200024226855E-03 6.92623035772536E-03 6.94024668795744E-03 6.95406066009696E-03 6.96766854963892E-03 6.98107759564455E-03 6.99429384962554E-03 7.00733720953426E-03 7.02023251715834E-03 7.03300993465281E-03 7.04568500640605E-03 7.05826735302418E-03 7.07077076289135E-03 7.08321812129976E-03 7.09563816624107E-03 7.10805823862093E-03
6.31613790057088E-03 6.33053079946383E-03 6.34469375958934E-03 6.35864992008708E-03 6.37242129404548E-03 6.38603753773144E-03 0.006399503521608 6.41283089271036E-03 6.4260305556099E-03 6.43912412482649E-03 6.45211762049797E-03 6.46501834688164E-03 6.47781780576537E-03 6.49051358490845E-03 6.50311265775705E-03 6.51563937457984E-03 6.52811492120298E-03 6.5405695467725E-03 6.55301554376304E-03 6.56546570523723E-03 6.57792938699779E-03 6.59042705792004E-03 6.60296866383164E-03 6.61556546154776E-03 6.62819812409156E-03 6.64083390410079E-03 6.65342905309772E-03 6.66595760302322E-03 6.67838873088713E-03 6.69070562251737E-03 6.70288196994687E-03 6.71490431688659E-03 6.72676789055005E-03 6.73850791706147E-03 6.75017916018947E-03 6.76187837052099E-03 6.77368741960152E-03 6.78569570248554E-03 6.79796794939321E-03 6.81059961058195E-03 6.82364713698507E-03 6.83718485633669E-03 6.85116379895994E-03 6.86551714822192E-03 6.88013179399421E-03 6.89493458711794E-03 6.90979786735104E-03 6.92459868839202E-03 6.93924878952363E-03 6.95370946100859E-03 6.96796657595698E-03 6.98203051632354E-03 6.99590434900136E-03 7.0095962754258E-03 7.02311617994214E-03 7.03648736960884E-03 7.04974008627903E-03 7.06290111014634E-03 7.07598703586115E-03 7.08900320045142E-03 7.1019634044951E-03 7.11488977459846E-03 7.12780889017258E-03 7.14074004873308E-03
6.32243385495531E-03 6.33759234134822E-03 6.35252742487413E-03 6.36725500661866E-03 6.38179132082386E-03 6.39615777064896E-03 6.41035855357295E-03 6.42440463669566E-03 6.43830564425025E-03 6.45207647339463E-03 6.46572040553032E-03 6.47924354508991E-03 6.49264537088639E-03 6.50593384924691E-03 6.51912409105419E-03 6.53224196408121E-03 6.54531176519598E-03 6.55836585371147E-03 6.5714198432713E-03 6.5844891406522E-03 6.59758443891437E-03 6.61072147101795E-03 6.62390461303892E-03 6.63714246018776E-03 6.6504130902531E-03 6.66367721984786E-03 6.67688744918468E-03 6.6900140713072E-03 6.70302518801761E-03 6.7159053819209E-03 6.72863163417375E-03 6.74119316510027E-03 6.75359118603661E-03 6.76586400636581E-03 6.77806750238318E-03 6.79029640113082E-03 6.80263532084363E-03 6.81517184872422E-03 6.82797158030868E-03 6.84112542403535E-03 6.85468254160362E-03 6.86869161103479E-03 6.88308536766663E-03 6.89779665086492E-03 6.91271858682617E-03 6.92777949631443E-03 6.94285429559756E-03 6.95783400622124E-03 6.97263932081743E-03 6.98724329516055E-03 7.00164314081564E-03 7.01585344077897E-03 7.02988548247566E-03 7.04375119425891E-03 7.05746705132191E-03 7.07106457297966E-03 7.08457819367834E-03 7.0980303663778E-03 7.11143696844709E-03 7.12480192065318E-03 7.13814090150677E-03 7.15147385275524E-03 7.16482341255606E-03 7.17819844184723E-03
6.33025182324777E-03 6.34631429359206E-03 6.36215702321695E-03 6.37778897559412E-03 6.39322148096941E-03 6.40846809740592E-03 6.42353453802327E-03 6.4384298373184E-03 6.45316172585114E-03 6.46773996705534E-03 6.48216759648941E-03 6.49644909924664E-03 6.51059062903063E-03 6.52460772590724E-03 6.53852226099159E-03 6.55236294920192E-03 6.56615808274329E-03 6.57994209849514E-03 6.59373369959803E-03 6.60755033042578E-03 6.62140431450882E-03 6.63530925699266E-03 6.64926447098997E-03 6.66327458673558E-03 6.6773051779663E-03 6.69130648710948E-03 6.70522765290213E-03 6.71903805041469E-03 6.7327042647685E-03 6.74621309099402E-03 6.7595428838253E-03 6.77268866217342E-03 6.78566368606814E-03 6.79851583351458E-03 6.81130415775438E-03 6.82412677926287E-03 0.006837062623165 6.8501926680523E-03 6.86357920136207E-03 6.87730628520352E-03 6.89140537789857E-03 6.9059022864214E-03 6.92072333582165E-03 6.93579163100851E-03 6.95100754789488E-03 6.96630031621693E-03 6.98155973281987E-03 6.99667791296145E-03 7.01159121554527E-03 7.02628359644906E-03 7.04076317283813E-03 7.05504839389668E-03 7.06916504309284E-03 7.08312787734477E-03 0.007096969711177 7.11072687473195E-03 7.12443425205293E-03 7.13810669955259E-03 7.15176470127388E-03 7.16540856929812E-03 7.17905602959756E-03 7.19272677372111E-03 7.20643759052515E-03 7.22018673519176E-03
6.33990658660215E-03 6.35701940241036E-03 6.37391401120865E-03 6.39059256982235E-03 6.40706104994789E-03 6.4233268997476E-03 6.43939558836154E-03 6.45527469226969E-03 6.47097063842054E-03 6.48648965097239E-03 6.50183479839925E-03 6.5170098912521E-03 6.53202674457316E-03 6.5469084951634E-03 6.56168265102432E-03 6.57638063575726E-03 6.59103406017906E-03 6.60567735752303E-03 6.62033130810487E-03 6.63501726512095E-03 6.64974945761679E-03 6.66453962014318E-03 6.67938253136104E-03 6.69427308155953E-03 6.70915844041012E-03 6.72397860149581E-03 6.73867859979301E-03 6.75322641359471E-03 6.76759035974045E-03 6.78175842286527E-03 6.79571173887534E-03 6.80945898554039E-03 6.82302830625851E-03 6.83647890902784E-03 6.8498767476109E-03 6.86332021720143E-03 6.8768776019235E-03 6.89062338825439E-03 6.90461223595229E-03 6.91891291832799E-03 6.93353795055471E-03 6.94848851251266E-03 6.96368455921534E-03 6.97905206135171E-03 6.99450252880167E-03 7.0099660302733E-03 7.02534195461974E-03 7.04053732818292E-03 7.05550659213444E-03 7.07024000426291E-03 7.08475381227288E-03 7.09907286312288E-03 7.11323231527093E-03 7.1272553501042E-03 7.14119090822527E-03 7.15507164564799E-03 7.16892880035742E-03 7.18277420874729E-03 7.19663173461195E-03 7.21050072385118E-03 7.22440349161016E-03 7.23835217255408E-03 7.25235783513361E-03 7.26641330410075E-03
6.35178002410289E-03 6.37010009165432E-03 6.38820012233806E-03 6.40607500054622E-03 6.42372567250524E-03 6.44115393219587E-03 6.45836477472791E-03 6.47536420235767E-03 6.4921584553987E-03 6.50875087133259E-03 6.52514635851339E-03 6.54134817726722E-03 6.55737514214292E-03 6.57325727592029E-03 6.58902553330035E-03 6.60471185501702E-03 6.62034868871902E-03 6.63597082341966E-03 6.6516025504215E-03 6.66726717774636E-03 6.68297832204164E-03 6.69874576191765E-03 6.71455649199983E-03 6.7303983380222E-03 6.74619997530114E-03 6.7618838285104E-03 6.7773861436365E-03 6.79267961376253E-03 6.80773869465207E-03 6.82255672499192E-03 6.83712743832832E-03 6.85147033193831E-03 6.86562328918218E-03 6.87965918407082E-03 6.89364905848053E-03 6.90769732935643E-03 6.92186443609338E-03 6.93620776347922E-03 6.95076245096457E-03 6.96558313520511E-03 6.98067076253459E-03 6.99599883847449E-03 7.01149427752116E-03 7.02708330277038E-03 7.04269347958029E-03 7.05825592294999E-03 0.007073692315919 7.08891371469699E-03 7.10388869156089E-03 7.11862154666555E-03 7.13314618863794E-03 7.14748836016007E-03 7.16168857695526E-03 7.17577282993539E-03 7.18979019465746E-03 7.2037742975338E-03 7.21776057033739E-03 7.23175565326255E-03 7.24578141967148E-03 7.25983552799633E-03 7.27393729165148E-03 7.28809939691995E-03 7.30233551366228E-03 7.31663470549253E-03
6.36635169212811E-03 6.38604439344442E-03 6.40551034132376E-03 6.42473733038465E-03 6.44372150955123E-03 6.46245974516366E-03 6.4809560410497E-03 6.49921560961983E-03 6.51724378823694E-03 6.53504262011706E-03 6.55261938337141E-03 6.56997952662468E-03 6.58714973354947E-03 6.60416543917768E-03 6.62105770663181E-03 6.63785673747044E-03 6.65459452813791E-03 6.67130524050035E-03 6.68801431175273E-03 6.70474547155455E-03 6.72151059319592E-03 6.73831803959965E-03 6.75514658304254E-03 6.77197354301764E-03 6.78870003619082E-03 6.80523422991256E-03 6.82151360395961E-03 6.83752240973004E-03 6.85324097463633E-03 6.86867223216361E-03 6.88382182942344E-03 6.89872119435096E-03 6.91341874367246E-03 6.92800172641333E-03 6.9425447563145E-03 6.95715543091337E-03 6.97187621260219E-03 6.98674704781221E-03 7.00178659801602E-03 7.01703899853485E-03 7.03248937224624E-03 7.04809289889732E-03 7.0637868806334E-03 7.0795045713458E-03 7.09519091963794E-03 7.11077848619888E-03 7.1262082793862E-03 7.14139771752392E-03 7.15633822545571E-03 7.17104703253085E-03 7.18557212197729E-03 7.1999347164336E-03 7.21417894297439E-03 7.22832972686212E-03 0.007242432537855 7.25651693476379E-03 7.27062104905557E-03 7.28474579117787E-03 7.29891150154839E-03 7.31311239291852E-03 7.32736831414721E-03 7.34169088517561E-03 7.35609817264052E-03 7.37057678503527E-03
6.38419751707359E-03 6.40543641200268E-03 6.42643416037899E-03 6.44717217588577E-03 6.46764293186321E-03 6.48783967580017E-03 6.50776609723196E-03 6.52742602781261E-03 6.54682346998265E-03 6.5659599370405E-03 6.58484713550209E-03 6.60349470628625E-03 6.62193693700219E-03 6.64021198268691E-03 6.65834679452381E-03 6.67636866376924E-03 6.69430790008791E-03 6.71219693814714E-03 6.73005880795229E-03 6.74791428425847E-03 6.76577176235195E-03 6.78364006498643E-03 6.80148781532635E-03 6.81927463713132E-03 6.83686825386477E-03 6.85417992119454E-03 6.87116687033862E-03 6.88782837229179E-03 6.90414816690643E-03 6.92013535189918E-03 6.93580214996404E-03 6.95119384993927E-03 6.9663731911582E-03 6.98144011847945E-03 6.99646593540177E-03 7.01155756301514E-03 7.02672850235636E-03 7.04200907246202E-03 7.05741685977193E-03 7.07298816944382E-03 7.08869419078741E-03 7.10446959948202E-03 7.12026846615828E-03 7.13603294918944E-03 7.15172867816556E-03 7.16728304510363E-03 7.18265788419911E-03 7.19777430387792E-03 7.21265908822671E-03 7.22733935207607E-03 7.24186465023888E-03 7.25624525196755E-03 7.27053168417956E-03 7.28474575627818E-03 7.29893227706083E-03 7.31311216682432E-03 7.32731949232924E-03 7.34154674311857E-03 7.3558173019955E-03 7.3701208859328E-03 7.38448348146072E-03 7.39891467250833E-03 7.41343117945739E-03 7.42801749395614E-03
6.40598349579779E-03 6.42894473145417E-03 6.45164008071212E-03 6.47404770744475E-03 6.49615655683903E-03 6.51795924302336E-03 6.53945824710681E-03 6.56065488094075E-03 6.58155180181084E-03 6.6021531936235E-03 6.62247340769151E-03 6.64253331076461E-03 6.66237181967091E-03 6.68202032291167E-03 6.70149919558121E-03 6.72083569494894E-03 6.74005689597154E-03 6.75919112855056E-03 6.7782546159879E-03 6.79725913932693E-03 6.81620750077515E-03 6.83510864687239E-03 6.85392815289582E-03 6.87258209754437E-03 6.89092439812555E-03 6.9089050200626E-03 6.9265076127197E-03 6.94373496306301E-03 6.96057188360913E-03 6.97703281695202E-03 6.9931359493924E-03 7.00894159664165E-03 7.02452415009941E-03 7.03998513798699E-03 7.05539711778751E-03 7.07084284164012E-03 7.08631418854666E-03 7.10185564689309E-03 7.11749385202324E-03 7.13324788065978E-03 7.1490714034078E-03 7.16490268843159E-03 7.1807130884429E-03 7.19645361077414E-03 7.2121001933547E-03 7.22757712266107E-03 7.24285736791969E-03 7.25788394751427E-03 7.2727182778931E-03 7.28737649872119E-03 7.30189901188207E-03 7.31629135293167E-03 7.33061109919357E-03 7.34487412222468E-03 7.35912618369952E-03 7.37337701871554E-03 7.38765298985267E-03 7.40194276447228E-03 7.41627161230496E-03 7.43062914047457E-03 7.44504873579247E-03 7.45953058214917E-03 7.47408611294715E-03 7.48870128072523E-03
