NongDo/Fusa 15h.grd
DSAA
463	323
2	464
2	324
0	10
[rows 252 to 279 of 323, columns 0 to 63 of 463]
0 0 0 0 0 0 0 0 0 0 0 0 0 0 0 0 0 0 0 0 0 0 0 0 0 0 0 0 0 0 0 0 0 0 0 0 0 0 4.33000108674306E-03 4.34103181976739E-03 4.34654950251519E-03 4.35021607634981E-03 4.35379431999925E-03 4.35772981295156E-03 4.36221053604135E-03 4.36733437413345E-03 4.37319263561643E-03 4.37984007889599E-03 4.3873412163721E-03 4.39574542167101E-03 4.40510302760118E-03 4.41546223745094E-03 4.42685702715592E-03 4.43932104501607E-03 4.45286924216549E-03 4.46752586351961E-03 4.48328695634568E-03 4.50015217449565E-03 4.5181014565256E-03 4.53712767924148E-03 4.55718994831589E-03 4.57822341679822E-03 4.60015436549718E-03 4.62290329907447E-03
0 0 0 0 0 0 0 0 0 0 0 0 0 0 0 0 0 0 0 0 0 0 0 0 0 0 0 0 0 0 0 0 0 0 0 0 0 4.32051240972226E-03 4.33000108674306E-03 4.33456689265725E-03 4.33889200715326E-03 4.34279347579866E-03 4.34677662748119E-03 4.35114231596837E-03 4.35608293625684E-03 4.36170888169938E-03 4.36811517209122E-03 4.37536165384027E-03 4.38351609160112E-03 4.39263415605125E-03 4.40276818325374E-03 4.41396603390444E-03 4.42625902135681E-03 4.43967703317533E-03 4.45422972964349E-03 4.46993314249245E-03 4.48677529122211E-03 4.50474551077553E-03 4.52381274438805E-03 4.54395570437714E-03 4.56512198994155E-03 4.58723526019104E-03 4.6102111868607E-03 4.63396073450346E-03
0 0 0 0 0 0 0 0 0 0 0 0 0 0 0 0 0 0 0 0 0 0 0 0 0 0 0 0 0 0 0 0 0 0 0 0 4.31241984813513E-03 4.32051240972226E-03 4.32443374113937E-03 4.32822993399249E-03 4.33204780752412E-03 4.33596407844701E-03 4.34020450270966E-03 4.34494296803409E-03 4.35032905961131E-03 4.35646283441075E-03 4.36343509961861E-03 4.37130757716755E-03 4.38014934000686E-03 4.39002121906173E-03 4.40097596175468E-03 4.41306041181328E-03 4.42630190632435E-03 4.44072497234979E-03 4.45633172634075E-03 4.47313042021929E-03 4.49109863169508E-03 4.51021292736509E-03 4.53042906362014E-03 4.55171170198353E-03 4.57399480196223E-03 4.59718978388637E-03 4.62120172879416E-03 4.64593260767494E-03
0 0 0 0 0 0 0 0 0 0 0 0 0 0 0 0 0 0 0 0 0 0 0 0 0 0 0 0 0 0 0 0 0 0 0 4.30790121411011E-03 4.31241984813513E-03 4.31550174108016E-03 4.31859675933846E-03 4.32187730356045E-03 4.32546016016026E-03 4.32943161904716E-03 4.3339225839535E-03 4.33903441745891E-03 4.3448811840347E-03 4.35154938841217E-03 4.35912251338232E-03 4.36766258885812E-03 4.37723856759573E-03 4.38791639489562E-03 4.39974705440464E-03 4.41277549734261E-03 4.42702341469296E-03 4.44250878572751E-03 4.45922320266696E-03 4.47716734864161E-03 4.49630579769975E-03 4.5165994787842E-03 4.53799005514503E-03 4.56042741895392E-03 4.58383235593066E-03 4.6081022738096E-03 4.63313226538941E-03 4.65881586539226E-03
0 0 0 0 0 0 0 0 0 0 0 0 0 0 0 0 0 0 0 0 0 0 0 0 0 0 0 0 0 0 0 0 0 0 0 4.30790121411011E-03 4.30819365285701E-03 4.30986581169822E-03 4.31230424822867E-03 4.31529592969653E-03 4.31883816226331E-03 4.32296906037562E-03 4.32777100818898E-03 4.33330780155283E-03 4.33966430751415E-03 4.34691756540205E-03 4.35514591558487E-03 4.36441308759263E-03 4.37478652847579E-03 4.38633507144631E-03 4.39910780030472E-03 4.41314612502279E-03 4.42846497728636E-03 4.44507427411189E-03 4.46295478560377E-03 4.48209438446548E-03 4.50244274253526E-03 4.52394530402275E-03 4.54652956437367E-03 4.57012970491971E-03 4.59465150544846E-03 4.61997951460142E-03 4.64599949013041E-03 4.67259831086763E-03
0 0 0 0 0 0 0 0 0 0 0 0 0 0 0 0 0 0 0 0 0 0 0 0 0 0 0 0 0 0 0 0 0 0 4.29282097442177E-03 4.30108441046348E-03 4.30165581727008E-03 4.30311019086931E-03 4.30537067218114E-03 4.30835177292037E-03 4.31204390425952E-03 4.31646233778445E-03 4.32166172150671E-03 4.32769488644858E-03 4.3346294681196E-03 4.34253740444604E-03 4.3514902261746E-03 4.36155749722849E-03 4.37280426275123E-03 4.38530085082484E-03 4.39909255704485E-03 4.41421587336597E-03 4.43067702947167E-03 4.44847614878718E-03 4.46758255406507E-03 4.48796417940344E-03 4.50955707799405E-03 4.53229030696751E-03 4.55607799216348E-03 4.58083603138207E-03 4.60645828430666E-03 4.63281650173468E-03 4.65978793260866E-03 4.68725459423855E-03
0 0 0 0 0 0 0 0 0 0 0 0 0 0 0 0 0 0 0 0 0 0 0 0 0 0 0 0 0 0 0 0 0 0 4.29282097442177E-03 4.29320449540681E-03 4.29386990241169E-03 4.2953871476347E-03 4.29776376143978E-03 4.30096225685276E-03 4.30497746474771E-03 4.30981644476934E-03 4.3155203067749E-03 4.32214147464285E-03 4.32974135810559E-03 4.33838996691583E-03 4.34815443121943E-03 4.35910895893303E-03 4.37131721082458E-03 4.38484945027918E-03 4.39974617009326E-03 4.41603654782453E-03 4.43371578303287E-03 4.45277163526481E-03 4.47315848141659E-03 4.49482440374043E-03 4.51768907511184E-03 4.54166551129775E-03 4.56665392061839E-03 4.59255472252405E-03 4.61924974501956E-03 4.64659894304562E-03 4.67447292988632E-03 4.70275209853312E-03
0 0 0 0 0 0 0 0 0 0 0 0 0 0 0 0 0 0 0 0 0 0 0 0 0 0 0 0 0 0 0 0 0 0 4.28412596096351E-03 4.28417212480115E-03 4.28502736183519E-03 4.28681070742272E-03 4.28951443732313E-03 4.29311157609737E-03 4.29759913886812E-03 4.30298302836612E-03 4.3093038454488E-03 4.31661825949551E-03 4.32498471572004E-03 4.33447546500521E-03 4.34515196231326E-03 4.35709447723703E-03 4.37036308167031E-03 4.38502878680946E-03 4.40112455007972E-03 4.41866938592896E-03 4.43764407892619E-03 4.45802081619439E-03 4.47973734944037E-03 4.50272123644019E-03 4.52687525625316E-03 4.55209492269983E-03 4.57826815132846E-03 4.60528173619107E-03 4.63300969100887E-03 4.66129885343848E-03 4.6900165580659E-03 4.71904598675074E-03
0 0 0 0 0 0 0 0 0 0 0 0 0 0 0 0 0 0 0 0 0 0 0 0 0 0 0 0 0 0 0 0 0 0 4.27387314404706E-03 4.27396185646878E-03 4.27518050221781E-03 4.27741475977463E-03 4.28062745853198E-03 4.2847871950837E-03 4.28989025078691E-03 4.29594684365307E-03 4.30300186708939E-03 4.31112510181018E-03 4.32037194193175E-03 4.33081789102282E-03 4.34251893850169E-03 4.35556077914984E-03 4.36999648991796E-03 4.38590072722579E-03 4.40329472075829E-03 4.42218223135115E-03 4.4425263164321E-03 4.46428204148001E-03 4.4873687519588E-03 4.51169341528041E-03 4.53714142833365E-03 4.56359151346166E-03 4.59092000358371E-03 4.61900383194871E-03 4.64771239003433E-03 4.67687858292123E-03 4.7063726097133E-03 4.73608639676041E-03
0 0 0 0 0 0 0 0 0 0 0 0 0 0 0 0 0 0 0 0 0 0 0 0 0 0 0 0 0 0 0 0 0 4.24806942306539E-03 4.26154274280454E-03 4.26245031986206E-03 4.26436241070248E-03 4.26725559662738E-03 4.27114842987609E-03 4.27601812404788E-03 4.28187099245464E-03 4.2887252250972E-03 4.29663172851899E-03 4.30568496892667E-03 4.31593230367137E-03 4.32745774805843E-03 4.34030421650573E-03 4.35457008550468E-03 4.37028699243325E-03 4.38754232653762E-03 4.40633490138595E-03 4.42664983241012E-03 4.44843010006711E-03 4.47161238990986E-03 4.49609759941913E-03 4.52177034112436E-03 4.54850221167791E-03 4.57615473234818E-03 4.60459599609674E-03 4.63369128008687E-03 4.66331610256441E-03 4.69328521670407E-03 4.72348404824847E-03 4.75381804828537E-03
0 0 0 0 0 0 0 0 0 0 0 0 0 0 0 0 0 0 0 0 0 0 0 0 0 0 0 0 0 0 0 0 0 4.24806942306539E-03 4.24869486512377E-03 4.25003233217326E-03 4.25268637617317E-03 4.25641658706522E-03 4.26113934674841E-03 4.26685014456837E-03 4.27357898322556E-03 4.28136047607626E-03 4.29024726515321E-03 4.30035186283017E-03 4.31172642002538E-03 4.32445766783898E-03 4.33858138677772E-03 4.35419741760793E-03 4.37132586202143E-03 4.39004273265515E-03 4.41032715483209E-03 4.43214354083417E-03 4.45541594031749E-03 4.48005864695988E-03 4.50595346619303E-03 4.53296527351572E-03 4.56095294240492E-03 4.58976693175057E-03 4.61926771563973E-03 4.64931107185593E-03 4.67976528899047E-03 4.71045790955622E-03 4.74129407669482E-03 4.77218963180398E-03
0 0 0 0 0 0 0 0 0 0 0 0 0 0 0 0 0 0 0 0 0 0 0 0 0 0 0 0 0 0 0 0 0 4.23475587764548E-03 4.23495280615434E-03 4.23699716672191E-03 4.24049694170872E-03 4.24510627429365E-03 4.2507337041929E-03 4.25737424666816E-03 4.26507888497361E-03 4.27389555720433E-03 4.28389422231827E-03 4.29518352360005E-03 4.30782232056068E-03 4.32189451978618E-03 4.33743468657069E-03 4.35453180841522E-03 4.37320501038123E-03 4.39348731902264E-03 4.41534867765327E-03 4.43872772460021E-03 4.46353434477689E-03 4.48965187291554E-03 4.5169491979019E-03 4.54527098996043E-03 4.57446776120915E-03 4.60438330777733E-03 4.63487289957204E-03 4.66578635680385E-03 4.69698360476678E-03 4.72834048348338E-03 4.75975826316907E-03 4.79116575521851E-03
0 0 0 0 0 0 0 0 0 0 0 0 0 0 0 0 0 0 0 0 0 0 0 0 0 0 0 0 0 0 0 0 4.19233386167552E-03 4.21775904985963E-03 4.21998885579781E-03 4.22337677320938E-03 4.22791468006065E-03 4.23348399519893E-03 4.24007586123768E-03 4.24772321544347E-03 4.25649724887318E-03 4.26646231538977E-03 4.27769462188554E-03 4.29030141739782E-03 4.30434003528945E-03 4.31989020098858E-03 4.33697918665434E-03 4.35568394746331E-03 4.37600924423109E-03 4.39795219130811E-03 4.42146163555736E-03 4.44645263739931E-03 4.47281539992102E-03 4.50040774644971E-03 4.52908325916902E-03 4.55867218886677E-03 4.58901918956408E-03 4.61996536662153E-03 4.65136557971367E-03 4.68306988480089E-03 4.71494858534413E-03 4.7469082022856E-03 4.77885300704736E-03 4.8107182435651E-03
0 0 0 0 0 0 0 0 0 0 0 0 0 0 0 0 0 0 0 0 0 0 0 0 0 0 0 0 0 0 0 4.18246240340005E-03 4.19233386167552E-03 4.2002751119997E-03 4.20500770378297E-03 4.20971960263454E-03 4.21526014039477E-03 4.2217764111001E-03 4.22935963280804E-03 4.23807235475246E-03 4.24799936932435E-03 4.25921293606167E-03 4.27179356251866E-03 4.28584354444074E-03 4.30141365654766E-03 4.3185722460131E-03 4.3373342714007E-03 4.35775770060881E-03 4.3798264014931E-03 4.40350571780218E-03 4.42871792130638E-03 4.45535125604955E-03 4.48327528286887E-03 4.51232603104937E-03 4.54234299348033E-03 4.57314659917908E-03 4.60457836026117E-03 4.63648219695343E-03 4.66871924645981E-03 4.7011481996807E-03 4.73365103719223E-03 4.76615141049013E-03 4.79856348776316E-03 4.83082626586006E-03
0 0 0 0 0 0 0 0 0 0 0 0 0 0 0 0 0 0 0 0 0 0 0 0 0 0 0 0 0 0 0 4.18246240340005E-03 4.1830449041412E-03 4.18661471312085E-03 4.19103376245573E-03 4.19632365198929E-03 4.20268074873728E-03 4.21012733023587E-03 4.21873878992008E-03 4.22858669582266E-03 4.23975627902974E-03 0.004252322306762 4.26636038716534E-03 4.28197126199683E-03 4.29919292490738E-03 4.31807685140853E-03 4.33861868399118E-03 4.36085471365458E-03 4.38474206999408E-03 4.41021457961944E-03 4.43716457403179E-03 4.46545241973676E-03 4.49492620184822E-03 4.5254036231026E-03 4.55671434713198E-03 4.58867040984933E-03 4.62111537954301E-03 4.65390161713598E-03 4.68690201349363E-03 4.71998692057265E-03 4.75305263950036E-03 4.78603382764239E-03 4.81885206979624E-03 4.85144884124834E-03
0 0 0 0 0 0 0 0 0 0 0 0 0 0 0 0 0 0 0 0 0 0 0 0 0 0 0 0 0 0 0 4.1699288646006E-03 4.17012032540354E-03 4.17283725811995E-03 4.17727535312237E-03 4.18310953245948E-03 4.19026747541532E-03 4.19866864311849E-03 4.20836659927506E-03 4.21942879085143E-03 4.23193396548011E-03 4.24595393733327E-03 4.26155490964045E-03 4.27883725188299E-03 4.29782059251926E-03 4.31853254241962E-03 4.34094556311592E-03 4.36506975397721E-03 4.39083364243698E-03 4.41813496554734E-03 4.44683749857315E-03 4.47677176815295E-03 4.5077676042249E-03 4.53962525034228E-03 4.57217126805119E-03 4.60520929078166E-03 4.63859217489475E-03 4.67218545771078E-03 4.70587766932185E-03 4.73955261085912E-03 4.7731185242187E-03 4.80651835212548E-03 4.83967928817427E-03 4.8725420749571E-03
0 0 0 0 0 0 0 0 0 0 0 0 0 0 0 0 0 0 0 0 0 0 0 0 0 0 0 0 0 0 4.13648431459783E-03 4.15367764593378E-03 4.15511257259602E-03 4.15835803933519E-03 4.16335474255612E-03 4.16993097332308E-03 4.17800875056705E-03 4.18747934348581E-03 4.19836719300138E-03 4.21074408272237E-03 4.22468716980651E-03 4.24026879701885E-03 4.25754133899799E-03 4.27659582051905E-03 4.29743432890272E-03 4.32005983035167E-03 0.00434441830614 4.37048850042577E-03 4.39816582642883E-03 4.42731225614468E-03 4.45776112796849E-03 4.48931666529852E-03 4.52179074211915E-03 4.55497071568758E-03 4.58867901597825E-03 4.62272248480148E-03 4.65696738434376E-03 4.69129295392428E-03 4.7256031224654E-03 4.75979780300386E-03 4.79380030213615E-03 4.82755564981929E-03 4.86099164475466E-03 4.89404883220915E-03
0 0 0 0 0 0 0 0 0 0 0 0 0 0 0 0 0 0 0 0 0 0 0 0 0 0 0 0 0 0 4.13648431459783E-03 4.13735395206013E-03 4.13945093743392E-03 4.14350139769238E-03 4.14936022913775E-03 4.1568922507024E-03 4.1660268962364E-03 4.17667864071121E-03 4.18887060245788E-03 4.20267406963517E-03 4.21816009337426E-03 4.2354074964168E-03 4.25445902676002E-03 4.27538120845997E-03 4.2981588298058E-03 4.32276805062538E-03 4.34912949711236E-03 4.37718030278985E-03 4.40678662064162E-03 4.43777073929205E-03 4.46993839400003E-03 4.5030694413465E-03 4.53696179473825E-03 4.57139379056247E-03 4.60618630380469E-03 4.6411612790547E-03 4.67619436837646E-03 4.71117938173749E-03 4.74603660408627E-03 0.004780685119096 4.81505983092158E-03 4.84910176879637E-03 4.88274088216159E-03 4.91591646059933E-03
0 0 0 0 0 0 0 0 0 0 0 0 0 0 0 0 0 0 0 0 0 0 0 0 0 0 0 0 0 4.0991791822089E-03 4.11847717182843E-03 4.12002441165219E-03 4.12329457892184E-03 4.12841374248164E-03 4.1353615134921E-03 4.14403950565626E-03 4.15439768495149E-03 4.16637743485192E-03 4.1800057627759E-03 4.19535845702831E-03 4.21250210703067E-03 4.23152041890587E-03 4.2524451723815E-03 4.27531982915451E-03 4.30010626114215E-03 4.32675350137523E-03 4.3551520169503E-03 4.38520027342978E-03 4.41672923216017E-03 4.44952485215754E-03 4.48336516538816E-03 4.51801105667097E-03 4.5532497285595E-03 4.5888563163429E-03 4.62465624627814E-03 4.66048611568063E-03 4.6962335768202E-03 4.73180607117432E-03 4.76713973461525E-03 4.80217218233693E-03 4.8368486695821E-03 4.87110540589189E-03 4.90487076481416E-03 4.93808347693781E-03
0 0 0 0 0 0 0 0 0 0 0 0 0 0 0 0 0 0 0 0 0 0 0 0 0 0 0 0 0 4.0991791822089E-03 4.10014287864968E-03 4.10253375239792E-03 4.10695946705177E-03 4.11329936748864E-03 4.12150624723189E-03 4.13149685112937E-03 4.14323959698068E-03 4.15669367532483E-03 4.17189596823569E-03 4.18892567913796E-03 4.20784372611183E-03 4.2287363691545E-03 4.25162259550085E-03 4.27652360956501E-03 4.30337651128765E-03 4.33209850298511E-03 4.36254880953911E-03 4.39458688930373E-03 4.42801154547201E-03 4.46257140988394E-03 4.49802019778238E-03 4.53410608444152E-03 4.57061116219259E-03 4.60731353068838E-03 4.64404391417154E-03 4.68065482095311E-03 4.71704457216288E-03 4.75313436909652E-03 4.7888735018169E-03 4.82421896056189E-03 4.85912448054271E-03 4.89351876062976E-03 4.92732701398401E-03 4.96048854141214E-03
0 0 0 0 0 0 0 0 0 0 0 0 0 0 0 0 0 0 0 0 0 0 0 0 0 0 0 0 4.05875391666837E-03 4.07958477556352E-03 4.08125192642826E-03 4.08486811346765E-03 4.09058282565157E-03 4.09828618430305E-03 4.10791284067814E-03 4.11938042633479E-03 4.13267166094326E-03 4.14775761102471E-03 4.16467544225517E-03 4.18351071376261E-03 4.20431589164245E-03 4.2271797198205E-03 0.00425210500702 4.27909390838695E-03 4.30805552607775E-03 4.33887182030677E-03 4.37136866853678E-03 4.40537045045797E-03 0.00444064524743 4.47690362630016E-03 4.51388156273401E-03 4.5513232387346E-03 4.58901062155211E-03 4.62672758360701E-03 4.66431180822808E-03 4.70163160058026E-03 4.73859478858881E-03 4.77513290784923E-03 4.81120548495605E-03 4.84678892232865E-03 4.88184548475241E-03 4.91629111428147E-03 0.004950048897 4.98306293465868E-03
0 0 0 0 0 0 0 0 0 0 0 0 0 0 0 0 0 0 0 0 0 0 0 0 0 0 0 0 4.05875391666837E-03 0.004059738527417 4.06225069631682E-03 4.06718470899168E-03 4.07435513703589E-03 4.08357595193087E-03 4.09477284863918E-03 4.10786478457588E-03 4.12285039837761E-03 4.13970718289272E-03 4.15847163015221E-03 4.1792361726875E-03 4.20203369249875E-03 4.22696133630996E-03 4.25399539247922E-03 4.28312196729666E-03 4.31422055102852E-03 4.34713202739054E-03 4.38165223787396E-03 4.41756703422703E-03 4.45462660405545E-03 4.49249754743267E-03 4.53091273058106E-03 4.5696205524594E-03 4.60840449176459E-03 4.64705821748191E-03 4.68542115746889E-03 4.72338276832626E-03 4.76085244435161E-03 4.7977719226889E-03 4.83410344882316E-03 4.86984444964228E-03 4.90496720056676E-03 4.9393656092568E-03 4.97296935313409E-03 5.00573258743308E-03
0 0 0 0 0 0 0 0 0 0 0 0 0 0 0 0 0 0 0 0 0 0 0 0 0 0 0 0 4.03853105673795E-03 4.0389301238629E-03 4.04292622923981E-03 4.04956865835377E-03 4.05844212413628E-03 4.06935429686276E-03 4.08226485680159E-03 4.09711735260055E-03 4.11392807676054E-03 4.13268624429418E-03 4.15342063417072E-03 4.17622416893326E-03 4.20111420774237E-03 4.22818432514593E-03 4.25738889520919E-03 4.28868710004373E-03 4.32192833462993E-03 4.35691775577762E-03 4.39342222164906E-03 4.43118789145095E-03 4.4699369521561E-03 4.50932289824852E-03 4.54908177330944E-03 4.58896729056475E-03 4.62876384417948E-03 4.66827579134966E-03 4.70734718765741E-03 0.004745882624668 4.78379087020708E-03 4.82102018482132E-03 4.8575356598963E-03 4.89334963410226E-03 4.92843246163956E-03 4.96266997077803E-03 4.99600679397006E-03 5.02841137103942E-03
0 0 0 0 0 0 0 0 0 0 0 0 0 0 0 0 0 0 0 0 0 0 0 0 0 0 0 3.97271916224983E-03 4.0123836830329E-03 4.01689223775173E-03 4.02367814115859E-03 4.03245486910027E-03 4.0432128728581E-03 4.05592917116198E-03 4.07064718013632E-03 4.08735268007981E-03 4.1060823356645E-03 4.1268388800248E-03 4.14964635422659E-03 4.17458623125387E-03 4.20165766342271E-03 4.2309380047662E-03 4.26236190342617E-03 4.29584510071481E-03 4.33121603202316E-03 4.36824288328693E-03 4.40667225217626E-03 4.44620272040175E-03 4.48653803597684E-03 4.52734902887306E-03 4.56836195868956E-03 4.6093427577079E-03 4.65007060182586E-03 4.69037007321988E-03 4.73007689826001E-03 4.76911551437238E-03 4.80738547295738E-03 4.84484455042821E-03 4.88145085881558E-03 4.91722775872563E-03 4.95215354647288E-03 4.98611280623032E-03 5.01906705299144E-03 5.05100540120567E-03
0 0 0 0 0 0 0 0 0 0 0 0 0 0 0 0 0 0 0 0 0 0 0 0 0 0 3.94816725807552E-03 3.97271916224983E-03 3.98651660845505E-03 3.99594913118285E-03 4.0054909040272E-03 4.01635769073111E-03 4.02899720251353E-03 4.04355028355897E-03 4.06013011871806E-03 4.07875747072858E-03 4.09948257359405E-03 4.12231928965055E-03 4.14728230512425E-03 4.17443724854253E-03 4.20375983707693E-03 4.23530141694465E-03 4.26896635787887E-03 4.30463287430826E-03 4.34210113325919E-03 4.38111118838832E-03 4.42138567783608E-03 4.46259135127181E-03 4.50442301566509E-03 4.54656524232707E-03 4.5887471079671E-03 4.63073868520226E-03 4.67232028060877E-03 4.71332587838713E-03 4.75359412659095E-03 4.79305307762081E-03 4.83159774184468E-03 4.86918894514824E-03 4.90578506950347E-03 4.94141325698226E-03 4.97604926163575E-03 5.00959666381041E-03 5.0420466449718E-03 5.07341259270168E-03
0 0 0 0 0 0 0 0 0 0 0 0 0 0 0 0 0 0 0 0 0 0 0 0 0 3.93638815223622E-03 3.94816725807552E-03 3.95776130643755E-03 3.96798001909266E-03 3.97810530449744E-03 3.98915672772758E-03 4.0017048530276E-03 4.01609125472241E-03 4.03245614895269E-03 4.05091870130385E-03 4.07151044925053E-03 4.09428530259035E-03 4.11926164508103E-03 4.14644503950624E-03 4.17587437427832E-03 4.20749903290274E-03 4.2413288230382E-03 4.27723661259792E-03 4.31506269368019E-03 4.35458064905838E-03 4.39550631313354E-03 4.43754357353307E-03 4.48034059735477E-03 4.5235853121668E-03 4.56697726537591E-03 4.61024867004652E-03 4.65317281939591E-03 4.6955293744905E-03 4.73715800482159E-03 4.77790005724311E-03 4.81767674340054E-03 4.85638705840627E-03 4.89398901935242E-03 4.93044642733708E-03 4.96578100790471E-03 4.99998688673041E-03 5.03299714177047E-03 5.06482964780009E-03 5.09552842364394E-03
0 0 0 0 0 0 0 0 0 0 0 0 0 0 0 0 0 0 0 0 0 0 0 0 0 3.93638815223622E-03 3.93725738840912E-03 3.94308018323658E-03 3.95175221168731E-03 3.96220318962913E-03 3.97441406126174E-03 3.98848051730968E-03 4.00456496376843E-03 4.02275280683787E-03 4.04313752566092E-03 4.06574383782526E-03 4.09061796647705E-03 4.11778488952146E-03 4.1472360556791E-03 4.17897927056496E-03 4.21293246230488E-03 4.24905862835432E-03 4.28719356805905E-03 4.32714129901888E-03 4.36864953734421E-03 4.41141738001429E-03 4.45513459415482E-03 4.49943812792224E-03 4.54401243956375E-03 4.58857299972254E-03 4.63285517624686E-03 4.67662835741373E-03 4.71966983411867E-03 4.76182181726047E-03 4.80292982242927E-03 4.84290502768986E-03 4.88165079711418E-03 4.91912599863019E-03 4.95530505403662E-03 4.9902094872592E-03 5.02384820876015E-03 5.0561948072744E-03 5.08730468349031E-03 5.11725184536754E-03
0 0 0 0 0 0 0 0 0 0 0 0 0 0 0 0 0 0 0 0 0 0 0 0 3.89831041713802E-03 3.91852569181005E-03 3.92112602873544E-03 3.92716122758863E-03 3.93610966694685E-03 3.94742774754764E-03 3.96094875451577E-03 3.97659722636112E-03 3.99443503133579E-03 4.01450966967286E-03 4.03687989373271E-03 4.0615624368584E-03 4.08858514516952E-03 4.11798718979401E-03 4.14974390727778E-03 4.18382120769587E-03 4.22011194726979E-03 4.25851712329595E-03 4.29884591320176E-03 4.34085941932644E-03 4.38428838135435E-03 4.42881970729803E-03 4.4741343583984E-03 4.51986618432365E-03 4.56568870212148E-03 4.61134382836125E-03 4.65655605555571E-03 4.70108772995896E-03 4.7447106065952E-03 4.78726821298807E-03 4.82861397713632E-03 4.86864042835507E-03 4.9072707966148E-03 4.94446001207196E-03 4.98020854844288E-03 5.01453257224956E-03 5.04747521657291E-03 5.07905359795913E-03 5.10935653405461E-03 5.1384880222494E-03
