NongDo/Fusa 15h.grd
DSAA
463	323
2	464
2	324
0	10
[rows 56 to 83 of 323, columns 256 to 319 of 463]
0 0 0 0 0 0 0 0 0 0 0 0 0 0 0 0 0 0 0 0 0 0 0 0 0 0 0 0 0 0 0 0 0 0 0 0 0 0 0 0 0 0 0 0 0 0 0 0 0 0 0 0 0 0 0 0 0 0 0 0 0 0 0 0
0 0 0 0 0 0 0 0 0 0 0 0 0 0 0 0 0 0 0 0 0 0 0 0 0 0 0 0 0 0 0 0 0 0 0 0 0 0 0 0 0 0 0 0 0 0 0 0 0 0 0 0 0 0 0 0 0 0 0 0 0 0 0 0
0 0 0 0 0 0 0 0 0 0 0 0 0 0 0 0 0 0 0 0 0 0 0 0 0 0 0 0 0 0 0 0 0 0 0 0 0 0 0 0 0 0 0 0 0 0 0 0 0 0 0 0 0 0 0 0 0 0 0 0 0 0 0 0
0 0 0 0 0 0 0 0 0 0 0 0 0 0 0 0 0 0 0 0 0 0 0 0 0 0 0 0 0 0 0 0 0 0 0 0 0 0 0 0 0 0 0 0 0 0 0 0 0 0 0 0 0 0 0 0 0 0 0 0 0 0 0 0
0 0 0 0 0 0 0 0 0 0 0 0 0 0 0 0 0 0 0 0 0 0 0 0 0 0 0 0 0 0 0 0 0 0 0 0 0 0 0 0 0 0 0 0 0 0 0 0 0 0 0 0 0 0 0 0 0 0 0 0 0 0 0 0
0 0 0 0 0 0 0 0 0 0 0 0 0 0 0 0 0 0 0 0 0 0 0 0 0 0 0 0 0 0 0 0 0 0 0 0 0 0 0 0 0 0 0 0 0 0 0 0 0 0 0 0 0 0 0 0 0 0 0 0 0 0 0 0
0 0 0 0 0 0 0 0 0 0 0 0 0 0 0 0 0 0 0 0 0 0 0 0 0 0 0 0 0 0 0 0 0 0 0 0 0 0 0 0 0 0 0 0 0 0 0 0 0 0 0 0 0 0 0 0 0 0 0 0 0 0 0 0
0 0 0 0 0 0 0 0 0 0 0 0 0 0 0 0 0 0 0 0 0 0 0 0 0 0 0 0 0 0 0 0 0 0 0 0 0 0 0 0 0 0 0 0 0 0 0 0 0 0 0 0 0 0 0 0 0 0 0 0 0 0 6.66841760204899E-03 6.67493149249486E-03
0 0 0 0 0 0 0 0 0 0 0 0 0 0 0 0 0 0 0 0 0 0 0 0 0 0 0 0 0 0 0 0 0 0 0 0 0 0 0 0 0 0 0 0 0 0 0 0 0 0 0 0 0 0 0 0 0 0 6.6423724218176E-03 6.64886584337051E-03 6.6550740688413E-03 6.66123884783257E-03 6.66841760204899E-03 6.67493149249486E-03
0 0 0 0 0 0 0 0 0 0 0 0 0 0 0 0 0 0 0 0 0 0 0 0 0 0 0 0 0 0 0 0 0 0 0 0 0 0 0 0 0 0 0 0 0 0 0 0 0 0 0 0 0 0 6.61528095626572E-03 6.62222684517837E-03 6.62875367735887E-03 6.63513814565989E-03 6.6423724218176E-03 6.64886584337051E-03 6.6550740688413E-03 6.66123884783257E-03 6.66754086645064E-03 6.67374999606617E-03
0 0 0 0 0 0 0 0 0 0 0 0 0 0 0 0 0 0 0 0 0 0 0 0 0 0 0 0 0 0 0 0 0 0 0 0 0 0 0 0 0 0 0 0 0 0 0 0 0 0 0 6.59231436729437E-03 6.60000757689769E-03 6.6073446221382E-03 6.61528095626572E-03 6.62222684517837E-03 6.62875367735887E-03 6.63513814565989E-03 6.6415644693671E-03 6.64783905240767E-03 6.6539276129511E-03 6.65994537626205E-03 6.6659380519865E-03 6.67191667636828E-03
0 0 0 0 0 0 0 0 0 0 0 0 0 0 0 0 0 0 0 0 0 0 0 0 0 0 0 0 0 0 0 0 0 0 0 0 0 0 0 0 0 0 0 0 0 6.54231863532823E-03 6.55175051736035E-03 6.56036468309101E-03 6.56843809748077E-03 6.57622796697241E-03 6.58386695844011E-03 6.59231436729437E-03 6.60000757689769E-03 6.6073446221382E-03 6.61448582136373E-03 6.62123675826621E-03 6.6276777143105E-03 6.63395879285223E-03 6.64013825150408E-03 6.64624456482153E-03 6.65223398635692E-03 6.65815652084266E-03 6.66402531678852E-03 6.66987663508698E-03
0 0 0 0 0 0 0 0 0 0 0 0 0 0 0 0 0 0 0 0 0 0 0 0 0 0 0 0 0 0 0 0 0 0 0 0 0 0 0 0 0 0 0 6.52035136216908E-03 6.5311918608065E-03 6.54231863532823E-03 6.55175051736035E-03 6.56036468309101E-03 6.56843809748077E-03 6.57622796697241E-03 6.58386695844011E-03 6.59157126595495E-03 6.59901446224123E-03 6.60619273471861E-03 6.61309947569437E-03 6.61973827167876E-03 6.62613541904234E-03 6.63237681599785E-03 6.63849498095612E-03 6.64453394543118E-03 6.65048368957433E-03 6.65637378554714E-03 6.66221031560927E-03 6.66801555048232E-03
5.96863618983671E-03 5.98672808302744E-03 6.00420279892916E-03 6.02115955930212E-03 6.03767375781415E-03 6.05390173109406E-03 6.06977315862368E-03 6.08530614680214E-03 6.10053716326292E-03 6.11562021573269E-03 6.13059537502123E-03 6.14553765435509E-03 6.16027628020444E-03 6.17473001368061E-03 6.18884223511886E-03 6.20272251902387E-03 6.21636420359829E-03 6.2298582782967E-03 6.24309339640737E-03 6.25608042858181E-03 6.26882002288184E-03 6.28144382537646E-03 6.2939562972444E-03 6.30642892824726E-03 6.31871259339161E-03 6.33075586814908E-03 6.34249068313864E-03 6.35399784079495E-03 6.3652272967739E-03 6.37624034370273E-03 6.38692606895863E-03 6.39730650106454E-03 6.40736864433881E-03 6.4172098627503E-03 6.42677770232717E-03 0 0 0 0 6.47625442575643E-03 6.4867767963631E-03 6.49767820658142E-03 6.50862398609604E-03 6.52035136216908E-03 6.5311918608065E-03 6.54143720488968E-03 6.55076312902483E-03 6.55936848561289E-03 6.56746371269259E-03 6.57525907694839E-03 6.58284864214263E-03 6.59033470335207E-03 6.59762662349662E-03 6.60470847925027E-03 6.61154709688803E-03 6.61816378547864E-03 6.62457621211887E-03 6.63084219567577E-03 6.63698284433621E-03 6.64303642030918E-03 6.64900595305461E-03 6.65491648952151E-03 6.66077461727076E-03 6.66659703271598E-03
5.96863618983671E-03 5.98672808302744E-03 6.00420279892916E-03 6.02115955930212E-03 6.03767375781415E-03 6.05390173109406E-03 6.06977315862368E-03 6.08530614680214E-03 6.10053716326292E-03 6.11562021573269E-03 6.13059537502123E-03 6.14553765435509E-03 6.16027628020444E-03 6.17473001368061E-03 6.18884223511886E-03 6.20272251902387E-03 6.21636420359829E-03 6.2298582782967E-03 6.24309339640737E-03 6.25608042858181E-03 6.26882002288184E-03 6.28144382537646E-03 6.2939562972444E-03 6.30642892824726E-03 6.31871259339161E-03 6.33075586814908E-03 6.34249068313864E-03 6.35399784079495E-03 6.3652272967739E-03 6.37624034370273E-03 6.38692606895863E-03 6.39730650106454E-03 6.40736864433881E-03 6.4172098627503E-03 6.42677770232717E-03 6.43656039202485E-03 6.44626711555425E-03 0.006455999351193 6.46582605748744E-03 6.47625442575643E-03 6.4867767963631E-03 6.49767820658142E-03 6.50862398609604E-03 6.51956923678082E-03 6.53005884157954E-03 6.54000452179028E-03 6.54927011774009E-03 6.55792094268231E-03 6.56609651375164E-03 6.5739568303414E-03 0.006581574458875 6.58903361601936E-03 6.59629989545519E-03 6.60337537555669E-03 6.61023324065453E-03 6.61689227126598E-03 6.62336888232378E-03 6.62970684996767E-03 6.63592112017942E-03 6.64204296578804E-03 6.64808001941897E-03 6.65405446424571E-03 6.65997671157502E-03 6.66586160244002E-03
5.9684545849219E-03 5.98662595524901E-03 6.00413243380445E-03 6.02111349627903E-03 6.03765485050964E-03 6.0539033864072E-03 6.06979697004656E-03 6.08533826908027E-03 6.10057586870778E-03 6.11565023664873E-03 6.13061445963782E-03 0.006145565867724 6.16031724254024E-03 6.17475507799475E-03 6.1888595557777E-03 6.20273106021801E-03 6.21637492139675E-03 6.22986747721244E-03 6.24311412050127E-03 6.25610833913368E-03 6.26886182751979E-03 6.28148726464987E-03 6.29400363155647E-03 6.30649306690923E-03 6.31879921302222E-03 6.33084549569371E-03 6.3425881318316E-03 6.35409516325948E-03 6.36532719152492E-03 6.37632860073139E-03 6.38700362477031E-03 6.39735562117695E-03 6.40738723171453E-03 6.41720221300742E-03 6.42684523599901E-03 6.43656039202485E-03 6.44626711555425E-03 0.006455999351193 6.46582605748744E-03 6.47597837974746E-03 6.48639395704827E-03 6.49712727508962E-03 6.50787432038187E-03 6.51847032329793E-03 6.52871870241158E-03 6.53854290704867E-03 6.5478253730025E-03 6.55657743821393E-03 6.56488254720093E-03 6.5728605528542E-03 6.58057323619808E-03 6.58809823636769E-03 6.59542233754618E-03 6.60255824025598E-03 6.6094913757748E-03 6.6162384614311E-03 6.62281644450329E-03 6.62926094058884E-03 6.63558370042459E-03 6.64180902429379E-03 6.64794785905956E-03 6.65402070817713E-03 6.66004063583774E-03 6.66602160252293E-03
5.96892482189717E-03 5.98705512032647E-03 6.00457024925422E-03 6.02157777958979E-03 6.03815630121881E-03 6.05442825431877E-03 6.07035123838671E-03 6.08592006060473E-03 6.10119121800179E-03 6.11627613811809E-03 6.13122965294926E-03 6.14615972636768E-03 6.16088934312792E-03 6.17529709965014E-03 6.18939774764261E-03 6.20326699075555E-03 6.21691984985282E-03 6.23041123334142E-03 6.24367624871896E-03 6.25669572081648E-03 6.26949069517602E-03 6.28214086177717E-03 6.29467291890777E-03 6.30716919866045E-03 6.31948462644775E-03 6.33153217516633E-03 6.34329157723403E-03 6.35480522576217E-03 6.36604523425698E-03 6.37703432723523E-03 6.38770434904929E-03 6.39804419750176E-03 6.40807371256815E-03 6.41788126223318E-03 6.42753797000287E-03 6.4372180697367E-03 6.44689196754265E-03 6.45658319118411E-03 6.46634596640768E-03 6.47632995063514E-03 6.48653740523681E-03 6.49699909376693E-03 6.50748680176487E-03 6.51784413140662E-03 6.52793387323104E-03 6.53769683778005E-03 6.5470182519879E-03 6.55588282842085E-03 6.56433186467383E-03 6.57245144963154E-03 6.58029309602531E-03 6.58792734557018E-03 6.59535172433392E-03 6.60258546464523E-03 6.60962522189422E-03 6.61648732760476E-03 6.62318996965964E-03 6.62976222066234E-03 6.63621463563543E-03 6.64256507299235E-03 6.64882816560546E-03 6.65502243614202E-03 6.66116344380266E-03 6.66726317914844E-03
5.97024584874718E-03 5.98834937108606E-03 6.00588800736504E-03 6.02293934240035E-03 6.03956859656013E-03 6.0558669021752E-03 6.07182007251623E-03 6.08743823415447E-03 6.10276650521674E-03 6.11788857229271E-03 6.13285011318964E-03 6.14772091656234E-03 6.16238560669413E-03 6.17676428241622E-03 6.19086646694528E-03 6.20474359653055E-03 6.21841173016913E-03 6.23190722501958E-03 6.24519273599336E-03 6.2582574591138E-03 6.27111498662976E-03 6.28381796498575E-03 6.29638827170488E-03 6.30887553044502E-03 6.32117902743214E-03 6.33323387077643E-03 6.34501702639065E-03 6.35654687963051E-03 6.36780063137559E-03 6.37878585225303E-03 6.38945817675283E-03 6.39981248442382E-03 6.40986885779846E-03 6.41969981349744E-03 6.42937585102053E-03 6.43902333225994E-03 6.44864611026329E-03 6.45828019074141E-03 6.4679668300573E-03 6.47780534745822E-03 6.48780965139668E-03 6.49800321443924E-03 6.50823452543609E-03 6.51838543354874E-03 6.52834002436706E-03 6.53803885218127E-03 6.54737949464472E-03 6.55632716980497E-03 6.56489781885653E-03 6.57314838776476E-03 6.58112026675249E-03 6.58886946851546E-03 6.59640472000292E-03 6.60374703063525E-03 6.6109029326542E-03 6.61789011566977E-03 6.62472641199016E-03 6.63143438282862E-03 6.6380245362068E-03 6.6445109985992E-03 6.65090960927556E-03 6.65723843674158E-03 6.66351340961671E-03 6.66974551157854E-03
5.97270512849028E-03 5.99081226378868E-03 0.006008393215233 6.02550201875306E-03 6.04219291961648E-03 6.0585314426764E-03 6.07452873922339E-03 6.09020878779945E-03 6.10560219831312E-03 6.12076949494054E-03 6.13574448422234E-03 6.15055819211704E-03 6.1651617671868E-03 6.17951735028986E-03 6.1936227583235E-03 6.2075109887854E-03 6.22119850387972E-03 6.2347077206339E-03 6.24802402760087E-03 6.26114457304531E-03 6.27407252647747E-03 6.28683867505731E-03 6.29945633100869E-03 6.3119421284681E-03 6.32424245497021E-03 6.33631348708572E-03 6.34812413589717E-03 6.35967462637856E-03 6.37094719912164E-03 6.38193900919857E-03 6.39262625428033E-03 6.4030100482703E-03 6.41310634372337E-03 6.42297279475027E-03 6.43267262310007E-03 6.44229751047898E-03 6.45188008444651E-03 6.46146488189719E-03 6.47108404334314E-03 6.48080448471195E-03 6.4906432558061E-03 6.50061686773715E-03 6.51062887166744E-03 6.52059275609875E-03 6.53040916932728E-03 6.5400193843995E-03 6.54933745178107E-03 6.55831655438406E-03 6.56695949177431E-03 6.57530003240537E-03 6.58337194616032E-03 6.59121462277986E-03 6.59884744673828E-03 6.60628842407924E-03 6.61355313872112E-03 6.62065864056309E-03 6.62762287415149E-03 6.63446176996274E-03 6.64118773814017E-03 6.64781049553462E-03 6.65434708698205E-03 6.66081420075617E-03 6.66722779127841E-03 6.67359727909039E-03
5.97660021218551E-03 5.99473705950256E-03 6.01237450673861E-03 6.02955281541505E-03 6.04631578200155E-03 6.06271817248947E-03 6.07877931765956E-03 6.09452643373542E-03 6.1099845412968E-03 6.12519819253031E-03 6.14018999987135E-03 6.15497943785191E-03 6.16954971327088E-03 6.18388889904477E-03 6.19799737376416E-03 6.21189941900978E-03 6.22560976475323E-03 6.23914747754556E-03 6.25250684384627E-03 6.26568675523549E-03 6.27868491835575E-03 6.2915172408405E-03 6.30418717283763E-03 6.31669833870725E-03 6.32901693483429E-03 6.34111099673232E-03 6.35294862092417E-03 6.36452179385626E-03 6.37581408721093E-03 6.38682165688779E-03 6.3975303837242E-03 6.40794464206728E-03 6.41807884118719E-03 6.42798076806374E-03 6.4377052905446E-03 6.44732793815673E-03 6.45689147857591E-03 6.46644319771282E-03 6.47601157547864E-03 6.48564608942821E-03 6.49536054810085E-03 6.50516909271353E-03 6.51500177254968E-03 6.52479233584291E-03 6.53445975368364E-03 6.5439534723302E-03 6.55319981779362E-03 6.56215200783331E-03 6.57080492871963E-03 6.57917894655702E-03 6.58730055327883E-03 6.59519994933759E-03 6.60289820147625E-03 6.61041326906509E-03 6.61776376429719E-03 6.62496702944358E-03 6.63204022642887E-03 6.63899570515664E-03 6.64584489177516E-03 6.65259512053505E-03 6.65926278822186E-03 0.006665863419634 6.67241189333321E-03 6.67891605738297E-03
5.98216987461757E-03 6.00036834747492E-03 6.01808281936361E-03 6.03534707253417E-03 6.05219769419456E-03 6.06868321243075E-03 6.08482343151228E-03 6.10064453413941E-03 6.11617034223203E-03 6.13143539852596E-03 6.14645613612004E-03 6.16124924306761E-03 6.17581321090418E-03 6.19015056563753E-03 6.20426977695995E-03 6.21819281264584E-03 6.23193418735914E-03 6.24551261181049E-03 6.25892470800873E-03 6.27216786600826E-03 6.28523710525329E-03 6.29813832967925E-03 6.31086793829837E-03 6.32342374876085E-03 6.33577805853498E-03 6.34790172180245E-03 6.35976549758465E-03 6.37135905002676E-03 6.38266806868404E-03 6.39369029575632E-03 6.40441662170858E-03 6.41485262780474E-03 6.42501386965695E-03 6.43494278110362E-03 6.44468898701856E-03 6.45431987656362E-03 6.46387944042608E-03 6.47341252770365E-03 6.48294627978087E-03 6.49252029801553E-03 6.50214303732755E-03 6.51182457807417E-03 6.5215062861246E-03 6.53113419320542E-03 6.54064475548046E-03 6.54999758184022E-03 6.55913107623097E-03 6.56800205826042E-03 6.57660416660039E-03 6.58495203886563E-03 6.59306930125356E-03 6.60097964972608E-03 6.60870403015614E-03 6.61625869261215E-03 6.62366363324621E-03 6.63093608594182E-03 6.63809314217242E-03 6.64514351090101E-03 6.65209738825118E-03 6.65895913558702E-03 6.66574428331889E-03 6.67246694348531E-03 6.67914039629546E-03 6.68577003723845E-03
5.98965158657949E-03 6.00794446816144E-03 6.02576125714706E-03 6.04313191297213E-03 6.0600890856249E-03 6.0766731787629E-03 6.09290490176697E-03 6.10881034784416E-03 6.12441241219653E-03 6.13973849530303E-03 6.15480266339957E-03 6.16962050971028E-03 6.18419969308173E-03 6.19855319327745E-03 6.21269672205585E-03 6.22665222879526E-03 6.24043548577272E-03 6.25406457943965E-03 6.26753684666543E-03 6.28084833216823E-03 6.29399150172356E-03 6.30696498749591E-03 6.3197594511207E-03 6.33237016741571E-03 6.3447678075369E-03 6.35692184038927E-03 6.36880569248617E-03 6.38041049283012E-03 6.39172451452493E-03 6.40274851333893E-03 6.41347689728227E-03 6.4239167976341E-03 6.43408665777703E-03 6.44402740610894E-03 6.45378560093326E-03 6.4634239473782E-03 6.47298328578248E-03 6.48250295607655E-03 6.49200856588873E-03 6.5015333077136E-03 6.51108065564706E-03 6.52064940906249E-03 6.53018849927087E-03 6.53965413982298E-03 6.54899795908206E-03 6.55818669378993E-03 6.56717060085492E-03 6.57591414052224E-03 6.58441418301099E-03 6.59268536105186E-03 6.60074976323121E-03 6.60862717547927E-03 6.6163378057602E-03 6.62389585735898E-03 6.63132213505421E-03 6.63863434475478E-03 6.64584812719018E-03 6.6529687752619E-03 6.66000472292668E-03 6.66695831818959E-03 6.67384382326861E-03 6.68067326524071E-03 6.68745734016897E-03 6.69419843125067E-03
5.9992722740389E-03 6.01769114064947E-03 0.006035636171706 6.05313381048441E-03 6.07021424003631E-03 6.08691067046086E-03 6.10324689162026E-03 6.11924818768955E-03 6.13493649297695E-03 6.15033410194013E-03 6.16545552306971E-03 6.18031536503002E-03 6.19492885171183E-03 6.20931641472599E-03 6.22349918719666E-03 0.006237499655109 6.2513352723086E-03 6.26502317832416E-03 6.27856131019145E-03 6.29194446809463E-03 6.30516278441954E-03 6.31820919933979E-03 6.33106894603699E-03 6.34373411815925E-03 6.35616931488341E-03 6.36834218958621E-03 6.38022940669677E-03 6.3918254956534E-03 6.40312146617514E-03 6.4141217197101E-03 6.42482423722215E-03 6.43523992901641E-03 6.44539218718893E-03 6.45532230152078E-03 6.46507408660229E-03 6.4747065665286E-03 6.48425427205377E-03 6.49375035995615E-03 6.50321798190566E-03 6.5126842302092E-03 6.52214585168636E-03 6.53159186704655E-03 6.54098093736598E-03 6.55027469073532E-03 6.55943797134887E-03 6.56844258469264E-03 6.57725308555531E-03 6.58583864776836E-03 6.5942029065859E-03 6.60236174190741E-03 6.61033727056148E-03 6.61814657142912E-03 6.62581107709793E-03 6.63334258528957E-03 6.64076396160191E-03 6.64809134237483E-03 6.65533793668551E-03 6.66250540034052E-03 6.66960183713381E-03 6.67662707761199E-03 6.68359384485918E-03 6.69051200072811E-03 6.69738906296009E-03 6.70422445923115E-03
6.01129408127941E-03 6.0298668367546E-03 6.0479640177969E-03 6.06560875100701E-03 6.0828284427573E-03 6.09965181927539E-03 6.11610413179661E-03 6.13221060631473E-03 6.14799303948708E-03 6.16347095191265E-03 6.17865972357014E-03 6.19357414029715E-03 0.006208235469765 6.22267072920576E-03 6.23690471592312E-03 6.25096040880436E-03 6.26485586247999E-03 6.27860593201148E-03 6.29220888237254E-03 6.30565980000023E-03 6.31894678677524E-03 6.33205760316798E-03 6.34497224679806E-03 6.35767519122025E-03 6.37012478792206E-03 6.38228940445979E-03 6.39414930333525E-03 6.40570232950533E-03 6.41694435678051E-03 6.42788217675496E-03 6.43851936523152E-03 6.44887445248945E-03 0.006458975957433 6.46886542201346E-03 6.47858490593901E-03 6.48818665113704E-03 6.4976981967045E-03 6.50714781550274E-03 6.51655472339071E-03 6.52593807958555E-03 6.5352892176637E-03 6.54459010364829E-03 6.55380677984664E-03 6.56290970107008E-03 6.57187389407792E-03 6.5806758744106E-03 6.58929004508488E-03 6.59769520067922E-03 6.60590098879432E-03 6.61392398490932E-03 6.6217864054744E-03 6.62950496672226E-03 6.63710074172483E-03 6.64458645972907E-03 6.65198495680208E-03 6.65930828642218E-03 6.66656655922629E-03 6.67376010988669E-03 6.68089598028196E-03 6.68797289042028E-03 6.69500206578047E-03 6.70198916859801E-03 6.70893886568655E-03 6.71584906101326E-03
6.02599205083636E-03 6.04474579960055E-03 6.06301746420836E-03 6.08082665111268E-03 6.09819875669306E-03 6.11515930879689E-03 6.13173513580866E-03 6.14795159958077E-03 6.16383167688842E-03 6.17939331759746E-03 6.19465444376436E-03 6.20963016316443E-03 6.22434793869293E-03 6.2388396608166E-03 6.25313158676994E-03 6.26724563600537E-03 6.28119898476283E-03 6.29500450399164E-03 6.30866167101397E-03 6.3221650494375E-03 6.33550015741548E-03 6.34865013810548E-03 6.36158851753916E-03 6.37429305292079E-03 6.38671746045542E-03 6.39882965663487E-03 6.41061302667624E-03 6.42207179367818E-03 6.43320860205258E-03 6.44403431649842E-03 6.45456152076303E-03 6.46481451076732E-03 6.47482486131677E-03 6.48463480179722E-03 6.49428380536508E-03 0.006503818654622 6.51326072425744E-03 6.52263019237768E-03 6.53193971193612E-03 6.54120263577904E-03 6.55040851647103E-03 6.55953339965048E-03 6.56855359330034E-03 6.5774456442267E-03 6.58619406313305E-03 6.59477894677594E-03 6.60318599109167E-03 6.61139920762168E-03 6.6194332898661E-03 6.62730780115569E-03 6.63504726519509E-03 6.64266653482823E-03 6.65018556323185E-03 6.65761662290926E-03 6.6649789118842E-03 6.6722825302725E-03 6.67953658527992E-03 6.6867395480804E-03 6.69389627936098E-03 6.70100454526209E-03 6.7080726859922E-03 6.71510492765397E-03 6.72210499908805E-03 6.72906916607587E-03
6.04368157512365E-03 6.06263812887927E-03 6.08110082322373E-03 6.0990862196568E-03 6.11661834689721E-03 6.13372095686466E-03 6.1504222559505E-03 0.006166748812815 6.18272439064041E-03 6.19836736373944E-03 6.21369860079972E-03 6.22873581075859E-03 6.24351185368605E-03 6.25806121330584E-03 6.27240872683646E-03 6.28657387476117E-03 6.30057219153978E-03 6.31441467823084E-03 6.32810068320071E-03 6.34162391730162E-03 6.35496801993438E-03 6.36811289662225E-03 6.38102568807384E-03 6.39367625455271E-03 6.40601235228046E-03 6.41800493537827E-03 6.42964589965053E-03 6.44094790058226E-03 6.45191940382503E-03 6.46257756817548E-03 6.47294237656196E-03 6.48304337919431E-03 6.4929154115328E-03 6.5026012958587E-03 6.51213679148745E-03 6.5215620018627E-03 6.53088949621396E-03 6.54013246781034E-03 6.54929901720554E-03 6.55839877987167E-03 6.56741832019194E-03 6.57633364351963E-03 6.58512980222712E-03 6.59379055788024E-03 6.60230742996631E-03 6.61066420536672E-03 6.6188547830097E-03 6.62686876963984E-03 6.63472713590249E-03 6.64245168684595E-03 6.65006719379203E-03 6.65758543679062E-03 6.66502518452536E-03 6.67239633317962E-03 6.67971464283119E-03 6.68698791238982E-03 6.69422415295976E-03 6.70141981149303E-03 6.70857851214202E-03 6.71569655401953E-03 6.72278109895332E-03 6.72983503504251E-03 6.73686158198192E-03 6.74385535256225E-03
6.06470492475497E-03 6.08387983917864E-03 6.10254217231455E-03 6.12070661405061E-03 6.13839743897626E-03 6.15563846420385E-03 6.1724600747114E-03 6.1888897088859E-03 6.20495176322294E-03 6.22066598428553E-03 6.23605770003612E-03 6.25114851625296E-03 6.26597519789034E-03 6.28057171052528E-03 6.29495858268102E-03 6.3091522705979E-03 6.32316613585219E-03 6.33700908608362E-03 6.35067886963562E-03 6.36416747741716E-03 6.37745777089197E-03 6.39052903416323E-03 6.40334204620732E-03 6.41585602350654E-03 6.42801491610035E-03 6.43980219899264E-03 6.45122446717097E-03 6.46230167951729E-03 6.4730460541743E-03 6.48347873868438E-03 6.49362466449445E-03 6.50351901006046E-03 6.51320080133418E-03 6.52271236750907E-03 6.53208341103054E-03 6.54134567518027E-03 6.5505022324252E-03 6.55956399632417E-03 6.56853921817138E-03 6.5774335931697E-03 6.58623190302134E-03 6.59490994251428E-03 6.60346203982223E-03 6.61187810770837E-03 6.62015577940206E-03 6.62827984941931E-03 6.63625220163154E-03 6.64406764416985E-03 6.65175475120579E-03 6.65933491576728E-03 6.66682944056742E-03 6.67424643913694E-03 6.68160430072109E-03 6.68891025940256E-03 0.006696177416744 6.70341022270375E-03 0.006710614191456 6.71778398491305E-03 6.72492348315594E-03 6.73202799285885E-03 6.73910470207434E-03 6.74615482975995E-03 6.7531798492947E-03 6.76017343084997E-03
6.0894111720092E-03 6.10880909933677E-03 6.12766757276239E-03 6.14600300317615E-03 6.16384070266558E-03 6.18120752866292E-03 6.19813549330146E-03 6.21465204474273E-03 6.23078226578098E-03 6.24654958000116E-03 6.26198211162651E-03 6.27710977134956E-03 6.29196985017796E-03 6.30658895517451E-03 6.32098222144907E-03 6.33516499900968E-03 6.34914764103652E-03 6.36293597025258E-03 6.37652453208561E-03 6.3899018550733E-03 6.40305127302145E-03 6.41595385320919E-03 6.42856996419698E-03 6.44083862184732E-03 6.45271345708592E-03 6.46420423410853E-03 6.47533072335912E-03 6.48611290544653E-03 6.49656538014086E-03 6.50671164110753E-03 6.51658063269179E-03 6.52621278280984E-03 6.5356494055145E-03 6.54492904256426E-03 6.55407830324763E-03 6.5631133709629E-03 6.5720341686832E-03 6.58085790393043E-03 6.58959440767611E-03 6.59824139575398E-03 6.60678165414674E-03 6.61519832219115E-03 6.62349235101445E-03 6.6316581460178E-03 6.63969480792295E-03 6.64758871656954E-03 6.65534590407631E-03 6.66297222327835E-03 6.67050035979562E-03 6.67794423203971E-03 6.68531958030451E-03 6.69263407102995E-03 6.69990539674652E-03 6.70713824202245E-03 6.71434333915725E-03 6.7215209795555E-03 6.7286737034248E-03 6.73579635225336E-03 6.74289253642421E-03 6.74995857513414E-03 6.75700130197774E-03 6.76401812189982E-03 6.7710084293157E-03 6.77796675318869E-03
