NongDo/Fusa 19.6h.grd
DSAA
463	323
2	464
2	324
0	10
[rows 140 to 167 of 323, columns 192 to 255 of 463]
7.45777193323599E-03 7.57399201387292E-03 7.69032648305075E-03 7.80635524530082E-03 7.92162747570554E-03 8.03559936679795E-03 8.14772240564151E-03 8.25743613423068E-03 8.3642004109714E-03 8.46746830155824E-03 8.56671754816146E-03 8.66143989343228E-03 8.75119202587735E-03 8.83560824628291E-03 8.91440723733365E-03 8.9874012485805E-03 9.05450466276176E-03 9.11574552158194E-03 9.17124639846737E-03 9.22121530952187E-03 9.26592544431696E-03 9.30569931172947E-03 9.34088457965493E-03 9.37183961378242E-03 9.39891587687923E-03 9.42243923802258E-03 9.44269802016577E-03 9.45993486036652E-03 9.47439526576342E-03 9.48634048008554E-03 9.49604688028212E-03 9.50378535767936E-03 9.50981206225474E-03 9.5143703505851E-03 9.51768603710047E-03 9.51996523256931E-03 9.52138125247461E-03 9.52207618342188E-03 9.52216187384196E-03 9.52172290348658E-03 9.52082372575703E-03 9.5195141622731E-03 9.51783540064781E-03 9.51582943279147E-03 9.51354906862241E-03 9.51105826448604E-03 9.50843655808313E-03 9.50333264838601E-03 0 0 0 0 0 0 0 0 0 0 0 0 0 0 0 0
7.56485285702718E-03 7.68122345204538E-03 7.79721806184416E-03 7.91240999985994E-03 8.02634482515231E-03 8.1384771901338E-03 8.24829079343491E-03 8.35526393017983E-03 8.45889695032333E-03 8.55868022053983E-03 8.65413189901823E-03 8.74478632257461E-03 8.83024942019978E-03 8.91020595770014E-03 8.98442356230522E-03 9.05276371975641E-03 9.11519283039845E-03 9.17179349831241E-03 9.2227389233275E-03 9.26828594962469E-03 9.3087491056515E-03 9.34448111054212E-03 9.3758512532383E-03 9.40323136917031E-03 9.42697715897486E-03 9.44741107892572E-03 9.46481398431346E-03 9.47941477006641E-03 9.49145789761515E-03 9.50121348805527E-03 9.50895552977226E-03 9.51494639707983E-03 9.51943257777777E-03 9.52264771964739E-03 9.52480450254371E-03 9.52609351660829E-03 9.52667146099867E-03 9.5266623761179E-03 9.5261591930079E-03 9.52522671973537E-03 9.52391541476627E-03 9.52226696092725E-03 9.52031510054103E-03 9.51809853154283E-03 9.51568355894946E-03 9.51317869493842E-03 9.50843655808313E-03 0 0 0 0 0 0 0 0 0 0 0 0 0 0 0 0 0
7.67097289881186E-03 7.78709972365555E-03 7.90237059844343E-03 8.01634844799572E-03 8.12857385055704E-03 8.23852122275876E-03 8.34571864968708E-03 8.4496830840884E-03 8.54994952903909E-03 8.64604142486869E-03 8.73751376635673E-03 8.82394822708106E-03 8.90500135905499E-03 8.98040743799346E-03 9.0499839405066E-03 9.11364591133144E-03 9.17141527485595E-03 9.22342869696094E-03 9.26991018302493E-03 9.31116428679425E-03 9.34754349603587E-03 9.37942541200868E-03 9.40719452325673E-03 9.43122853683091E-03 9.45187950301679E-03 9.46946003493158E-03 9.48423901830157E-03 9.49643463303459E-03 9.50629245118153E-03 9.51408580147707E-03 9.52007969283591E-03 9.52452605444482E-03 9.52766148828558E-03 9.52971004183025E-03 9.53087238491832E-03 9.53132233132422E-03 9.53119818849648E-03 9.53060671954831E-03 9.52962386569349E-03 9.52829440941383E-03 9.5266537177763E-03 9.5247401554587E-03 9.5225849839646E-03 9.52022717448121E-03 9.51775575664472E-03 9.51317869493842E-03 0 0 0 0 0 0 0 0 0 0 0 0 0 0 0 0 0 0
7.77599681006067E-03 7.89150237133075E-03 8.00568061439269E-03 8.11808140164758E-03 8.22824973661705E-03 8.33570763728419E-03 8.44001417173588E-03 8.54072298589187E-03 8.63739698040096E-03 8.72959458400452E-03 8.81690818547064E-03 8.89897533162313E-03 8.97550018616303E-03 9.04626817753874E-03 9.11115063867973E-03 0.009170121778978 9.22326120946339E-03 9.27075842390803E-03 9.31288917820364E-03 9.35000246070852E-03 9.38248333291603E-03 9.41072652117883E-03 9.43512441581829E-03 9.45605246233221E-03 9.47385135956561E-03 9.48881862552172E-03 9.50120844480602E-03 9.51123178990472E-03 9.51913179269123E-03 9.52518053681255E-03 9.52963148061912E-03 9.53272491548871E-03 9.5346881793768E-03 9.53573506951588E-03 9.53605375529436E-03 9.53580050389137E-03 9.53509513042016E-03 9.53402712830303E-03 9.53265637289965E-03 9.53101100766759E-03 9.52911209523036E-03 9.52699828638674E-03 9.52470712886018E-03 9.52229279525307E-03 9.51775575664472E-03 0 0 0 0 0 0 0 0 0 0 0 0 0 0 0 0 0 0 0
7.87984730693093E-03 7.9943650405391E-03 8.1070857137877E-03 8.21756117683181E-03 8.32535717529841E-03 8.43004009272469E-03 8.53118731341471E-03 8.62838922431261E-03 8.72123701654598E-03 8.80933165679408E-03 8.89230852009652E-03 8.9698606647877E-03 9.04173986649176E-03 9.10778933830044E-03 9.16794052661431E-03 9.22222923175311E-03 9.27079298150389E-03 9.31387452235379E-03 9.35179955264774E-03 9.38495432628516E-03 9.41374747626186E-03 9.43858358536253E-03 9.45985459127749E-03 9.47792487915606E-03 9.49311735154172E-03 9.50571080219526E-03 9.51594402026416E-03 9.52402368011708E-03 9.53018817469779E-03 9.53470139117951E-03 9.53780291621269E-03 9.53972391978847E-03 9.54068361645771E-03 9.54088352515217E-03 9.54049641582542E-03 9.53966199331547E-03 9.53848262756977E-03 9.53702875348831E-03 9.53534243633698E-03 9.5334405470288E-03 9.53133696604327E-03 9.52907581857657E-03 9.52671674051158E-03 9.52229279525307E-03 0 0 0 0 0 0 0 0 0 0 0 0 0 0 0 0 0 0 0 0
7.98246601328877E-03 8.09563854222405E-03 8.20655241801555E-03 8.31477225622464E-03 8.41988282740612E-03 8.5214848227484E-03 8.61918800286929E-03 8.71261660737484E-03 8.80139705833408E-03 8.8851762419978E-03 8.96363800435607E-03 9.03652790372734E-03 9.10365637283921E-03 9.16492898441573E-03 9.22034215324017E-03 9.26999237294263E-03 9.31407452786819E-03 9.35288233357209E-03 9.38678450929619E-03 9.41619559002979E-03 9.44153762962364E-03 9.4632169238344E-03 9.4816148743481E-03 9.49707753069138E-03 9.50990654662643E-03 9.52035958073234E-03 9.52865932070687E-03 9.53501072471895E-03 9.53964584660416E-03 9.54281413009025E-03 9.54474502170521E-03 9.54566192733294E-03 9.54577483914877E-03 9.54527142006547E-03 9.54430855718708E-03 9.54300875029894E-03 9.54145508482245E-03 9.53969745589973E-03 9.53776238816445E-03 9.53565906923643E-03 9.53340424962596E-03 9.53106012361858E-03 9.52671674051158E-03 0 0 0 0 0 0 0 0 0 0 0 0 0 0 0 0 0 0 0 0 0
8.08363668297159E-03 8.19510011220115E-03 8.30385505532842E-03 8.4094832150591E-03 8.51158767924526E-03 8.60980445704801E-03 8.70378287291821E-03 8.79318328817312E-03 8.87767271917289E-03 8.95694598050644E-03 9.03073895148747E-03 9.09885337680956E-03 9.16116594709152E-03 9.21764844372192E-03 9.26836443459035E-03 9.31346781912973E-03 9.35320766214081E-03 9.38792434168793E-03 9.41802087000658E-03 9.44393009132763E-03 9.4660773268446E-03 9.48486032478526E-03 9.5006414379095E-03 9.51374494630691E-03 9.5244490370879E-03 9.53298964957387E-03 9.53957457973007E-03 9.54440387466613E-03 9.54769837378252E-03 9.5496960354698E-03 9.55062137664375E-03 9.55068858926338E-03 9.55009562968928E-03 9.54901655675626E-03 9.54759462035514E-03 9.5459349882567E-03 9.54409747265417E-03 9.54210700518378E-03 9.53997966676924E-03 9.53772588480497E-03 9.53538938136873E-03 9.53106012361858E-03 0 0 0 0 0 0 0 0 0 0 0 0 0 0 0 0 0 0 0 0 0 0
8.18305702329431E-03 8.29243502159865E-03 8.39866727875427E-03 8.50135676236669E-03 8.60013270885133E-03 8.69467169017462E-03 8.78466293966457E-03 8.86980493814285E-03 8.94980862901581E-03 9.02442098656099E-03 9.09343567009933E-03 9.15671476536752E-03 9.21420257029758E-03 9.26593942460356E-03 9.3120548441541E-03 9.35275520580688E-03 9.3883386347027E-03 9.41918593656564E-03 9.44572353923577E-03 9.46839200206495E-03 9.48761032267937E-03 9.50375886949202E-03 9.5171769570277E-03 9.5281645168865E-03 9.53697332955673E-03 9.54381748492796E-03 9.54889070648145E-03 9.55238768403808E-03 9.5545209340848E-03 9.55551691809185E-03 9.55559278915726E-03 9.55495318084048E-03 9.55378356461009E-03 9.55224477181137E-03 9.55046962593842E-03 9.54854971186101E-03 9.54651393001336E-03 9.54434691970956E-03 9.54207460591884E-03 9.5397250851592E-03 9.53538938136873E-03 0 0 0 0 0 0 0 0 0 0 0 0 0 0 0 0 0 0 0 0 0 0 0
8.2803780972346E-03 8.38729083942428E-03 8.49063794184573E-03 8.59005040283765E-03 8.68519147687915E-03 8.77578112027745E-03 8.86154888454477E-03 8.94223447112394E-03 9.01759726549548E-03 9.08743992808164E-03 9.15161792345207E-03 9.21005589129606E-03 9.26276670552879E-03 9.30985775532073E-03 9.35152043716927E-03 9.38800911867324E-03 9.41966439119236E-03 9.44689686041272E-03 9.47014472622465E-03 9.48984609335105E-03 9.50640511563936E-03 9.52017974432981E-03 9.53148343796668E-03 0.009540588680491 9.54771938281747E-03 9.55306919573533E-03 9.55681964242929E-03 9.55916036470756E-03 9.56029712355235E-03 9.56044603789847E-03 9.55981488483483E-03 9.55859721463495E-03 9.55696586619605E-03 9.55507026916273E-03 9.55304029572479E-03 9.55096546785004E-03 9.54883121106648E-03 9.54650856614571E-03 9.54412383194455E-03 9.5397250851592E-03 0 0 0 0 0 0 0 0 0 0 0 0 0 0 0 0 0 0 0 0 0 0 0 0
8.37522773175721E-03 8.47929974662166E-03 8.57941047737069E-03 8.67522606534316E-03 8.7664494531173E-03 8.85284594894833E-03 8.93418838409684E-03 9.01026103999542E-03 9.08087528549281E-03 9.14589247406103E-03 9.20523151034994E-03 9.25888026952235E-03 9.30691957930511E-03 9.34951996422974E-03 9.38692797480278E-03 9.41943928322559E-03 9.44742665974044E-03 9.47131996281994E-03 9.49155942165274E-03 9.50857163084934E-03 9.52273940443461E-03 9.53439442138431E-03 9.54382100525052E-03 9.55126247234029E-03 9.55691658214567E-03 9.56095862269076E-03 9.56356012473425E-03 9.56490622858894E-03 9.5651973449285E-03 9.56463983087478E-03 9.56343019944914E-03 9.56174794722005E-03 9.55975115250963E-03 9.55758372513633E-03 9.55539580884326E-03 9.5533139906425E-03 9.55128943068822E-03 9.54871147665268E-03 9.54412383194455E-03 0 0 0 0 0 0 0 0 0 0 0 0 0 0 0 0 0 0 0 0 0 0 0 0 0
8.46722485419368E-03 8.5680973290259E-03 8.66464411760986E-03 8.7565730594709E-03 8.84363177516496E-03 8.92563126772245E-03 9.00239010114921E-03 9.07374158478714E-03 9.1395528612377E-03 9.19974401894833E-03 9.25429730748605E-03 9.3032645787718E-03 9.3467912866914E-03 9.38510315899356E-03 9.41849323817225E-03 9.4472915595705E-03 9.47189283209709E-03 9.49273472079203E-03 9.51025053774184E-03 9.52484844635782E-03 9.53688492714978E-03 9.54666277344583E-03 9.55443537104669E-03 9.56041651786396E-03 9.56478023540659E-03 9.56768665452363E-03 9.56929960245617E-03 9.56979959169041E-03 9.56938173952559E-03 9.56824424398308E-03 9.56657107093764E-03 9.56452169071019E-03 9.56223085604188E-03 9.55983957237768E-03 9.55756784356616E-03 9.5557039028363E-03 9.55451271911294E-03 9.54871147665268E-03 0 0 0 0 0 0 0 0 0 0 0 0 0 0 0 0 0 0 0 0 0 0 0 0 0 0
8.55599818053643E-03 8.65333954395738E-03 8.74602783943016E-03 8.83381831172534E-03 8.91650755821747E-03 8.9939521450515E-03 9.06601934007494E-03 9.13259545769145E-03 9.19360492419441E-03 9.24902630178661E-03 9.29890396353263E-03 0.009343351937915 9.38257167976673E-03 9.41683567560548E-03 9.44647429777684E-03 9.47184385874211E-03 9.49334989945092E-03 9.51142862415068E-03 9.5265003636677E-03 9.53894863566793E-03 9.54909971282116E-03 9.55722619184009E-03 9.56355073830629E-03 9.56825847072903E-03 9.5715031823987E-03 9.5734325165756E-03 9.57420374433621E-03 9.57399282521862E-03 9.57299127562136E-03 9.57139082387153E-03 9.56936116204558E-03 9.56703235544101E-03 9.56448932820565E-03 9.56183622962022E-03 9.55943199809636E-03 9.55784519214518E-03 9.55765391689559E-03 0 0 0 0 0 0 0 0 0 0 0 0 0 0 0 0 0 0 0 0 0 0 0 0 0 0 0
8.64121158171428E-03 8.73472935307779E-03 8.82330918705805E-03 8.90675679059947E-03 8.98492037953998E-03 9.05770462157444E-03 9.12502787471305E-03 9.18682973431718E-03 9.24309267461734E-03 9.29385398077951E-03 9.33921728895116E-03 9.37935085798673E-03 9.41450312571128E-03 9.44498603527193E-03 9.47115859966315E-03 9.49339163274221E-03 9.51209216785557E-03 9.52768998270726E-03 9.54058617572839E-03 9.55113458121339E-03 9.55962915386332E-03 9.56631167589973E-03 9.57137525746068E-03 9.57498017528031E-03 9.57726357210777E-03 9.57836205458783E-03 9.57842618309091E-03 9.57762714825026E-03 9.57615513665465E-03 9.57420067959396E-03 9.57192312467027E-03 9.56941561313529E-03 9.56664998060059E-03 9.56350050283249E-03 9.56064436097429E-03 9.55902419322585E-03 9.55765391689559E-03 0 0 0 0 0 0 0 0 0 0 0 0 0 0 0 0 0 0 0 0 0 0 0 0 0 0 0
8.72257543518006E-03 8.81202282113656E-03 8.89629228632256E-03 8.97524413330092E-03 9.04878094330796E-03 9.11685637538926E-03 9.17943854531003E-03 9.23652126977202E-03 9.2881459346028E-03 9.33440635028262E-03 9.37545845667177E-03 9.41151539594285E-03 9.44286465550367E-03 9.46984900705573E-03 9.49284664651681E-03 9.51223250430635E-03 9.5284103317637E-03 9.54179860456262E-03 9.55277133006704E-03 9.56164938102632E-03 9.5686947233492E-03 9.57412005790947E-03 9.57809270923983E-03 9.58075172089927E-03 9.58221934507364E-03 9.58262239027559E-03 9.58210431820483E-03 9.58082965368389E-03 9.57898989972541E-03 9.57678621790237E-03 9.5743879541667E-03 9.57188577548307E-03 9.5690901191582E-03 9.56471468211322E-03 9.56064436097429E-03 9.55902419322585E-03 0 0 0 0 0 0 0 0 0 0 0 0 0 0 0 0 0 0 0 0 0 0 0 0 0 0 0 0
8.7998693763419E-03 8.88504852573456E-03 8.9648574242781E-03 9.03921436515968E-03 9.10807765900872E-03 9.17144709310834E-03 9.22934127192019E-03 9.28180991743577E-03 9.32895209100032E-03 9.37091149715927E-03 9.40788851348527E-03 9.44013281721706E-03 9.46796138646155E-03 9.49173763351023E-03 9.5118488527425E-03 9.52867028319786E-03 9.54259757195528E-03 9.55402957734498E-03 9.5633080652577E-03 9.57072151804896E-03 9.5765024026208E-03 9.58083789736384E-03 9.58387328188988E-03 9.58572909483199E-03 9.58651434201359E-03 9.5863471030476E-03 9.58536275514962E-03 9.5837146583879E-03 9.58159527968618E-03 9.5792331825407E-03 9.57685316775839E-03 9.57472036108642E-03 9.57320190254248E-03 9.56471468211322E-03 0 0 0 0 0 0 0 0 0 0 0 0 0 0 0 0 0 0 0 0 0 0 0 0 0 0 0 0 0 0
8.87293068326259E-03 8.95369517102075E-03 9.02894685408377E-03 9.09866327339694E-03 9.16285853707233E-03 9.22157437664314E-03 9.27488354369294E-03 9.32289060195603E-03 0.009365746999688 9.40363762184223E-03 9.43680019889998E-03 9.46551241453036E-03 9.49011005515601E-03 9.51096828214787E-03 9.52847427883508E-03 9.54300115928477E-03 9.55492901187554E-03 9.56463173567565E-03 9.57241985102575E-03 9.57855140967385E-03 9.58323280637965E-03 9.58662892748376E-03 9.58886567749723E-03 9.59004751755023E-03 9.5902726588174E-03 9.58965030790098E-03 9.58830441720971E-03 9.58637121328905E-03 9.58403934837415E-03 9.58156754572502E-03 9.5792280565765E-03 9.57746939300486E-03 9.57723043346632E-03 0 0 0 0 0 0 0 0 0 0 0 0 0 0 0 0 0 0 0 0 0 0 0 0 0 0 0 0 0 0 0
8.94165735366664E-03 9.01791543747131E-03 9.08857028452277E-03 9.15365449419329E-03 9.21323520591591E-03 9.26740018292675E-03 9.31627592230579E-03 9.36001480028182E-03 9.39881234437919E-03 9.4328880044676E-03 9.46250882659193E-03 9.48797220143156E-03 9.50962408050339E-03 9.52784222317019E-03 9.54300746975865E-03 9.55548773377121E-03 9.56564335032685E-03 9.57381978757496E-03 9.58029806670535E-03 9.58531021802642E-03 9.58904027136547E-03 9.59163280240794E-03 0.009593196273831 9.59382225418461E-03 9.59360005422208E-03 9.5926290642663E-03 9.59101787551572E-03 9.58887789976212E-03 9.5863800344657E-03 9.5837926157664E-03 9.58133798342969E-03 9.57919375033188E-03 9.57723043346632E-03 0 0 0 0 0 0 0 0 0 0 0 0 0 0 0 0 0 0 0 0 0 0 0 0 0 0 0 0 0 0 0
9.00600913398295E-03 9.07772271047828E-03 9.14379265598601E-03 9.20430387143002E-03 9.25937629556782E-03 9.30914455890747E-03 9.35377856001257E-03 9.39347277003851E-03 9.42845931469063E-03 9.45898573060818E-03 9.48533842520657E-03 9.50782779388856E-03 9.52680307889572E-03 9.54263762512604E-03 9.55570233965041E-03 9.56635739432668E-03 9.57494246147216E-03 9.58177161430075E-03 9.58710036340796E-03 9.59113798989928E-03 9.59404842523096E-03 9.59595784405711E-03 9.59696072901993E-03 9.59713826905298E-03 9.59657138915919E-03 9.59534790201947E-03 9.59355625532932E-03 0.009591280175216 9.58867232686345E-03 9.58599844411469E-03 9.5834505362272E-03 9.57919375033188E-03 0 0 0 0 0 0 0 0 0 0 0 0 0 0 0 0 0 0 0 0 0 0 0 0 0 0 0 0 0 0 0 0
9.06604605309506E-03 9.13322742173228E-03 9.19477009581161E-03 9.2508117651057E-03 9.30152229463927E-03 9.34707589143049E-03 9.3876790095556E-03 9.42356334288841E-03 9.45499116082147E-03 9.48223029401035E-03 9.50557915849173E-03 9.52535569766494E-03 9.54190674334264E-03 9.55559692943659E-03 9.56678399770437E-03 9.57581574699023E-03 9.5830092998766E-03 9.5886508422219E-03 9.59297408121661E-03 9.59616703997671E-03 9.59837492764498E-03 9.59970820627415E-03 9.60025050565315E-03 9.60007476265551E-03 9.59925483796648E-03 9.59786564202469E-03 9.5959651911687E-03 9.59359793478789E-03 9.59093777169272E-03 9.5882608454867E-03 9.5834505362272E-03 0 0 0 0 0 0 0 0 0 0 0 0 0 0 0 0 0 0 0 0 0 0 0 0 0 0 0 0 0 0 0 0 0
9.1218851866003E-03 9.18459185698324E-03 9.24170743333605E-03 9.29342035859816E-03 9.33994224561352E-03 9.3814792112747E-03 9.41827231391029E-03 9.45058527936229E-03 9.47870396761941E-03 9.50290838837254E-03 9.52350435119217E-03 9.54081254251944E-03 9.55517252086155E-03 9.56693682493111E-03 9.57644720133631E-03 9.58403665993532E-03 9.59000116831829E-03 9.59460136232177E-03 9.59804979258447E-03 9.60051527168927E-03 9.60212671752766E-03 9.60298120806532E-03 9.60315294528299E-03 9.60270920659183E-03 9.60172133940799E-03 9.60025892274257E-03 9.59834216991903E-03 9.59589795457489E-03 9.5932292357309E-03 9.5882608454867E-03 0 0 0 0 0 0 0 0 0 0 0 0 0 0 0 0 0 0 0 0 0 0 0 0 0 0 0 0 0 0 0 0 0 0
9.17368777278143E-03 9.23201255348692E-03 9.28483294654551E-03 9.33238060813924E-03 9.37490149732849E-03 9.41263171806493E-03 9.44584334392992E-03 9.47482504732021E-03 9.49987855295658E-03 9.52129160960799E-03 9.53937297424836E-03 9.55444108286855E-03 9.56682456390769E-03 9.57686151217005E-03 9.58487662640893E-03 9.5911864010124E-03 9.59606617270534E-03 9.59975413325595E-03 9.60244342454607E-03 9.60428573597107E-03 9.60539601738308E-03 9.60585945895376E-03 9.60574139910634E-03 9.60510611600302E-03 9.60403170172757E-03 9.60261265468608E-03 9.60086633474442E-03 9.59823527270578E-03 9.5932292357309E-03 0 0 0 0 0 0 0 0 0 0 0 0 0 0 0 0 0 0 0 0 0 0 0 0 0 0 0 0 0 0 0 0 0 0 0
9.22164474707917E-03 9.27570765570708E-03 9.32438530231308E-03 9.36794557701147E-03 9.40666525292644E-03 9.4408081108897E-03 9.47067008808099E-03 9.49655839946536E-03 9.51878376048873E-03 9.53763778764003E-03 0.009553426858109 9.56646377794146E-03 9.57706441504634E-03 9.5855511897779E-03 9.59223225247441E-03 9.59740653615064E-03 9.60133003725834E-03 9.60422034937942E-03 9.60625296422907E-03 9.60756440823697E-03 9.60825746398851E-03 9.60840750613202E-03 9.60807278790616E-03 9.60731475052024E-03 9.6062244789992E-03 9.60499482329256E-03 9.60404835632614E-03 9.59823527270578E-03 0 0 0 0 0 0 0 0 0 0 0 0 0 0 0 0 0 0 0 0 0 0 0 0 0 0 0 0 0 0 0 0 0 0 0 0
9.26597838708753E-03 9.31591869258604E-03 9.36061951318184E-03 9.40037933199258E-03 9.43550169995776E-03 9.46627578553733E-03 9.49301539684974E-03 9.51603890221196E-03 9.53565992424111E-03 9.55217157214992E-03 9.56587417664775E-03 9.57707099038452E-03 9.58606422032365E-03 9.59316105348001E-03 9.59865351373239E-03 9.6028220064292E-03 9.6059037235919E-03 9.60809794051091E-03 9.60956429262186E-03 9.61042591563624E-03 9.61077540169136E-03 9.61068098334722E-03 9.61019639695268E-03 9.60937557119805E-03 9.60828858207873E-03 9.60714829544595E-03 9.60697539628893E-03 0 0 0 0 0 0 0 0 0 0 0 0 0 0 0 0 0 0 0 0 0 0 0 0 0 0 0 0 0 0 0 0 0 0 0 0 0
9.3069192897212E-03 9.35288854343497E-03 9.39378651945651E-03 9.42993727942227E-03 9.46166679814998E-03 9.48928666349787E-03 9.51312209962751E-03 9.53349700185872E-03 9.55072326598806E-03 9.56509285713335E-03 9.5768965819029E-03 9.58642601116409E-03 9.5939709798907E-03 9.59982306475294E-03 9.60425811781033E-03 9.60753729292261E-03 9.60988029029031E-03 9.61146955591877E-03 9.61244998789602E-03 9.61293299968583E-03 9.61300305697244E-03 9.61272515227561E-03 9.61215566729183E-03 9.61134619724119E-03 9.61027975834242E-03 9.60855257151886E-03 9.60697539628893E-03 0 0 0 0 0 0 0 0 0 0 0 0 0 0 0 0 0 0 0 0 0 0 0 0 0 0 0 0 0 0 0 0 0 0 0 0 0
9.34469233814428E-03 9.38684684610887E-03 9.42411635823229E-03 9.45684761541412E-03 9.48538551730764E-03 9.51005814610477E-03 9.53119683467508E-03 9.5491274153265E-03 9.56415648041378E-03 9.57656986654937E-03 0.009586646800926 9.59466830971091E-03 9.60091173639578E-03 9.60565236784719E-03 9.60914925848996E-03 9.61164482601199E-03 9.61334222456382E-03 9.61440812120014E-03 9.61497402177699E-03 9.61514109683163E-03 9.61498724025953E-03 9.61457857098943E-03 9.61398932126167E-03 9.61332767315888E-03 9.61275300796894E-03 9.60855257151886E-03 0 0 0 0 0 0 0 0 0 0 0 0 0 0 0 0 0 0 0 0 0 0 0 0 0 0 0 0 0 0 0 0 0 0 0 0 0 0
9.37950652669088E-03 9.4180052383658E-03 9.45182157402429E-03 9.48132074382239E-03 9.50686221457241E-03 9.52878535322442E-03 9.54742369733262E-03 9.56310128683677E-03 9.57611600345424E-03 9.58674424363285E-03 9.59525452317038E-03 9.60191748661142E-03 9.60699594557481E-03 9.61074833804689E-03 9.61341678033317E-03 9.61522562357064E-03 9.61636168329789E-03 9.61697705099593E-03 9.61719167825124E-03 9.61709847844896E-03 9.6167706889676E-03 9.61627654417008E-03 9.61570934642643E-03 9.61523697247546E-03 9.6150968362945E-03 0 0 0 0 0 0 0 0 0 0 0 0 0 0 0 0 0 0 0 0 0 0 0 0 0 0 0 0 0 0 0 0 0 0 0 0 0 0 0
9.41154030846083E-03 9.44654269308035E-03 9.47707916550763E-03 9.50353028837664E-03 9.52626604623104E-03 9.54563222190479E-03 9.56196021038003E-03 9.57556713372474E-03 9.58673968814911E-03 9.5957446128111E-03 9.60283983421538E-03 9.6082835447835E-03 9.61232282768986E-03 9.61519969389041E-03 9.61713980894485E-03 9.61834954790887E-03 9.61899965841633E-03 9.61922929970129E-03 9.61914878147236E-03 9.61884498199863E-03 9.61838928738705E-03 9.61785197860141E-03 9.61733232266047E-03 9.61697567582466E-03 9.6150968362945E-03 0 0 0 0 0 0 0 0 0 0 0 0 0 0 0 0 0 0 0 0 0 0 0 0 0 0 0 0 0 0 0 0 0 0 0 0 0 0 0
9.44095341389709E-03 9.47262023383867E-03 9.50005061301838E-03 9.52363658534743E-03 9.54375344458479E-03 9.56074891732203E-03 9.5749479957433E-03 9.58665707641492E-03 9.59615127772646E-03 9.60368675812764E-03 9.60950922120499E-03 9.61386251456736E-03 9.61697870494238E-03 9.61908320715007E-03 9.62038548076989E-03 9.62107421958685E-03 9.62130552170662E-03 9.62120709652803E-03 9.62088107702142E-03 9.62041007271826E-03 9.61986586135322E-03 9.61932593350972E-03 9.6189121533706E-03 9.61879770918489E-03 0 0 0 0 0 0 0 0 0 0 0 0 0 0 0 0 0 0 0 0 0 0 0 0 0 0 0 0 0 0 0 0 0 0 0 0 0 0 0 0
