NongDo/Fusa 10.8h.grd
DSAA
463	323
2	464
2	324
0	10
[rows 140 to 167 of 323, columns 192 to 255 of 463]
1.35024209054321E-03 1.44069336589479E-03 1.52934828474328E-03 1.61494954356659E-03 1.69614062962245E-03 1.77145622643233E-03 1.83941920746396E-03 1.89857887730642E-03 1.94757345262664E-03 1.98516672521751E-03 2.01031658917916E-03 2.02222905521843E-03 2.02042007650382E-03 2.00474396520832E-03 1.97540592556067E-03 1.93294970195372E-03 1.87821901992069E-03 1.81229242055392E-03 1.7364376205931E-03 1.65203813263969E-03 1.56054946058998E-03 1.46344582668811E-03 1.36219080746058E-03 1.25821355740958E-03 1.15292790471828E-03 1.04776853695999E-03 9.44221972209895E-04 8.43844444782153E-04 7.47940681158198E-04 6.57504764789233E-04 5.7328608003403E-04 4.95823492034704E-04 4.2548404939939E-04 3.62395553077877E-04 3.0650654255726E-04 2.57526853550779E-04 2.15097495845785E-04 1.78739594171796E-04 1.47874106180465E-04 1.21805049094754E-04 9.99250568626398E-05 8.16901446982122E-05 6.66272264186676E-05 5.43231639961172E-05 4.448632313902E-05 3.69849647234101E-05 3.18553956443435E-05 2.71721257931845E-05 0 0 0 0 0 0 0 0 0 0 0 0 0 0 0 0
1.51658680126621E-03 1.61038119554381E-03 1.7011509629824E-03 1.78754217038215E-03 1.86811785947479E-03 1.94135139136711E-03 2.00575574608823E-03 2.05990031756434E-03 2.10247265623017E-03 2.13231396773472E-03 2.14849473637373E-03 2.15036761675772E-03 2.13762945159519E-03 2.11034211662886E-03 2.0689397223135E-03 2.01420819635433E-03 1.94723299748866E-03 1.86931559673545E-03 1.78192142067471E-03 1.68659684117117E-03 1.58493234852512E-03 1.47851289060057E-03 1.36888329838569E-03 1.25752512240023E-03 1.14588747157522E-03 1.03543360484351E-03 9.27686963665724E-04 8.24271176292268E-04 7.26432983317007E-04 6.34991115941143E-04 5.50568507479731E-04 4.73591183460551E-04 4.04310036938313E-04 3.42711322520736E-04 2.88617493254986E-04 2.41606079697693E-04 2.0121929985014E-04 1.66887119575575E-04 1.3794771182542E-04 1.13618517523217E-04 9.32758278939986E-05 7.64188177718162E-05 6.26061735494388E-05 5.14893044787821E-05 4.29416012013216E-05 3.71078394044969E-05 3.18553956443435E-05 0 0 0 0 0 0 0 0 0 0 0 0 0 0 0 0 0
1.69060217781014E-03 0.001786610934451 1.87827228749316E-03 1.9641502563596E-03 2.04274262068113E-03 2.11250126593121E-03 2.17196820659877E-03 2.21975542317399E-03 2.25461820292416E-03 2.27549284831742E-03 2.28158034588079E-03 2.2724016414545E-03 2.24785626251375E-03 2.20822956025976E-03 2.1541979183687E-03 2.08679908088129E-03 2.00736470499813E-03 1.91741660189301E-03 1.81860626487986E-03 1.71262505609826E-03 1.60117830377576E-03 1.48594432216871E-03 1.3685317633805E-03 1.2504592154002E-03 1.13319831824177E-03 1.01822302886978E-03 9.07068842805939E-04 8.01390587167403E-04 7.02344742410495E-04 6.10549737787475E-04 5.2650856291124E-04 4.50533544773423E-04 3.82751385313272E-04 3.22998874812766E-04 2.7096972801747E-04 2.26119988124822E-04 1.87902030205279E-04 1.55660465696098E-04 1.28661792264891E-04 1.0606109482564E-04 8.72463255998958E-05 7.17965734926849E-05 5.93510967000966E-05 4.97198496689972E-05 4.30563779111114E-05 3.71078394044969E-05 0 0 0 0 0 0 0 0 0 0 0 0 0 0 0 0 0 0
1.87121907369679E-03 1.96821449334431E-03 2.0594564090779E-03 2.14344687167915E-03 2.21865475315403E-03 2.28355534178732E-03 2.33672911913487E-03 2.37684748775769E-03 2.40274969346367E-03 2.41349062972486E-03 2.40842652839688E-03 2.38726847840125E-03 2.35013603860628E-03 2.2975558112925E-03 2.23046071837479E-03 2.15014646765235E-03 2.05818868892476E-03 1.95632306194914E-03 1.84636806398908E-03 1.7301373096156E-03 1.60942664198157E-03 1.48598882418144E-03 1.36147718260458E-03 1.23743247932096E-03 1.11533845143896E-03 9.9666370949425E-04 8.82929953065436E-04 7.75757090954612E-04 6.76198017202096E-04 5.84665288207116E-04 5.01550673320665E-04 4.2705426719585E-04 3.61163508144694E-04 3.03554998946616E-04 2.53793764508105E-04 2.11255141667676E-04 1.75289989641264E-04 1.45162942592944E-04 1.20080563567578E-04 9.9203469744472E-05 8.19549076315853E-05 6.8038811796257E-05 5.72928126119347E-05 4.98315132898174E-05 4.30563779111114E-05 0 0 0 0 0 0 0 0 0 0 0 0 0 0 0 0 0 0 0
2.05736696632838E-03 2.15404296748063E-03 2.24348422317706E-03 2.3241675884673E-03 2.39458302542373E-03 2.45324837967598E-03 2.49878258546308E-03 2.52993756747332E-03 2.54565698515132E-03 2.54514366776524E-03 2.52793818931828E-03 2.49396383190697E-03 2.44357488198915E-03 2.37755709257387E-03 2.29711225238033E-03 2.20379713735333E-03 2.09942119323062E-03 1.98591523422413E-03 1.86523975975248E-03 1.73930408638484E-03 1.60996929940081E-03 1.47903723298579E-03 1.34818929576008E-03 1.21897670478945E-03 1.09288485817499E-03 9.71360267465948E-04 8.55876088122075E-04 7.47946906864262E-04 6.48510024867221E-04 5.57807509000622E-04 4.76126692011634E-04 4.03534103774373E-04 3.39863399855729E-04 2.84639146341731E-04 2.3731042704995E-04 1.97190072886556E-04 1.63527455254541E-04 1.35525185115912E-04 1.12359760026782E-04 9.32578545196861E-05 7.77312276214243E-05 6.57112245424351E-05 5.73890827626026E-05 4.98315132898174E-05 0 0 0 0 0 0 0 0 0 0 0 0 0 0 0 0 0 0 0 0
2.24798015246867E-03 2.34297097734999E-03 2.42920424879835E-03 2.5051578473013E-03 2.56935497173243E-03 2.62037431741402E-03 2.65690789410891E-03 2.67781150695707E-03 2.68216193121756E-03 2.66933498545509E-03 2.63907822652099E-03 2.59155388011164E-03 2.52737202803922E-03 2.4475895602718E-03 2.3536786359806E-03 2.24745631552051E-03 2.13094832478739E-03 2.00624777389498E-03 1.8754239527559E-03 1.74045308815875E-03 1.60323992740257E-03 1.46560744950758E-03 1.32925309840851E-03 1.1957280604963E-03 1.06650388213273E-03 9.42992315522013E-04 8.26586441141873E-04 7.18616030592052E-04 6.19888362392026E-04 5.30559479671346E-04 4.50777569793761E-04 3.80449515815556E-04 3.19251749788428E-04 2.66587644232785E-04 2.2180185226538E-04 1.8414503475079E-04 1.52802700979244E-04 1.26935269347077E-04 1.05740220315049E-04 8.85682633214901E-05 7.51724922588267E-05 6.58429272578945E-05 5.73890827626026E-05 0 0 0 0 0 0 0 0 0 0 0 0 0 0 0 0 0 0 0 0 0
2.44170918099291E-03 2.5335806473556E-03 2.61515303956004E-03 2.68492740068349E-03 2.74147224581306E-03 2.78344887948936E-03 2.80965521479043E-03 2.81907953581021E-03 2.81096337835446E-03 2.78488040340535E-03 2.74080670264827E-03 2.67916644339904E-03 2.60084266973536E-03 2.50716703824377E-03 2.39987585474222E-03 2.2810360732263E-03 2.15286422563157E-03 2.01757510567124E-03 1.87730937716001E-03 1.73407823758781E-03 1.58981051148608E-03 1.44633824530037E-03 1.30536198415083E-03 1.16840913916365E-03 1.03692108909151E-03 9.1225604964121E-04 7.95702208017414E-04 6.88374334122936E-04 5.90945574283522E-04 5.03492763113015E-04 4.26004468140815E-04 3.58232486144042E-04 2.99704289431568E-04 2.49715336482291E-04 2.0752345367101E-04 1.72351974844331E-04 1.43355768603064E-04 1.19684785715936E-04 1.00636640026698E-04 8.5802013340656E-05 7.53909845063368E-05 6.58429272578945E-05 0 0 0 0 0 0 0 0 0 0 0 0 0 0 0 0 0 0 0 0 0 0
2.63698723300651E-03 2.72424096436564E-03 2.79965248704977E-03 2.86177259819992E-03 2.90924396732993E-03 2.94083333088935E-03 2.95546872866887E-03 2.95229689374901E-03 2.93075164571805E-03 2.8906323216952E-03 2.8321686039018E-03 2.75606125133348E-03 2.66347245118608E-03 2.55600131580303E-03 2.4356318500992E-03 2.3046629975561E-03 2.16546849106874E-03 2.02033980327608E-03 1.8714538100873E-03 1.72082635998143E-03 1.57039058921688E-03 1.42198751028094E-03 1.27730460918988E-03 1.13781603671818E-03 1.00492335892741E-03 8.79908988009134E-04 7.63930260335742E-04 6.57886956654199E-04 5.62295302593718E-04 4.77124693380493E-04 4.0223118559394E-04 3.37228264807817E-04 2.8150149912591E-04 2.34233938338454E-04 1.94648222292508E-04 1.62017320889057E-04 1.35482976643325E-04 1.14204399504207E-04 9.77530283843483E-05 8.61495824922669E-05 7.53909845063368E-05 0 0 0 0 0 0 0 0 0 0 0 0 0 0 0 0 0 0 0 0 0 0 0
2.83210425496829E-03 2.91320959078715E-03 2.98095562883874E-03 3.03397212365716E-03 3.07100650297196E-03 3.09095381426788E-03 3.09289300866205E-03 3.07615528775063E-03 3.0403931139468E-03 2.98565508914328E-03 2.91244293363289E-03 2.82174421702743E-03 2.71499698622728E-03 2.59405211904991E-03 2.46111374235056E-03 2.31868186533615E-03 2.16924894518766E-03 2.01514153705678E-03 1.85854142533285E-03 1.70144573343817E-03 1.54577637021485E-03 1.39336935549856E-03 1.24588681485934E-03 1.10473632218625E-03 9.7126785940243E-04 8.46664447666809E-04 7.31929205130973E-04 6.27735789830321E-04 5.34434539816023E-04 4.51878978942229E-04 3.79806230786288E-04 3.17707886294362E-04 2.6483978434503E-04 2.20302385145624E-04 1.83366459039384E-04 1.53468877145375E-04 1.29777352648192E-04 1.1131709950585E-04 9.83648021525804E-05 8.61495824922669E-05 0 0 0 0 0 0 0 0 0 0 0 0 0 0 0 0 0 0 0 0 0 0 0 0
3.02527245955243E-03 3.09870273548446E-03 3.15731653325383E-03 3.19984987739289E-03 3.22518026083374E-03 3.23235427590913E-03 3.22062574390334E-03 3.18953360720857E-03 3.13897068542072E-03 3.06925240826284E-03 2.98116278811957E-03 2.87597832297749E-03 2.75540051385024E-03 2.62150851333792E-03 2.47669394280981E-03 2.32361524472211E-03 2.16484200958754E-03 2.00269806599145E-03 1.83934351559388E-03 1.67674298873783E-03 1.5167960517765E-03 1.36131153145302E-03 1.21191795622837E-03 1.06995538788292E-03 9.36701220398326E-04 8.13217612943825E-04 7.0032698080779E-04 5.98461029071986E-04 5.07804649076559E-04 4.28117404709785E-04 3.59024658783804E-04 2.99900439693653E-04 2.49887224047334E-04 2.08065732187149E-04 1.73889909226707E-04 1.47200939395028E-04 1.27464775675541E-04 1.12500464867623E-04 9.83648021525804E-05 0 0 0 0 0 0 0 0 0 0 0 0 0 0 0 0 0 0 0 0 0 0 0 0 0
3.21467377291345E-03 3.27895260179587E-03 3.3270514614629E-03 3.3578375058963E-03 3.37034032233839E-03 3.36377794688915E-03 3.33759981176196E-03 3.29157321718997E-03 3.22584830647437E-03 3.14101898614174E-03 3.03815300089591E-03 2.91880676611103E-03 2.7849252326238E-03 2.63878726070208E-03 2.48293345690716E-03 2.32013339952089E-03 2.15299333511814E-03 1.98380246877921E-03 1.81467822656292E-03 1.64754389570063E-03 1.48427034479758E-03 1.32661952666614E-03 1.17617807509394E-03 1.03421776610955E-03 9.01922182315712E-04 7.80201741169002E-04 6.69673249134501E-04 5.70522002090398E-04 4.82782975898447E-04 4.06148383233143E-04 3.40145819834531E-04 2.84039360648985E-04 2.36851620143506E-04 1.97684233329318E-04 1.66406875671011E-04 1.4387739148959E-04 1.31622132729899E-04 1.12500464867623E-04 0 0 0 0 0 0 0 0 0 0 0 0 0 0 0 0 0 0 0 0 0 0 0 0 0 0
3.39852302633221E-03 3.45226969574667E-03 3.48859833601232E-03 3.50652822756602E-03 3.50525903356965E-03 3.48419716247726E-03 3.44300561049095E-03 3.38169386646371E-03 3.30067737417006E-03 3.20083384090426E-03 3.08351082278358E-03 2.95052342048167E-03 2.80403339331256E-03 2.64648536468921E-03 2.48053178799647E-03 2.30900588238395E-03 2.13451580781468E-03 1.9592874920109E-03 1.78537626408848E-03 1.61466652449154E-03 1.44900024884162E-03 1.29007455004805E-03 1.13941957262672E-03 9.98241027287755E-04 8.67597913040473E-04 7.48217874665624E-04 6.40487780187527E-04 5.44352084698205E-04 4.597124789764E-04 3.86244882166847E-04 3.23433696094695E-04 2.70443377298301E-04 2.26093093753739E-04 1.89366723964771E-04 1.60884995122486E-04 1.43128589384823E-04 1.41560578775445E-04 0 0 0 0 0 0 0 0 0 0 0 0 0 0 0 0 0 0 0 0 0 0 0 0 0 0 0
3.57514433162795E-03 0.003617119914185 3.64059386693051E-03 3.64475267424045E-03 3.62897806168618E-03 3.59287874084948E-03 3.53634448955775E-03 3.45963347757881E-03 3.36342530950413E-03 3.24887617784234E-03 3.11760156062929E-03 2.97165536064086E-03 2.81338274917686E-03 2.64535100105825E-03 2.47028545338149E-03 2.29105949664206E-03 2.11025068430645E-03 1.9299792408759E-03 1.75223485888554E-03 1.57887371540971E-03 1.41171389570136E-03 1.25238062920015E-03 1.1023292209142E-03 9.62668124134163E-04 8.34309054144557E-04 7.17782677478268E-04 6.13225302157367E-04 5.2031705001574E-04 4.38866671530238E-04 3.68646798518098E-04 3.09208936046529E-04 2.59708886346904E-04 2.18566787919522E-04 1.8366029837693E-04 1.57145116769549E-04 1.41427056494637E-04 1.41560578775445E-04 0 0 0 0 0 0 0 0 0 0 0 0 0 0 0 0 0 0 0 0 0 0 0 0 0 0 0
3.74302486874956E-03 3.77216953601075E-03 3.78190335521202E-03 3.77159247394115E-03 3.74081140727469E-03 3.68937781254448E-03 3.61741033081993E-03 3.52541612437189E-03 3.41433114312597E-03 3.28557409500294E-03 3.14100740849639E-03 2.98290670216376E-03 2.8137678967831E-03 2.63623490526045E-03 2.45306311508078E-03 2.26715602338622E-03 2.0810307547444E-03 1.89666089639164E-03 1.71599585959017E-03 1.54087819055364E-03 1.37309717943898E-03 1.21419781757963E-03 1.06553084373432E-03 9.28060787835901E-04 8.02548202917494E-04 6.89324306228167E-04 5.882528739326E-04 4.98688298273881E-04 4.20417404054309E-04 3.53515676948367E-04 2.97830399098486E-04 2.52930837987677E-04 2.1695062550632E-04 1.81800881459465E-04 1.57145116769549E-04 1.41427056494637E-04 0 0 0 0 0 0 0 0 0 0 0 0 0 0 0 0 0 0 0 0 0 0 0 0 0 0 0 0
3.9008923642872E-03 3.9163495089558E-03 3.91167740436322E-03 3.88642816757227E-03 3.84037267609747E-03 3.77354154533595E-03 3.68627789707406E-03 3.57932734896445E-03 3.45386421421527E-03 3.31155046150235E-03 3.1544690576453E-03 2.98509299917372E-03 2.80604366735599E-03 2.6200080727713E-03 2.42973807133151E-03 2.23811783283339E-03 2.04759289179838E-03 1.86000629852637E-03 1.67729601604684E-03 1.50129675474029E-03 1.33375104497355E-03 1.17608647265151E-03 1.02952061006575E-03 8.94856350680897E-04 7.72689780562449E-04 6.63142192573161E-04 5.65783951813842E-04 4.79607046694806E-04 4.04447394838705E-04 3.40943867772213E-04 2.89627061262277E-04 2.51825049223278E-04 2.30264274639762E-04 1.81800881459465E-04 0 0 0 0 0 0 0 0 0 0 0 0 0 0 0 0 0 0 0 0 0 0 0 0 0 0 0 0 0 0
4.04772551940414E-03 4.04885660842993E-03 4.02934081770123E-03 3.98891638351111E-03 3.92754614176184E-03 3.84547531822577E-03 3.74326084977019E-03 3.6218656059693E-03 3.48267342724518E-03 3.32756788216853E-03 3.15882166212191E-03 2.97907639664641E-03 2.79106232177213E-03 2.59748775639894E-03 2.40109078877683E-03 2.20466111272149E-03 2.01058446173536E-03 1.8206221516112E-03 1.63671141764272E-03 1.46068089147414E-03 1.29419619940435E-03 1.13851767683912E-03 9.94703634877289E-04 8.63407326010159E-04 7.45021304738069E-04 6.39454191802874E-04 5.45973412804644E-04 4.63217854334806E-04 3.91083872378685E-04 3.31008433251958E-04 2.84304683689868E-04 2.54635516922049E-04 2.51858647816994E-04 0 0 0 0 0 0 0 0 0 0 0 0 0 0 0 0 0 0 0 0 0 0 0 0 0 0 0 0 0 0 0
4.18276812229316E-03 4.16915984131999E-03 4.13459029637857E-03 4.07897965245693E-03 4.00247217323369E-03 3.90551870120517E-03 3.78887502634575E-03 3.65369405381581E-03 3.50153698725199E-03 3.33447671144247E-03 3.15494627278858E-03 2.96572773917161E-03 2.7696483257344E-03 2.56943692830013E-03 2.36781000510653E-03 2.16741460938805E-03 1.97058345210378E-03 1.77905571251284E-03 1.59477212014374E-03 1.41952260297204E-03 1.25486140426282E-03 1.10186319689415E-03 9.61404941264417E-04 8.33972312339884E-04 7.19734516880186E-04 6.18388948578344E-04 5.28932220822715E-04 4.49746632502369E-04 3.80828406902731E-04 3.24403663707221E-04 2.81790565658575E-04 2.54516786446905E-04 2.51858647816994E-04 0 0 0 0 0 0 0 0 0 0 0 0 0 0 0 0 0 0 0 0 0 0 0 0 0 0 0 0 0 0 0
4.3055313302324E-03 4.27699357507424E-03 4.22737121943126E-03 4.15676241765661E-03 4.06548689870083E-03 3.9541768078847E-03 3.82376210940812E-03 3.67555440488206E-03 3.51126341824345E-03 3.33311590077328E-03 3.1436833344029E-03 2.94586240409551E-03 2.74256950044428E-03 2.53657081116424E-03 2.33055858163093E-03 2.12700603283216E-03 1.92818485352552E-03 1.73589337357181E-03 1.5520445221467E-03 1.37834892061911E-03 1.21621395624725E-03 1.0665370619128E-03 9.29978722179718E-04 8.06834475426725E-04 6.97079415132941E-04 6.0020320018456E-04 5.14997001798841E-04 4.39853428091711E-04 3.75130874968086E-04 3.23798390336282E-04 2.87679644290945E-04 2.54516786446905E-04 0 0 0 0 0 0 0 0 0 0 0 0 0 0 0 0 0 0 0 0 0 0 0 0 0 0 0 0 0 0 0 0
4.41585175829716E-03 4.37240049393382E-03 4.30791749597398E-03 4.22266632283391E-03 4.11712988493573E-03 3.99210431160523E-03 3.84866483417695E-03 3.68824674665957E-03 3.51267638721362E-03 3.3243113593925E-03 3.12583901306451E-03 2.92024724174775E-03 2.71053953666535E-03 2.49952637485655E-03 2.28989502784184E-03 2.08395499435497E-03 1.88392210879185E-03 1.69164684912767E-03 1.50899226371595E-03 1.33757918050546E-03 1.17864270562684E-03 1.03286867147818E-03 9.00684616169984E-04 7.82232763885128E-04 6.77358262259801E-04 5.85446373064734E-04 5.05177567637793E-04 4.35051090667887E-04 3.76431633980159E-04 3.33301664442466E-04 2.87679644290945E-04 0 0 0 0 0 0 0 0 0 0 0 0 0 0 0 0 0 0 0 0 0 0 0 0 0 0 0 0 0 0 0 0 0
4.51380782099353E-03 4.45563473220407E-03 4.37664240155341E-03 4.27723896107658E-03 4.15805010137306E-03 4.02002611564891E-03 3.86435831080947E-03 3.69257214424894E-03 3.50657777312266E-03 3.30885125655413E-03 3.10217126650505E-03 2.88959779549776E-03 2.67422720928856E-03 2.45891921748681E-03 0.002246378781378 2.03877575850389E-03 1.83827048245386E-03 1.64672731121382E-03 1.46595862896979E-03 1.29749573480729E-03 1.14238000951166E-03 1.00102788543875E-03 8.73652947973601E-04 7.60345863123201E-04 6.60946305431862E-04 5.75057155822836E-04 5.01484554428465E-04 4.38016866533542E-04 3.88654101769208E-04 3.33301664442466E-04 0 0 0 0 0 0 0 0 0 0 0 0 0 0 0 0 0 0 0 0 0 0 0 0 0 0 0 0 0 0 0 0 0 0
4.59966994906951E-03 4.52710534281642E-03 4.43406781176402E-03 4.32109515621296E-03 4.18893646325917E-03 4.03867512854585E-03 3.87159534337694E-03 3.68928518573437E-03 3.49371452764093E-03 3.28745156975323E-03 3.07335056843575E-03 2.85453237770801E-03 2.63419381378917E-03 2.41525732511493E-03 2.20046435402742E-03 1.99186903856423E-03 1.79157985025278E-03 1.6014425439866E-03 1.42319737122883E-03 1.25827433717755E-03 1.10751673027635E-03 9.71077566907194E-04 8.48998029476472E-04 7.41417948815198E-04 6.48435348838838E-04 5.70678185471428E-04 5.08219154922933E-04 4.53161241841063E-04 3.88654101769208E-04 0 0 0 0 0 0 0 0 0 0 0 0 0 0 0 0 0 0 0 0 0 0 0 0 0 0 0 0 0 0 0 0 0 0 0
4.67383889447063E-03 4.58732106084952E-03 4.4807811666577E-03 4.35487870481752E-03 4.21047176373427E-03 4.04874752887423E-03 3.87106300028129E-03 3.67904747383781E-03 3.47471796320011E-03 3.26070427586693E-03 3.03993170917882E-03 2.81557524668364E-03 2.59093650724899E-03 2.3690171309064E-03 2.15259521810906E-03 1.94363523465528E-03 1.74418913022033E-03 1.55606875674349E-03 1.38091786088058E-03 1.22004438718894E-03 1.07410870698817E-03 9.43067924448613E-04 8.26863786217799E-04 7.2577773918117E-04 6.40533160478233E-04 5.74516880672294E-04 5.36597136136992E-04 4.53161241841063E-04 0 0 0 0 0 0 0 0 0 0 0 0 0 0 0 0 0 0 0 0 0 0 0 0 0 0 0 0 0 0 0 0 0 0 0 0
4.73680998242175E-03 4.63685349822678E-03 4.51740943582081E-03 4.37924915407596E-03 4.22332487299233E-03 4.05089960125333E-03 3.86338634048577E-03 3.66244564774546E-03 3.45013477117718E-03 3.22911512849018E-03 3.00238142744717E-03 2.77317341320274E-03 2.54489401734643E-03 2.32061836146479E-03 2.10315872429701E-03 1.89441796507245E-03 1.69639304884317E-03 1.51083748829738E-03 1.3392815774374E-03 1.18289822104707E-03 1.0421957479887E-03 9.17048462933599E-04 8.07445125149126E-04 7.13938562058598E-04 6.37681485266105E-04 5.84301141512355E-04 5.79162033679223E-04 0 0 0 0 0 0 0 0 0 0 0 0 0 0 0 0 0 0 0 0 0 0 0 0 0 0 0 0 0 0 0 0 0 0 0 0 0
4.7891080165387E-03 4.67627621879538E-03 4.54455666184618E-03 4.39482145903495E-03 4.22810267458717E-03 4.04571186843918E-03 3.84910701878628E-03 3.6399753169804E-03 3.42041902862305E-03 3.19310871668372E-03 2.96111209707619E-03 2.72774584046825E-03 2.49648779178096E-03 2.27048107493195E-03 2.0525559959941E-03 1.84458573891205E-03 1.64849975975218E-03 1.46597874224692E-03 1.2984522788403E-03 1.14695357445311E-03 1.0118812960551E-03 8.93190911412414E-04 7.91229725556397E-04 7.07300338373126E-04 6.42051059217541E-04 5.88732638921755E-04 5.79162033679223E-04 0 0 0 0 0 0 0 0 0 0 0 0 0 0 0 0 0 0 0 0 0 0 0 0 0 0 0 0 0 0 0 0 0 0 0 0 0
4.83124814569642E-03 4.70613282487524E-03 4.56278283983351E-03 4.40215513629202E-03 4.22534580904727E-03 4.03370066037085E-03 3.82871201702376E-03 3.61208100867025E-03 0.003385963157286 3.15306010739258E-03 2.91651296934911E-03 2.67967923911171E-03 2.44609996786432E-03 2.21898252578365E-03 2.00116696838193E-03 1.79447663376595E-03 1.60077394703828E-03 1.42168720085282E-03 1.25856668083599E-03 1.11234433612635E-03 9.83374115497995E-04 8.71841148784477E-04 7.79049472099791E-04 7.09154554869675E-04 6.69260755138763E-04 5.88732638921755E-04 0 0 0 0 0 0 0 0 0 0 0 0 0 0 0 0 0 0 0 0 0 0 0 0 0 0 0 0 0 0 0 0 0 0 0 0 0 0
4.86370217907669E-03 0.004726904695004 4.57257302855985E-03 4.40173207532566E-03 4.21552343002862E-03 4.01531961983806E-03 3.80264121487714E-03 3.57919138181091E-03 3.34718317783567E-03 3.10938397082169E-03 2.86899560125216E-03 2.62936271101977E-03 2.39409980557933E-03 2.16647119443485E-03 1.94932082418982E-03 1.74437062503011E-03 1.55343627346947E-03 1.37813728376049E-03 1.21975611140749E-03 1.0791986354433E-03 9.5688110290023E-04 8.5331852366184E-04 7.71265794240375E-04 7.19190631533708E-04 7.1359799849807E-04 0 0 0 0 0 0 0 0 0 0 0 0 0 0 0 0 0 0 0 0 0 0 0 0 0 0 0 0 0 0 0 0 0 0 0 0 0 0 0
4.88689225979218E-03 4.73901592945463E-03 4.57435135407339E-03 4.39397231696585E-03 4.19904962741991E-03 3.99096818768733E-03 3.77127673781336E-03 3.54169288312949E-03 3.3044878351617E-03 3.06248170751099E-03 2.81892669941381E-03 2.57715532802668E-03 2.34084369516927E-03 2.11328782071575E-03 1.89731098771343E-03 1.69453370012448E-03 1.50673538868548E-03 1.33555317720419E-03 1.18222153171563E-03 1.04768674153613E-03 9.32584907104508E-04 8.38071907737875E-04 7.68386605452618E-04 7.32201156274104E-04 7.1359799849807E-04 0 0 0 0 0 0 0 0 0 0 0 0 0 0 0 0 0 0 0 0 0 0 0 0 0 0 0 0 0 0 0 0 0 0 0 0 0 0 0
4.90119426257734E-03 4.74283372777058E-03 4.56847533423865E-03 4.37922290090511E-03 4.17626607492706E-03 3.96098690055761E-03 3.73496215647037E-03 3.4999466603338E-03 3.25826022384425E-03 3.01274704962355E-03 2.76670064097563E-03 2.52347164668516E-03 2.28675180140444E-03 2.05984953705201E-03 1.84552895619334E-03 1.64535529701256E-03 1.46105372561531E-03 1.29431201761484E-03 1.14635890881672E-03 1.01824669138998E-03 9.11074706402045E-04 8.27349138835654E-04 7.74616239873238E-04 7.69240629479002E-04 0 0 0 0 0 0 0 0 0 0 0 0 0 0 0 0 0 0 0 0 0 0 0 0 0 0 0 0 0 0 0 0 0 0 0 0 0 0 0 0
