NongDo/Fusa 15.7h.grd
DSAA
463	323
2	464
2	324
0	10
[rows 140 to 167 of 323, columns 189 to 251 of 463]
7.3756098955264E-03 7.44959952516367E-03 7.52317321912189E-03 7.59615571645644E-03 7.66836326862881E-03 7.73962270611461E-03 7.80976011817678E-03 7.87858315475694E-03 7.94585832432131E-03 8.01136353382158E-03 8.07487545772019E-03 8.13618324650023E-03 8.1950714262667E-03 8.25133625517998E-03 8.30477973256084E-03 8.35523531168859E-03 8.40256809419545E-03 8.44667669562494E-03 8.48749794177558E-03 8.52501104040186E-03 8.55924208356899E-03 8.59025326483993E-03 8.61813998429217E-03 8.64302164952576E-03 8.66503556972633E-03 8.68432618336633E-03 8.70104030226323E-03 8.71532077168117E-03 8.72730201478221E-03 8.73711130699943E-03 8.74487428271529E-03 8.7507350117918E-03 8.75485540496975E-03 8.75741244774309E-03 8.75858448526145E-03 8.75854551418356E-03 8.75746123392822E-03 8.75548669059429E-03 8.75275739622107E-03 8.74939214708712E-03 8.74548782999922E-03 8.74111793370416E-03 8.73632713707578E-03 8.73116325265551E-03 8.72567719307002E-03 8.7199309490159E-03 8.71400763126526E-03 8.70804292841404E-03 8.70224568004883E-03 8.69690997413163E-03 8.68803383844442E-03 0 0 0 0 0 0 0 0 0 0 0 0
7.44014661374801E-03 7.51421449607556E-03 7.58764946030718E-03 7.66027503561151E-03 7.73190732963466E-03 7.80237650470591E-03 7.87151646785179E-03 7.93914311307906E-03 8.00503085869224E-03 8.06898014556235E-03 8.13078912449566E-03 8.19026572028293E-03 8.24720934115336E-03 8.30143067071154E-03 8.35274457855651E-03 8.40099851485292E-03 8.44607079240942E-03 8.48787197333601E-03 8.52635145118283E-03 8.56150362907558E-03 8.59337238277399E-03 8.62203708554997E-03 8.64761087692717E-03 8.67022847297886E-03 8.69003898303485E-03 8.70719663562925E-03 8.72185579500219E-03 8.73416433538607E-03 8.74426079611618E-03 8.75227762341605E-03 8.75834601299863E-03 8.76262117995569E-03 8.76527681337532E-03 8.76649552551239E-03 8.76645770231513E-03 8.76533808584959E-03 8.76330048031596E-03 8.76049602268342E-03 8.75705345204264E-03 8.75308570888146E-03 8.74868118340652E-03 8.74390214770088E-03 8.73877724617763E-03 8.7333524585152E-03 8.72769332905284E-03 8.72187861707715E-03 8.71602750223742E-03 8.71035885048218E-03 8.70521092856078E-03 8.69690997413163E-03 0 0 0 0 0 0 0 0 0 0 0 0 0
7.50438476142714E-03 7.57834609711928E-03 7.65145905172774E-03 7.72355057763905E-03 7.79444125702436E-03 7.86396672144852E-03 7.93196460479587E-03 7.9982573573622E-03 8.06263700217183E-03 8.12493050384538E-03 8.18495533534275E-03 8.2425334289316E-03 8.29747524872691E-03 8.34960253251198E-03 8.39874407915622E-03 8.44476082513224E-03 8.48754306252915E-03 8.52701347793438E-03 8.56313628250781E-03 8.59592317014396E-03 0.008625436375051 8.65177381203775E-03 8.67506733009286E-03 8.69546695297937E-03 8.71313265284721E-03 8.72822687178257E-03 8.74090938953244E-03 8.75133092390353E-03 8.75963243870231E-03 8.76595045852625E-03 8.77042421753997E-03 8.77322110066658E-03 8.77452204076616E-03 8.77451129608834E-03 8.77337000026973E-03 8.77127299289449E-03 8.76838204724053E-03 8.76484523415822E-03 8.76078371937008E-03 8.75630297226781E-03 8.7514830729334E-03 8.74637671995267E-03 8.7409981918502E-03 8.73539575015326E-03 8.72966466045955E-03 8.72392063456782E-03 8.71834497460101E-03 8.71325467769421E-03 8.70521092856078E-03 0 0 0 0 0 0 0 0 0 0 0 0 0 0
7.56824375045297E-03 7.64192279049169E-03 7.71454408808751E-03 7.78593806359981E-03 7.85593479453903E-03 7.92437577049818E-03 7.99109842954966E-03 8.05593586080379E-03 8.11871100532703E-03 8.17926736721099E-03 8.23743892201939E-03 8.29305609507423E-03 8.34593941134413E-03 8.39592014477005E-03 8.44284423032536E-03 8.48658328348682E-03 8.52703988124566E-03 8.56415086534101E-03 8.59789868634337E-03 8.62831428593271E-03 8.65547897472268E-03 8.67951152210494E-03 8.70056280623539E-03 8.71879757675322E-03 8.73438466846019E-03 8.74749282201868E-03 8.75828476715367E-03 8.76691174846623E-03 8.7735158129379E-03 8.77823716209964E-03 8.78122405257518E-03 8.78265311193762E-03 8.78270921005729E-03 8.78157683564647E-03 8.77943685907695E-03 8.77646377192093E-03 8.77281631502352E-03 8.76863924083242E-03 8.7640484366174E-03 8.75913931499551E-03 8.75398268269852E-03 8.74862287469339E-03 8.74307334827232E-03 8.73739245491456E-03 8.73172163646383E-03 8.72624607572914E-03 8.72123443049365E-03 8.71325467769421E-03 0 0 0 0 0 0 0 0 0 0 0 0 0 0 0
7.63168120146696E-03 7.70491524732107E-03 7.77688872013726E-03 7.84743562397927E-03 7.91639612362363E-03 7.98361715147257E-03 8.04894288917788E-03 8.11222463328793E-03 8.17331197233506E-03 8.23205507588204E-03 8.28830185449595E-03 8.34188934658331E-03 8.39265026506258E-03 8.44042665235913E-03 8.48508010879787E-03 8.52649195487665E-03 8.56458030471885E-03 8.59929985192386E-03 8.63065365124114E-03 8.65869363161049E-03 8.68352255367936E-03 8.70528151720557E-03 8.72413900052096E-03 8.74027207064906E-03 8.75385675898006E-03 8.76506561649768E-03 8.77406126871175E-03 8.78099347157564E-03 8.78600439863998E-03 8.78923777150996E-03 8.79085042722603E-03 8.7910256223715E-03 8.78994833699739E-03 8.78780141733643E-03 8.7847662026319E-03 8.78101708815995E-03 8.77670883934492E-03 8.77198136246835E-03 8.76694755910589E-03 8.76169227468587E-03 8.75627544760649E-03 8.75073513327886E-03 8.74510165129512E-03 8.73946438938527E-03 8.73403365721712E-03 8.72908911630681E-03 8.72123443049365E-03 0 0 0 0 0 0 0 0 0 0 0 0 0 0 0 0
7.69469939805622E-03 7.76733781433141E-03 7.8385174429687E-03 7.90807888368318E-03 7.97587169753255E-03 8.04175086608433E-03 8.10557220705363E-03 8.16720154772851E-03 8.22650651082343E-03 8.28334882012986E-03 8.33758576514056E-03 8.38906296843585E-03 8.43762553131292E-03 8.48312751010917E-03 8.52544343106998E-03 8.56447025443819E-03 8.60014446001317E-03 8.63244224258972E-03 8.66138866464657E-03 8.68705900746234E-03 8.70957886771495E-03 8.72911042930788E-03 8.74583736448376E-03 8.75994592494932E-03 8.77161684120826E-03 8.78102252937416E-03 0.008788322867962 8.79366529188695E-03 8.79719130390289E-03 8.79904699848102E-03 8.7993963299823E-03 8.79842682516076E-03 8.79632229753731E-03 8.79326463984984E-03 8.78943527318107E-03 8.78500776293657E-03 8.78013424008356E-03 8.7749504692586E-03 8.76956508321992E-03 8.76405226005878E-03 8.75846022770062E-03 8.7528317633493E-03 8.74723121703755E-03 8.74181421641032E-03 8.73687609546119E-03 8.72908911630681E-03 0 0 0 0 0 0 0 0 0 0 0 0 0 0 0 0 0
7.75725887680212E-03 7.82915217757034E-03 7.89939388729262E-03 7.96783327555311E-03 8.03433040876997E-03 8.09874999995013E-03 8.16095943223796E-03 8.22083475692153E-03 8.27825908641645E-03 8.33310727095467E-03 8.38524519680928E-03 8.43452839136484E-03 8.48081392685112E-03 8.52396834446786E-03 8.56388080180866E-03 8.60046898721646E-03 8.63369125935148E-03 8.66354839245113E-03 8.6900882267203E-03 8.71341080833549E-03 8.73366496976624E-03 8.75103165728048E-03 8.76570654129311E-03 8.77788151878059E-03 8.78773779853473E-03 8.79544387333239E-03 8.80115586728795E-03 8.80501839762377E-03 8.80717205322645E-03 8.80776517737332E-03 8.80696414430402E-03 8.80495542243216E-03 8.80192465371534E-03 8.79805635232703E-03 8.79353071742569E-03 8.7885186595852E-03 8.78317190007237E-03 8.77762657627608E-03 8.77198921076786E-03 8.76631952513495E-03 8.76065024425751E-03 8.75504899388591E-03 8.74964361154059E-03 8.74469659881818E-03 8.73687609546119E-03 0 0 0 0 0 0 0 0 0 0 0 0 0 0 0 0 0 0
7.81928258412806E-03 7.89027690135051E-03 7.95943338757337E-03 8.02661073812314E-03 8.09168025771194E-03 8.15451672101325E-03 8.21499838673145E-03 8.27301223577597E-03 8.32845665937911E-03 8.38121751390676E-03 8.4311687913978E-03 8.47817622389944E-03 8.52211005959687E-03 8.56285196621508E-03 8.60030851013281E-03 8.63442033936809E-03 8.66517128254371E-03 8.6925886720088E-03 8.71674338741268E-03 8.73776060915596E-03 8.75581180217877E-03 8.77109298064752E-03 8.7838078189965E-03 8.79414991904342E-03 8.80229725795825E-03 8.8084131106378E-03 8.81264869660066E-03 8.81514430436776E-03 8.81603876962265E-03 8.81548143478095E-03 8.81363998079173E-03 8.81070054500569E-03 8.80684856749882E-03 8.80227033901992E-03 8.79714549691797E-03 8.79164267944586E-03 8.78591472394622E-03 8.78010821473202E-03 8.77433930109352E-03 8.76864159498928E-03 8.76300773329267E-03 8.75758222484013E-03 8.75259273944356E-03 8.74469659881818E-03 0 0 0 0 0 0 0 0 0 0 0 0 0 0 0 0 0 0 0
7.88065912310794E-03 7.95059623310956E-03 8.01851677226206E-03 8.08428917383271E-03 8.14779604939666E-03 8.20892257099831E-03 8.26755882004181E-03 8.32360403077879E-03 8.37697059369698E-03 8.42755342258156E-03 8.47523474797684E-03 8.51989181295733E-03 8.56140958838222E-03 8.59968758095086E-03 8.63465214546847E-03 8.66626941113564E-03 8.69455059849599E-03 8.71955052928755E-03 8.74136394883955E-03 8.76014075456228E-03 8.77607164825005E-03 8.78936306063553E-03 8.80022235992907E-03 8.80884101099152E-03 8.81539188404099E-03 8.82003228725214E-03 8.82290670164442E-03 8.82414961650452E-03 8.82389778262415E-03 8.82230110608156E-03 8.81952784642132E-03 8.8157641538823E-03 8.81119474676337E-03 8.80600579180818E-03 8.80037546049304E-03 0.0087944710598 8.78845338685708E-03 8.78250153656949E-03 8.77677064226018E-03 8.77124877405192E-03 8.76574783134408E-03 8.76066754105342E-03 8.75259273944356E-03 0 0 0 0 0 0 0 0 0 0 0 0 0 0 0 0 0 0 0 0
7.94125281845845E-03 8.00997130869507E-03 8.07650241657346E-03 8.14072487062171E-03 8.20253260359071E-03 8.2618223207045E-03 8.31849718204032E-03 8.37246890492073E-03 8.42366252705411E-03 8.47198207349409E-03 8.51731868010045E-03 8.55956234793648E-03 8.5986146744564E-03 8.63439514003913E-03 8.66685210372201E-03 8.69597942026632E-03 8.72181680601408E-03 8.74444652912238E-03 8.76398671386492E-03 8.78060874690464E-03 8.79451873392815E-03 8.80592952839988E-03 8.81504808925877E-03 8.82206083432657E-03 8.82713359217002E-03 8.83041585955229E-03 8.8320442810458E-03 8.83214771792989E-03 8.83086071254695E-03 8.82833341601254E-03 8.82473395266692E-03 8.82024945999084E-03 8.81506455144356E-03 0.008809362479642 8.80331541938531E-03 8.79708679969765E-03 8.79086038712686E-03 8.7849013426665E-03 8.77949135331443E-03 8.7746055958143E-03 8.76916253551008E-03 8.76066754105342E-03 0 0 0 0 0 0 0 0 0 0 0 0 0 0 0 0 0 0 0 0 0
8.0009027982272E-03 8.06824121807284E-03 8.13323016971857E-03 8.19575919275046E-03 8.25573426707862E-03 8.31306496964899E-03 8.36766864228531E-03 8.41946956120891E-03 8.46840365201584E-03 8.51438444069656E-03 8.55731386444739E-03 8.59709670219433E-03 8.63365194751951E-03 8.66692083270899E-03 8.69687671917347E-03 8.72354260032746E-03 8.74698577634009E-03 8.76731467347829E-03 8.78466984259858E-03 8.7992404800678E-03 8.8112430968356E-03 8.82089288899185E-03 8.82839321515805E-03 8.83392302909779E-03 8.83763937323834E-03 8.83968238261058E-03 8.84018023593928E-03 8.83925650779058E-03 8.83704391070344E-03 8.83369279178224E-03 8.82937024352303E-03 8.82426497314248E-03 8.81856422221474E-03 8.81244646544103E-03 8.8060677321969E-03 8.79957076436465E-03 8.79316780517366E-03 8.78731534564925E-03 8.78267230522047E-03 8.77989268021833E-03 8.76916253551008E-03 0 0 0 0 0 0 0 0 0 0 0 0 0 0 0 0 0 0 0 0 0 0
8.0594329047077E-03 8.1252322045699E-03 8.18852936254909E-03 8.24922656683879E-03 8.30724240463738E-03 8.36250000990235E-03 8.41493187394003E-03 8.46447497671497E-03 8.51107451365152E-03 8.5546547353594E-03 8.59513077819955E-03 8.63242362508839E-03 8.66647085860747E-03 8.69723728976139E-03 8.72472354089621E-03 8.74898033269927E-03 8.77010124616593E-03 8.78821892371111E-03 8.80349433854685E-03 8.81612965436493E-03 8.82634737345835E-03 8.83436230292686E-03 8.8403710769157E-03 8.84454300204407E-03 8.84702501407068E-03 8.84794721637551E-03 8.84742913336755E-03 8.84558970347335E-03 8.8425595891255E-03 8.83848834578984E-03 8.8335422061991E-03 8.82791478288748E-03 8.82180138857254E-03 8.81537651286198E-03 8.80876363257186E-03 8.8020289563758E-03 8.79533783486707E-03 8.78948473481729E-03 8.78569285597273E-03 8.78529124903931E-03 0 0 0 0 0 0 0 0 0 0 0 0 0 0 0 0 0 0 0 0 0 0 0
8.11665923056437E-03 8.18076616198765E-03 8.24223017813688E-03 8.3009676204403E-03 8.35690981103456E-03 8.40999385246006E-03 8.46016712526926E-03 8.50737903587777E-03 8.55158460760766E-03 8.59272036374261E-03 8.63071553097098E-03 8.66550897448097E-03 8.69705908307408E-03 8.72535568293441E-03 8.75042555035744E-03 8.77234542483706E-03 8.7912343214071E-03 8.80724699427093E-03 8.82055999807091E-03 8.83138393275382E-03 8.83994501972838E-03 8.84645463412992E-03 8.85109997556601E-03 8.85403931790151E-03 8.8554083403891E-03 8.8553264863845E-03 8.85390572114596E-03 8.85126133159757E-03 8.84752103338488E-03 8.84283142806801E-03 8.8373570407747E-03 8.83130296881619E-03 8.82488807330625E-03 8.81829800142272E-03 8.81161700992018E-03 8.80470752701098E-03 8.79727551068035E-03 8.79086477921211E-03 8.78719145075494E-03 8.78529124903931E-03 0 0 0 0 0 0 0 0 0 0 0 0 0 0 0 0 0 0 0 0 0 0 0
8.17239378289665E-03 8.23466624030207E-03 8.29417005019367E-03 8.3508347564192E-03 8.40460439453891E-03 8.45542996054896E-03 8.50327440660875E-03 8.54810003712733E-03 8.58987212620385E-03 8.62853929385983E-03 8.66404658983456E-03 8.6963532170015E-03 8.72543983986428E-03 8.75132040822829E-03 8.7740458565502E-03 8.79371793896105E-03 8.81047911903501E-03 8.82450292604381E-03 8.83597683484502E-03 8.84511811788638E-03 8.85215410594321E-03 8.85728823820166E-03 8.86069607487558E-03 8.86252445196011E-03 8.86289826719617E-03 8.86192769853508E-03 8.85971737030708E-03 8.85637860132676E-03 8.85203546360508E-03 8.84682914931312E-03 8.84091837294968E-03 8.83452962888999E-03 8.82793706467725E-03 8.82138993650656E-03 8.81502229371644E-03 8.80841428781329E-03 8.79887327863103E-03 8.79086477921211E-03 8.78719145075494E-03 0 0 0 0 0 0 0 0 0 0 0 0 0 0 0 0 0 0 0 0 0 0 0 0
8.22646545978618E-03 8.28677791065489E-03 8.34421116022595E-03 8.39870724832018E-03 8.45022258313419E-03 8.49872249705095E-03 8.54418644466376E-03 8.58658997490367E-03 8.62590734915199E-03 8.66210075961985E-03 8.69513384884618E-03 8.72498804199353E-03 8.75166549585342E-03 8.77520291306105E-03 8.79567382302153E-03 8.81320266273859E-03 8.8279518192662E-03 8.84010922843247E-03 8.8498721374902E-03 8.85746266382694E-03 8.86310417369637E-03 8.86698842468469E-03 8.86927928094159E-03 8.87011301196989E-03 8.86960520897861E-03 8.86785845906686E-03 8.86497026649047E-03 8.86104691249284E-03 8.85620765234513E-03 8.85058514737589E-03 8.84432577925939E-03 8.83768351386141E-03 8.8310288143005E-03 8.82477604713327E-03 8.81949396034271E-03 8.81601214777804E-03 8.79887327863103E-03 0 0 0 0 0 0 0 0 0 0 0 0 0 0 0 0 0 0 0 0 0 0 0 0 0 0
8.27872309534071E-03 8.33696843081464E-03 8.39223832219775E-03 8.44448802566985E-03 8.49368577179557E-03 8.53981184972633E-03 8.58286257123268E-03 8.62282706060361E-03 8.65968688225051E-03 8.69342179478263E-03 8.72401596746657E-03 8.75147296412208E-03 8.77581448631766E-03 8.79709918411065E-03 8.81542109916335E-03 8.83092343157875E-03 8.84378514849738E-03 8.85420452956398E-03 8.86238724893119E-03 8.86855526145332E-03 8.87292483146049E-03 8.87567667618254E-03 8.87696395076363E-03 8.87691402189478E-03 8.87563415919443E-03 8.87322011070014E-03 8.86976330405965E-03 8.86536398363159E-03 8.86013415256531E-03 8.85419191151901E-03 8.84766417720995E-03 8.84082798406797E-03 8.83415867204891E-03 8.82821035492486E-03 8.82396864576436E-03 8.82346059224704E-03 0 0 0 0 0 0 0 0 0 0 0 0 0 0 0 0 0 0 0 0 0 0 0 0 0 0 0
8.32903487300358E-03 8.38512595803128E-03 8.43815956058621E-03 8.48810445931673E-03 8.53494202339293E-03 8.57866809930469E-03 8.61929340330677E-03 8.65681988678726E-03 8.69124044544439E-03 8.72255495525736E-03 8.75076690257502E-03 8.77590004397196E-03 8.79799476240835E-03 8.81712999361222E-03 8.83341777014825E-03 8.84701666275214E-03 8.85811791820823E-03 8.86692711213294E-03 8.87365600900002E-03 8.87852282720806E-03 8.88173489316764E-03 8.88346314271606E-03 8.88385288834254E-03 8.88302495099653E-03 8.88107901511094E-03 8.87810393077297E-03 8.87418632294843E-03 8.86941997673011E-03 8.86390633848116E-03 8.85774312358023E-03 8.8510309604169E-03 8.84405411883467E-03 8.83734999787028E-03 8.83139230804228E-03 8.82660679709745E-03 8.82346059224704E-03 0 0 0 0 0 0 0 0 0 0 0 0 0 0 0 0 0 0 0 0 0 0 0 0 0 0 0
8.37728830083269E-03 8.43115844512464E-03 8.48190336892964E-03 8.52950575615214E-03 8.57396143522726E-03 8.61528165603005E-03 8.65349031493995E-03 8.68860409427634E-03 8.72063041458416E-03 8.74958566707554E-03 8.7754919799038E-03 8.79839157821378E-03 8.81834233953166E-03 8.83543974320439E-03 8.84981153690806E-03 8.86162849249133E-03 8.87109055199703E-03 8.87840864232132E-03 8.88379872900069E-03 8.88747434149301E-03 8.88963256283269E-03 8.89043733032484E-03 8.89002818199272E-03 8.88852051929042E-03 8.88600810798683E-03 8.88257464971153E-03 8.87830288646974E-03 8.87328043013566E-03 8.86759411299397E-03 8.86131463616672E-03 8.85452044638882E-03 8.84751743614849E-03 8.84088369870107E-03 8.83505324778743E-03 8.82660679709745E-03 0 0 0 0 0 0 0 0 0 0 0 0 0 0 0 0 0 0 0 0 0 0 0 0 0 0 0 0
8.42341584456707E-03 8.47502130023879E-03 8.52344765974322E-03 8.56869209066201E-03 8.61076485269662E-03 8.64969246387771E-03 8.68551372404368E-03 8.71826102860975E-03 8.74795459966449E-03 8.77462535775667E-03 8.79831345131241E-03 8.81907807544972E-03 8.8369920562163E-03 8.85216457678854E-03 8.86473701814997E-03 8.87488955895557E-03 8.88282872080754E-03 8.88876923576595E-03 8.89292816031958E-03 8.89551247971198E-03 8.89671178060886E-03 8.89668638426415E-03 8.89557119893264E-03 8.89347649301548E-03 8.89049160943958E-03 8.88669790410762E-03 8.88217769785918E-03 8.87701647677207E-03 8.87128752173693E-03 0.00886501845004 8.85824182979057E-03 8.8513738715294E-03 8.84505475267116E-03 8.83505324778743E-03 0 0 0 0 0 0 0 0 0 0 0 0 0 0 0 0 0 0 0 0 0 0 0 0 0 0 0 0 0
8.46738790405877E-03 8.51670749040804E-03 8.56280704259186E-03 8.60569897438489E-03 8.64540810106405E-03 8.68197665240867E-03 0.008715459240457 8.74590137424682E-03 8.77333359344869E-03 8.79780238883873E-03 8.8193649876482E-03 8.83809572063001E-03 8.85407912550921E-03 8.86743669185964E-03 8.87832145874686E-03 8.88692057656894E-03 8.89344517517158E-03 8.89811186102097E-03 8.90113757382506E-03 8.90272456502158E-03 8.90305621742339E-03 8.90228987576819E-03 8.90055783502912E-03 8.89796690654758E-03 8.89460247840326E-03 8.89054586847688E-03 8.88588681177713E-03 8.88072260597495E-03 8.87513821258016E-03 8.86910472948199E-03 8.86241366423165E-03 8.85584554819077E-03 8.84505475267116E-03 0 0 0 0 0 0 0 0 0 0 0 0 0 0 0 0 0 0 0 0 0 0 0 0 0 0 0 0 0 0
8.50921440978969E-03 8.5562461391323E-03 8.60002845835935E-03 8.64058999683785E-03 8.67797143420894E-03 8.71223073916022E-03 8.74343574742278E-03 8.77164250126221E-03 8.79689274255972E-03 8.81924872441326E-03 8.83878256173057E-03 8.85558081372867E-03 8.86973853156536E-03 8.88138804110907E-03 8.8906915915709E-03 8.89784128242191E-03 8.90305140756421E-03 8.9065397966287E-03 8.90852261880497E-03 8.90919839832137E-03 8.9087465636695E-03 8.90732262059169E-03 8.90505814600154E-03 8.90205883869199E-03 8.89840744377981E-03 8.89418698590108E-03 8.88950378169857E-03 8.88449724561734E-03 8.87935152214787E-03 8.87406939082102E-03 8.86726591228869E-03 8.85584554819077E-03 0 0 0 0 0 0 0 0 0 0 0 0 0 0 0 0 0 0 0 0 0 0 0 0 0 0 0 0 0 0 0
8.54893346707324E-03 8.59369116785723E-03 8.63518079751348E-03 8.67344814407657E-03 8.70855058154363E-03 8.74056050608204E-03 8.76955655018107E-03 8.79560556735777E-03 8.81876123617359E-03 8.83909897192122E-03 8.85670372765463E-03 8.87167180533354E-03 8.88410752091058E-03 0.008894151201611 8.90197257195444E-03 8.90776764060031E-03 8.91175315669541E-03 8.9141486218785E-03 8.9151694278341E-03 8.91501220292718E-03 8.91385404388497E-03 8.91184982046725E-03 8.90913190359514E-03 8.90580716449443E-03 8.90195976469189E-03 8.89767831791508E-03 8.89308870029887E-03 8.88839957718485E-03 8.88409916877045E-03 8.88125822353642E-03 8.86726591228869E-03 0 0 0 0 0 0 0 0 0 0 0 0 0 0 0 0 0 0 0 0 0 0 0 0 0 0 0 0 0 0 0 0
8.58661415930049E-03 8.62912481886005E-03 8.66835871262355E-03 8.70437925061941E-03 8.73726030435634E-03 8.76708744138125E-03 8.79394856913272E-03 8.81792134908397E-03 8.83907205760156E-03 8.85748714028943E-03 8.87326123938706E-03 8.88649790507245E-03 8.89731014197945E-03 8.90584431929378E-03 8.91227527201937E-03 8.91680229579479E-03 8.91964513857747E-03 8.92102569425862E-03 8.92115865833257E-03 8.92023972869372E-03 8.91844565859401E-03 8.91593218509311E-03 8.91283401319556E-03 8.90926247999802E-03 8.90531001724239E-03 8.90107738702529E-03 8.89669789543094E-03 8.89235985250926E-03 8.88864628696058E-03 8.88817377487715E-03 0 0 0 0 0 0 0 0 0 0 0 0 0 0 0 0 0 0 0 0 0 0 0 0 0 0 0 0 0 0 0 0 0
8.62234551223315E-03 8.66264697988065E-03 8.69967203446406E-03 8.73350100494872E-03 8.76422418263021E-03 8.79193975051101E-03 8.81674365288352E-03 8.83872380310486E-03 8.8579592446433E-03 8.87454473981418E-03 8.88858225344285E-03 8.90018079756112E-03 8.90946118821925E-03 8.91657369940037E-03 8.92169701733228E-03 8.9250348841097E-03 8.92681005089417E-03 8.92724694951808E-03 8.92655985879181E-03 8.92494506965104E-03 8.92258031531066E-03 8.91962346953412E-03 8.91621317442085E-03 8.91246945041331E-03 8.90850483414745E-03 8.90445398951148E-03 8.90047183199155E-03 8.89653110970531E-03 8.89156722836247E-03 8.88817377487715E-03 0 0 0 0 0 0 0 0 0 0 0 0 0 0 0 0 0 0 0 0 0 0 0 0 0 0 0 0 0 0 0 0 0
8.65623408902127E-03 8.69437047088111E-03 8.72923824400003E-03 8.76093425471895E-03 8.78956467912565E-03 8.81523974895593E-03 8.83806357992939E-03 8.85813411513872E-03 0.008875541093719 8.89038544544886E-03 8.90277534510189E-03 8.91282403805156E-03 8.92065754856132E-03 8.92642871493021E-03 8.93032111485142E-03 8.93254345420939E-03 8.93332130945427E-03 8.93288121280984E-03 8.93143740036513E-03 8.92918806223174E-03 8.92631327725908E-03 8.92297457782809E-03 8.91931676314664E-03 8.91547248981054E-03 8.91158809984901E-03 8.90788234147997E-03 8.90471259941401E-03 8.90257174468913E-03 8.89156722836247E-03 0 0 0 0 0 0 0 0 0 0 0 0 0 0 0 0 0 0 0 0 0 0 0 0 0 0 0 0 0 0 0 0 0 0
8.68839487442239E-03 8.72441195857434E-03 8.75717460196106E-03 8.78679663922895E-03 8.81339944872934E-03 8.83710497809241E-03 8.85802479225539E-03 8.8762655884345E-03 8.89192591112464E-03 8.90511172504669E-03 8.91593612299411E-03 8.92451497921315E-03 8.93097814300355E-03 8.93548257323904E-03 8.93821705199485E-03 8.93939425047164E-03 8.9392422490774E-03 8.93798960454908E-03 8.93585008405053E-03 8.93302419188712E-03 8.92969622230147E-03 8.92603328226354E-03 8.92219007273062E-03 8.91831636314724E-03 8.91459526528619E-03 8.91133887980349E-03 8.90911925331656E-03 8.90869103527782E-03 0 0 0 0 0 0 0 0 0 0 0 0 0 0 0 0 0 0 0 0 0 0 0 0 0 0 0 0 0 0 0 0 0 0 0
8.71893733473495E-03 8.75287717870982E-03 8.78358436243711E-03 8.81118957521025E-03 8.83582808835427E-03 8.85763235815788E-03 8.8767212952554E-03 8.89320926950113E-03 8.90720191895121E-03 8.9188087515934E-03 8.92814534774649E-03 8.93532910040158E-03 8.94049451561728E-03 8.94380403708163E-03 8.94545057030868E-03 8.94564958170101E-03 8.94463179236112E-03 8.94262789250344E-03 8.93985077573948E-03 8.93650303431037E-03 8.93277527167942E-03 8.92884266508604E-03 8.92487392970459E-03 8.92104249814462E-03 8.91756965955019E-03 8.91481840812514E-03 8.91327730585187E-03 8.90869103527782E-03 0 0 0 0 0 0 0 0 0 0 0 0 0 0 0 0 0 0 0 0 0 0 0 0 0 0 0 0 0 0 0 0 0 0 0
8.74795930176177E-03 8.77985946571974E-03 8.80855834212268E-03 8.83420184261244E-03 8.85693783041559E-03 8.87690803822771E-03 8.89423815751425E-03 8.90904823951367E-03 8.92144944339719E-03 8.93155293720494E-03 8.93947521989309E-03 8.94533605040436E-03 8.94927461368379E-03 8.95145811604907E-03 8.95208284455078E-03 8.95136735477777E-03 8.94954438856073E-03 8.94684602021041E-03 8.9434848361298E-03 8.93966619732206E-03 8.93558902693477E-03 8.93143902363958E-03 8.92740253288544E-03 8.92368437874606E-03 8.92056311493815E-03 8.91851074358893E-03 8.91814392263006E-03 0 0 0 0 0 0 0 0 0 0 0 0 0 0 0 0 0 0 0 0 0 0 0 0 0 0 0 0 0 0 0 0 0 0 0 0
