NongDo/Fusa 13.5h.grd
DSAA
463	323
2	464
2	324
0	10
[rows 252 to 279 of 323, columns 0 to 63 of 463]
0 0 0 0 0 0 0 0 0 0 0 0 0 0 0 0 0 0 0 0 0 0 0 0 0 0 0 0 0 0 0 0 0 0 0 0 0 0 4.27566516684508E-03 4.28344378914353E-03 4.2881485949292E-03 4.29218565094872E-03 4.29667713639077E-03 4.30178180059326E-03 4.30752372234022E-03 4.31388154244872E-03 4.32086812487704E-03 4.32847526138213E-03 4.3367277868279E-03 4.34564531816542E-03 4.35526141706996E-03 4.36561457872845E-03 4.37673583661173E-03 4.38866289845528E-03 4.40142206042269E-03 4.41505419668702E-03 4.42957733086454E-03 4.44501775873576E-03 4.46138634872327E-03 4.47870679186613E-03 4.49696984006441E-03 4.51614613978769E-03 4.53620090140984E-03 4.55709582798853E-03
0 0 0 0 0 0 0 0 0 0 0 0 0 0 0 0 0 0 0 0 0 0 0 0 0 0 0 0 0 0 0 0 0 0 0 0 0 4.26909722234676E-03 4.27566516684508E-03 4.27972092092797E-03 4.28421422274058E-03 4.28888874771321E-03 4.29399420042284E-03 0.004299626317236 4.3058454448678E-03 4.31266485772267E-03 4.32011508362974E-03 4.32820451008788E-03 4.33696711305811E-03 4.34643372303307E-03 4.35664142814631E-03 4.36763029163326E-03 4.3794309278577E-03 4.39208004339069E-03 4.40560177337327E-03 4.42003237439069E-03 4.43538637768033E-03 4.45168436793661E-03 4.46893089091255E-03 4.48714014306904E-03 4.50629636891501E-03 4.52636327662295E-03 4.54729957234447E-03 4.56906099467559E-03
0 0 0 0 0 0 0 0 0 0 0 0 0 0 0 0 0 0 0 0 0 0 0 0 0 0 0 0 0 0 0 0 0 0 0 0 4.26383595756562E-03 4.26909722234676E-03 4.27260168273492E-03 4.27666854542034E-03 4.28125793392552E-03 4.28628601551901E-03 4.29181470755783E-03 4.29787431154218E-03 4.3045183494331E-03 4.31177278619329E-03 4.31967730360869E-03 4.3282513160064E-03 4.33753567872992E-03 4.34756970642134E-03 4.35839310446408E-03 4.37004650484135E-03 4.38255900478786E-03 4.39596479436146E-03 4.41028417155731E-03 4.42554951428374E-03 4.44176969107517E-03 4.45895752062605E-03 4.47710937624397E-03 4.49623035104038E-03 4.51629589893522E-03 4.53726215164844E-03 4.55908117822833E-03 4.58170288726103E-03
0 0 0 0 0 0 0 0 0 0 0 0 0 0 0 0 0 0 0 0 0 0 0 0 0 0 0 0 0 0 0 0 0 0 0 4.26184534705737E-03 4.26383595756562E-03 4.26655502020783E-03 4.26999124952197E-03 4.27411358900526E-03 4.27886192421994E-03 4.28416673748626E-03 4.29003756409439E-03 4.29647069206511E-03 4.30351121772427E-03 4.31119094213155E-03 4.31955267174174E-03 4.32862386806548E-03 4.33844905629464E-03 4.34907621350525E-03 4.36054506368285E-03 0.004372896463194 4.38615656348344E-03 4.40035639885914E-03 4.41551000133137E-03 4.43164655046141E-03 4.44876700796411E-03 4.46687377415021E-03 4.4859542450208E-03 4.50600360678626E-03 4.52698901195706E-03 4.54885701043754E-03 4.57155320097425E-03 4.59502168699631E-03
0 0 0 0 0 0 0 0 0 0 0 0 0 0 0 0 0 0 0 0 0 0 0 0 0 0 0 0 0 0 0 0 0 0 0 4.26184534705737E-03 0.00426208246162 4.2642470077984E-03 4.26761423602323E-03 4.27184068349646E-03 4.27678496097751E-03 4.28235815552908E-03 4.28854931913311E-03 4.29534504552012E-03 4.30278259432143E-03 4.31089683597906E-03 4.31973241993499E-03 4.32932421754351E-03 4.33971993665483E-03 4.35097294632323E-03 4.36312310264015E-03 4.37621012364394E-03 4.3902567613058E-03 4.40528979947592E-03 4.42131744390147E-03 4.43836125584821E-03 4.45641230897209E-03 4.47546278352802E-03 4.49549100157342E-03 4.51648130056112E-03 4.53839009549985E-03 4.56115496534101E-03 4.58471518988941E-03 4.60901015289102E-03
0 0 0 0 0 0 0 0 0 0 0 0 0 0 0 0 0 0 0 0 0 0 0 0 0 0 0 0 0 0 0 0 0 0 4.25457847169879E-03 4.25823773699486E-03 4.25929592031359E-03 4.26170463628151E-03 4.26524527367067E-03 4.26967924937263E-03 4.27487434868606E-03 4.28074236417723E-03 4.28726506587146E-03 4.29443935170427E-03 4.30229457241947E-03 4.31086976744379E-03 4.32020824209507E-03 0.004330356030954 4.34136113721619E-03 4.35328137180958E-03 4.36615572761218E-03 4.38002227142947E-03 4.39489916558593E-03 4.41080795798345E-03 4.42775041445003E-03 4.44573406469929E-03 4.46474205016079E-03 4.48475544217065E-03 4.50574372005165E-03 4.52767734078582E-03 4.55050448450549E-03 4.57415312821309E-03 4.59855627405506E-03 4.62364953144404E-03
0 0 0 0 0 0 0 0 0 0 0 0 0 0 0 0 0 0 0 0 0 0 0 0 0 0 0 0 0 0 0 0 0 0 4.25457847169879E-03 4.25480968448684E-03 4.25622866276852E-03 4.25895300745421E-03 4.26278094448569E-03 4.26750708015726E-03 4.27301397865791E-03 4.27922220624281E-03 4.28611642730838E-03 4.29370469682384E-03 4.30201568666445E-03 4.31109180742187E-03 4.32097678536936E-03 4.33172529786716E-03 4.34338729680622E-03 4.35602344234889E-03 4.36967156345944E-03 4.38436667610469E-03 4.40012105796202E-03 4.41694918219815E-03 4.43484336270691E-03 4.45379737398846E-03 4.47378391256422E-03 4.49477322618377E-03 4.51672499024081E-03 4.53959771823571E-03 4.56333026384148E-03 4.5878411979606E-03 4.61305823876709E-03 4.63891547397568E-03
0 0 0 0 0 0 0 0 0 0 0 0 0 0 0 0 0 0 0 0 0 0 0 0 0 0 0 0 0 0 0 0 0 0 4.25104233126067E-03 4.25114028895002E-03 4.25286667787265E-03 0.004255960392474 4.2601538385098E-03 4.26524470488216E-03 4.27112606429631E-03 4.27773049862437E-03 4.28504966613154E-03 4.29310372555689E-03 4.30192195767775E-03 4.31155315173438E-03 4.32203898581461E-03 4.33344401965741E-03 4.34581843549381E-03 4.35922704890973E-03 4.37370506698801E-03 4.38928262808853E-03 4.40596368860017E-03 4.42375319285817E-03 4.44263295201307E-03 4.46258238827893E-03 4.48356303165685E-03 4.50553258071441E-03 4.52844185987927E-03 4.55223832438654E-03 4.57685442967428E-03 4.60219723229292E-03 4.62819140080032E-03 4.65477283908531E-03
0 0 0 0 0 0 0 0 0 0 0 0 0 0 0 0 0 0 0 0 0 0 0 0 0 0 0 0 0 0 0 0 0 0 4.24674777649569E-03 4.2469213472229E-03 4.24907982950853E-03 4.2526440079931E-03 4.25729046557613E-03 4.26282482447053E-03 4.26915291590408E-03 4.27621996684178E-03 4.28402670360183E-03 4.29261010163457E-03 4.30200010667098E-03 4.3122509367252E-03 4.32340271783376E-03 4.33552918580828E-03 4.34867851711505E-03 4.36292325033986E-03 4.3782930041779E-03 4.39480922561414E-03 4.41246516455868E-03 4.43125540200686E-03 4.45114978486233E-03 4.47211334073953E-03 4.49409535137058E-03 4.51704098840754E-03 4.54089216742857E-03 4.56558810642642E-03 4.59105663161666E-03 4.61719151441624E-03 4.64391918048888E-03 4.67118231720137E-03
0 0 0 0 0 0 0 0 0 0 0 0 0 0 0 0 0 0 0 0 0 0 0 0 0 0 0 0 0 0 0 0 0 4.23367845517179E-03 4.24032673551959E-03 4.24176715430621E-03 4.24475067442279E-03 4.24894157737237E-03 4.25414213127867E-03 4.26020455014307E-03 4.26705765750192E-03 4.27466234627331E-03 4.28302547465464E-03 4.29221296343401E-03 4.30224718300515E-03 4.31319344136138E-03 4.32508346548332E-03 4.33800827860857E-03 4.35200211839148E-03 4.36715479191256E-03 4.38348126028977E-03 4.40099172132974E-03 4.41966732645378E-03 4.43949154608884E-03 4.46042234296732E-03 4.48240838004312E-03 4.50538922302729E-03 4.52929614141233E-03 4.55406427792963E-03 4.57962224854256E-03 4.60590252274928E-03 4.63278034401949E-03 4.66019451325083E-03 4.68809887774935E-03
0 0 0 0 0 0 0 0 0 0 0 0 0 0 0 0 0 0 0 0 0 0 0 0 0 0 0 0 0 0 0 0 0 4.23367845517179E-03 4.23407003156081E-03 4.23615984722579E-03 4.23992450931493E-03 4.24483803230614E-03 4.25068551426952E-03 4.25735942309478E-03 4.26481823927636E-03 4.27304167262881E-03 4.28204675089399E-03 4.29191571458569E-03 4.30267461347929E-03 4.31439444430115E-03 4.32710698901814E-03 4.34091047720177E-03 4.35583594830645E-03 4.37197032804616E-03 4.38931553982251E-03 4.40787007268695E-03 4.42760453632616E-03 4.44848818811117E-03 4.47046607961256E-03 4.49347239471049E-03 4.51743702045528E-03 4.54228171845272E-03 4.56793434521078E-03 4.5943141614012E-03 4.62134546163667E-03 4.64891204818455E-03 4.6769693719256E-03 4.70548003616298E-03
0 0 0 0 0 0 0 0 0 0 0 0 0 0 0 0 0 0 0 0 0 0 0 0 0 0 0 0 0 0 0 0 0 4.22707440458079E-03 4.22733280548913E-03 4.23016292223673E-03 4.2347256024428E-03 4.24039078379483E-03 0.004246944810898 4.25429801167338E-03 4.26243655009475E-03 4.2713583443777E-03 4.28109749410763E-03 4.29173485718833E-03 4.30330794681529E-03 4.31588994778665E-03 4.32951827786274E-03 4.34428774739655E-03 4.36023627047741E-03 4.37741965619045E-03 4.39584034926997E-03 4.41548083613989E-03 4.43630516447132E-03 4.45826023577988E-03 4.48128336050447E-03 4.50529297612279E-03 4.53021225467315E-03 4.55595618421103E-03 4.58244614941285E-03 4.60959393906338E-03 4.63731496177607E-03 4.66553530265758E-03 4.69420480607112E-03 4.72329750727207E-03
0 0 0 0 0 0 0 0 0 0 0 0 0 0 0 0 0 0 0 0 0 0 0 0 0 0 0 0 0 0 0 0 4.20092521288501E-03 4.21699048972582E-03 4.21950181381654E-03 4.22367584737108E-03 4.2291873313875E-03 4.23565985661975E-03 4.24296716608072E-03 4.25105902610932E-03 4.25994671701844E-03 4.26964699991043E-03 4.28020450428484E-03 4.29170124324411E-03 0.004304180991645 4.3177196597176E-03 4.33235644898736E-03 4.34818258905969E-03 4.36523016961889E-03 4.38353144258933E-03 4.40307966426035E-03 4.42384427921234E-03 4.44577774380923E-03 4.46880880775087E-03 4.49286421715154E-03 4.51785094663807E-03 4.54368683127164E-03 4.57028271148597E-03 4.59755684578387E-03 4.62541861220754E-03 4.65379193080196E-03 4.68263025654074E-03 4.71188415466715E-03 4.7415326982259E-03
0 0 0 0 0 0 0 0 0 0 0 0 0 0 0 0 0 0 0 0 0 0 0 0 0 0 0 0 0 0 0 4.19543089630627E-03 4.20092521288501E-03 4.2068878366267E-03 4.21163763568157E-03 4.21707013400807E-03 4.22348914952196E-03 4.23075682297536E-03 4.23883570744668E-03 4.24770939582409E-03 4.25740659335198E-03 4.26795756444213E-03 4.27941408854605E-03 4.29185946090435E-03 4.30533990423647E-03 4.31992946401335E-03 4.33566543223539E-03 4.35262996217787E-03 4.37084579248693E-03 4.39032527926071E-03 4.4110473024899E-03 4.43296526191454E-03 4.45601901941218E-03 4.48012183297175E-03 4.50519006541942E-03 4.5311226087786E-03 4.55783360369046E-03 4.58523413500038E-03 4.61324514273424E-03 4.64178138097474E-03 4.67077626876346E-03 4.7001981884429E-03 4.73000537636268E-03 4.76017934140997E-03
0 0 0 0 0 0 0 0 0 0 0 0 0 0 0 0 0 0 0 0 0 0 0 0 0 0 0 0 0 0 0 4.19543089630627E-03 4.19584417603848E-03 4.19942339480137E-03 4.20441645100504E-03 4.21055117301816E-03 4.21772621665516E-03 4.22575934662642E-03 4.23462350563624E-03 4.24431996264944E-03 4.25488480234061E-03 4.26635581540328E-03 4.27878707568387E-03 4.29226605732874E-03 4.30683644678109E-03 4.32256595792566E-03 4.33948461388524E-03 4.35766422055034E-03 4.3771126472473E-03 4.39782332295036E-03 4.41975692949575E-03 4.44284946410535E-03 4.46702680553143E-03 4.4921891873953E-03 4.5182455077655E-03 4.54508729147262E-03 4.5726291654796E-03 4.60078734576785E-03 4.62949051974477E-03 4.65866158162287E-03 4.68824556969075E-03 4.71822005725901E-03 4.74854906517296E-03 4.77921539256308E-03
0 0 0 0 0 0 0 0 0 0 0 0 0 0 0 0 0 0 0 0 0 0 0 0 0 0 0 0 0 0 0 4.1884175312624E-03 4.18867362887427E-03 4.19200342080551E-03 4.19732711447048E-03 4.20406545645431E-03 4.2119447194906E-03 4.22073391223446E-03 4.2304042452735E-03 4.24096618362174E-03 4.25245550389649E-03 4.2649141936522E-03 4.27839365884988E-03 4.29298840035795E-03 4.3087341424075E-03 4.3256864439599E-03 4.34386477241255E-03 0.004363326772407 4.38406454488856E-03 4.40604814111445E-03 4.42922061047455E-03 4.45349780771162E-03 4.47879358465447E-03 4.50499520340182E-03 4.5320092333809E-03 4.55971927624092E-03 4.58804663064049E-03 4.61691714224659E-03 4.64627117889234E-03 0.004676041565004 4.70618240789922E-03 4.73667772721539E-03 4.76749581718308E-03 4.79861771234026E-03
0 0 0 0 0 0 0 0 0 0 0 0 0 0 0 0 0 0 0 0 0 0 0 0 0 0 0 0 0 0 4.16730117043351E-03 4.17798873624852E-03 4.17995000737858E-03 4.18409099404132E-03 4.19007579699001E-03 4.19750249518773E-03 4.20612466556894E-03 4.21571596179709E-03 4.22624104892025E-03 4.23772095599298E-03 4.25019451350121E-03 4.26370963449703E-03 4.27831428469002E-03 4.29410136855249E-03 4.31109814967578E-03 4.32934716761983E-03 4.34885450218492E-03 4.36965940304974E-03 4.39173300721166E-03 4.41502194647158E-03 4.43944901781853E-03 4.46491195617734E-03 4.49131181873841E-03 4.51852605043263E-03 4.54645754732799E-03 4.57499151793432E-03 4.60405980906328E-03 0.004633599029025 4.66356159285074E-03 4.69389268834641E-03 0.004724558044208 4.75554234029147E-03 4.78681343767581E-03 4.81835085690351E-03
0 0 0 0 0 0 0 0 0 0 0 0 0 0 0 0 0 0 0 0 0 0 0 0 0 0 0 0 0 0 4.16730117043351E-03 0.004167982184898 4.17084203268208E-03 4.17588201878695E-03 4.18268118096299E-03 4.19089735172301E-03 4.20031876641029E-03 4.21076422134896E-03 4.22220201769562E-03 4.23466109372779E-03 4.24818108617174E-03 4.26282244858645E-03 4.27863019192654E-03 4.2956829691097E-03 4.31400157950406E-03 4.3336133477737E-03 4.35451042081057E-03 4.37670392455046E-03 4.40014705811013E-03 4.42475857371042E-03 4.45044238131635E-03 4.4770784158824E-03 4.50455723641526E-03 4.53274888823168E-03 4.56155461359612E-03 4.59087175071828E-03 4.62063939136219E-03 4.65080620646007E-03 4.68133817185323E-03 4.71219603628601E-03 4.74335381642996E-03 4.77479065825831E-03 4.80647521005054E-03 4.8383842021113E-03
0 0 0 0 0 0 0 0 0 0 0 0 0 0 0 0 0 0 0 0 0 0 0 0 0 0 0 0 0 4.14243960604969E-03 4.15510381265594E-03 4.15718038442626E-03 4.16134862656596E-03 4.16742801705168E-03 4.17515562600085E-03 4.18425662619147E-03 4.19456355399266E-03 4.20593761809437E-03 4.21835878214984E-03 4.23186614778615E-03 4.2465032622823E-03 4.26234124412617E-03 4.27942152096478E-03 4.29780923974477E-03 4.31751337947169E-03 4.33854545900322E-03 4.3608787503583E-03 4.38449763658969E-03 4.40933076114576E-03 4.43527074495496E-03 4.46220132387379E-03 4.48998797916909E-03 4.51851247675364E-03 4.54764178672731E-03 4.57728071840894E-03 4.60733875911876E-03 4.63776491596098E-03 4.66851969860116E-03 4.69958288641294E-03 4.73093052122803E-03 4.7625434828362E-03 4.79439422856277E-03 4.82644838178005E-03 4.85868003322252E-03
0 0 0 0 0 0 0 0 0 0 0 0 0 0 0 0 0 0 0 0 0 0 0 0 0 0 0 0 0 4.14243960604969E-03 4.14321008350919E-03 4.14632619838577E-03 4.15166811935703E-03 4.15883033752922E-03 4.16756296193415E-03 4.17763447466245E-03 4.18891522309546E-03 4.20129892432383E-03 4.21478177880345E-03 4.22941453395948E-03 4.24524399182838E-03 4.26235067310352E-03 4.28077134953467E-03 4.30055807143499E-03 4.32170572906865E-03 4.34420533809992E-03 4.36800931252936E-03 4.39307353481618E-03 4.41930325997329E-03 4.44656281424593E-03 4.47471728046492E-03 4.50362166020085E-03 4.53315289956926E-03 4.56317986961194E-03 4.59361169947904E-03 4.62437142541256E-03 4.65541733893015E-03 4.68672252978895E-03 4.71827884412213E-03 4.75007873914706E-03 4.78210802938654E-03 4.81432952431764E-03 4.84670375820776E-03 4.87920236321873E-03
0 0 0 0 0 0 0 0 0 0 0 0 0 0 0 0 0 0 0 0 0 0 0 0 0 0 0 0 4.11455341476697E-03 4.12869781682538E-03 4.13084752822066E-03 4.1352926555455E-03 4.14183774199122E-03 4.15013255610123E-03 4.15994745459179E-03 4.17107922621777E-03 4.18342938978622E-03 4.19691637127352E-03 4.21154800156597E-03 4.22738904103287E-03 4.24448837332315E-03 4.26293583977963E-03 4.28276111947283E-03 4.30400574260427E-03 4.32664672752006E-03 4.35065089122491E-03 4.3759469206243E-03 4.40246441140073E-03 4.43008452655795E-03 4.45864134318952E-03 4.48798539907448E-03 4.51796749531196E-03 4.54846355524662E-03 4.57934670889533E-03 4.61053213188272E-03 4.64195661275969E-03 4.67358719815273E-03 4.7054070947063E-03 4.73741821088372E-03 4.76962986356069E-03 4.80203255204537E-03 4.83457386074984E-03 4.86720927584256E-03 4.89991087151108E-03
0 0 0 0 0 0 0 0 0 0 0 0 0 0 0 0 0 0 0 0 0 0 0 0 0 0 0 0 4.11455341476697E-03 4.1153175248833E-03 4.11845008205162E-03 4.12414760611725E-03 4.13193647173621E-03 4.14142369170182E-03 4.15239688379229E-03 4.16467346153783E-03 4.17818365547967E-03 4.19286479382244E-03 4.20873363618781E-03 4.22587117421417E-03 4.2443191268945E-03 4.26418235404109E-03 4.2854752716092E-03 4.3082315388493E-03 4.33240817215294E-03 4.3579418157435E-03 4.38473885154861E-03 4.41269868631582E-03 4.44168769022714E-03 4.47150304632522E-03 4.50199165277497E-03 4.53300643806595E-03 4.56442384342956E-03 4.59612492375765E-03 4.62802679720348E-03 4.66008495922855E-03 4.69226855184015E-03 4.72457096226348E-03 4.75699758675562E-03 4.78957653115099E-03 4.82230428051769E-03 4.85510313359331E-03 0.004887930605909 4.92076295401343E-03
0 0 0 0 0 0 0 0 0 0 0 0 0 0 0 0 0 0 0 0 0 0 0 0 0 0 0 0 4.10071454524752E-03 4.10115715147474E-03 4.10567055761183E-03 4.11284682864505E-03 4.12201006141503E-03 4.1327808644429E-03 4.14499309281588E-03 4.15849973196888E-03 4.17325807591806E-03 4.18922597009492E-03 4.20642467462225E-03 4.22494463142122E-03 0.00424482449966 4.26617449809051E-03 4.28899762865513E-03 4.31331135036333E-03 4.33905151741471E-03 4.36612759380158E-03 4.3944230060558E-03 4.42380529877301E-03 4.45411699448379E-03 4.48514153110736E-03 4.51672689989236E-03 4.54872946760597E-03 4.58102624589763E-03 4.6135072277857E-03 4.6460942115848E-03 4.67875655331739E-03 4.71146351394838E-03 4.7442150637769E-03 4.77701983671805E-03 4.80991923231144E-03 4.84290437348897E-03 4.87588375166651E-03 4.90882332855636E-03 4.94170686197736E-03
0 0 0 0 0 0 0 0 0 0 0 0 0 0 0 0 0 0 0 0 0 0 0 0 0 0 0 4.04900104138465E-03 4.08089158833287E-03 4.08552817184885E-03 4.09261559952789E-03 4.10160540048141E-03 4.11225774720222E-03 4.12437525096772E-03 4.13788194564764E-03 4.15268134655119E-03 4.16875790573598E-03 4.18609153558286E-03 4.20470743576488E-03 4.22469578954716E-03 4.24609003785271E-03 4.2689956228987E-03 4.2934066038283E-03 4.31931048482869E-03 4.34662934788124E-03 4.37524347326945E-03 4.40501869496555E-03 4.43578250241907E-03 4.46736116629791E-03 4.49954972059561E-03 4.53218635163086E-03 4.5651367971321E-03 4.59827399651338E-03 4.63150548360385E-03 4.66474668926741E-03 4.69798482929862E-03 4.73118125322374E-03 4.76434447154497E-03 4.79747620594504E-03 4.83062662249156E-03 4.86378985716483E-03 4.89686661365905E-03 4.92983241676251E-03 4.96268368213769E-03
0 0 0 0 0 0 0 0 0 0 0 0 0 0 0 0 0 0 0 0 0 0 0 0 0 0 4.02866232738545E-03 4.04900104138465E-03 4.06130043320625E-03 4.07046371086508E-03 4.0800303864102E-03 4.09077322950949E-03 4.10289261976393E-03 4.11636656123164E-03 4.13119987831906E-03 4.14734157370906E-03 4.16479883272746E-03 4.18357005392873E-03 4.20368076877939E-03 4.22521585559589E-03 4.2481986877707E-03 4.27272196734255E-03 4.29876208318209E-03 4.3262808694076E-03 4.35518017720638E-03 4.38531732933844E-03 4.41653663001691E-03 4.44863711953856E-03 4.48143655716281E-03 4.51473967891924E-03 4.54838545415075E-03 4.58224289932073E-03 4.61618654104867E-03 4.65013271676737E-03 4.6839995865436E-03 4.71777801689784E-03 4.75142455636442E-03 4.78494897252819E-03 4.81835073513378E-03 4.85168086152487E-03 4.88492663212619E-03 4.91799898135478E-03 4.95089433217228E-03 4.98362557871621E-03
0 0 0 0 0 0 0 0 0 0 0 0 0 0 0 0 0 0 0 0 0 0 0 0 0 4.01981843001062E-03 4.02866232738545E-03 4.03755915117726E-03 4.04749630671938E-03 4.05760691762582E-03 4.06857203184073E-03 4.08069639515899E-03 4.09414621183312E-03 4.10893741775553E-03 4.12510232131315E-03 4.14261652224085E-03 4.1615015709205E-03 4.18176878458544E-03 4.20344263936449E-03 4.22659282290227E-03 4.25122897204607E-03 4.27741737524141E-03 4.30511539589447E-03 4.33425839089063E-03 4.36472850461077E-03 4.39636260126255E-03 4.42898719468961E-03 4.46238368208127E-03 4.49636327209895E-03 4.53074202025059E-03 4.56536074621221E-03 4.6000915700488E-03 4.63480955082425E-03 4.66943662126437E-03 4.70389283906042E-03 4.73816229579913E-03 4.77220278662954E-03 4.80601816669556E-03 4.83960818102364E-03 4.87301386592429E-03 4.90623415177574E-03 4.93920131265654E-03 4.97193053770501E-03 5.0044580335828E-03
0 0 0 0 0 0 0 0 0 0 0 0 0 0 0 0 0 0 0 0 0 0 0 0 0 4.01981843001062E-03 4.02061191375932E-03 4.02668147520573E-03 4.03561763044121E-03 4.04616430217096E-03 4.05811819287771E-03 4.07141738597779E-03 4.08611131609929E-03 4.10219838193339E-03 4.11970836797674E-03 4.13862704053998E-03 4.15898113974186E-03 4.18079546004937E-03 4.20408800914476E-03 4.22890811367744E-03 4.25524548825546E-03 4.28313448251312E-03 4.31250772351059E-03 4.34327453798194E-03 4.37529731753442E-03 4.40839806214736E-03 4.44238938791151E-03 4.47704131597631E-03 4.51216179926342E-03 4.54757958641559E-03 4.58313812861007E-03 4.61870741079635E-03 4.65416154411944E-03 4.68942477813619E-03 4.72441890638109E-03 4.75911687402058E-03 4.7934761908593E-03 4.82749571938632E-03 4.86117799282767E-03 4.89455726430764E-03 4.92764118291858E-03 4.96039418273629E-03 4.99286164971253E-03 5.02510416483333E-03
0 0 0 0 0 0 0 0 0 0 0 0 0 0 0 0 0 0 0 0 0 0 0 0 3.98987366856682E-03 4.00550834671367E-03 4.00848970585546E-03 4.01500674202481E-03 4.02427015561146E-03 4.0355279440864E-03 4.04847085616695E-03 4.06291409243225E-03 4.07884151039932E-03 4.09623950167959E-03 4.11512244164013E-03 4.13548349792952E-03 4.15734473448839E-03 4.18075067133004E-03 4.20570953082775E-03 4.2322397137985E-03 4.26031401296168E-03 4.28992041698366E-03 4.32097353090491E-03 4.35335015797077E-03 4.38689953270525E-03 4.42143263760586E-03 4.45675307032848E-03 4.4926266132122E-03 4.52885239533362E-03 4.56528139815783E-03 4.60174877617943E-03 4.63811971230115E-03 4.67426394634039E-03 4.71010580146654E-03 4.74557036381869E-03 4.7806093946916E-03 4.81519175826253E-03 4.84930461286077E-03 4.88296602338595E-03 4.91619697105888E-03 4.94903250878863E-03 4.98147427892662E-03 5.01359607858466E-03 5.04548482392538E-03
