NongDo/Fusa 19.9h.grd
DSAA
463	323
2	464
2	324
0	10
[rows 252 to 279 of 323, columns 0 to 63 of 463]
0 0 0 0 0 0 0 0 0 0 0 0 0 0 0 0 0 0 0 0 0 0 0 0 0 0 0 0 0 0 0 0 0 0 0 0 0 0 3.97407724439263E-03 3.98629794745288E-03 3.99306426064025E-03 3.99906414441946E-03 4.00595069948111E-03 4.01406885238029E-03 4.02358775533944E-03 4.03459589419113E-03 4.04723591973243E-03 4.06160310386705E-03 4.07784383546771E-03 4.09608257320809E-03 4.11645060136166E-03 4.13906862231265E-03 4.16401303865261E-03 4.19134400096136E-03 4.22105883499137E-03 4.2531590321718E-03 4.28756482614966E-03 4.32418841440173E-03 4.36288353226293E-03 4.40353284984625E-03 4.44595194396002E-03 4.48990185414564E-03 4.53511706617972E-03 4.58131385862654E-03
0 0 0 0 0 0 0 0 0 0 0 0 0 0 0 0 0 0 0 0 0 0 0 0 0 0 0 0 0 0 0 0 0 0 0 0 0 3.96337034014722E-03 3.97407724439263E-03 3.97995025786329E-03 3.98644572512161E-03 3.99344506807117E-03 4.00141027129133E-03 4.0105761540526E-03 4.02114646394903E-03 4.0332542170167E-03 4.04706520037501E-03 4.06269847548585E-03 4.08031171805542E-03 4.10004660206026E-03 4.12203779665803E-03 4.14640437482377E-03 4.17321320847278E-03 4.20251052773862E-03 4.23427417178378E-03 4.26847879059139E-03 4.30501782548285E-03 4.34376997262454E-03 4.38455451005131E-03 4.42721320196185E-03 4.4715292023425E-03 4.51723175216018E-03 4.56402747012773E-03 4.61160960447133E-03
0 0 0 0 0 0 0 0 0 0 0 0 0 0 0 0 0 0 0 0 0 0 0 0 0 0 0 0 0 0 0 0 0 0 0 0 3.95425360174396E-03 3.96337034014722E-03 3.96856809439561E-03 3.97445273506873E-03 3.98120139041737E-03 3.98888331514917E-03 3.99771412086089E-03 4.0078374228594E-03 4.01944183664013E-03 4.03267508365531E-03 4.04771297934947E-03 4.06468816827365E-03 4.08376521147738E-03 4.1050969641704E-03 4.12881834111347E-03 4.15504236003507E-03 4.18382205013876E-03 4.21518419296939E-03 4.24908071595414E-03 4.28545917684245E-03 4.32418009996112E-03 4.36508340584597E-03 4.40794997790118E-03 4.45258320377592E-03 4.49873008945587E-03 4.54608962666217E-03 4.59434368931374E-03 4.6431668298657E-03
0 0 0 0 0 0 0 0 0 0 0 0 0 0 0 0 0 0 0 0 0 0 0 0 0 0 0 0 0 0 0 0 0 0 0 3.94988306090166E-03 3.95425360174396E-03 3.95842351807846E-03 3.96343187648908E-03 3.96945811875246E-03 3.97660940755348E-03 3.98494140893426E-03 3.99459625490576E-03 4.00567129627872E-03 4.01834312730346E-03 4.03276732616138E-03 4.04912058825437E-03 4.06754425989773E-03 4.08820204161816E-03 4.11125730493027E-03 4.13683675886068E-03 4.16504377475018E-03 4.19591127018801E-03 4.22944288878912E-03 4.2655564496254E-03 4.30417135933102E-03 4.34510890140672E-03 4.3881642925835E-03 4.43308013981969E-03 4.47962234406117E-03 4.52750719392607E-03 4.57640243753993E-03 4.6259697394042E-03 4.67586970289869E-03
0 0 0 0 0 0 0 0 0 0 0 0 0 0 0 0 0 0 0 0 0 0 0 0 0 0 0 0 0 0 0 0 0 0 0 3.94988306090166E-03 3.95027815818513E-03 3.95338095689356E-03 3.95826694086717E-03 3.9645724551727E-03 3.97224470883861E-03 3.98128875423246E-03 3.99181432546347E-03 4.00390842622499E-03 4.01773708418207E-03 4.03345964626195E-03 4.05125042488867E-03 4.07125774271175E-03 4.09364281786623E-03 4.11856936028742E-03 4.14615238599227E-03 4.17647861012477E-03 4.20955612104171E-03 4.24535969709008E-03 4.28377306295055E-03 4.32467419457858E-03 4.36783885739449E-03 4.4130205062631E-03 4.45992710290939E-03 4.50828859001301E-03 4.55778883843919E-03 4.6080718869455E-03 4.65878472223025E-03 4.70958125771873E-03
0 0 0 0 0 0 0 0 0 0 0 0 0 0 0 0 0 0 0 0 0 0 0 0 0 0 0 0 0 0 0 0 0 0 3.93439525206223E-03 3.94253325629647E-03 3.94402244767126E-03 3.94747109032532E-03 3.95270461018618E-03 3.95951751443667E-03 3.96785889437314E-03 3.97772666407021E-03 3.98921824061912E-03 4.00244316484196E-03 4.01755580358283E-03 4.03472101747181E-03 4.05410200236024E-03 4.07585921271838E-03 4.10014134679456E-03 4.1271074489867E-03 4.15685447952169E-03 4.18944683003801E-03 4.22486027384031E-03 4.26303446127179E-03 4.30381552154303E-03 4.34702507957568E-03 4.39239972092493E-03 4.43965081769151E-03 4.48845606277621E-03 4.53850818809965E-03 4.58947153598003E-03 4.64097029944437E-03 4.69264175774271E-03 4.74414021154717E-03
0 0 0 0 0 0 0 0 0 0 0 0 0 0 0 0 0 0 0 0 0 0 0 0 0 0 0 0 0 0 0 0 0 0 3.93439525206223E-03 3.93483522327554E-03 3.93681105436442E-03 3.94078363295758E-03 3.94660564863443E-03 3.95411675343726E-03 3.96328386214886E-03 3.97411660136568E-03 3.98671828679064E-03 4.00122161828736E-03 4.01778049180419E-03 4.03656188811614E-03 4.05771793765092E-03 4.08141181984017E-03 4.10777849386023E-03 4.13696447357922E-03 4.16904313901496E-03 4.20404839799121E-03 4.24191614409846E-03 4.28254327229551E-03 4.32573009630026E-03 4.37124482190883E-03 0.004418781350412 4.46801342869118E-03 4.51859098674679E-03 4.57018045472627E-03 4.62243052918212E-03 4.67495232041138E-03 4.72738074632651E-03 4.77938011929321E-03
0 0 0 0 0 0 0 0 0 0 0 0 0 0 0 0 0 0 0 0 0 0 0 0 0 0 0 0 0 0 0 0 0 0 3.92604800374883E-03 3.92618271368599E-03 3.92866886935837E-03 3.93332393117019E-03 3.93991536635545E-03 3.94829414216588E-03 3.95844661503589E-03 3.97040405956327E-03 3.98428485325146E-03 4.00024666131496E-03 4.0184420335788E-03 4.03904337330873E-03 4.0621813804455E-03 4.08802029645291E-03 4.11667063253967E-03 4.14826458639302E-03 4.18284374661085E-03 4.22040166179857E-03 4.26082438914527E-03 4.30395862018186E-03 4.34955758375971E-03 4.39733740570664E-03 4.44695270694531E-03 4.49804072132098E-03 4.55023144841708E-03 4.60317286773544E-03 4.65651208954837E-03 4.70984784558551E-03 4.7628221135212E-03 4.81512061193989E-03
0 0 0 0 0 0 0 0 0 0 0 0 0 0 0 0 0 0 0 0 0 0 0 0 0 0 0 0 0 0 0 0 0 0 3.9159644812154E-03 3.91622146919693E-03 3.91947262392526E-03 3.92502515148764E-03 3.93258131755342E-03 3.94201312343676E-03 3.9533337072543E-03 3.96660057941772E-03 3.98195042700286E-03 3.9995755909323E-03 4.01962417153169E-03 4.04226832941886E-03 4.06761260615885E-03 4.09581662443378E-03 0.004126953313134 4.16114335349338E-03 4.19838401203524E-03 4.23861438651647E-03 4.28166251869485E-03 4.32732368587645E-03 4.37530312375985E-03 4.42526945098933E-03 4.4768419020115E-03 4.52962888182769E-03 4.58324650051753E-03 4.63733528005355E-03 4.69154970836351E-03 4.74547825361267E-03 4.79878487346997E-03 4.85118949223881E-03
0 0 0 0 0 0 0 0 0 0 0 0 0 0 0 0 0 0 0 0 0 0 0 0 0 0 0 0 0 0 0 0 0 3.88794744953607E-03 3.90224088473764E-03 3.90449014086201E-03 3.90915538639438E-03 3.9159010781684E-03 3.92463873774182E-03 3.93532020462058E-03 3.94800643977456E-03 3.96278830536903E-03 3.9798135677143E-03 3.99933152262309E-03 4.0214643230501E-03 4.04639165095749E-03 4.07417053699647E-03 4.10497073269554E-03 4.13879418464895E-03 4.17576392609403E-03 4.21580534925569E-03 4.25879350007413E-03 4.30449667218804E-03 4.3526594879925E-03 4.40294405369885E-03 4.45497246431287E-03 4.50834253180981E-03 4.56263917070418E-03 4.61747687485703E-03 4.67248703575876E-03 4.72735318416047E-03 0.004781648544717 4.83508479110147E-03 4.88742393094263E-03
0 0 0 0 0 0 0 0 0 0 0 0 0 0 0 0 0 0 0 0 0 0 0 0 0 0 0 0 0 0 0 0 0 3.88794744953607E-03 3.88869171760632E-03 3.89190679574816E-03 3.89793036095876E-03 3.90607872812819E-03 3.91620231253926E-03 3.92833039254138E-03 3.94258734419094E-03 3.95910498978422E-03 3.97804878559953E-03 3.99969350960431E-03 4.02415259241664E-03 4.0515949954978E-03 4.08204547703235E-03 4.11565414695049E-03 4.15237670629595E-03 4.19228160718614E-03 4.23521752181435E-03 4.28099755182645E-03 4.32933918998291E-03 4.3799332954308E-03 4.43240076809883E-03 4.48632924348994E-03 4.54130192436013E-03 4.59689912743306E-03 4.65273993094318E-03 4.7084549553776E-03 4.76372538360421E-03 4.81817204234344E-03 4.87156402105308E-03 4.92369272767753E-03
0 0 0 0 0 0 0 0 0 0 0 0 0 0 0 0 0 0 0 0 0 0 0 0 0 0 0 0 0 0 0 0 0 3.87397144466028E-03 3.87437275314066E-03 3.87882728272703E-03 3.88626755868088E-03 3.89587484606754E-03 3.90751765788727E-03 3.92126014423022E-03 3.93728349470589E-03 3.9557559000346E-03 3.9768731550676E-03 4.00089303694136E-03 4.02792940250177E-03 4.05812500937614E-03 4.09147772000453E-03 0.004128086581187 4.1678830529243E-03 4.21081260968562E-03 4.25668390087232E-03 4.30523770566503E-03 4.35615456338261E-03 4.40905792062165E-03 4.46354704939304E-03 4.51917843837082E-03 4.57553344355811E-03 4.63219930034922E-03 4.68880781326524E-03 4.74500027036698E-03 4.80045641711855E-03 4.85490295405902E-03 4.90811434952929E-03 4.95991284077819E-03
0 0 0 0 0 0 0 0 0 0 0 0 0 0 0 0 0 0 0 0 0 0 0 0 0 0 0 0 0 0 0 0 3.82590012512666E-03 3.85450817606876E-03 3.85854239377302E-03 3.86524798682696E-03 3.87438651118721E-03 3.88558553786614E-03 3.89887490539396E-03 3.9143963034185E-03 3.93238007358921E-03 3.9530283334759E-03 3.97654816446205E-03 4.00318158202602E-03 4.0330257892424E-03 4.06619205160003E-03 4.10263676379692E-03 4.14240434018939E-03 4.18536755237548E-03 4.23137598832034E-03 4.28017748668685E-03 4.33145226175786E-03 4.38483545238029E-03 4.43990144504882E-03 4.49622725748246E-03 4.55335457674041E-03 4.61087047305079E-03 4.66837789178894E-03 4.72553092863227E-03 4.78199318706948E-03 4.83747753357312E-03 4.89177486283627E-03 4.94467454554797E-03 4.99601654522983E-03
0 0 0 0 0 0 0 0 0 0 0 0 0 0 0 0 0 0 0 0 0 0 0 0 0 0 0 0 0 0 0 3.81557424730544E-03 3.82590012512666E-03 3.83566972505904E-03 3.84322617036892E-03 3.85200216183175E-03 3.86278412558578E-03 3.87559593007342E-03 3.89062379228015E-03 3.90807135065051E-03 3.9281994579637E-03 3.95122795248498E-03 3.9773612621337E-03 4.0068217742428E-03 4.03967759775993E-03 4.07599320035699E-03 4.11567183457528E-03 4.15869027540568E-03 4.20485955019795E-03 4.2539456013511E-03 4.30563013807362E-03 4.3595308852215E-03 4.41524187307832E-03 4.47230102143657E-03 4.53026997020141E-03 4.58868741647848E-03 4.64715200005176E-03 4.70529278760872E-03 4.76279663793738E-03 4.81936129834398E-03 4.87473099586197E-03 4.92873477869104E-03 4.98118777409081E-03 5.03194202091343E-03
0 0 0 0 0 0 0 0 0 0 0 0 0 0 0 0 0 0 0 0 0 0 0 0 0 0 0 0 0 0 0 3.81557424730544E-03 3.81626445620245E-03 3.82172375105325E-03 3.82951871855707E-03 3.83948262092307E-03 3.85172094150261E-03 3.86617741143575E-03 3.88305480076544E-03 3.90258833268795E-03 3.9250466711059E-03 3.95064995541149E-03 3.97958387344956E-03 4.0120527278781E-03 4.04808274623794E-03 4.08767965894687E-03 4.13068244779865E-03 4.17700097731183E-03 4.22637403939588E-03 4.27849286626862E-03 4.33297110167358E-03 4.38936940547215E-03 4.44724383524378E-03 4.5061075738914E-03 4.56551889913772E-03 4.6250176109719E-03 4.68422369239562E-03 4.7428005059166E-03 4.80047383658726E-03 4.85697718136723E-03 4.91209097091834E-03 4.96567008560596E-03 5.01754882620614E-03 5.06758840241871E-03
0 0 0 0 0 0 0 0 0 0 0 0 0 0 0 0 0 0 0 0 0 0 0 0 0 0 0 0 0 0 0 3.80269573028801E-03 3.80307431098662E-03 3.80811038539492E-03 3.81649930304585E-03 3.82763108747148E-03 3.84135898066245E-03 3.85755759689565E-03 3.87642953005529E-03 3.89822482684287E-03 3.92320023096536E-03 3.95156575222394E-03 3.98347050631338E-03 4.01910328690257E-03 4.05843444839593E-03 4.10139870814354E-03 4.1477676903636E-03 4.19738055876567E-03 4.24991043833745E-03 4.30496824497442E-03 4.36211036815038E-03 4.42084211013166E-03 4.48069385948461E-03 4.54115859940378E-03 4.60180564959541E-03 4.66217699187697E-03 4.72192647732885E-03 4.78075691563268E-03 4.8384350195928E-03 4.89472990034533E-03 4.94945266499216E-03 5.00247968830714E-03 5.05366051784972E-03 5.10285981849737E-03
0 0 0 0 0 0 0 0 0 0 0 0 0 0 0 0 0 0 0 0 0 0 0 0 0 0 0 0 0 0 3.76676113717429E-03 3.78469319783477E-03 3.78767060588387E-03 3.79408818688156E-03 3.8037449441117E-03 3.81632351153854E-03 3.83174115353663E-03 3.84989123506551E-03 3.87096496100392E-03 3.89522071622206E-03 3.92290066622134E-03 3.95420342613204E-03 3.98924200425742E-03 4.02816192114189E-03 4.07087293535986E-03 4.11724261634924E-03 4.16697815252814E-03 4.21984401899139E-03 4.27543997959353E-03 4.33330738251533E-03 4.39294708029774E-03 4.4538236899721E-03 4.51544663900414E-03 4.57730125230377E-03 4.63896503854565E-03 4.70000459278511E-03 4.76011359175375E-03 4.81902954348093E-03 4.87655433558718E-03 4.93249475552382E-03 4.98669873443602E-03 5.03905297335425E-03 5.08941330830088E-03 5.13764939536279E-03
0 0 0 0 0 0 0 0 0 0 0 0 0 0 0 0 0 0 0 0 0 0 0 0 0 0 0 0 0 0 3.76676113717429E-03 3.76782199363263E-03 3.77216654408234E-03 3.78015250056332E-03 3.7914165431084E-03 3.80572783819872E-03 3.82305831671961E-03 3.84337949366112E-03 3.86687751447863E-03 3.89380576535687E-03 3.92437592402934E-03 3.95878234454649E-03 0.003997096704503 4.03939265257285E-03 4.08552794506941E-03 4.13530059399388E-03 4.18835889709226E-03 4.24437845824355E-03 4.30290604840307E-03 4.36341025375325E-03 4.42534870869967E-03 4.48815361316033E-03 4.5513256689587E-03 4.61435212279826E-03 4.67682347155191E-03 4.73834946050153E-03 4.79865109344839E-03 4.8574987207837E-03 4.91472748120559E-03 4.9701840881484E-03 5.02374607870035E-03 5.07530238999358E-03 5.12471865629371E-03 5.17186839369271E-03
0 0 0 0 0 0 0 0 0 0 0 0 0 0 0 0 0 0 0 0 0 0 0 0 0 0 0 0 0 3.72715647529315E-03 3.74701327627158E-03 3.75013249916388E-03 3.7566211096212E-03 3.76649003117795E-03 3.77964407638835E-03 3.79595875529886E-03 3.81547255455998E-03 3.8382157608429E-03 3.86437315372196E-03 3.89418468327071E-03 3.92782917137489E-03 3.96548298281645E-03 4.00717172663422E-03 4.05290145669122E-03 4.10246826929159E-03 4.15560522336077E-03 4.21189726156366E-03 4.27094586648412E-03 4.33223669584571E-03 4.39518137232738E-03 4.4591987731641E-03 4.5237042429401E-03 4.58819808920269E-03 4.6521813254793E-03 4.71526700636593E-03 4.77710254024482E-03 4.83743805876687E-03 4.89607144839516E-03 4.95286682010714E-03 5.00770763839518E-03 5.06049968145483E-03 5.11113405912329E-03 5.15948085617989E-03 5.20541980195859E-03
0 0 0 0 0 0 0 0 0 0 0 0 0 0 0 0 0 0 0 0 0 0 0 0 0 0 0 0 0 3.72715647529315E-03 3.72829565782381E-03 3.73301641022586E-03 3.74149114586432E-03 3.75339537514534E-03 3.76866100388732E-03 3.78722960414962E-03 3.80919056752326E-03 3.8346058853573E-03 3.8636519575371E-03 3.89655057832584E-03 3.93343574933091E-03 3.97445823041962E-03 4.01959217436939E-03 4.06877891539717E-03 4.12175391152106E-03 4.1781790036117E-03 4.23757888176482E-03 4.29948648613098E-03 4.36334276648876E-03 4.42850456501551E-03 0.004494363186967 4.56033237824638E-03 4.62592402168839E-03 4.69066236030792E-03 4.75418061789222E-03 4.8161628637361E-03 4.87638295583424E-03 4.93466413101124E-03 4.99089251071021E-03 5.04498825435086E-03 5.09688279334415E-03 5.14646669977635E-03 5.19361351839091E-03 5.2382131302771E-03
0 0 0 0 0 0 0 0 0 0 0 0 0 0 0 0 0 0 0 0 0 0 0 0 0 0 0 0 3.68569909272532E-03 3.70633209010356E-03 3.70949662401436E-03 3.71636009223457E-03 3.72696122157292E-03 3.74107934190424E-03 3.75868524761994E-03 3.77975917550769E-03 3.80442529259997E-03 3.83275576657202E-03 3.86490496098011E-03 3.90107184444513E-03 3.94133738319143E-03 3.98582260390026E-03 4.03444210154197E-03 4.08708023446576E-03 4.14340788493443E-03 4.20301474210106E-03 4.26536676921666E-03 4.32994253003664E-03 4.39614495555906E-03 4.46328164182155E-03 4.53073273732048E-03 4.5979291710208E-03 4.66440197001893E-03 4.72970055259872E-03 4.79347797531478E-03 4.85545154681305E-03 4.91541498733489E-03 4.97320948070213E-03 5.02873719561361E-03 5.08195396838672E-03 5.13281805502462E-03 5.18121336317278E-03 5.22702086193255E-03 5.27014949050561E-03
0 0 0 0 0 0 0 0 0 0 0 0 0 0 0 0 0 0 0 0 0 0 0 0 0 0 0 0 3.68569909272532E-03 3.68675666830676E-03 3.69143229484979E-03 3.7004107672946E-03 3.71330931663437E-03 3.7298443199743E-03 3.75001655600854E-03 3.77382735326123E-03 3.80142691725209E-03 3.83288573378059E-03 3.86832084043773E-03 3.90791429814354E-03 3.95166852434812E-03 3.99968708750562E-03 4.05180663970628E-03 0.004107859198593 4.16745246620994E-03 4.23009819238615E-03 4.29521829703794E-03 4.36223424077656E-03 4.43054059430314E-03 4.49938958461045E-03 4.56818111622963E-03 4.63637722942729E-03 4.70352669089809E-03 4.76920692152698E-03 4.83307805519369E-03 4.89489764830141E-03 4.95446489792335E-03 5.01163952504965E-03 5.06632879324616E-03 5.1185262998061E-03 5.16821972251795E-03 5.21527573367433E-03 5.25959870600083E-03 5.30112644786536E-03
0 0 0 0 0 0 0 0 0 0 0 0 0 0 0 0 0 0 0 0 0 0 0 0 0 0 0 0 3.66609854754686E-03 3.66675593357888E-03 3.67369068082813E-03 3.68525983174088E-03 3.70078022662377E-03 3.71998885764327E-03 3.7429536800215E-03 3.76971523444029E-03 3.80044177409916E-03 3.83520182831559E-03 3.87407686418372E-03 3.91721058832498E-03 3.96454017690096E-03 4.01612610471716E-03 4.07173620579676E-03 4.13113235096383E-03 4.19385793088767E-03 4.25936847826726E-03 4.32705349416938E-03 4.39628111150396E-03 4.46641312190167E-03 4.5367123233473E-03 4.60661164943373E-03 4.67559927418556E-03 4.74323446352437E-03 4.80912035618717E-03 4.87292818308268E-03 4.93444335365852E-03 4.99346802455787E-03 5.04987711245059E-03 5.10358702724137E-03 5.15462046442978E-03 5.20297683665443E-03 5.24853100434942E-03 5.29122515135862E-03 5.33103171976109E-03
0 0 0 0 0 0 0 0 0 0 0 0 0 0 0 0 0 0 0 0 0 0 0 0 0 0 0 3.59906605852913E-03 3.63888374809818E-03 3.64565445502215E-03 3.65667920475982E-03 3.67143156305548E-03 3.68985206233471E-03 3.71193318175894E-03 3.73786367904355E-03 3.7677398645124E-03 3.80173942265576E-03 3.83993453804629E-03 3.88236289658448E-03 3.92911817366385E-03 3.98006870158574E-03 4.03521157937639E-03 4.09425888677559E-03 4.15687348065348E-03 4.22256296497554E-03 4.29072735417844E-03 4.36074572296474E-03 4.43192559714367E-03 4.50361954088862E-03 4.5751491359411E-03 4.64594813311765E-03 4.71553940289582E-03 4.7834782741374E-03 4.84940686753268E-03 4.91298496905697E-03 4.97403486147364E-03 5.03235077387639E-03 5.08783148561396E-03 5.14039316345857E-03 5.19008589858204E-03 5.23693692732857E-03 5.28083860811104E-03 5.32177346691771E-03 5.35975691067421E-03
0 0 0 0 0 0 0 0 0 0 0 0 0 0 0 0 0 0 0 0 0 0 0 0 0 0 3.5740369611255E-03 3.59906605852913E-03 3.61402220553947E-03 3.62687449838906E-03 3.64173515759981E-03 3.65961453211877E-03 3.68097975351266E-03 3.70603363997209E-03 3.73505197771242E-03 3.76816439349916E-03 3.80554599867946E-03 3.84725915898481E-03 3.89330331605514E-03 3.94371209995323E-03 3.9982855908867E-03 4.05694467121581E-03 4.11932415623197E-03 4.18501330810165E-03 4.25347362214231E-03 4.32407445191277E-03 4.39617961243427E-03 4.46907005347665E-03 4.54210406997142E-03 4.61464629280333E-03 4.68615097230093E-03 4.75615532348796E-03 4.82421969459337E-03 4.89000403165314E-03 4.95317954485253E-03 5.01357972006634E-03 5.0710032406401E-03 5.12536825466965E-03 5.17660913541049E-03 5.22479567178096E-03 5.26996639574026E-03 5.31206113609752E-03 5.35111921543183E-03 5.38719962582037E-03
0 0 0 0 0 0 0 0 0 0 0 0 0 0 0 0 0 0 0 0 0 0 0 0 0 3.56271842733267E-03 3.5740369611255E-03 3.58472103501099E-03 3.59759574432405E-03 3.6122590963097E-03 3.62966033719215E-03 3.65026827207178E-03 3.67449201597559E-03 3.70256208816725E-03 3.73475573392879E-03 3.77120032397543E-03 3.81204328609004E-03 3.85733040983486E-03 3.90701789260851E-03 3.9610703230922E-03 4.01922017258081E-03 4.08129305828643E-03 4.14686115247029E-03 4.21544354176742E-03 4.28646686868433E-03 4.35927927299304E-03 4.43324062125657E-03 4.50762653474101E-03 4.5817990768491E-03 4.65516322359973E-03 4.72718886201563E-03 4.79742314103187E-03 4.86542658745225E-03 4.93087167873031E-03 4.99344414632599E-03 5.05297807669384E-03 5.1092960925803E-03 5.16233243749948E-03 5.21205338352044E-03 5.25854028726138E-03 5.30187242132935E-03 5.34204512628058E-03 5.3791449000191E-03 5.41327738433116E-03
0 0 0 0 0 0 0 0 0 0 0 0 0 0 0 0 0 0 0 0 0 0 0 0 0 3.56271842733267E-03 3.56373482160707E-03 3.57166662568975E-03 3.58426905655961E-03 3.60040702832963E-03 3.62006241556099E-03 3.64331309065378E-03 3.67043259958262E-03 3.70161467712686E-03 3.7370954264486E-03 3.77696797577368E-03 3.8213331585824E-03 3.8702188681684E-03 3.92354163451833E-03 3.98118988117216E-03 4.04283084396537E-03 4.10819611790883E-03 4.1767889164198E-03 4.24807281734523E-03 4.32144357289906E-03 4.39624529793543E-03 4.47183931564667E-03 4.54750589272326E-03 4.62261362537004E-03 4.69660455988267E-03 4.76896141588014E-03 4.83922615654831E-03 4.90695800816875E-03 4.97184014677929E-03 5.03358174196571E-03 5.09201867689585E-03 5.14700369534677E-03 5.19849851877431E-03 5.24651272150318E-03 5.29114765764699E-03 5.33251377001609E-03 5.37067192151258E-03 5.40576378850634E-03 5.43793357566753E-03
0 0 0 0 0 0 0 0 0 0 0 0 0 0 0 0 0 0 0 0 0 0 0 0 3.52456659584161E-03 3.54420551621181E-03 3.54849898035383E-03 3.55801404444865E-03 3.57217292366583E-03 3.59037712624309E-03 3.61252585032422E-03 3.63858860335745E-03 3.6687634514077E-03 3.70321897746685E-03 3.74212559949262E-03 3.78553917525659E-03 3.83348739689219E-03 3.88599504715256E-03 3.94292982652524E-03 4.00409268507271E-03 4.06910647728464E-03 4.13759255347758E-03 4.20901882744509E-03 4.28278660402821E-03 4.35828218323257E-03 4.43485118044023E-03 0.004511861559807 4.5886083007134E-03 4.66445015142773E-03 4.73888029048282E-03 4.8113674427529E-03 4.88144493560404E-03 4.94867022214222E-03 5.0127410251323E-03 5.07340211560546E-03 5.13048590974138E-03 5.18390388494296E-03 5.2336417528843E-03 5.27977431251416E-03 5.32241547781281E-03 5.36172795878348E-03 5.39783241806482E-03 5.43091165969467E-03 5.46114111678058E-03
