NongDo/Fusa 15.3h.grd
DSAA
463	323
2	464
2	324
0	10
[rows 252 to 279 of 323, columns 0 to 63 of 463]
0 0 0 0 0 0 0 0 0 0 0 0 0 0 0 0 0 0 0 0 0 0 0 0 0 0 0 0 0 0 0 0 0 0 0 0 0 0 4.26237742339131E-03 4.27408104023064E-03 4.27993676167356E-03 4.28385058768004E-03 4.28769436405072E-03 4.29194787546613E-03 4.29682062294529E-03 4.30242695812581E-03 4.30887533125874E-03 4.31623449630852E-03 4.32458404974905E-03 4.33398638198124E-03 4.34450395236731E-03 4.35619529334504E-03 4.36910092204883E-03 4.3832587064235E-03 4.3986827448526E-03 4.4153952895542E-03 4.4333840980314E-03 4.45263877904156E-03 4.47312443930657E-03 4.49481981200854E-03 4.51766439548511E-03 4.54156912198975E-03 4.56643330968978E-03 4.59214844661358E-03
0 0 0 0 0 0 0 0 0 0 0 0 0 0 0 0 0 0 0 0 0 0 0 0 0 0 0 0 0 0 0 0 0 0 0 0 0 4.25231662663479E-03 4.26237742339131E-03 4.26721896458556E-03 4.2718222646021E-03 4.2760036351464E-03 4.28030484418277E-03 4.28505195770391E-03 4.29045852259887E-03 0.004296651677531 4.30374339912249E-03 4.3118075217562E-03 4.32092673785819E-03 4.33117001295057E-03 4.34260153981278E-03 4.3552789973172E-03 4.36923920387863E-03 4.38451494219987E-03 4.40111325032865E-03 4.4190459436774E-03 4.43829040689692E-03 4.45882311255178E-03 4.48059519345853E-03 4.50356781137955E-03 4.52766606080037E-03 4.55278646384553E-03 4.57881508376724E-03 4.60563158563712E-03
0 0 0 0 0 0 0 0 0 0 0 0 0 0 0 0 0 0 0 0 0 0 0 0 0 0 0 0 0 0 0 0 0 0 0 0 4.24373537407911E-03 4.25231662663479E-03 4.25647711839299E-03 4.26051925980474E-03 4.26460741393176E-03 4.26883227401622E-03 4.2734413726131E-03 0.004278626837158 4.28455686453777E-03 4.29134749547699E-03 4.29910602908773E-03 4.30790801985435E-03 4.31783727653237E-03 4.32896805181017E-03 4.34136456076102E-03 4.35508270506967E-03 4.37015402223995E-03 4.38660423168466E-03 4.40443061403575E-03 4.42363489901345E-03 4.44418124306542E-03 4.46603012870453E-03 4.48911620630219E-03 4.51338328960028E-03 4.5387396121078E-03 4.56506663107372E-03 4.59223737611134E-03 4.62012053396825E-03
0 0 0 0 0 0 0 0 0 0 0 0 0 0 0 0 0 0 0 0 0 0 0 0 0 0 0 0 0 0 0 0 0 0 0 4.23895019737137E-03 4.24373537407911E-03 0.004247008918783 4.2503096412169E-03 4.25382771105969E-03 4.25769562852829E-03 4.26201368597786E-03 4.2669298023136E-03 4.27255981224172E-03 4.27903461541931E-03 4.28645608925076E-03 4.29492362340516E-03 0.00430451293307 4.31530721503404E-03 4.32738602797821E-03 4.3408109598004E-03 4.35563502945178E-03 4.37188239802581E-03 4.38957026195631E-03 4.40868257957272E-03 4.42921105944888E-03 4.45110359790493E-03 4.47430135150479E-03 4.49872152964328E-03 4.52428987408387E-03 4.55089859484699E-03 4.57841223404784E-03 4.60669170616809E-03 4.63559564316929E-03
0 0 0 0 0 0 0 0 0 0 0 0 0 0 0 0 0 0 0 0 0 0 0 0 0 0 0 0 0 0 0 0 0 0 0 4.23895019737137E-03 4.23926130169461E-03 4.24105268554989E-03 4.24367765458016E-03 4.24691666330441E-03 4.25077517765469E-03 4.25530219105058E-03 4.26059461880582E-03 4.26672913564502E-03 4.27380623556155E-03 4.28191794185584E-03 4.2911579378116E-03 4.30160355667115E-03 4.31333600963013E-03 4.32643740183906E-03 4.34096630757563E-03 4.35697073378114E-03 4.37446600066726E-03 4.39345884076353E-03 4.41391955595989E-03 4.43582365021999E-03 4.45910030178696E-03 4.48367161941732E-03 4.5094375199934E-03 4.53630482417999E-03 4.56414772214325E-03 4.59281554080282E-03 4.62215817579911E-03 0.004652026546269
0 0 0 0 0 0 0 0 0 0 0 0 0 0 0 0 0 0 0 0 0 0 0 0 0 0 0 0 0 0 0 0 0 0 4.22298441300146E-03 4.23172386482133E-03 4.23234532756891E-03 4.23392416712789E-03 4.23638482293575E-03 4.23964334850569E-03 4.24369804110783E-03 4.24857387478623E-03 4.25433876382951E-03 4.2610588040065E-03 4.26881640625642E-03 4.27769842759907E-03 4.28779080930166E-03 4.2991770207582E-03 4.31193480883559E-03 4.32614714095793E-03 4.34186725216847E-03 4.35913633792474E-03 4.37795837489834E-03 4.39832741482822E-03 4.42019913108179E-03 4.44352460814708E-03 4.46821595565999E-03 4.49417523538628E-03 4.5212861153098E-03 4.54943383480379E-03 4.57847859278292E-03 4.60825487944611E-03 4.63860281202387E-03 4.66936797092463E-03
0 0 0 0 0 0 0 0 0 0 0 0 0 0 0 0 0 0 0 0 0 0 0 0 0 0 0 0 0 0 0 0 0 0 4.22298441300146E-03 4.22339108091932E-03 4.22412353970116E-03 4.22578853479424E-03 4.22839883275584E-03 4.23192103439534E-03 4.23635836165809E-03 4.24172753652181E-03 4.24808283932111E-03 4.25549081182238E-03 4.26402746174243E-03 4.27377761164226E-03 4.28482189290121E-03 4.29724822921065E-03 4.31113179618686E-03 4.32655434724394E-03 4.34356233695823E-03 4.36218715266236E-03 4.38241851549577E-03 4.4042346120372E-03 4.42757232011439E-03 4.45235847988031E-03 4.47848507383582E-03 4.50583471970573E-03 4.53427444790746E-03 4.56367149383888E-03 4.59387227552337E-03 4.62469802611702E-03 4.65598157513719E-03 4.68756716597177E-03
0 0 0 0 0 0 0 0 0 0 0 0 0 0 0 0 0 0 0 0 0 0 0 0 0 0 0 0 0 0 0 0 0 0 4.21380332588656E-03 4.21385417996568E-03 4.21480067476387E-03 4.21676909062387E-03 4.21975454014497E-03 4.22373469380305E-03 4.22871565193963E-03 4.23471370062057E-03 4.24178326408965E-03 4.24999634203893E-03 4.25942580479706E-03 4.2701588472619E-03 4.28226888571661E-03 4.29584960242803E-03 4.31097065357869E-03 4.32771320059922E-03 4.34611358651591E-03 4.3661897891428E-03 4.3879131065848E-03 4.41124202150886E-03 4.43609275676727E-03 4.4623672238451E-03 4.48993695012412E-03 4.51866369990916E-03 4.54840004332443E-03 4.57899765535789E-03 4.61029447068853E-03 4.64209734309903E-03 4.67423593101304E-03 4.70655844823314E-03
0 0 0 0 0 0 0 0 0 0 0 0 0 0 0 0 0 0 0 0 0 0 0 0 0 0 0 0 0 0 0 0 0 0 4.20298724534779E-03 4.20308564308387E-03 4.20443393493265E-03 4.20690445646287E-03 4.21045997851993E-03 4.21507422193233E-03 4.22075364074297E-03 4.22752001404305E-03 4.23543299732826E-03 4.24457958259722E-03 4.25502930841584E-03 4.26687244550219E-03 4.28017504260341E-03 4.29503552127525E-03 4.31151364770639E-03 4.32969296590608E-03 4.34959460172655E-03 4.37121697598077E-03 4.39450894421651E-03 4.41940752518944E-03 4.44580635006749E-03 4.47358259614598E-03 4.50258708839376E-03 4.53266199890968E-03 4.56364661253726E-03 4.59538165036493E-03 4.62770048325893E-03 4.66039511131881E-03 4.69329930973511E-03 4.72627218691994E-03
0 0 0 0 0 0 0 0 0 0 0 0 0 0 0 0 0 0 0 0 0 0 0 0 0 0 0 0 0 0 0 0 0 4.17576071665777E-03 4.18995436181621E-03 4.19095242662154E-03 4.19306196643376E-03 4.19625862531969E-03 4.20056800340371E-03 4.20597526522062E-03 4.21249911040242E-03 4.22017098414029E-03 4.22905712883702E-03 4.23927239963815E-03 4.25087677666051E-03 4.26396927807426E-03 4.27859959483935E-03 4.29487900537155E-03 4.31284074156314E-03 4.33258051725849E-03 4.35409162896044E-03 4.37734869765993E-03 4.40227552061404E-03 4.42878631864226E-03 4.45675237528354E-03 4.48602441975313E-03 4.51643716159473E-03 4.54781322330694E-03 4.57998288386342E-03 4.61277410757059E-03 4.64602804143555E-03 4.6795175160283E-03 4.71309459169638E-03 4.74663467655047E-03
0 0 0 0 0 0 0 0 0 0 0 0 0 0 0 0 0 0 0 0 0 0 0 0 0 0 0 0 0 0 0 0 0 4.17576071665777E-03 4.17642202532303E-03 4.17789400943523E-03 4.18081460315942E-03 4.18492729428213E-03 4.19015155908356E-03 4.19649395437443E-03 4.20399996795807E-03 4.21271962372078E-03 4.22272203433541E-03 4.23414152322241E-03 4.24704205552271E-03 4.26152443405368E-03 4.27762882148392E-03 4.29546626037121E-03 4.31505482832732E-03 4.33647452141354E-03 4.35969271572834E-03 4.38465818386399E-03 4.41127131760106E-03 4.43941928234803E-03 4.46895045012232E-03 4.49969259980535E-03 4.53146597132625E-03 4.56408122529171E-03 4.59736085627407E-03 4.63112294870353E-03 4.66520103514043E-03 4.69938397583848E-03 4.73354750300917E-03 4.76757932980286E-03
0 0 0 0 0 0 0 0 0 0 0 0 0 0 0 0 0 0 0 0 0 0 0 0 0 0 0 0 0 0 0 0 0 4.1617698037646E-03 4.1619837572692E-03 4.16422281411721E-03 4.1680645047164E-03 4.17313995362299E-03 4.1793616318175E-03 4.18673739444197E-03 4.19533671354823E-03 4.20522501055817E-03 4.21649041845713E-03 4.22926244028749E-03 4.24361140672782E-03 0.004259633331694 4.27736491399758E-03 4.29690252982737E-03 4.31826089724213E-03 4.34146798599479E-03 4.36647814931025E-03 4.39320836572822E-03 4.42154123277389E-03 4.45132734686305E-03 4.48239972932883E-03 4.51456304793136E-03 4.5476284450955E-03 4.58139997650145E-03 4.6156955345778E-03 4.65032782956367E-03 4.68512200046269E-03 4.71992210431939E-03 4.75460052259012E-03 4.78905988778955E-03
0 0 0 0 0 0 0 0 0 0 0 0 0 0 0 0 0 0 0 0 0 0 0 0 0 0 0 0 0 0 0 0 4.11720791993637E-03 4.14388523099272E-03 4.14628819233054E-03 4.14997816203505E-03 4.1549485059064E-03 4.16107572004041E-03 4.16836242108098E-03 4.17685840192672E-03 4.18665613714174E-03 4.19783939097216E-03 4.21050325621138E-03 4.22477482580427E-03 4.24072156083349E-03 4.2584328811749E-03 4.27793491907463E-03 4.29930777656103E-03 4.32254688376073E-03 4.34763691113768E-03 4.37450588064175E-03 4.40304194094775E-03 4.43310378217619E-03 4.46451215429681E-03 4.49708239443872E-03 4.53060308001639E-03 4.56487943504699E-03 4.5997136464483E-03 4.63492463092536E-03 4.67032688964623E-03 4.70575826986255E-03 4.7410976353953E-03 4.77622135571636E-03 4.81103956825023E-03
0 0 0 0 0 0 0 0 0 0 0 0 0 0 0 0 0 0 0 0 0 0 0 0 0 0 0 0 0 0 0 4.10692199654952E-03 4.11720791993637E-03 4.12556944050888E-03 4.1306351284426E-03 4.13575203611106E-03 4.14181546746635E-03 4.14898469629418E-03 4.15736995528261E-03 4.16705413853261E-03 4.17814523053663E-03 4.19073602132406E-03 4.20492566047246E-03 4.22083505031321E-03 4.23852294582613E-03 4.25806394223449E-03 4.27946767418419E-03 4.30278996444748E-03 4.32800023608922E-03 4.35504465881568E-03 4.38381908906802E-03 4.41417948338628E-03 4.44596003885361E-03 4.47895631918521E-03 4.5129677918199E-03 4.54777248900846E-03 4.58317296381597E-03 4.61897589133839E-03 4.65500872986475E-03 4.69109702961584E-03 4.72709243981714E-03 4.76289341573709E-03 4.79838785934791E-03 4.83349034341235E-03
0 0 0 0 0 0 0 0 0 0 0 0 0 0 0 0 0 0 0 0 0 0 0 0 0 0 0 0 0 0 0 4.10692199654952E-03 4.10753250501829E-03 4.11133666661729E-03 4.11610553455537E-03 4.12186579767021E-03 4.1288297926166E-03 4.13702823156721E-03 4.14655675513074E-03 4.1575092094907E-03 4.16999476043566E-03 4.18410874992613E-03 4.1999442784936E-03 4.21761939808579E-03 4.23717713660204E-03 4.25867090254529E-03 4.28208602817036E-03 4.30745133341955E-03 4.33470358128668E-03 4.3637513134121E-03 0.004394454709705 4.42663692488663E-03 4.46010713936675E-03 4.49464013959553E-03 4.53002475373571E-03 4.56603032357256E-03 4.60246270344301E-03 4.63913931992573E-03 4.67590211542762E-03 4.71259082745899E-03 4.74907385502898E-03 4.78526227601616E-03 4.82105257947512E-03 4.85636230961716E-03
0 0 0 0 0 0 0 0 0 0 0 0 0 0 0 0 0 0 0 0 0 0 0 0 0 0 0 0 0 0 0 4.09389553273373E-03 4.09410315925945E-03 4.09704174760521E-03 4.10186640358601E-03 4.1082388665264E-03 4.11609240486139E-03 4.12535209742243E-03 4.13609208481272E-03 4.14840328280251E-03 4.16238794750775E-03 4.1781379369466E-03 4.19573453388884E-03 4.21529423403329E-03 4.2368378088239E-03 4.26038962577641E-03 4.28590656392986E-03 4.31338560517009E-03 4.34272952828158E-03 4.37380428722454E-03 4.40643659054948E-03 4.44041503744996E-03 4.47552798860778E-03 4.51153077483282E-03 4.54820942397809E-03 4.5853248106805E-03 4.62269423721745E-03 4.66015100073911E-03 4.69755553101127E-03 4.7347635162219E-03 4.77165732582778E-03 4.80815765039363E-03 4.84416747708748E-03 4.87960377304026E-03
0 0 0 0 0 0 0 0 0 0 0 0 0 0 0 0 0 0 0 0 0 0 0 0 0 0 0 0 0 0 4.05915499747903E-03 4.07697324001926E-03 4.07853481429454E-03 4.08206999435782E-03 4.08752326495992E-03 0.004094721968762 4.10359661822846E-03 4.11404532847712E-03 4.12611325707823E-03 4.1398960907399E-03 4.15549358137535E-03 4.17299731427843E-03 4.19247257268152E-03 4.21402343066411E-03 4.23764862465776E-03 4.26334289075663E-03 4.29103162523338E-03 4.32067458679086E-03 4.35213546805524E-03 4.38523881371192E-03 4.41977620135117E-03 4.45550637646888E-03 4.49219765179127E-03 4.52959148532877E-03 4.56747000968246E-03 4.60559886250899E-03 4.64381139862057E-03 4.68195696264279E-03 4.71991378942013E-03 4.75755625929082E-03 4.79478422264338E-03 4.83152106142893E-03 4.86767068791031E-03 4.90315013451889E-03
0 0 0 0 0 0 0 0 0 0 0 0 0 0 0 0 0 0 0 0 0 0 0 0 0 0 0 0 0 0 4.05915499747903E-03 4.06006292451131E-03 4.06235110331403E-03 4.06677030507614E-03 4.07317357920371E-03 4.08142835275076E-03 4.09147505559893E-03 4.10323871915565E-03 4.11676288796186E-03 4.13214244070689E-03 4.14946902280885E-03 4.16884018596441E-03 4.19030874381285E-03 4.21394940209528E-03 4.23973966569571E-03 4.26764224331375E-03 4.29755247957723E-03 4.32938175863142E-03 4.36296008274587E-03 4.39806654187947E-03 4.43446141510793E-03 4.47187625225491E-03 4.5100643317535E-03 4.54875791111525E-03 4.58773826944071E-03 4.62678897502962E-03 4.66575457623019E-03 4.7045011652765E-03 4.74292552806131E-03 4.78092383844997E-03 4.81840945389703E-03 4.85530194283368E-03 4.89150790792934E-03 4.92694335579476E-03
0 0 0 0 0 0 0 0 0 0 0 0 0 0 0 0 0 0 0 0 0 0 0 0 0 0 0 0 0 4.02057722267953E-03 4.04048451548974E-03 4.04215947521296E-03 4.04571833860896E-03 4.05130130396027E-03 4.0588965532446E-03 4.06841279021762E-03 4.07981398305239E-03 4.09305453543715E-03 4.10818154700132E-03 4.12529316262356E-03 4.1444742435362E-03 4.16582562538378E-03 4.18938583811833E-03 4.21520178600688E-03 4.24322346495498E-03 4.27338152616756E-03 4.30553620109817E-03 4.33955451009352E-03 4.37522636384196E-03 4.4122900123692E-03 4.45047481271948E-03 4.48949175880242E-03 4.52908308053897E-03 4.5689786155522E-03 4.60896563832872E-03 4.64884484426161E-03 4.68847466548017E-03 4.72773656098523E-03 4.76654496940853E-03 4.80481691702069E-03 4.84247793122758E-03 4.8794429833222E-03 4.9156173765081E-03 4.95091698557129E-03
0 0 0 0 0 0 0 0 0 0 0 0 0 0 0 0 0 0 0 0 0 0 0 0 0 0 0 0 0 4.02057722267953E-03 4.02157767217078E-03 4.02416790497385E-03 4.02897631808494E-03 4.0358840352671E-03 4.04485385731231E-03 4.05581243296861E-03 4.06874440642501E-03 4.0836230508913E-03 4.10050406297346E-03 4.11948737055637E-03 4.14064882034445E-03 4.16408957853649E-03 4.18983155779424E-03 4.21789471331076E-03 4.24819973493082E-03 4.28064008442901E-03 4.31504003326193E-03 4.3512223441308E-03 4.38894119368179E-03 4.42789330272598E-03 4.46778143175553E-03 4.50830348428003E-03 4.54919722917975E-03 4.59019699847447E-03 4.63109670045751E-03 4.67171533927003E-03 4.71192349250131E-03 4.75161786110993E-03 0.004790727271347 4.82919032397618E-03 4.86694267874043E-03 4.90389194746565E-03 4.93994057618229E-03 4.97500578250392E-03
0 0 0 0 0 0 0 0 0 0 0 0 0 0 0 0 0 0 0 0 0 0 0 0 0 0 0 0 3.9790089683902E-03 4.00036994171222E-03 4.00216157547317E-03 4.00607417249123E-03 4.01227515882141E-03 4.02066100153641E-03 4.03117876420147E-03 4.0437578905033E-03 4.05839878002065E-03 4.07508639631382E-03 4.09387482742799E-03 4.1148680741489E-03 4.13812951525833E-03 4.16376007669187E-03 4.19176098275249E-03 4.22212881036281E-03 4.25475140764096E-03 4.28948159420536E-03 4.32610571123528E-03 4.36440725298421E-03 4.40410667293151E-03 4.44485904785463E-03 4.48634838787158E-03 4.52826966577267E-03 4.57036182713986E-03 4.61236672479713E-03 4.65408656395733E-03 4.69535827225722E-03 4.73606310011632E-03 4.7761089828091E-03 4.81543571939358E-03 4.85400333647651E-03 4.89175775594022E-03 4.92859378795446E-03 4.96441241864632E-03 4.99913707811408E-03
0 0 0 0 0 0 0 0 0 0 0 0 0 0 0 0 0 0 0 0 0 0 0 0 0 0 0 0 3.9790089683902E-03 3.98002135062641E-03 3.98272511057011E-03 3.98805298057877E-03 3.9958226371641E-03 4.00585188480316E-03 4.01808046995126E-03 4.03244014171359E-03 4.04894815107695E-03 4.06759521897088E-03 4.0884316090773E-03 4.11156631239668E-03 4.13703739094055E-03 4.16495199885245E-03 4.1952791306661E-03 4.22799505632918E-03 4.26295325371983E-03 4.29995969265124E-03 4.33876710850807E-03 4.37911618523853E-03 4.42070864583329E-03 4.46315187369694E-03 4.50612797642774E-03 4.54933829227395E-03 4.5925245962575E-03 4.63544048953961E-03 4.6778904175274E-03 4.71973494564572E-03 4.76085710384285E-03 4.8011758794029E-03 4.84063380208878E-03 4.87921393600139E-03 4.91687409888243E-03 4.95348672910767E-03 4.98896109851852E-03 5.02323280945735E-03
0 0 0 0 0 0 0 0 0 0 0 0 0 0 0 0 0 0 0 0 0 0 0 0 0 0 0 0 3.95834371280565E-03 3.9587669858661E-03 3.96304734611987E-03 3.97020043952384E-03 3.97980130979017E-03 3.9916611590214E-03 4.00575607123978E-03 4.02204368053035E-03 4.04055930609821E-03 4.06130447602569E-03 4.08431922655754E-03 4.10970961082027E-03 4.13749317145871E-03 4.16776960957487E-03 4.20048056065204E-03 4.23556996495826E-03 4.2728561323804E-03 4.31210506483479E-03 4.35303788651728E-03 4.39535172311707E-03 4.43871784458754E-03 4.48273137792763E-03 4.52708000606756E-03 4.5714722632053E-03 4.61565169306629E-03 4.65938435574214E-03 4.7024800447046E-03 4.74481606565316E-03 4.78627485120788E-03 4.82678255286747E-03 4.86628480678184E-03 4.90478105620843E-03 4.94222821284853E-03 4.97849197302529E-03 5.01349923072587E-03 5.04720240596495E-03
0 0 0 0 0 0 0 0 0 0 0 0 0 0 0 0 0 0 0 0 0 0 0 0 0 0 0 3.89118028001455E-03 3.93157532046345E-03 3.93631484810293E-03 3.94354483259949E-03 3.9529743310793E-03 3.96460243196722E-03 3.97841727685362E-03 3.99448258461188E-03 4.01279998197729E-03 4.03342485503422E-03 4.05637185575121E-03 4.08167283324943E-03 4.10941861685913E-03 4.13960317065535E-03 4.17230480212252E-03 4.2074408183096E-03 4.24490436418904E-03 4.28448964038962E-03 4.3259215067792E-03 4.36889974416923E-03 4.41306979578047E-03 4.45808384932451E-03 4.50355835689346E-03 4.54917155036156E-03 4.59464664220219E-03 4.63972187578794E-03 4.68418605275528E-03 4.72783990673603E-03 4.77058269305905E-03 4.81228706135804E-03 4.85288989525807E-03 4.89232976285726E-03 4.93061865071623E-03 4.9677234393444E-03 5.00351053020388E-03 5.03792663901749E-03 5.07094794135926E-03
0 0 0 0 0 0 0 0 0 0 0 0 0 0 0 0 0 0 0 0 0 0 0 0 0 0 3.86621692905775E-03 3.89118028001455E-03 3.90527199091213E-03 3.91511783093615E-03 3.9252545054645E-03 3.93691836617041E-03 3.95057698643507E-03 3.96638764178297E-03 3.98448611330972E-03 4.00490946147212E-03 4.02772584845058E-03 4.0529596993708E-03 4.08063084613383E-03 4.11080975762814E-03 4.14346179769663E-03 4.17863331410166E-03 4.21620510423621E-03 4.25602717274454E-03 4.29786167907688E-03 4.34140293925617E-03 4.38632554124946E-03 4.4322414135152E-03 4.47879428738684E-03 4.52561731092205E-03 4.5723931132544E-03 4.61885011349668E-03 4.66472810535106E-03 4.7098263917243E-03 4.75394932660262E-03 4.79700030619538E-03 4.83884772405524E-03 4.87943268609255E-03 4.91869526959135E-03 4.9566525606039E-03 4.99327021224925E-03 5.02843730698394E-03 5.06213406720009E-03 5.09436397471467E-03
0 0 0 0 0 0 0 0 0 0 0 0 0 0 0 0 0 0 0 0 0 0 0 0 0 3.85427908870133E-03 3.86621692905775E-03 3.87601012141909E-03 3.88656975688708E-03 3.89721411235228E-03 3.90898721562263E-03 3.92247260004515E-03 3.93803105198127E-03 3.95582005650888E-03 3.97598069365386E-03 3.99855982910986E-03 4.02362698067774E-03 4.05120965490694E-03 4.08131533445011E-03 4.11398306163618E-03 4.14914673268364E-03 4.18680416542274E-03 4.22679969548093E-03 4.26893996310758E-03 4.31295768373692E-03 4.35852123334847E-03 4.40528614331257E-03 4.45284553397544E-03 4.50083659627956E-03 4.54891020236169E-03 4.5967532885653E-03 4.64409819889527E-03 4.69068408880991E-03 4.73631667355773E-03 4.78080392422955E-03 4.82404246423804E-03 4.86590631480175E-03 4.90633509124109E-03 4.94527667587933E-03 4.98274408452594E-03 5.01872430579693E-03 5.05313981088908E-03 5.08600080978553E-03 5.11734439850904E-03
0 0 0 0 0 0 0 0 0 0 0 0 0 0 0 0 0 0 0 0 0 0 0 0 0 3.85427908870133E-03 3.85516989493729E-03 3.8612151796309E-03 3.87031212719028E-03 3.88139606779594E-03 3.89446136118395E-03 3.9096133990783E-03 3.92703284781442E-03 3.9468219294503E-03 3.96909397224364E-03 3.99388646274673E-03 4.02125797196254E-03 4.05124083918685E-03 4.08382587397325E-03 4.11901586130203E-03 4.15670851565192E-03 4.19684814920339E-03 4.23923667207663E-03 4.28364022338494E-03 4.3297630988271E-03 4.37725650076499E-03 4.42576197482525E-03 4.47486189272157E-03 4.52419048229351E-03 4.57341695404146E-03 4.6222323295479E-03 4.67036467916478E-03 4.71755064665157E-03 4.76359911239857E-03 4.80832382801761E-03 4.8516117667606E-03 4.89334361572315E-03 4.93346221778361E-03 4.97192947881043E-03 5.00876032917438E-03 5.04395905869355E-03 5.07749292227207E-03 5.10941304952491E-03 5.13978880344683E-03
0 0 0 0 0 0 0 0 0 0 0 0 0 0 0 0 0 0 0 0 0 0 0 0 3.81561391621121E-03 3.83609935996886E-03 3.83884774164785E-03 3.8452255701152E-03 3.8547268279692E-03 3.86681685124277E-03 3.88134346381011E-03 3.89824203426038E-03 3.9175925266047E-03 3.93945924134014E-03 3.96391743267526E-03 0.0039909938637 4.02072368283425E-03 4.05315243789882E-03 4.08825145602074E-03 4.12597603461751E-03 4.16619544449856E-03 4.20878462923878E-03 4.25351599403389E-03 4.30010829078273E-03 4.34824783765213E-03 4.3975736075326E-03 4.44771887398353E-03 4.4982640193316E-03 4.54883173755473E-03 4.59912082367218E-03 4.64881058474394E-03 4.6976214232717E-03 4.74528430353688E-03 4.79161039729982E-03 4.83642392258353E-03 4.87959371136266E-03 4.92102457949312E-03 4.96065809406007E-03 4.9984870580575E-03 5.0345231704789E-03 5.06880834147323E-03 5.10135690292182E-03 5.13225574728073E-03 5.16160574459746E-03
