NongDo/Fusa 11.2h.grd
DSAA
463	323
2	464
2	324
0	10
[rows 140 to 167 of 323, columns 192 to 255 of 463]
5.77995160159771E-03 5.95250485161506E-03 6.11970286115387E-03 6.28097304216172E-03 6.43572972292189E-03 6.5833176329572E-03 6.7231311479044E-03 6.85459189494708E-03 6.97717861821287E-03 7.09039141192002E-03 7.19378509740232E-03 7.28695934003562E-03 7.3696083465175E-03 7.44152153263558E-03 7.5025849889597E-03 7.55278372587081E-03 7.59219798535271E-03 7.62099322431779E-03 7.63939195255368E-03 7.64764883446088E-03 7.64602498795257E-03 7.63476311227431E-03 7.61406590490724E-03 7.58408627561379E-03 7.54494387321984E-03 7.49677494006759E-03 7.4398123023675E-03 7.3744747105875E-03 7.30121041036469E-03 7.22044257077943E-03 7.13261822135068E-03 7.03826158341691E-03 6.93804394675707E-03 6.83269368918823E-03 6.72304899816871E-03 6.60987255629444E-03 6.49412340222139E-03 6.37672748389185E-03 6.25843403020251E-03 6.13949958638496E-03 6.02043646436328E-03 5.90198994061686E-03 5.78526587064775E-03 5.67179963312618E-03 5.56439537883725E-03 5.46812776477117E-03 5.39122623796246E-03 0.005298362357063 0 0 0 0 0 0 0 0 0 0 0 0 0 0 0 0
5.97844865886259E-03 6.14463050558004E-03 6.30481771232726E-03 6.45850561387734E-03 6.60517611131319E-03 6.74423997455666E-03 6.87518809707035E-03 6.99753272352686E-03 7.11083138904595E-03 7.21464901689281E-03 7.30859814936607E-03 7.3923283038841E-03 7.46558015434567E-03 7.52818336735516E-03 7.58005857372059E-03 7.62122314425697E-03 7.65178944818693E-03 7.6719516137784E-03 7.68195314896778E-03 7.68206155431543E-03 7.67254209946896E-03 7.65363412160603E-03 7.62553067343914E-03 7.58836970367087E-03 7.54225842319701E-03 7.4873360577233E-03 7.42387422818156E-03 7.35239611171437E-03 7.27340356068712E-03 7.1872905901259E-03 7.09453379258381E-03 6.99573141811825E-03 6.89165789868271E-03 6.78312414201452E-03 6.67108297295481E-03 6.55636800278363E-03 6.4400478993184E-03 6.32311170805706E-03 6.20629295392129E-03 6.08965666174653E-03 5.97375799381099E-03 5.85974860397495E-03 5.74916946698613E-03 5.64441055980671E-03 0.005550464170206 5.47641930119979E-03 5.39122623796246E-03 0 0 0 0 0 0 0 0 0 0 0 0 0 0 0 0 0
6.16699105837388E-03 6.32631144011531E-03 6.47911305683086E-03 6.62494565374836E-03 6.76334719290369E-03 6.8938098941437E-03 7.01592225136638E-03 7.12927121787624E-03 7.23347168141191E-03 7.32813457348828E-03 0.007412913527505 7.48750131696266E-03 7.55167761451862E-03 7.60530462877343E-03 7.64833392690369E-03 7.68081598108817E-03 7.70289625222155E-03 7.71479623859687E-03 7.71677928746448E-03 7.70912313494279E-03 7.69209392445106E-03 7.66592566405288E-03 7.63080050699635E-03 7.58684221897294E-03 7.53414996283645E-03 7.47287085039403E-03 7.40331895966502E-03 7.32612019382055E-03 7.2418202160026E-03 7.15077155601458E-03 7.05350813061316E-03 6.95072726441898E-03 6.84332057261334E-03 6.73218137851254E-03 6.61837298602456E-03 6.50281131972479E-03 6.3866754496341E-03 6.27099052277865E-03 6.15645597543653E-03 6.04299813450348E-03 5.93136119471654E-03 5.82340160797135E-03 5.72158143182358E-03 5.63014674873555E-03 5.55754356117377E-03 5.47641930119979E-03 0 0 0 0 0 0 0 0 0 0 0 0 0 0 0 0 0 0
6.34560520112995E-03 6.49770987588635E-03 6.64287105900691E-03 6.78068066203704E-03 6.9107369879692E-03 7.03263312887753E-03 7.14602232929558E-03 7.25054892869555E-03 7.34586465224361E-03 7.43161665805425E-03 7.50749055606253E-03 7.57322130853683E-03 7.62861813120495E-03 7.67357337027816E-03 7.70807099921883E-03 7.73219777631047E-03 0.007746133004512 7.75012494576892E-03 7.74445562609566E-03 7.72940902579941E-03 7.70524762431152E-03 7.67219754343152E-03 7.63042877684371E-03 7.58005272138856E-03 7.5211671398324E-03 7.45393362810315E-03 7.37871071106406E-03 7.29620077269798E-03 7.20699706488266E-03 7.1114157289179E-03 7.01007969258708E-03 6.90381475369405E-03 6.79363055747447E-03 6.68049006466939E-03 6.56555687168215E-03 6.44990701480762E-03 6.33476785347638E-03 0.006221159954783 6.10972803771114E-03 6.00055127429841E-03 5.89476122174184E-03 5.79534093056158E-03 5.70674450834466E-03 5.6364997697008E-03 5.55754356117377E-03 0 0 0 0 0 0 0 0 0 0 0 0 0 0 0 0 0 0 0
6.51452122661514E-03 6.65916578020388E-03 6.79651841784966E-03 6.92622427400689E-03 7.04795419749949E-03 7.16138183433622E-03 7.26619317801858E-03 7.36207653061037E-03 7.44870994988069E-03 7.52577542257519E-03 7.59298869856615E-03 7.65012011421059E-03 7.69700386078956E-03 7.73356615593583E-03 0.007759828011376 7.77591462316011E-03 7.78203902844008E-03 7.7784755057911E-03 7.76552121001732E-03 7.7434601953324E-03 7.71254587808886E-03 7.67299299849654E-03 7.6249593224226E-03 7.56854783056932E-03 7.50386303454395E-03 7.43108791546958E-03 7.35062013080735E-03 7.2632008889133E-03 7.16947228203218E-03 7.06976088898481E-03 6.9648168101938E-03 6.85559321147844E-03 6.74320847214211E-03 6.62870953693831E-03 6.51338138594807E-03 6.39848793181507E-03 6.28525621524085E-03 6.17471313673518E-03 6.06754373358706E-03 5.9643097538563E-03 5.86693061850984E-03 5.78034096266068E-03 5.71225681944819E-03 5.6364997697008E-03 0 0 0 0 0 0 0 0 0 0 0 0 0 0 0 0 0 0 0 0
6.67411491429622E-03 6.81114661679891E-03 6.94061240393485E-03 7.06221252371276E-03 7.17567299656602E-03 7.28072354625664E-03 7.37708715603092E-03 7.46448189425542E-03 7.54261099529208E-03 7.6111869410463E-03 7.66995410163028E-03 7.71871249054512E-03 7.75732908987364E-03 7.78576668873895E-03 7.80408634041087E-03 7.81245248987417E-03 7.81111117502348E-03 7.80035775825839E-03 7.78049672619037E-03 7.75180532269667E-03 7.7145240296825E-03 7.66885238171142E-03 7.61493875569214E-03 7.55288447512619E-03 7.48280839340464E-03 7.40492525923768E-03 7.31966981898849E-03 7.22777351533923E-03 7.12992451708764E-03 7.02656446661848E-03 6.91856046941667E-03 6.80697273549515E-03 6.69302104548915E-03 6.57788539430039E-03 6.46298419834737E-03 6.34974342653193E-03 6.23945349568854E-03 6.13318937227219E-03 6.03191053396666E-03 5.93704640374685E-03 5.85232872279088E-03 5.78559810741278E-03 5.71225681944819E-03 0 0 0 0 0 0 0 0 0 0 0 0 0 0 0 0 0 0 0 0 0
6.82459897331363E-03 6.9539273149535E-03 7.07548229899903E-03 7.18901130626249E-03 7.29427856770762E-03 7.39105807209536E-03 7.47910830851097E-03 7.55817160543113E-03 7.62797548119957E-03 7.68825888463894E-03 7.73879328546115E-03 7.77941013890939E-03 7.81001548740643E-03 7.83061157422857E-03 7.84130089561511E-03 7.84228634439367E-03 7.83384406670638E-03 7.81628323783697E-03 7.78990669287117E-03 7.75497737270781E-03 7.71172026518558E-03 7.66032182006745E-03 7.6009265565585E-03 7.53363689889357E-03 7.45859268120339E-03 7.3760453786323E-03 7.28646483755348E-03 7.19056177335727E-03 7.08909262665155E-03 6.98264815163867E-03 6.8721972353127E-03 6.75891616784704E-03 6.64413520688256E-03 6.52918052460663E-03 6.41561830605613E-03 6.3051035930474E-03 6.19905995712396E-03 6.09872309798592E-03 6.00574220982782E-03 5.92312718685854E-03 5.8577614987486E-03 5.78559810741278E-03 0 0 0 0 0 0 0 0 0 0 0 0 0 0 0 0 0 0 0 0 0 0
6.96609240233614E-03 7.08766707320039E-03 7.2013149882344E-03 7.30682317695076E-03 7.40398975829824E-03 7.49262572355386E-03 7.57251618914782E-03 7.6434230186891E-03 7.70509578340159E-03 7.75730003067777E-03 7.79983732086792E-03 7.83257322178907E-03 7.85545417600018E-03 7.86852371372727E-03 7.87192482768569E-03 7.86589715892141E-03 7.85074213254327E-03 7.82677407314344E-03 7.79428589319502E-03 7.75352024345675E-03 7.70468582128866E-03 7.64796475953297E-03 7.5835039605809E-03 7.51140693256119E-03 7.43184488196105E-03 7.34510938118132E-03 7.2517038222665E-03 7.15233041204868E-03 7.04780995762986E-03 6.93886844282419E-03 6.82661292142257E-03 6.71235675656932E-03 6.59754279452989E-03 6.48361962682517E-03 6.37241436329316E-03 6.26603503990769E-03 6.16608009575234E-03 6.07402749007847E-03 5.9930997374025E-03 5.92893036043817E-03 5.8577614987486E-03 0 0 0 0 0 0 0 0 0 0 0 0 0 0 0 0 0 0 0 0 0 0 0
7.09868471558978E-03 7.21249462201581E-03 7.31827141319953E-03 7.41583758293013E-03 7.50502227155832E-03 7.58566535806374E-03 7.6575705255806E-03 7.72051643132032E-03 7.77427466648273E-03 7.81863820765375E-03 7.85344151554107E-03 7.87858668940294E-03 7.89406175812842E-03 7.89995084371336E-03 7.89643430978355E-03 7.88378560843792E-03 7.86232498285122E-03 7.83236228225638E-03 7.7941740878084E-03 7.74798046532523E-03 7.69397663448781E-03 7.63234633877821E-03 7.56324622645336E-03 7.48678794523528E-03 0.007403184709595 7.31277049724265E-03 7.21608082919686E-03 7.11381038846434E-03 7.00684770015703E-03 6.8960534535221E-03 6.78268604969836E-03 0.006668202828028 6.55415724186286E-03 6.44218540803002E-03 6.33464213198328E-03 6.23450659441603E-03 6.14367506298261E-03 6.0632303362361E-03 5.99993765200898E-03 5.92893036043817E-03 0 0 0 0 0 0 0 0 0 0 0 0 0 0 0 0 0 0 0 0 0 0 0 0
7.2224727237353E-03 7.32854513422389E-03 7.42652161740821E-03 7.51625624787757E-03 7.59760421633435E-03 7.67042731557867E-03 7.73454436682083E-03 7.78974935224529E-03 7.83583594943697E-03 7.8726259177496E-03 7.89998829697257E-03 7.91786361173604E-03 7.92628169935706E-03 7.92536506032939E-03 7.91532690449508E-03 7.89646855511442E-03 7.86912069006667E-03 7.83358081346464E-03 7.79010577027719E-03 7.73889533448536E-03 7.6801373609996E-03 7.61402093573915E-03 7.54072265124023E-03 7.46037684993573E-03 7.37324417978888E-03 7.27970316165916E-03 7.18031463688347E-03 7.07575776598772E-03 6.96699402529979E-03 6.85504825388677E-03 6.74132619797427E-03 6.62739667788292E-03 6.51490975942932E-03 6.40584970448661E-03 6.30360631699092E-03 6.21299549338647E-03 6.13724561639661E-03 6.07241373758173E-03 5.99993765200898E-03 0 0 0 0 0 0 0 0 0 0 0 0 0 0 0 0 0 0 0 0 0 0 0 0 0
7.33757465351165E-03 7.43597906295351E-03 7.52626468447414E-03 7.60831316345561E-03 7.68200088776997E-03 7.74720475756708E-03 7.80375645569757E-03 7.85146621804285E-03 7.89015122195225E-03 7.91966212821332E-03 7.93990358629003E-03 7.95085644834682E-03 7.95259101240132E-03 7.94526377674944E-03 7.92911488009224E-03 7.90446665342196E-03 7.87165236108248E-03 7.83095102064651E-03 7.7825993301978E-03 0.007726782683646 7.6636909397118E-03 7.59352391579611E-03 7.51648959113352E-03 7.43276104580135E-03 7.34265086961719E-03 7.2465744953181E-03 7.14510596263888E-03 7.03890697685688E-03 6.92903519920357E-03 6.81671677694268E-03 6.70349955246995E-03 6.59100785676388E-03 6.48087805122831E-03 6.37552406125461E-03 6.28023538437554E-03 6.20407732167692E-03 6.15871232267013E-03 6.07241373758173E-03 0 0 0 0 0 0 0 0 0 0 0 0 0 0 0 0 0 0 0 0 0 0 0 0 0 0
7.44414450748531E-03 7.53499342222629E-03 7.61773604327331E-03 7.69227765831989E-03 7.75851166704252E-03 7.81632457626366E-03 7.86556058696554E-03 7.90604778335289E-03 7.93762724603806E-03 7.9601793602195E-03 7.97364542782506E-03 7.97804628602246E-03 7.97348818477598E-03 7.96015672638776E-03 7.93831336957596E-03 7.90829419803118E-03 7.8704289459254E-03 7.82497460425494E-03 7.77214957219382E-03 7.7121359916606E-03 7.64513933590104E-03 7.57137762265994E-03 7.49109970713171E-03 7.40453619478567E-03 7.31204873307831E-03 7.21407729805014E-03 7.11119090217923E-03 7.00403671873334E-03 6.89379296270577E-03 6.78196515849571E-03 6.67031123619225E-03 6.56043825172215E-03 6.45357521750755E-03 6.35200657385706E-03 6.26395991060593E-03 6.20466887283411E-03 6.19915650136678E-03 0 0 0 0 0 0 0 0 0 0 0 0 0 0 0 0 0 0 0 0 0 0 0 0 0 0 0
7.54239090097456E-03 7.62584097831586E-03 7.70122835247631E-03 7.76847663841803E-03 7.82749210572955E-03 7.87816952887079E-03 7.92036619821744E-03 7.95392776709944E-03 7.97871978199614E-03 7.9946537564234E-03 8.00170764154704E-03 7.99993927939463E-03 7.98948603064159E-03 7.9705568914573E-03 7.9434285197514E-03 7.90844713025609E-03 7.86593520887656E-03 7.81612249539397E-03 7.75921621312957E-03 7.6954107923673E-03 7.62494471262217E-03 7.54806846513699E-03 7.46508235903057E-03 7.37627481198698E-03 7.28205369610337E-03 7.18287857022404E-03 7.0792932648404E-03 6.97189790846461E-03 6.86204513452201E-03 6.75171664773395E-03 6.64310608167746E-03 6.53793371355641E-03 6.43622225309161E-03 6.33684626149484E-03 6.25315624407189E-03 6.20043977415973E-03 6.19915650136678E-03 0 0 0 0 0 0 0 0 0 0 0 0 0 0 0 0 0 0 0 0 0 0 0 0 0 0 0
7.63257644294755E-03 7.70882484049568E-03 7.77707873617192E-03 7.83727731252401E-03 7.88933781476141E-03 7.93316209847742E-03 7.96861882346046E-03 7.99557232552673E-03 8.01391391808923E-03 8.02358587842099E-03 8.02459982132202E-03 0.008017048058751 8.00109546278055E-03 7.97696758093884E-03 7.94494895645865E-03 7.9053961651964E-03 7.85862285852737E-03 7.80482623186334E-03 7.74421970380277E-03 7.67703042698073E-03 7.60354681209879E-03 7.52406753368761E-03 7.43894828664974E-03 7.34852253557108E-03 7.25324962913229E-03 7.15360848226643E-03 7.05008885741384E-03 6.94315711716514E-03 6.83443066521791E-03 6.72675573110127E-03 6.62335208910744E-03 6.5271497924471E-03 6.43702869379555E-03 6.33340089575932E-03 6.25315624407189E-03 6.20043977415973E-03 0 0 0 0 0 0 0 0 0 0 0 0 0 0 0 0 0 0 0 0 0 0 0 0 0 0 0 0
7.71503154130348E-03 7.78430815400539E-03 7.84567852276397E-03 7.89909571057549E-03 7.94448646580034E-03 7.98175754321218E-03 8.01078976617475E-03 8.03146786920224E-03 8.04370860519265E-03 8.04748219250418E-03 8.04283009645107E-03 8.0298761456949E-03 8.00880928404284E-03 7.97986623468688E-03 7.94333415523834E-03 7.89957327179986E-03 7.84888991530734E-03 7.79145919311825E-03 7.72752442875985E-03 7.65736760501102E-03 7.58134155104971E-03 7.49979544494529E-03 7.41314096229691E-03 0.007321756711732 7.22614948713575E-03 7.12680343437916E-03 7.02411106819224E-03 6.91832382137024E-03 6.81140731219278E-03 6.70757238472832E-03 6.61210865564486E-03 6.53292684969598E-03 6.48204929284669E-03 6.33340089575932E-03 0 0 0 0 0 0 0 0 0 0 0 0 0 0 0 0 0 0 0 0 0 0 0 0 0 0 0 0 0 0
7.79013112272983E-03 7.85269127105001E-03 7.90744992956747E-03 7.9543723854096E-03 7.99339385729123E-03 8.02442446421571E-03 8.04736080690339E-03 8.06210774227282E-03 8.06860386647972E-03 8.06684331904175E-03 8.05689330341108E-03 8.03890479462862E-03 8.01308770221559E-03 7.97968689847623E-03 7.93899210799897E-03 7.89135408281673E-03 7.83708036517721E-03 7.77634865578974E-03 7.70945412710052E-03 7.6367563955176E-03 7.55868253140219E-03 7.47562655055828E-03 7.38805514118699E-03 7.29640862310283E-03 7.2012143135258E-03 7.10294510826573E-03 7.00185224458482E-03 6.89792208646598E-03 6.79341870733497E-03 6.69421655221549E-03 6.60773206049979E-03 6.54756144803863E-03 6.54137822080917E-03 0 0 0 0 0 0 0 0 0 0 0 0 0 0 0 0 0 0 0 0 0 0 0 0 0 0 0 0 0 0 0
7.85828181438024E-03 7.9144014155298E-03 7.96283903435466E-03 8.00356799095092E-03 8.03653033063651E-03 8.06164439550768E-03 8.07882393469602E-03 8.08798973601677E-03 8.08909674296076E-03 8.08215879839003E-03 8.06726390432488E-03 8.04458522202268E-03 8.01435159965711E-03 7.97681678546517E-03 7.93227495098493E-03 7.88106003946087E-03 7.8234914627228E-03 7.7597821011245E-03 7.69030167345374E-03 7.61549764993339E-03 7.53587611831599E-03 7.45188295456938E-03 7.36404158562913E-03 7.27285091266188E-03 7.17883897350617E-03 7.08244843038285E-03 6.98378567212636E-03 6.8826352331987E-03 6.78152250028864E-03 6.68772407974397E-03 6.60864105694142E-03 6.55269862908218E-03 6.54137822080917E-03 0 0 0 0 0 0 0 0 0 0 0 0 0 0 0 0 0 0 0 0 0 0 0 0 0 0 0 0 0 0 0
7.91990755557113E-03 7.96987703228289E-03 8.01229482358616E-03 8.0471409403281E-03 8.07436656013593E-03 8.09390018233155E-03 8.10566681859551E-03 8.1095994284384E-03 8.10566458051244E-03 8.09389075399665E-03 8.07438150246552E-03 8.04732802551675E-03 8.01297775359038E-03 7.97159935970617E-03 7.92349686623235E-03 7.86898558158571E-03 7.8084056251083E-03 7.7420483110553E-03 7.67036952951021E-03 7.59390967784622E-03 7.51325518527556E-03 7.42892255073227E-03 7.3414842099352E-03 7.2514896487752E-03 7.15948605018952E-03 7.06587247342182E-03 6.97065289692274E-03 6.87374213048379E-03 6.77831991284603E-03 6.69293948087866E-03 6.62579634476414E-03 6.55269862908218E-03 0 0 0 0 0 0 0 0 0 0 0 0 0 0 0 0 0 0 0 0 0 0 0 0 0 0 0 0 0 0 0 0
7.97548143980449E-03 8.01959858805472E-03 8.05630124504562E-03 8.08557810103836E-03 8.10739030221136E-03 8.12167413003509E-03 8.12836194917577E-03 8.12739496628576E-03 8.11874651205307E-03 8.10245513650846E-03 8.07863543221882E-03 8.04749279294322E-03 8.00929422429371E-03 7.9643284229605E-03 7.91291993820203E-03 7.85537554200364E-03 7.79207299767095E-03 0.007723401481665 7.64991492439983E-03 7.5722616077513E-03 7.49111355800611E-03 7.40705301796237E-03 7.32070063745284E-03 7.23269326104756E-03 7.14366285784974E-03 7.05406718363632E-03 6.9639032814116E-03 6.87339535886049E-03 6.78736073444064E-03 6.71605549441409E-03 6.62579634476414E-03 0 0 0 0 0 0 0 0 0 0 0 0 0 0 0 0 0 0 0 0 0 0 0 0 0 0 0 0 0 0 0 0 0
8.02548599964987E-03 8.0640501217567E-03 8.09534280095627E-03 8.11936190871353E-03 8.13607533621132E-03 8.14542554480858E-03 8.14735149734601E-03 8.14179857544181E-03 8.12874152843008E-03 8.10822550417754E-03 8.08037220500367E-03 8.04539787523878E-03 8.00359193218964E-03 7.95526848058607E-03 7.90078569283616E-03 7.84045778016526E-03 7.77471578705505E-03 7.70405367421807E-03 7.62914183410781E-03 7.55075547763537E-03 7.46965796596749E-03 7.3864770708823E-03 7.30190269489189E-03 7.21675553623972E-03 7.13190583476737E-03 7.04823196218377E-03 6.96599358537792E-03 6.88479747386478E-03 6.8132509719554E-03 6.71605549441409E-03 0 0 0 0 0 0 0 0 0 0 0 0 0 0 0 0 0 0 0 0 0 0 0 0 0 0 0 0 0 0 0 0 0 0
8.07039564896612E-03 8.10369960027454E-03 8.12987969170147E-03 8.14894059023742E-03 8.16085448957959E-03 8.16557073300145E-03 8.16303351704384E-03 8.15318777065734E-03 8.13600468214312E-03 8.11153193105308E-03 8.07989513170882E-03 8.04131884515945E-03 7.99611861889332E-03 7.94464199602372E-03 7.88729441303889E-03 7.82441487637661E-03 7.75650504609969E-03 7.68417156659086E-03 7.60821052080228E-03 7.52953452280635E-03 7.44900777644044E-03 7.36731662990834E-03 7.28526150389064E-03 7.20395727438691E-03 7.12482617712676E-03 7.05009638783678E-03 6.98157169635023E-03 6.91227069277472E-03 6.8132509719554E-03 0 0 0 0 0 0 0 0 0 0 0 0 0 0 0 0 0 0 0 0 0 0 0 0 0 0 0 0 0 0 0 0 0 0 0
8.11066120186057E-03 8.13898615967173E-03 8.16033606681799E-03 8.17472116119162E-03 8.18211856868318E-03 8.18248353447495E-03 8.17576178641691E-03 8.16189386972663E-03 8.14084413349251E-03 8.11265779336262E-03 8.07746270495585E-03 8.03549114653089E-03 7.98708930919795E-03 7.93264841086729E-03 7.87263139343731E-03 7.80742069263695E-03 7.73760205473448E-03 7.6639059949097E-03 7.58725935390601E-03 7.50871479872662E-03 7.42925368998198E-03 7.34966780950889E-03 7.27092647008263E-03 7.19452792163122E-03 7.12284624408217E-03 7.06144525830626E-03 7.0223427484154E-03 6.91227069277472E-03 0 0 0 0 0 0 0 0 0 0 0 0 0 0 0 0 0 0 0 0 0 0 0 0 0 0 0 0 0 0 0 0 0 0 0 0
8.14671273120467E-03 8.17032388613726E-03 8.18710832943447E-03 8.19708143355168E-03 8.20022527019952E-03 8.19649952515072E-03 8.18584826145316E-03 8.16820420622743E-03 8.14352264005452E-03 8.11184161983015E-03 8.07329075973676E-03 8.02811309554255E-03 7.97668977373383E-03 7.91946202073102E-03 7.85695942813117E-03 7.7896271758904E-03 7.71814996508271E-03 7.64338805134406E-03 7.56640322270739E-03 7.48838997643218E-03 7.41046854607989E-03 7.33360888997534E-03 7.25904394101335E-03 7.18869539706635E-03 7.1255438301513E-03 7.07765454605604E-03 7.07262087623323E-03 0 0 0 0 0 0 0 0 0 0 0 0 0 0 0 0 0 0 0 0 0 0 0 0 0 0 0 0 0 0 0 0 0 0 0 0 0
8.17894518417418E-03 8.19808940415306E-03 8.21055426202245E-03 8.21635981585185E-03 8.2154923689178E-03 8.20791373412338E-03 8.19356326392346E-03 8.17236378025187E-03 8.14426162184739E-03 8.10928409863414E-03 8.06756391907566E-03 8.01936026346245E-03 7.96508988284005E-03 7.90525029328464E-03 7.84044263442688E-03 7.77119507096366E-03 7.69829935405202E-03 7.62275117512681E-03 7.54576075053455E-03 7.46866751716314E-03 7.39275742965224E-03 7.31928703875635E-03 7.24997070597632E-03 7.18742875921679E-03 7.13399855683734E-03 7.08589067059884E-03 7.07262087623323E-03 0 0 0 0 0 0 0 0 0 0 0 0 0 0 0 0 0 0 0 0 0 0 0 0 0 0 0 0 0 0 0 0 0 0 0 0 0
8.20771122927878E-03 8.22261471577582E-03 8.23098495540891E-03 8.23284682200479E-03 8.22818984642029E-03 8.21697494471644E-03 8.19913423589492E-03 8.17457815928011E-03 8.14324489516114E-03 8.10515407675471E-03 8.0604443780352E-03 8.00938877260092E-03 7.95244284476461E-03 7.89016713578444E-03 7.82324122006237E-03 7.75227960609725E-03 7.67818997064637E-03 7.60211944716461E-03 7.52544235868405E-03 7.44966590870832E-03 7.37628148574294E-03 7.30693697492384E-03 7.24428318682877E-03 7.19336107846633E-03 7.16200758380117E-03 7.08589067059884E-03 0 0 0 0 0 0 0 0 0 0 0 0 0 0 0 0 0 0 0 0 0 0 0 0 0 0 0 0 0 0 0 0 0 0 0 0 0 0
8.23331776439233E-03 8.24418660635582E-03 8.24866860134032E-03 8.24679243042727E-03 8.23854869154372E-03 8.22389546621255E-03 8.20275650821014E-03 8.17502748689833E-03 8.14063893343744E-03 8.09960962252037E-03 8.05208597276091E-03 7.99834724660791E-03 7.93889509831409E-03 7.87435893467111E-03 7.80550411058923E-03 7.73302274474622E-03 7.65795233741812E-03 7.58161595275763E-03 7.50556169422483E-03 7.43150236402741E-03 7.36118923313664E-03 7.29670468452814E-03 7.24190921921669E-03 7.20514211966176E-03 7.20088432860118E-03 0 0 0 0 0 0 0 0 0 0 0 0 0 0 0 0 0 0 0 0 0 0 0 0 0 0 0 0 0 0 0 0 0 0 0 0 0 0 0
8.25601959036112E-03 8.26304140850047E-03 8.2638242777007E-03 8.2583998171696E-03 8.24675772914398E-03 8.22885053217209E-03 8.20459290113324E-03 8.17386646017775E-03 8.13659520170824E-03 8.09279724455133E-03 8.04262779809457E-03 7.9863752379135E-03 7.92459050524988E-03 7.85797301368134E-03 7.7873743267988E-03 7.71357036312831E-03 7.63773949670993E-03 7.56139800059594E-03 7.48627732689916E-03 7.41432354122658E-03 7.34761865202821E-03 7.28881720984746E-03 7.24281910041286E-03 7.21776310617502E-03 7.20088432860118E-03 0 0 0 0 0 0 0 0 0 0 0 0 0 0 0 0 0 0 0 0 0 0 0 0 0 0 0 0 0 0 0 0 0 0 0 0 0 0 0
8.27602998362863E-03 8.27937646058806E-03 8.27663529550423E-03 8.26783953561294E-03 8.2529760522112E-03 8.23198926260965E-03 8.20478430477757E-03 8.17123234223785E-03 8.13125160425606E-03 8.08485646456483E-03 8.03221175381381E-03 7.97362559821103E-03 7.90969358530007E-03 7.84118673655698E-03 7.76903765340143E-03 7.69412800249575E-03 7.61777674550234E-03 7.54171184920547E-03 7.46786583401719E-03 7.39844169632552E-03 7.3359695428411E-03 7.28407994514259E-03 7.24987115228432E-03 7.24618744912047E-03 0 0 0 0 0 0 0 0 0 0 0 0 0 0 0 0 0 0 0 0 0 0 0 0 0 0 0 0 0 0 0 0 0 0 0 0 0 0 0 0
