NongDo/Fusa 11.2h.grd
DSAA
463	323
2	464
2	324
0	10
[rows 252 to 279 of 323, columns 0 to 63 of 463]
0 0 0 0 0 0 0 0 0 0 0 0 0 0 0 0 0 0 0 0 0 0 0 0 0 0 0 0 0 0 0 0 0 0 0 0 0 0 3.78760202560837E-03 3.79397139060927E-03 3.79859228471657E-03 3.8042092712646E-03 3.8113460776082E-03 3.81992820099979E-03 3.82987146547296E-03 3.84106381196774E-03 3.85348420960387E-03 3.86708918624825E-03 3.88191052359448E-03 3.89797698348926E-03 3.91534455658911E-03 3.93407443134926E-03 3.95420651989286E-03 3.97578349993973E-03 3.99881503512396E-03 4.02332775106232E-03 4.04929659021795E-03 4.07670185489554E-03 4.1054879361897E-03 4.1356216108997E-03 4.16701333894868E-03 4.19953284530883E-03 4.23303195791224E-03 4.26734948598966E-03
0 0 0 0 0 0 0 0 0 0 0 0 0 0 0 0 0 0 0 0 0 0 0 0 0 0 0 0 0 0 0 0 0 0 0 0 0 3.78168948102762E-03 3.78760202560837E-03 3.79202662086137E-03 3.79780955553286E-03 3.80480904265708E-03 3.8130901124296E-03 3.82258767918553E-03 3.83329137991716E-03 3.84516459503745E-03 3.85823362534979E-03 3.87250032600007E-03 3.88802229651751E-03 3.90485684283268E-03 3.92307107216091E-03 3.94273262565888E-03 3.96388163674706E-03 3.98655756290699E-03 4.01076267199534E-03 4.03650998634588E-03 4.06376165150205E-03 4.09247934213853E-03 4.12258724943035E-03 4.15402577507583E-03 4.1866849843017E-03 4.22041351104759E-03 4.25504371916355E-03 4.29039723473696E-03
0 0 0 0 0 0 0 0 0 0 0 0 0 0 0 0 0 0 0 0 0 0 0 0 0 0 0 0 0 0 0 0 0 0 0 0 3.77679821161508E-03 3.78168948102762E-03 3.7857546514013E-03 3.79118713079065E-03 3.79793724892505E-03 3.80588791989457E-03 3.81502000750283E-03 3.8252687211892E-03 3.83665684169393E-03 3.84919317254359E-03 3.86293474858111E-03 3.8779134070516E-03 3.89420622435092E-03 3.91189047851342E-03 3.93104197888709E-03 0.003951730843044 3.97399427147283E-03 0.003997864438816 4.02333207440486E-03 4.05039704728269E-03 4.07900407395462E-03 4.10909220892554E-03 4.14056214294296E-03 4.17332925332489E-03 4.20725929649766E-03 4.2421798230555E-03 4.27790476696583E-03 4.31424034645214E-03
0 0 0 0 0 0 0 0 0 0 0 0 0 0 0 0 0 0 0 0 0 0 0 0 0 0 0 0 0 0 0 0 0 0 0 3.77561174328076E-03 3.77679821161508E-03 3.78008044955115E-03 3.7848547707723E-03 3.79104763569839E-03 3.79854960098785E-03 3.80722713390342E-03 3.81704897246833E-03 3.82795672958959E-03 3.83999536189724E-03 3.85320577381668E-03 3.86766212717849E-03 3.88341825643148E-03 3.9005611928789E-03 3.91918693487231E-03 3.93937269340668E-03 3.96118895304159E-03 3.98466563161157E-03 4.00982544186575E-03 4.03664183119759E-03 4.0651013690328E-03 4.09512650610611E-03 4.12662871072648E-03 4.15948428536249E-03 4.19358299357956E-03 4.22876884439192E-03 4.26484596811369E-03 4.30161166847705E-03 4.33885870752272E-03
0 0 0 0 0 0 0 0 0 0 0 0 0 0 0 0 0 0 0 0 0 0 0 0 0 0 0 0 0 0 0 0 0 0 0 3.77561174328076E-03 3.77590512722014E-03 3.77916175325713E-03 3.78442840159594E-03 3.79122738927281E-03 3.7993477397649E-03 3.80863943777051E-03 0.003819072286881 0.003830609481288 3.84331066647062E-03 3.85723594053543E-03 3.87246928315115E-03 3.88908196406743E-03 3.90716973591797E-03 3.92683790805416E-03 3.94816286151248E-03 3.97121061616585E-03 3.99600114013765E-03 4.02254392467356E-03 4.05079536489514E-03 4.08071908972006E-03 4.11221017462639E-03 4.14515358290438E-03 4.17940238583563E-03 4.21482039972051E-03 4.25122669553173E-03 4.28840548759414E-03 4.32613985885436E-03 4.36421300154794E-03
0 0 0 0 0 0 0 0 0 0 0 0 0 0 0 0 0 0 0 0 0 0 0 0 0 0 0 0 0 0 0 0 0 0 3.76959387803935E-03 3.77236806131728E-03 3.77416930544954E-03 3.77817001549108E-03 3.78403639333986E-03 3.7914088490863E-03 3.80009567215444E-03 3.80996347088374E-03 3.82099076207009E-03 3.83318073488977E-03 3.8465929601079E-03 3.86130404422323E-03 3.87739906583038E-03 3.89497033731913E-03 3.91411285329336E-03 3.9349377861616E-03 3.95751685511811E-03 3.98190839250237E-03 4.00811772726477E-03 4.03613721589166E-03 4.06590330798265E-03 4.09734479996816E-03 4.13033339568951E-03 4.16472610911784E-03 4.20035415808219E-03 4.23705218765526E-03 4.27462165081633E-03 4.31282782549878E-03 4.35144166320656E-03 4.39024060557478E-03
0 0 0 0 0 0 0 0 0 0 0 0 0 0 0 0 0 0 0 0 0 0 0 0 0 0 0 0 0 0 0 0 0 0 3.76959387803935E-03 3.76984290135544E-03 3.77232795535314E-03 3.77698000188655E-03 3.78343744971467E-03 3.79137406416392E-03 3.80062530703486E-03 3.81108329872413E-03 3.82274557681554E-03 3.83564509310864E-03 3.84984710579736E-03 3.86543802150928E-03 3.88250392285054E-03 3.90114983850095E-03 3.9214703579506E-03 3.94357681223023E-03 3.96753304847701E-03 3.99338461461487E-03 4.02111739991534E-03 4.05070120874583E-03 4.08204586819932E-03 4.11504618203937E-03 4.14954631202894E-03 4.18537686106387E-03 4.22234700210483E-03 4.26026806049782E-03 4.29892446943477E-03 4.3380657093655E-03 4.37745463438739E-03 4.41686891312827E-03
0 0 0 0 0 0 0 0 0 0 0 0 0 0 0 0 0 0 0 0 0 0 0 0 0 0 0 0 0 0 0 0 0 0 3.7669728946894E-03 3.76714342798756E-03 3.77013829710218E-03 3.77539727302172E-03 3.78244719939921E-03 3.79096902085446E-03 3.80082170601868E-03 3.81192614191166E-03 3.82429775801645E-03 3.8379968920911E-03 3.85309273612139E-03 3.86968353391188E-03 3.88784812798663E-03 3.90770343294185E-03 3.92933689629378E-03 3.95285963686611E-03 3.97832254808803E-03 4.00575200224851E-03 4.0351074522774E-03 4.06633021769909E-03 4.09930143651263E-03 4.13388121267487E-03 4.16988627515449E-03 4.20711930370207E-03 4.24537102361082E-03 4.28443325037753E-03 4.32408167154277E-03 4.36404897797456E-03 4.40409583928202E-03 0.004444007808056
0 0 0 0 0 0 0 0 0 0 0 0 0 0 0 0 0 0 0 0 0 0 0 0 0 0 0 0 0 0 0 0 0 0 3.76331704367663E-03 3.76361507538564E-03 3.76726222920016E-03 3.77320929107938E-03 3.78091237576943E-03 3.79008414396612E-03 3.80061558416658E-03 3.81245465343976E-03 3.8256353262782E-03 3.84024974405654E-03 3.85636931577002E-03 3.8740989672053E-03 3.89350817707797E-03 3.91472181680862E-03 3.93781227455516E-03 3.96289379857176E-03 3.9899959363358E-03 4.0191160861475E-03 4.05018090960366E-03 4.08310117681797E-03 4.11772687843851E-03 4.15388461197377E-03 4.19136372534146E-03 4.22994175333007E-03 4.26939314266483E-03 4.30949697720233E-03 4.35002548914433E-03 4.3906947186494E-03 4.43127346063362E-03 4.47156465737509E-03
0 0 0 0 0 0 0 0 0 0 0 0 0 0 0 0 0 0 0 0 0 0 0 0 0 0 0 0 0 0 0 0 0 3.74896643198937E-03 0.003756210222031 3.75856407330019E-03 3.76344928917988E-03 3.77027230886406E-03 3.77873878378163E-03 3.78866189724836E-03 3.79997991033091E-03 3.81267257718375E-03 3.82678387070539E-03 3.84245692217413E-03 3.85974738304003E-03 3.87877471565783E-03 3.89958435784301E-03 3.92232169005036E-03 3.94702031834022E-03 3.97380993338263E-03 4.00267906656489E-03 4.03358889010018E-03 4.06643044750463E-03 4.10108262425081E-03 4.1373655089251E-03 4.17507035587954E-03 4.21396651239368E-03 4.25380732714879E-03 4.29435766710155E-03 4.33538147376264E-03 4.37666396451461E-03 4.41789932905013E-03 4.45888358534561E-03 4.49944413109886E-03
0 0 0 0 0 0 0 0 0 0 0 0 0 0 0 0 0 0 0 0 0 0 0 0 0 0 0 0 0 0 0 0 0 3.74896643198937E-03 3.74944411468477E-03 3.75278107238579E-03 3.75876352371623E-03 3.76656076462816E-03 3.77590903769595E-03 3.78670237730008E-03 3.79893357256679E-03 3.81261710584785E-03 3.82781799249169E-03 3.8447028090913E-03 3.86332723785516E-03 3.88381310594049E-03 3.90619602238878E-03 3.93062074719659E-03 3.95710064029294E-03 3.98574043411039E-03 4.01648455815285E-03 4.04925779250266E-03 4.08391947035915E-03 4.12031199536071E-03 4.15822451728835E-03 4.19741898476764E-03 4.23764740590493E-03 4.27865038069866E-03 4.32018574693968E-03 4.36200714472557E-03 4.40389023937326E-03 4.44555424241645E-03 4.48683083394863E-03 4.52756486434542E-03
0 0 0 0 0 0 0 0 0 0 0 0 0 0 0 0 0 0 0 0 0 0 0 0 0 0 0 0 0 0 0 0 0 3.74155988617583E-03 3.74194995746413E-03 3.74631240593044E-03 3.75336493583512E-03 3.76217470647874E-03 3.77250100922786E-03 3.78428111552388E-03 3.79755943243097E-03 3.81238479061867E-03 3.82885030853092E-03 3.84711659991101E-03 3.86725238436621E-03 3.88937296756667E-03 3.91350993396596E-03 3.93978537418405E-03 3.96820841754361E-03 3.99880695576594E-03 4.03150737514855E-03 4.06618886494727E-03 4.10268657278182E-03 4.14079335055937E-03 4.18027897628214E-03 4.22087609910763E-03 4.26232703196357E-03 4.3043668780716E-03 4.34675112987609E-03 4.38922996850316E-03 4.43157063688974E-03 4.47356644403594E-03 4.51504658942582E-03 4.55587588176173E-03
0 0 0 0 0 0 0 0 0 0 0 0 0 0 0 0 0 0 0 0 0 0 0 0 0 0 0 0 0 0 0 0 3.70967941665651E-03 3.72919077229922E-03 3.73282725913676E-03 3.73903637790889E-03 3.74735586359334E-03 3.75726216103225E-03 3.76865395025164E-03 3.78153503281315E-03 3.79599518463294E-03 0.003812116518707 3.83000974647018E-03 3.84983273924454E-03 3.87165683485403E-03 3.89558923929373E-03 3.9216480818697E-03 3.94993041212145E-03 3.98041512188565E-03 4.0130697321329E-03 4.04778524641242E-03 4.08440157802445E-03 4.12272124926234E-03 4.16249774819508E-03 4.20347866576982E-03 4.24537738791766E-03 4.28793101928079E-03 4.33087534762919E-03 4.37397080039873E-03 4.41697364058439E-03 4.45967054990046E-03 4.50190061951893E-03 4.5434987766535E-03 4.58433964869638E-03
0 0 0 0 0 0 0 0 0 0 0 0 0 0 0 0 0 0 0 0 0 0 0 0 0 0 0 0 0 0 0 3.70300907018046E-03 3.70967941665651E-03 3.71712809601214E-03 3.7236595511776E-03 3.73151995749452E-03 3.74104624579605E-03 3.7520534876255E-03 3.76456801893866E-03 3.77864990199455E-03 3.79442011076266E-03 3.81198482899085E-03 3.83146378826775E-03 3.85301250514155E-03 3.87669670361062E-03 3.90260556744723E-03 3.93073516419134E-03 3.9611468306844E-03 3.99378479809115E-03 4.02856285684254E-03 4.06532917161562E-03 4.10388024522982E-03 4.14398645291267E-03 4.1853688684912E-03 4.22775583822134E-03 4.27084920815019E-03 4.31438490388262E-03 4.35810766547513E-03 4.40179228688717E-03 4.44521244077445E-03 4.48817397976489E-03 4.53054196309581E-03 4.5721667465875E-03 4.61292859497377E-03
0 0 0 0 0 0 0 0 0 0 0 0 0 0 0 0 0 0 0 0 0 0 0 0 0 0 0 0 0 0 0 3.70300907018046E-03 3.70352739576415E-03 3.70828137262173E-03 3.7152449098252E-03 3.72406669381279E-03 3.73463308232437E-03 3.74673779743271E-03 3.76043568911245E-03 3.77582061996512E-03 3.79302924542967E-03 3.81217990159652E-03 3.83339251629397E-03 3.85682294726468E-03 3.88252180044855E-03 3.91055106062273E-03 3.9408750140181E-03 3.97351776889459E-03 4.00837888630093E-03 4.04532219339275E-03 4.08414819372862E-03 4.12461059666513E-03 4.16644749125048E-03 4.2093543525513E-03 4.25304778082995E-03 4.29722071134935E-03 4.34161558105062E-03 4.3859936678307E-03 4.43015098176543E-03 4.47388160393039E-03 4.51701434726802E-03 4.55943080378579E-03 4.60099261673525E-03 4.64158380234973E-03
0 0 0 0 0 0 0 0 0 0 0 0 0 0 0 0 0 0 0 0 0 0 0 0 0 0 0 0 0 0 0 3.69450076009781E-03 3.69485853250482E-03 3.69946948384888E-03 3.70697533203323E-03 3.71666284449179E-03 3.72824570767919E-03 3.74148489152485E-03 3.75644626398704E-03 3.77324642276225E-03 3.79202370571698E-03 3.81290246758151E-03 3.83599101458499E-03 3.86144897524583E-03 3.88930099840351E-03 3.91957142429769E-03 3.95218773430802E-03 3.98713116668762E-03 4.0242580035487E-03 4.06337539968308E-03 4.1042406699158E-03 4.14656294452576E-03 4.1900546804045E-03 4.23438789517702E-03 4.2792777823307E-03 4.32440893752829E-03 4.36954063797272E-03 4.4144566246102E-03 4.45897814147923E-03 4.50292121278119E-03 4.54613339425989E-03 4.58850906496676E-03 4.6299184008823E-03 4.67024474946409E-03
0 0 0 0 0 0 0 0 0 0 0 0 0 0 0 0 0 0 0 0 0 0 0 0 0 0 0 0 0 0 3.66848131343557E-03 3.68148056641788E-03 3.68425169137526E-03 3.69006297030103E-03 3.6985400776437E-03 3.70923651750034E-03 3.72193388827125E-03 3.73642362668361E-03 3.75277362870614E-03 3.77111831693018E-03 3.79159843024011E-03 3.81434429521307E-03 3.83945277633691E-03 3.86706790520045E-03 3.89718451458243E-03 3.92978922666067E-03 3.96477081715199E-03 4.00206190029227E-03 4.04146707042041E-03 4.08274087623116E-03 4.12559586841687E-03 4.1697044234446E-03 4.21475500707868E-03 4.26040430690478E-03 4.30636440815993E-03 4.35232872769505E-03 4.39807940879457E-03 4.44342162058518E-03 4.48819969511755E-03 4.53225425443554E-03 4.57545633054254E-03 4.61770421164054E-03 4.65886939765329E-03 4.69883550476706E-03
0 0 0 0 0 0 0 0 0 0 0 0 0 0 0 0 0 0 0 0 0 0 0 0 0 0 0 0 0 0 3.66848131343557E-03 3.66933685543824E-03 3.6733299094662E-03 3.68039524491305E-03 3.69003913479345E-03 3.70190789117361E-03 3.71584390426753E-03 3.73171569797748E-03 3.74959615103734E-03 3.7696296910406E-03 3.79195087258377E-03 3.81670340612026E-03 3.84396898702386E-03 3.87385376092322E-03 3.90632712725101E-03 3.94133414605654E-03 3.97872552599633E-03 4.01837092683492E-03 4.06003380219417E-03 4.1034109441001E-03 4.14817650726325E-03 4.19397015427325E-03 4.24046388407913E-03 4.2873055702104E-03 4.33420851509056E-03 4.38089120972511E-03 4.42715101416363E-03 4.47281472402407E-03 4.51774997573626E-03 4.56182516103768E-03 4.60492914433084E-03 4.64695659222262E-03 4.68778277590556E-03 4.72729038482515E-03
0 0 0 0 0 0 0 0 0 0 0 0 0 0 0 0 0 0 0 0 0 0 0 0 0 0 0 0 0 3.63824362319319E-03 3.65342508561827E-03 3.65629750254126E-03 3.6620768571814E-03 3.67057906184501E-03 3.68155651847485E-03 3.69476202313156E-03 3.7101067589487E-03 3.7275212624056E-03 3.74709044186289E-03 3.76896473819202E-03 3.79327301408699E-03 3.82016368834598E-03 3.84969966542668E-03 3.88195022440418E-03 3.91684990022352E-03 3.95430262519065E-03 3.99411455267256E-03 4.03609910329556E-03 4.07996966586064E-03 4.12537340492171E-03 4.1719473249928E-03 4.2193081405242E-03 4.26711695241156E-03 4.31502195747782E-03 4.36274637419532E-03 4.41003184695045E-03 4.4566938014514E-03 4.50257801867812E-03 4.54757348401645E-03 4.59157453600977E-03 4.63448635801587E-03 4.67619923941099E-03 4.71658750301815E-03 4.75553425365432E-03
0 0 0 0 0 0 0 0 0 0 0 0 0 0 0 0 0 0 0 0 0 0 0 0 0 0 0 0 0 3.63824362319319E-03 3.6391870981347E-03 3.64344883419317E-03 3.65080844905829E-03 3.66081041426866E-03 3.6732499290979E-03 3.68795060764439E-03 3.70487862413748E-03 3.72400609965998E-03 0.003745428743727 3.76930150353358E-03 3.79574050683381E-03 3.82489338166209E-03 3.85679977540927E-03 3.89149227995996E-03 3.92886807901928E-03 3.96878276267981E-03 4.01099702109189E-03 4.05526864678736E-03 4.10126899130232E-03 4.14859514019423E-03 4.19685343346016E-03 4.24564789102126E-03 4.29463777595088E-03 4.34348021711989E-03 4.39190842506917E-03 4.43968810305323E-03 4.48664996472065E-03 4.53265805787082E-03 4.57761803700628E-03 4.62145058416409E-03 4.66407468264266E-03 4.70537329876001E-03 4.74521817642235E-03 4.78349510098346E-03
0 0 0 0 0 0 0 0 0 0 0 0 0 0 0 0 0 0 0 0 0 0 0 0 0 0 0 0 3.60533044017189E-03 3.62174524907865E-03 3.62462596707223E-03 3.63064895758908E-03 3.63963047680561E-03 3.65122091717432E-03 3.66526257674375E-03 3.68162548557604E-03 3.70031771122278E-03 3.72133674943986E-03 3.7447802354531E-03 3.77080566488567E-03 3.79951068530897E-03 3.83103854871689E-03 3.86539888539285E-03 3.90259154365652E-03 3.94247071747831E-03 3.98483964725009E-03 4.02941145880554E-03 4.07589600224555E-03 4.12392512099456E-03 4.17304735251733E-03 4.22284916909216E-03 4.27293562158816E-03 4.32297117417098E-03 4.3726252392729E-03 4.42164262411345E-03 4.46981186447241E-03 4.51697685298747E-03 4.56301452024205E-03 4.60784262778473E-03 4.6514075468546E-03 4.69364237576659E-03 4.73441673450195E-03 4.77360195206574E-03 4.81109286456523E-03
0 0 0 0 0 0 0 0 0 0 0 0 0 0 0 0 0 0 0 0 0 0 0 0 0 0 0 0 3.60533044017189E-03 3.60622003531812E-03 3.61037737062524E-03 3.61804825140892E-03 3.62872100836703E-03 3.64201186050996E-03 3.65779987620198E-03 3.67598533195124E-03 3.69661110210598E-03 3.71969016612884E-03 3.74531198432487E-03 3.77363991434496E-03 3.8047339866724E-03 3.83874084358957E-03 3.87562500655516E-03 3.91535618066047E-03 3.9577437667331E-03 4.00253097534018E-03 4.04939024398536E-03 4.09797934987865E-03 4.1479110536376E-03 4.19867852570596E-03 4.24987070323123E-03 4.30110543211054E-03 4.35205382216137E-03 4.40240202529946E-03 4.45189815014712E-03 4.50036010646983E-03 4.54763380960562E-03 4.59360893551976E-03 4.63820552852921E-03 4.68139724257364E-03 4.72313322800533E-03 4.76325927653345E-03 4.80165846227597E-03 4.83824231957963E-03
0 0 0 0 0 0 0 0 0 0 0 0 0 0 0 0 0 0 0 0 0 0 0 0 0 0 0 0 3.58950021677406E-03 3.59007310079759E-03 3.59602837808135E-03 3.60565955501859E-03 3.61822719227395E-03 3.63338191633703E-03 3.6510693037061E-03 3.6712345603869E-03 3.69394934595015E-03 3.71924170554849E-03 3.74719073584282E-03 3.77795000519173E-03 3.81154920185375E-03 3.84811909601329E-03 3.88758403968043E-03 3.9298689845386E-03 3.97473596868688E-03 4.02187937608184E-03 4.07093553026965E-03 4.12151083938547E-03 4.17318200794163E-03 4.22543351176982E-03 4.27786755371352E-03 4.33011439462462E-03 4.38184916558164E-03 4.43277468579279E-03 4.48264616408364E-03 4.5313017816803E-03 4.57858673594227E-03 4.62439921780155E-03 4.66866285341093E-03 4.71137074889858E-03 4.75247267989637E-03 4.79181016565061E-03 4.82928982214311E-03 4.86484538296221E-03
0 0 0 0 0 0 0 0 0 0 0 0 0 0 0 0 0 0 0 0 0 0 0 0 0 0 0 3.53198833220064E-03 3.56672094454589E-03 3.57257670378352E-03 3.58181516307031E-03 3.59384605459737E-03 3.60849425398841E-03 3.62564319183762E-03 3.6453508442372E-03 3.66762201797737E-03 3.69255216331021E-03 3.72018778076183E-03 3.75059205269658E-03 3.7838966586991E-03 3.82009644361397E-03 3.85928912926132E-03 3.90136535146629E-03 3.94618156173395E-03 3.99346975747105E-03 4.04287413594128E-03 4.09400861018162E-03 4.14641939085617E-03 4.19966414603284E-03 4.25325937842025E-03 4.30679908342365E-03 4.35993447924851E-03 4.41233525049716E-03 4.46373281934153E-03 4.51387144932461E-03 4.56261607399871E-03 4.60980082762531E-03 4.65533747680911E-03 4.69914230440941E-03 4.74122409980132E-03 4.7815469128678E-03 4.81995670417609E-03 4.85638603597948E-03 4.89079898681244E-03
0 0 0 0 0 0 0 0 0 0 0 0 0 0 0 0 0 0 0 0 0 0 0 0 0 0 3.50987627482088E-03 3.53198833220064E-03 3.54543057192978E-03 3.55646989045596E-03 3.56876544712964E-03 3.58313013762118E-03 3.59987454045248E-03 3.61908184030127E-03 3.64089956104695E-03 3.66537833842834E-03 3.69262975496257E-03 0.003722710023629 3.75566679900516E-03 3.7916010497122E-03 3.83046887262205E-03 3.87232276397254E-03 3.91700253102122E-03 3.96430956822082E-03 4.01393626111118E-03 4.06549215163601E-03 4.11856435996772E-03 4.17266309368757E-03 4.22734016544347E-03 4.28213651342945E-03 4.33665458741261E-03 4.39055321985894E-03 4.44350450327699E-03 4.49525264660662E-03 4.54554725136677E-03 4.59425856780414E-03 4.64121716646057E-03 4.68634194370377E-03 4.72955372518456E-03 4.77086925999543E-03 4.81025332472307E-03 4.84758236083533E-03 4.88283076082501E-03 4.91599614306487E-03
0 0 0 0 0 0 0 0 0 0 0 0 0 0 0 0 0 0 0 0 0 0 0 0 0 3.50021229469599E-03 3.50987627482088E-03 3.51960511643898E-03 3.53100020162758E-03 3.54341430664627E-03 3.5576115356805E-03 3.57394069923592E-03 3.59268267324347E-03 3.61396366600988E-03 3.63795228206245E-03 3.66471854052336E-03 3.69437399558429E-03 3.72697868735729E-03 3.76256100344515E-03 3.80118063217659E-03 3.8427517084681E-03 3.88726264013885E-03 3.93450762105705E-03 3.98423314366928E-03 4.03609737338086E-03 4.08968137050762E-03 4.14455402689957E-03 4.20020755562253E-03 4.2561888074546E-03 4.31206344013696E-03 4.36744096238037E-03 4.42198563808007E-03 4.47536863442522E-03 4.52734203759915E-03 4.57766116126014E-03 4.62618976130637E-03 4.67276807500219E-03 4.71731671063067E-03 4.75976988350138E-03 4.80014297391003E-03 4.83842830136429E-03 4.87454379467201E-03 4.90850040902812E-03 4.94033533158014E-03
0 0 0 0 0 0 0 0 0 0 0 0 0 0 0 0 0 0 0 0 0 0 0 0 0 3.50021229469599E-03 3.50111296019167E-03 3.50819740558809E-03 3.51903176414155E-03 3.53238909637348E-03 3.54814608014769E-03 3.56630224056169E-03 3.58702781629065E-03 3.61043195276754E-03 3.63666834004364E-03 3.66580207256316E-03 3.69793089608324E-03 3.73311820781041E-03 3.77137167715172E-03 3.81270254964561E-03 3.85697945564496E-03 0.003904122994821 3.95387419385814E-03 4.00593146499703E-03 4.05992033580556E-03 4.11540555687317E-03 4.17194367813262E-03 4.22901842688491E-03 4.28617553257847E-03 4.34300473477285E-03 4.3991218981456E-03 4.45418585844162E-03 0.004507864722106 4.55991493573657E-03 4.61010147296254E-03 4.65827950352162E-03 4.70430134485551E-03 4.7480964086528E-03 4.78962068902168E-03 4.82889591779278E-03 4.86593639378308E-03 4.90071367890136E-03 4.93328639830279E-03 4.96372807419269E-03
0 0 0 0 0 0 0 0 0 0 0 0 0 0 0 0 0 0 0 0 0 0 0 0 3.46742944318156E-03 3.48429874526144E-03 3.48806478794778E-03 3.49620509721907E-03 3.50797494954372E-03 3.52267408464534E-03 3.54010094088206E-03 3.56015523994796E-03 3.58294662278895E-03 3.60857368691324E-03 3.6371554416766E-03 3.66874853805424E-03 3.70341787567807E-03 3.74124081294236E-03 3.78219743135934E-03 3.82623843430862E-03 3.87319775034001E-03 3.92291071956143E-03 3.97508503066614E-03 4.0293633450679E-03 4.08535310201214E-03 4.14260830889429E-03 4.20067965543102E-03 4.25905238837886E-03 4.31725970954837E-03 4.3749282303095E-03 4.43166009173848E-03 4.48710486555174E-03 4.54092457206298E-03 4.59288012597437E-03 4.64275295300316E-03 4.69038147174187E-03 4.73565188555565E-03 4.77849829936336E-03 4.81891826702095E-03 4.85693439615297E-03 4.89260531680858E-03 4.92595660907022E-03 4.9570866967644E-03 4.98610276250994E-03
