NongDo/Fusa 18.7h.grd
DSAA
463	323
2	464
2	324
0	10
[rows 56 to 83 of 323, columns 256 to 319 of 463]
0 0 0 0 0 0 0 0 0 0 0 0 0 0 0 0 0 0 0 0 0 0 0 0 0 0 0 0 0 0 0 0 0 0 0 0 0 0 0 0 0 0 0 0 0 0 0 0 0 0 0 0 0 0 0 0 0 0 0 0 0 0 0 0
0 0 0 0 0 0 0 0 0 0 0 0 0 0 0 0 0 0 0 0 0 0 0 0 0 0 0 0 0 0 0 0 0 0 0 0 0 0 0 0 0 0 0 0 0 0 0 0 0 0 0 0 0 0 0 0 0 0 0 0 0 0 0 0
0 0 0 0 0 0 0 0 0 0 0 0 0 0 0 0 0 0 0 0 0 0 0 0 0 0 0 0 0 0 0 0 0 0 0 0 0 0 0 0 0 0 0 0 0 0 0 0 0 0 0 0 0 0 0 0 0 0 0 0 0 0 0 0
0 0 0 0 0 0 0 0 0 0 0 0 0 0 0 0 0 0 0 0 0 0 0 0 0 0 0 0 0 0 0 0 0 0 0 0 0 0 0 0 0 0 0 0 0 0 0 0 0 0 0 0 0 0 0 0 0 0 0 0 0 0 0 0
0 0 0 0 0 0 0 0 0 0 0 0 0 0 0 0 0 0 0 0 0 0 0 0 0 0 0 0 0 0 0 0 0 0 0 0 0 0 0 0 0 0 0 0 0 0 0 0 0 0 0 0 0 0 0 0 0 0 0 0 0 0 0 0
0 0 0 0 0 0 0 0 0 0 0 0 0 0 0 0 0 0 0 0 0 0 0 0 0 0 0 0 0 0 0 0 0 0 0 0 0 0 0 0 0 0 0 0 0 0 0 0 0 0 0 0 0 0 0 0 0 0 0 0 0 0 0 0
0 0 0 0 0 0 0 0 0 0 0 0 0 0 0 0 0 0 0 0 0 0 0 0 0 0 0 0 0 0 0 0 0 0 0 0 0 0 0 0 0 0 0 0 0 0 0 0 0 0 0 0 0 0 0 0 0 0 0 0 0 0 0 0
0 0 0 0 0 0 0 0 0 0 0 0 0 0 0 0 0 0 0 0 0 0 0 0 0 0 0 0 0 0 0 0 0 0 0 0 0 0 0 0 0 0 0 0 0 0 0 0 0 0 0 0 0 0 0 0 0 0 0 0 0 0 6.98816532871534E-03 6.99735465534711E-03
0 0 0 0 0 0 0 0 0 0 0 0 0 0 0 0 0 0 0 0 0 0 0 0 0 0 0 0 0 0 0 0 0 0 0 0 0 0 0 0 0 0 0 0 0 0 0 0 0 0 0 0 0 0 0 0 0 0 6.95169435204283E-03 6.9606826418715E-03 6.96968144911625E-03 6.97876621891959E-03 6.98816532871534E-03 6.99735465534711E-03
0 0 0 0 0 0 0 0 0 0 0 0 0 0 0 0 0 0 0 0 0 0 0 0 0 0 0 0 0 0 0 0 0 0 0 0 0 0 0 0 0 0 0 0 0 0 0 0 0 0 0 0 0 0 6.91468754542194E-03 6.92409626105676E-03 6.93333645631728E-03 6.94253012826189E-03 6.95169435204283E-03 6.9606826418715E-03 6.96968144911625E-03 6.97876621891959E-03 6.98789681579962E-03 6.99703237894363E-03
0 0 0 0 0 0 0 0 0 0 0 0 0 0 0 0 0 0 0 0 0 0 0 0 0 0 0 0 0 0 0 0 0 0 0 0 0 0 0 0 0 0 0 0 0 0 0 0 0 0 0 6.88388474507802E-03 6.89444649103413E-03 6.90477149433967E-03 6.91468754542194E-03 6.92409626105676E-03 6.93333645631728E-03 6.94253012826189E-03 6.95163752591098E-03 6.96073382710768E-03 6.96974175409821E-03 6.97875356981449E-03 6.98774586597135E-03 6.99676715988689E-03
0 0 0 0 0 0 0 0 0 0 0 0 0 0 0 0 0 0 0 0 0 0 0 0 0 0 0 0 0 0 0 0 0 0 0 0 0 0 0 0 0 0 0 0 0 6.8148081919646E-03 6.82724277314437E-03 6.83914747897143E-03 6.85064592992219E-03 6.86193986653013E-03 6.87303792327343E-03 6.88388474507802E-03 6.89444649103413E-03 6.90477149433967E-03 6.91469994458321E-03 6.92428841335487E-03 6.93363647167424E-03 6.94288142786573E-03 6.95202107856202E-03 6.96114215053325E-03 6.97017011394468E-03 6.9791663258092E-03 6.98812319457093E-03 6.99708634541943E-03
0 0 0 0 0 0 0 0 0 0 0 0 0 0 0 0 0 0 0 0 0 0 0 0 0 0 0 0 0 0 0 0 0 0 0 0 0 0 0 0 0 0 0 6.78718936293948E-03 6.80109665564135E-03 6.8148081919646E-03 6.82724277314437E-03 6.83914747897143E-03 6.85064592992219E-03 6.86193986653013E-03 6.87303792327343E-03 6.88400081916472E-03 6.89469886839474E-03 6.9051226326518E-03 6.91519234827744E-03 6.9249707205301E-03 6.93450139081241E-03 6.94389133071607E-03 6.95315771916041E-03 6.96236282486564E-03 6.97148148308297E-03 6.9805539089288E-03 6.9895805501077E-03 6.99859206753304E-03
6.29160367575937E-03 6.30381427423429E-03 6.31589520429406E-03 6.32785187280328E-03 6.33969151430538E-03 6.35151117427124E-03 6.36321847181262E-03 6.37480899357767E-03 6.38629850871082E-03 6.39781730651636E-03 6.40939567121854E-03 6.4211073496312E-03 6.43278979542818E-03 6.4443583417654E-03 6.45574583117147E-03 6.46705488447818E-03 6.47827622849851E-03 6.4895060265661E-03 6.50063251137827E-03 6.51166457261059E-03 6.52259878833365E-03 6.5335794789924E-03 6.54462598520538E-03 6.55584414656322E-03 6.56708994537621E-03 6.57830597893005E-03 6.58940081518573E-03 6.60046187332623E-03 6.61142505669705E-03 6.62236527385543E-03 6.63314376813862E-03 6.64378979812036E-03 6.65432287355461E-03 6.66500824452944E-03 6.67613897310229E-03 0 0 0 0 6.73413791409757E-03 6.74601289896475E-03 6.7592958052603E-03 6.77320712579214E-03 6.78718936293948E-03 6.80109665564135E-03 6.81457573281547E-03 0.006827283132446 6.8393949294289E-03 6.85107851852136E-03 6.86252413317184E-03 6.87375558639619E-03 6.88484589631401E-03 6.89570043058072E-03 6.90630822274407E-03 0.006916608744635 6.92664365124125E-03 6.93643840019796E-03 6.94607456245226E-03 6.95557120363963E-03 6.96497959337112E-03 6.97429550752404E-03 6.98355329886755E-03 6.99276087622273E-03 7.0019493518192E-03
6.29160367575937E-03 6.30381427423429E-03 6.31589520429406E-03 6.32785187280328E-03 6.33969151430538E-03 6.35151117427124E-03 6.36321847181262E-03 6.37480899357767E-03 6.38629850871082E-03 6.39781730651636E-03 6.40939567121854E-03 6.4211073496312E-03 6.43278979542818E-03 6.4443583417654E-03 6.45574583117147E-03 6.46705488447818E-03 6.47827622849851E-03 6.4895060265661E-03 6.50063251137827E-03 6.51166457261059E-03 6.52259878833365E-03 6.5335794789924E-03 6.54462598520538E-03 6.55584414656322E-03 6.56708994537621E-03 6.57830597893005E-03 6.58940081518573E-03 6.60046187332623E-03 6.61142505669705E-03 6.62236527385543E-03 6.63314376813862E-03 6.64378979812036E-03 6.65432287355461E-03 6.66500824452944E-03 6.67613897310229E-03 6.6897496068428E-03 6.70109258020373E-03 6.71241807800673E-03 6.72380910702313E-03 6.73413791409757E-03 6.74601289896475E-03 6.7592958052603E-03 6.77320712579214E-03 6.78730511746752E-03 6.80124149483227E-03 6.81481973013905E-03 6.82782085103791E-03 6.84027444376046E-03 6.8522995530914E-03 6.86405151985195E-03 6.87556127696749E-03 6.88691114680454E-03 0.006898035624574 6.90893493291545E-03 6.91956071673374E-03 6.92993848905218E-03 6.94008771179821E-03 6.95007299179612E-03 6.95991059262184E-03 6.96964317725219E-03 6.97927440022102E-03 6.9888356800934E-03 6.99834459372265E-03 7.00783569829217E-03
6.29206667485065E-03 6.30465038548507E-03 6.31693524739249E-03 6.32903457530026E-03 6.34099559699054E-03 6.35291559067945E-03 6.36471817286969E-03 6.37638882496369E-03 6.38795628212312E-03 6.39953459585257E-03 6.41116421683538E-03 6.42293630261248E-03 6.43468050352102E-03 6.44628177410096E-03 6.45770956641141E-03 6.46905482328246E-03 6.48032222163082E-03 6.49158963129465E-03 6.50276741040717E-03 6.51384847126281E-03 6.52484261158061E-03 6.53586933534377E-03 6.54696147249769E-03 6.55823398786053E-03 6.5695446336406E-03 6.58080700897083E-03 6.59195753234845E-03 6.60306494861055E-03 6.61407956416434E-03 6.62504969547964E-03 6.63585465084419E-03 6.64648807068668E-03 6.65695971743048E-03 6.66746160468747E-03 6.67820857857029E-03 6.6897496068428E-03 6.70109258020373E-03 6.71241807800673E-03 6.72380910702313E-03 6.73537941707116E-03 6.7476806618086E-03 6.76094432798187E-03 6.77473272323891E-03 6.78872559306333E-03 6.80265820335104E-03 6.81639744865817E-03 6.82973220629482E-03 6.84261659351018E-03 6.85509937791468E-03 6.8672874781192E-03 6.87921104073319E-03 6.89095148437089E-03 6.90246567316961E-03 6.91376127188286E-03 6.92480394155435E-03 6.93561179459317E-03 6.94620315692258E-03 6.95663171263319E-03 6.96691078833325E-03 6.97707291722713E-03 6.98712585254763E-03 6.99710082772796E-03 7.00702205264727E-03 7.01692604909722E-03
6.29348938370836E-03 6.30634639879251E-03 6.31889206577114E-03 6.33122576342454E-03 6.34340326427055E-03 6.35550834981349E-03 6.36748910837441E-03 6.37932946227652E-03 6.39106856736007E-03 6.40279446552559E-03 6.4145468293707E-03 0.006426417320915 6.43824527779156E-03 6.44991449421786E-03 6.4614324963063E-03 6.47286742782702E-03 6.4842333510627E-03 6.49558547419784E-03 6.50686649934328E-03 6.5180602486023E-03 6.52918954119966E-03 6.54034017318046E-03 6.5515496554155E-03 6.5629242149215E-03 6.5743334364502E-03 6.58568404138512E-03 6.59694428325546E-03 6.60815435307975E-03 6.61927615453683E-03 6.63032824908685E-03 6.64122032670363E-03 6.65192116336628E-03 6.66244283929672E-03 6.67290982910331E-03 6.68346947235065E-03 6.6944253134738E-03 6.70552903064873E-03 6.71675622372658E-03 6.72815597549835E-03 6.73993416705607E-03 6.75226527345842E-03 6.76533428454217E-03 6.77889964774309E-03 6.7927442207524E-03 6.80666670774063E-03 6.82056310265485E-03 6.83422384692318E-03 6.84755606723142E-03 6.86054025471639E-03 6.87323484853089E-03 6.88565611412875E-03 6.89787661126827E-03 6.90986399366529E-03 6.92163108335019E-03 6.93315745015033E-03 6.94445887019728E-03 6.95555588482089E-03 6.96649452713168E-03 6.97728580747716E-03 6.98795273558123E-03 6.99850822949744E-03 7.00898023842906E-03 7.0193978893273E-03 7.02979696819598E-03
6.29570929438396E-03 6.30888076611371E-03 6.32175998689115E-03 6.3344187016432E-03 6.34690593070038E-03 6.35928284476745E-03 6.37152373570203E-03 6.3836300748648E-03 6.39563526892876E-03 6.40760413869537E-03 6.41956936427158E-03 0.006431579751797 6.44352185990024E-03 6.4553257337527E-03 6.46700280352812E-03 6.47859914984539E-03 6.49013060429442E-03 6.50163351052799E-03 6.51307659350195E-03 6.52445782974889E-03 6.53579918503695E-03 6.5471606917047E-03 6.55857607474407E-03 6.5701062607997E-03 6.58165469216065E-03 6.59316151793319E-03 6.60460275655166E-03 6.61599122624241E-03 6.6272923148266E-03 6.63850288847399E-03 6.64955481602775E-03 6.66042467152266E-03 6.67112057329805E-03 6.6817245835531E-03 6.69234153251853E-03 6.70316669837358E-03 6.71415469280677E-03 6.72532629898531E-03 6.73673111074747E-03 6.74852419095778E-03 6.7607990910098E-03 6.77368486248054E-03 6.78705186956328E-03 6.80077519081529E-03 6.81470018595545E-03 6.82872624045829E-03 6.84266381216933E-03 6.85639280915097E-03 6.86985050883704E-03 6.88304800329916E-03 6.89598464282945E-03 6.90870586253746E-03 6.92118897811173E-03 6.93344871019403E-03 6.94547556038489E-03 6.95729067312189E-03 6.96891638591191E-03 6.98038998233344E-03 6.99172031655736E-03 7.00292663967979E-03 7.01402229922011E-03 7.02503504756389E-03 7.03599472123622E-03 7.04693549371857E-03
6.29875127118405E-03 6.31232437091198E-03 6.32562382509167E-03 6.33869776629981E-03 6.35158631980289E-03 6.36433314504912E-03 6.37693651130189E-03 6.38940883693054E-03 6.40177026169024E-03 6.41406637653637E-03 6.42631930794444E-03 6.43854690997701E-03 6.45069656056167E-03 6.46273192073833E-03 6.47465264507082E-03 6.48649068515658E-03 6.49826453590412E-03 6.51000101003211E-03 6.52169378292218E-03 6.53334954592239E-03 6.54498164836657E-03 6.55663094754702E-03 6.56832231657202E-03 6.58008494155116E-03 6.59187004240133E-03 6.60363549840931E-03 6.61534754300051E-03 6.62700020320631E-03 6.63856372429106E-03 6.65002298529838E-03 6.66133323002353E-03 6.6724755097008E-03 6.6834487779522E-03 0.006694308855956 6.70513219969082E-03 6.71605445402167E-03 6.72711428545736E-03 6.73836998208306E-03 6.74987420223148E-03 6.76174501443263E-03 6.77405539191906E-03 6.78690436249936E-03 6.80022851446386E-03 6.8139462060047E-03 6.8279274692529E-03 6.8420812037371E-03 6.85625055054492E-03 6.8703002064805E-03 6.88414719674038E-03 6.89776813137147E-03 6.91114935412542E-03 6.92431191730427E-03 6.93724806104516E-03 6.94996430174275E-03 6.9624631266233E-03 6.97476358126305E-03 6.9868895938505E-03 6.99887221694013E-03 7.01072561869243E-03 7.02246186882159E-03 7.03409564595508E-03 7.0456519164917E-03 7.05716046732786E-03 7.06865205784579E-03
6.30275858321184E-03 0.006316833393327 6.33064929461767E-03 6.34423860765089E-03 6.35763170314319E-03 6.37086482303179E-03 6.38394420423503E-03 6.39688401468027E-03 6.40969801256372E-03 6.42241791726479E-03 6.43505650057964E-03 6.44762410088793E-03 6.46009874342315E-03 0.006472465235915 6.48472324484831E-03 6.49689789549375E-03 6.50900848358017E-03 6.52108244755731E-03 6.53312625614663E-03 6.54515036565172E-03 6.55716385051999E-03 6.56919466747176E-03 6.58125899813576E-03 6.59337396045904E-03 6.60551317212351E-03 6.61764415307459E-03 6.62972701656834E-03 6.64174393963466E-03 6.65366530028583E-03 6.6654744947418E-03 6.67713942376388E-03 6.68864452974421E-03 6.69998430548289E-03 6.71119953520601E-03 6.72235074111959E-03 6.73354498600058E-03 6.74485215159101E-03 6.75635111061614E-03 6.76810011605324E-03 6.78019903898861E-03 6.79271152616167E-03 6.8057207077227E-03 6.81918442277045E-03 6.83303661415875E-03 6.84715982091505E-03 6.86147382171882E-03 6.87584125606912E-03 6.89013573708813E-03 6.9042681715687E-03 6.91819922788729E-03 6.93190850262079E-03 6.94540768480605E-03 6.95869394300824E-03 6.97177477011853E-03 6.98465676264869E-03 6.99735959927632E-03 7.00990771289346E-03 0.007022330199998 7.03464237963983E-03 7.04685376351125E-03 7.0589783889317E-03 7.07103878307533E-03 7.08306282424057E-03 7.09507645056281E-03
6.30787488166159E-03 6.32256769938093E-03 6.33701085928278E-03 6.35122737078172E-03 6.36523966222757E-03 6.37907851721985E-03 6.39274996321689E-03 6.40626673408343E-03 6.41964076599024E-03 6.43289487614808E-03 6.44603628860768E-03 6.45907342606902E-03 6.47199854056207E-03 6.48480947155723E-03 6.49751309213595E-03 6.51013355197879E-03 6.52269185294272E-03 6.53521805396432E-03 6.54772427320991E-03 6.56022300651699E-03 6.57272326279969E-03 6.58524513949906E-03 6.59779845211003E-03 6.61039450022543E-03 6.62301447686545E-03 6.63562644860658E-03 6.64818768170402E-03 6.66067295931815E-03 6.67305221522556E-03 6.68530911524539E-03 6.69741794905114E-03 6.7093657149431E-03 6.72114812864421E-03 6.73280029969655E-03 6.74437661180038E-03 6.7559726268315E-03 6.76766871200489E-03 6.77955190861046E-03 6.79168482582864E-03 6.80415964475856E-03 6.81703043586545E-03 6.83036828420059E-03 6.84412436792006E-03 6.85823262762873E-03 6.87258239948239E-03 6.88710146479282E-03 6.90166464724049E-03 6.91615179316664E-03 6.93047763995342E-03 6.94460523612658E-03 6.95852175766342E-03 6.97223769914032E-03 6.9857567205565E-03 6.9990871301628E-03 7.01223924596717E-03 7.02523593063458E-03 7.03810662358023E-03 7.05087691839172E-03 7.06356296631496E-03 7.07617000159508E-03 7.08871196641208E-03 7.10121052503386E-03 7.11369134833151E-03 7.12617265466504E-03
6.31428972783827E-03 6.32972805662685E-03 6.34492219934303E-03 6.35988845828049E-03 6.37464379146286E-03 6.38921081645409E-03 6.40359493230924E-03 6.41780825054889E-03 6.43186147665481E-03 6.44577066544186E-03 6.45954014489621E-03 6.47317690861185E-03 6.48668102323883E-03 6.50006069099874E-03 6.51333101260831E-03 6.52651775942499E-03 6.53964507550802E-03 6.55274510893014E-03 6.56583323231626E-03 6.57892445551406E-03 6.59202903836488E-03 6.60516231574789E-03 6.6183285206293E-03 6.63153622671141E-03 6.64476396685752E-03 6.65797337703692E-03 6.67111824281151E-03 6.68416982780478E-03 6.69709717285966E-03 6.7098854756134E-03 6.7225123908413E-03 6.73496762670647E-03 6.74725278212668E-03 6.75940584642399E-03 6.77148198840075E-03 6.78357430058465E-03 6.79576542695154E-03 6.80814046562716E-03 6.82076288573705E-03 0.006833720319475 6.84705954031367E-03 0.00686082639627 6.87495464144169E-03 6.88937808128475E-03 6.90399263996136E-03 6.91872794702178E-03 0.006933462264577 6.94808958400738E-03 6.96253386102039E-03 6.97676969924348E-03 6.99079518974725E-03 7.00462472818956E-03 7.01826977643743E-03 7.03174207362681E-03 7.04505820909803E-03 7.05824875918106E-03 7.07134692212594E-03 7.08437394379521E-03 7.0973451242269E-03 7.11026420070728E-03 7.12314673178174E-03 7.1360121312646E-03 7.14888212976587E-03 7.16176500058896E-03
6.32222893998597E-03 6.33854736877032E-03 6.35462403323379E-03 6.3704687239523E-03 6.38609378907893E-03 6.40151409333817E-03 6.41673663627119E-03 6.43177169082953E-03 6.44662813887027E-03 6.46131686563881E-03 6.47584186121597E-03 6.49020837224802E-03 6.50442305098378E-03 6.51850167929438E-03 6.53246617297328E-03 6.54634517436756E-03 6.5601668040885E-03 6.57396521706323E-03 6.58775876875037E-03 6.60156437949505E-03 6.61539379939269E-03 6.62926011328945E-03 6.64316245636233E-03 6.65710543520557E-03 6.67105530116951E-03 6.68496350488795E-03 6.69878059968032E-03 6.7124771204234E-03 6.72602080650847E-03 6.73939917665769E-03 6.7525914131043E-03 6.76559298906411E-03 6.7784172663722E-03 6.79111138185517E-03 6.80373335576304E-03 6.81637915691172E-03 6.82912555371493E-03 6.84205096954252E-03 6.85521557014262E-03 6.86870013126779E-03 6.88253419018663E-03 6.89674118191954E-03 6.91124899068983E-03 6.92598238034369E-03 6.94084486334621E-03 6.95576736420528E-03 6.9706432730774E-03 6.98536837334415E-03 6.99988226481884E-03 7.01417029470259E-03 7.02824109923086E-03 7.04211275875931E-03 7.05581052342621E-03 7.06934876413498E-03 7.08275950760225E-03 7.09607769175069E-03 7.10933668870608E-03 7.12255039319203E-03 7.13573832712004E-03 7.14890068911162E-03 7.16205479856478E-03 7.17521963024797E-03 7.18841117769732E-03 7.20162767527717E-03
6.33199809654309E-03 6.34933799738668E-03 6.3664363214763E-03 6.38329640400307E-03 6.39992548466837E-03 6.41633243781433E-03 6.43252412774457E-03 6.44850947734399E-03 6.46429614675208E-03 6.4798914861728E-03 6.49529948360934E-03 6.51052465314875E-03 6.52557926904144E-03 6.54048671438373E-03 6.55527456844992E-03 6.56997417929875E-03 6.58461692383451E-03 6.59923686747473E-03 0.006613854317191 6.6284899055276E-03 6.64315710085151E-03 6.65786696024833E-03 6.67261401913856E-03 6.68739320929008E-03 6.7021528424746E-03 6.71683454361754E-03 6.73138510167236E-03 6.74577389900835E-03 6.75997058271886E-03 6.77396396788714E-03 6.78773618849119E-03 6.80129614123477E-03 6.81467168498252E-03 6.82792077638031E-03 6.84110790346047E-03 6.85432885121563E-03 6.86764979073932E-03 6.88114260352003E-03 6.89485994053797E-03 6.90886758613741E-03 6.92317673078504E-03 6.93778700475654E-03 6.95262054791769E-03 6.96760532733362E-03 6.98265602357614E-03 6.99770481501428E-03 7.01265496383871E-03 7.02741727112738E-03 7.04194910308536E-03 7.05624210380106E-03 7.07031275927801E-03 7.08418531489523E-03 7.09789387732366E-03 7.11146090993146E-03 7.12493350811981E-03 7.1383428710948E-03 7.15171868356991E-03 7.16507195983746E-03 7.17842526929016E-03 7.19177786908081E-03 7.20515122088747E-03 7.21855695417621E-03 7.23200551710895E-03 7.24549004842825E-03
6.34396905017641E-03 6.36248109308106E-03 6.38074830035403E-03 6.39876703622227E-03 6.41653974968442E-03 6.43406980438747E-03 6.45136372471515E-03 6.46842898072893E-03 6.48527314647401E-03 6.50190072470239E-03 6.51831754698462E-03 6.53452756733975E-03 6.5505500356403E-03 6.56641522933867E-03 6.58215420604032E-03 6.59779883284449E-03 6.61338127044202E-03 6.62893579542664E-03 6.64448603802181E-03 6.66005440543062E-03 6.67565360315122E-03 6.69129254773764E-03 6.70695798819367E-03 6.72263772579786E-03 6.73826213182648E-03 6.7537560426009E-03 6.76905805811598E-03 6.7841423984686E-03 6.79898494298374E-03 6.81357985891339E-03 6.8279217443854E-03 6.84203015033203E-03 6.85594245978617E-03 6.86972966107472E-03 6.88346096221429E-03 6.89723746026542E-03 6.91111742028205E-03 6.92515597444279E-03 6.93938689387805E-03 6.95386218674244E-03 6.96858187197086E-03 0.006983519110792 6.99860316772455E-03 7.01376273863942E-03 7.02892830014052E-03 7.04403348133181E-03 7.05900337976774E-03 7.07375326576982E-03 7.08825442193724E-03 7.10251214171236E-03 7.11655969404817E-03 7.13042214963245E-03 7.14413860941442E-03 7.15773419455036E-03 7.17125590752247E-03 7.18473576516946E-03 7.19820723124286E-03 7.21167635870225E-03 7.22516371862442E-03 7.23866697421489E-03 7.25220463526676E-03 7.26578881347962E-03 7.27943230755223E-03 7.29312467736597E-03
6.35861048513274E-03 6.37845241369586E-03 6.39804128425239E-03 6.41736665369489E-03 6.43642640944308E-03 6.45521916571202E-03 6.47375061632451E-03 6.4920275885941E-03 6.51005687812205E-03 6.52784176661769E-03 6.54539049049447E-03 6.56270920346375E-03 6.57982499070732E-03 6.59677355685402E-03 6.61358611704359E-03 6.6302928124382E-03 6.64692528866828E-03 6.6635170668258E-03 6.68009276267003E-03 6.69667503909449E-03 6.71327473669272E-03 6.72989914690426E-03 6.74652677548571E-03 6.76313492084943E-03 6.77962737187804E-03 6.79591554820849E-03 6.81193970391077E-03 6.82768554916533E-03 6.84313495332138E-03 6.85829159506097E-03 6.87316186158297E-03 6.88777698209849E-03 6.90218459891386E-03 6.91646934570734E-03 6.93070364001648E-03 6.94499107702845E-03 6.95937235556218E-03 6.97388564490577E-03 6.98854884617901E-03 7.00340374476281E-03 7.01843517906172E-03 7.03359912350759E-03 7.04883522786351E-03 7.06407944616315E-03 7.0792791407102E-03 7.09436980230074E-03 7.10929535401446E-03 7.12397776441065E-03 7.13841034628509E-03 7.15261083089966E-03 7.16662566413784E-03 7.18047556566135E-03 7.19420293754851E-03 7.20783176342715E-03 7.22140543122975E-03 7.23495207838099E-03 7.24850757548112E-03 7.2620725550587E-03 7.27566609119119E-03 7.28928263601412E-03 7.3029411614761E-03 7.31665279462377E-03 7.33043441400362E-03 7.34427323921524E-03
6.37648617592542E-03 6.39782238799501E-03 6.41888956967865E-03 6.43967118746081E-03 6.46016171887602E-03 6.48035637711248E-03 6.50026073432094E-03 6.51988041709975E-03 6.53922103609673E-03 6.5582854479892E-03 6.57708636523539E-03 6.59563416279947E-03 6.61396349396477E-03 6.63211279227647E-03 6.65010924987791E-03 6.66798010686148E-03 6.6857552710202E-03 6.70346643248947E-03 6.72113572652989E-03 6.73878278297712E-03 6.75641493946272E-03 6.7740397163719E-03 6.79162550662024E-03 6.8091320908761E-03 6.82643129623048E-03 6.8434381351515E-03 0.006860112484131 6.87645482643641E-03 6.89245063400865E-03 6.90810974897988E-03 6.92344519221903E-03 6.93850170173146E-03 6.95334077138901E-03 6.96805897588459E-03 6.98272528575423E-03 6.99744198196056E-03 7.01222188710456E-03 7.02709391429628E-03 7.04207490378599E-03 7.05719893155288E-03 7.07243758314059E-03 7.08772771627478E-03 7.10302543957799E-03 7.11827570856156E-03 7.13344576109426E-03 7.14846660334408E-03 7.16330232564103E-03 7.17787913359329E-03 7.19222398164478E-03 7.20636387824381E-03 7.22034643978278E-03 7.23418202945652E-03 7.24791894707812E-03 7.26157813304862E-03 7.27520210613125E-03 7.28881076541266E-03 7.30243600890618E-03 7.31607064714339E-03 7.32973660947154E-03 7.34342427244416E-03 7.35715832190129E-03 7.37094794452585E-03 7.3848087054952E-03 7.39872591499971E-03
6.39824821433209E-03 6.42124407794542E-03 6.44394453287643E-03 6.46633012358519E-03 6.48839211873977E-03 6.51012536566142E-03 6.53153446374072E-03 6.55262273133314E-03 6.57339460227565E-03 6.59385570647032E-03 6.61402149926922E-03 6.63391355110964E-03 6.65357110871334E-03 6.67302595486248E-03 6.69229881444585E-03 6.71141682875113E-03 6.73040664787114E-03 6.74929582140835E-03 6.76809974167102E-03 6.78682916627495E-03 6.80548597399691E-03 6.82407768596508E-03 6.84256957087303E-03 6.86087886710065E-03 6.87886476698876E-03 6.89648043015454E-03 6.91371169590947E-03 6.93056259876642E-03 6.94701994304144E-03 6.96309886798245E-03 6.97881838528306E-03 6.99423778518168E-03 7.00942973441204E-03 7.02449205932994E-03 7.03949467293297E-03 7.05451604749799E-03 7.06954847049423E-03 7.08463452533958E-03 7.09979960605845E-03 7.11506108702802E-03 7.13037403167456E-03 7.14567930829494E-03 7.16094980316775E-03 7.17613927612798E-03 7.19122481671566E-03 7.20613488771682E-03 7.22084445728742E-03 7.23530126472318E-03 7.24956486150524E-03 7.26365152394506E-03 7.27759990830109E-03 7.29141603080718E-03 7.30515465611555E-03 7.31883107640473E-03 7.33248847659555E-03 7.34613608431625E-03 7.35979844193709E-03 7.37346495118197E-03 7.38715931196331E-03 7.40087202497938E-03 7.41463461862852E-03 7.42844734356808E-03 7.44232081149675E-03 7.45624188554816E-03
