NongDo/Fusa 15.3h.grd
DSAA
463	323
2	464
2	324
0	10
[rows 140 to 167 of 323, columns 192 to 255 of 463]
7.64438752731769E-03 7.7060571121435E-03 7.7664576169274E-03 7.82546637192153E-03 7.88294616441463E-03 7.93872928434046E-03 7.99266153069542E-03 8.04459041776135E-03 8.09437578347569E-03 8.14187564518309E-03 8.18695936447296E-03 8.2295027928461E-03 8.26940800167482E-03 8.30660170880728E-03 8.34103586141311E-03 8.3726903681778E-03 8.40157521349752E-03 8.42773266232302E-03 8.45122822772043E-03 8.4721481568624E-03 8.49059245378165E-03 8.50667037306001E-03 8.52049278659169E-03 8.53216977611454E-03 8.54180767395562E-03 8.54950807094964E-03 8.5553712255132E-03 8.5595018797227E-03 8.56201969832955E-03 8.56305889823842E-03 8.56276783052471E-03 8.56129787094983E-03 8.55879934741023E-03 8.55541555453795E-03 8.5512817594421E-03 8.54651369572493E-03 8.54121559993243E-03 8.5354710256793E-03 8.52934054143826E-03 8.52285410838818E-03 8.5160527973852E-03 8.50898550543246E-03 8.50171733449387E-03 8.49433952475438E-03 8.48700653693346E-03 8.47995909285254E-03 8.47353595916996E-03 8.46286960090403E-03 0 0 0 0 0 0 0 0 0 0 0 0 0 0 0 0
7.70267812539303E-03 7.76336320533269E-03 7.82262612715816E-03 7.8803544344621E-03 7.93642094886671E-03 7.99066719928046E-03 8.04295920748651E-03 8.09316279931795E-03 8.14115307081281E-03 8.18679967968693E-03 8.22998275968677E-03 8.27058712650256E-03 8.30852417596816E-03 8.34372897394568E-03 8.37616060103405E-03 8.4058064563854E-03 8.43268592262931E-03 8.45685239608911E-03 8.47838184175534E-03 8.49737124015581E-03 8.51392952708518E-03 8.52817252903797E-03 8.54021653705548E-03 8.5501757370352E-03 8.5581593103877E-03 8.5642720421687E-03 8.56861954727203E-03 8.57131374182796E-03 8.57248418147626E-03 8.57227383247245E-03 8.57083680124368E-03 8.56832797464645E-03 8.56490033228144E-03 8.56069683648523E-03 8.55585119558876E-03 8.5504743858823E-03 8.54466746227534E-03 8.53850754924164E-03 8.53204530893186E-03 8.52529462494597E-03 8.51829814470955E-03 8.51112605784358E-03 8.50386576767018E-03 8.49665356860186E-03 0.008489744863616 8.48353371199101E-03 8.47353595916996E-03 0 0 0 0 0 0 0 0 0 0 0 0 0 0 0 0 0
7.75955470377886E-03 7.81914579899999E-03 7.8771761386598E-03 7.93353935656121E-03 7.98811621287584E-03 8.04076477872756E-03 8.09137385674914E-03 8.13982508938152E-03 0.008186004389609 8.22978944345843E-03 8.27106798595455E-03 8.30973424265774E-03 8.34570824944562E-03 8.37893218315463E-03 8.40937218700257E-03 8.43702472332111E-03 8.46192005698526E-03 8.48412306457381E-03 8.50372117053792E-03 8.52082286922739E-03 8.53554614691978E-03 8.54801291459056E-03 8.55834394445342E-03 8.56665623474648E-03 8.57306051979969E-03 8.57766370461518E-03 8.58057599563064E-03 8.58191864574085E-03 8.58183218980454E-03 8.58046453445274E-03 8.57797279047487E-03 8.57451471486783E-03 8.57024561474224E-03 8.56530826141235E-03 8.55983583690192E-03 8.55393407148416E-03 8.54769933112781E-03 8.54120255070573E-03 8.53448638033556E-03 8.52755088052832E-03 8.52044544414252E-03 8.51327948925396E-03 8.50618664621976E-03 8.49937909200939E-03 8.49322910416642E-03 8.48353371199101E-03 0 0 0 0 0 0 0 0 0 0 0 0 0 0 0 0 0 0
7.81502472266226E-03 7.87342767766519E-03 7.93014374153925E-03 7.98506878752825E-03 8.03809452664859E-03 8.08910567243197E-03 8.13800476795228E-03 8.18468634827863E-03 8.22904220250751E-03 8.27095680701669E-03 8.31032394970717E-03 8.34704944902548E-03 8.38105946678547E-03 8.41230334864789E-03 8.44075574848921E-03 8.46642471877023E-03 8.48935279527352E-03 8.50961688602198E-03 0.008527317699283 8.54257562534409E-03 8.55551748368688E-03 8.56627004076298E-03 8.5749574135473E-03 8.58169791400713E-03 8.58660247455016E-03 8.58977937360192E-03 8.5913432018868E-03 8.5914247018286E-03 8.59017342801999E-03 8.58773990414963E-03 8.58428371239146E-03 8.57996501986704E-03 8.57494103128477E-03 8.5693533756353E-03 8.56333462992881E-03 8.55698884535032E-03 8.55040419634402E-03 8.54364430719631E-03 8.53674535588803E-03 8.52971069573812E-03 8.52260542793352E-03 8.51559755411373E-03 8.50890594134496E-03 8.50284707902723E-03 8.49322910416642E-03 0 0 0 0 0 0 0 0 0 0 0 0 0 0 0 0 0 0 0
7.86913474873011E-03 7.92626652551818E-03 7.98159304725791E-03 8.03501774066624E-03 8.08644926469604E-03 8.13579457347275E-03 8.18296094103044E-03 8.22785313261584E-03 0.00827036686726 8.31039478790701E-03 8.34783747901625E-03 8.3826108966641E-03 8.41464623168476E-03 8.44390241267106E-03 8.47036542926315E-03 8.49405670365698E-03 8.51503231313534E-03 8.53338310829133E-03 8.54922440583531E-03 8.56268760481854E-03 8.57390677710518E-03 8.58301260141981E-03 8.59013106518593E-03 8.5953798595587E-03 8.59886897095073E-03 8.60070756823862E-03 8.60101440053225E-03 8.59992850128598E-03 8.59760675720259E-03 8.59420031616076E-03 8.5898699506288E-03 8.58477880860998E-03 8.57908626554706E-03 8.57293230611346E-03 8.56644766087373E-03 8.55973743658607E-03 8.55288065134098E-03 8.54593205556784E-03 8.53892434734108E-03 8.53188559286876E-03 8.52492107547264E-03 8.51828405848764E-03 8.51230712171477E-03 8.50284707902723E-03 0 0 0 0 0 0 0 0 0 0 0 0 0 0 0 0 0 0 0 0
7.9219687515224E-03 7.9777576364305E-03 8.03163259740966E-03 8.08350799845165E-03 8.13330553908684E-03 8.18094677116208E-03 8.2263471469822E-03 8.2694174802867E-03 8.31005870092083E-03 0.00834817144739 8.38366374335454E-03 8.41645937071872E-03 8.44649913307264E-03 8.47375364214338E-03 8.49822299534334E-03 8.51994316827005E-03 8.53898571873258E-03 8.55545657043255E-03 8.56948483806583E-03 8.58121136686764E-03 8.59077544958555E-03 8.59831001077856E-03 8.60394024712687E-03 8.60778159384631E-03 8.60994279694674E-03 8.61053358116532E-03 8.60967568791677E-03 8.60751408486433E-03 8.60421140478317E-03 8.59992086155425E-03 8.59480442239193E-03 8.58902755271991E-03 8.58275139271403E-03 8.57611671267483E-03 8.56925330543868E-03 8.56226558132638E-03 8.55522401204529E-03 8.54817383950689E-03 8.54115777004974E-03 8.53424890348225E-03 8.52763484443568E-03 8.52167117721979E-03 8.51230712171477E-03 0 0 0 0 0 0 0 0 0 0 0 0 0 0 0 0 0 0 0 0 0
7.97355389523222E-03 8.02793334919834E-03 8.0802999065117E-03 8.13057800999059E-03 8.17869785213432E-03 8.22459287216837E-03 8.26818762543296E-03 8.30939806539028E-03 8.34813119524087E-03 8.38429502629522E-03 8.41780507010152E-03 8.44859421560956E-03 8.47661695075054E-03 8.50185832594914E-03 8.52433497784694E-03 8.54409819425746E-03 8.56123630548617E-03 8.5758707106339E-03 8.58814270650411E-03 8.59820040756486E-03 8.60618601460854E-03 8.61223176143258E-03 8.61645933572976E-03 8.61898138818223E-03 8.61990539930157E-03 8.61934171260358E-03 8.61741502875967E-03 8.61427179214878E-03 8.61007576576706E-03 8.60498590615276E-03 8.59916876865415E-03 8.59279114706215E-03 8.58601453873564E-03 8.57898335426068E-03 8.5718315725219E-03 8.56466560881913E-03 8.55754366082644E-03 8.55049796716157E-03 8.54360533798722E-03 8.53701846111743E-03 8.53105443720659E-03 8.52167117721979E-03 0 0 0 0 0 0 0 0 0 0 0 0 0 0 0 0 0 0 0 0 0 0
8.02387128246167E-03 8.07677292902974E-03 8.12757007705696E-03 8.17619593561502E-03 8.22258895365021E-03 8.26669359722442E-03 8.30844144135099E-03 8.34775296015361E-03 8.38454125758249E-03 8.41872251398461E-03 8.45022171084548E-03 8.47898300696352E-03 8.50497640540689E-03 8.52820430733239E-03 8.54870155059699E-03 8.56653517293104E-03 8.58181077967447E-03 8.59466494912282E-03 8.60524853904009E-03 8.6137140989129E-03 8.62020399971888E-03 8.62484739973451E-03 8.62776176305725E-03 8.62905611790835E-03 8.62883579620559E-03 8.62721114352979E-03 8.62430874191118E-03 8.62027610234876E-03 8.61527869421132E-03 8.60947892429074E-03 8.60304808211712E-03 8.59615554356758E-03 8.58896389695247E-03 8.58162288296066E-03 8.57428272179022E-03 8.56706583652338E-03 8.56000487665556E-03 8.55309197579007E-03 8.54649909194913E-03 8.54049973517203E-03 8.53105443720659E-03 0 0 0 0 0 0 0 0 0 0 0 0 0 0 0 0 0 0 0 0 0 0 0
8.07287227020983E-03 8.12422562483101E-03 8.17338939187117E-03 8.22030564820456E-03 8.26492152262392E-03 8.30719088922875E-03 8.34705038122053E-03 8.38442487555247E-03 8.41923445010816E-03 8.45140461651636E-03 8.48087198464703E-03 8.50759392044593E-03 8.53155802176604E-03 8.55278569782018E-03 8.57133087412759E-03 8.58727725136389E-03 8.60074770363003E-03 8.61189157459087E-03 8.62086591962585E-03 8.62782464246279E-03 8.63290756494814E-03 8.63623969378171E-03 8.63793410240656E-03 8.63809491201392E-03 8.63682425671422E-03 8.63423225400489E-03 8.63044708299136E-03 8.62561703222008E-03 8.61990968319501E-03 8.61349021290931E-03 8.60653314464611E-03 8.59921000413191E-03 8.59168598961319E-03 8.58412458624423E-03 8.57671836651351E-03 8.56963989873128E-03 8.56287375502608E-03 8.55620991767858E-03 8.55012240215288E-03 8.54049973517203E-03 0 0 0 0 0 0 0 0 0 0 0 0 0 0 0 0 0 0 0 0 0 0 0 0
8.12048941529958E-03 8.17022248500266E-03 8.21768793188629E-03 8.26283707797958E-03 8.30562530834265E-03 8.34601437580201E-03 8.38394575425299E-03 8.41934905561244E-03 8.45215219154884E-03 8.48229151420042E-03 8.50971704398354E-03 8.53440123309428E-03 8.55635119866144E-03 8.57560846953429E-03 8.5922463190341E-03 8.60636494124544E-03 8.61810218676275E-03 8.62761746695895E-03 8.63507124107546E-03 8.64061590240972E-03 8.64438675451985E-03 8.64650327949611E-03 8.64707299890793E-03 8.64619461463299E-03 8.64396725839713E-03 8.64050077729545E-03 8.6359246807074E-03 8.63038758608349E-03 8.62406035309337E-03 8.61711180855659E-03 8.60971678660574E-03 8.60204418596013E-03 8.59425968931141E-03 8.58655897137622E-03 8.57923959347966E-03 8.57262629682806E-03 8.56669446508993E-03 8.56020038238992E-03 8.55012240215288E-03 0 0 0 0 0 0 0 0 0 0 0 0 0 0 0 0 0 0 0 0 0 0 0 0 0
8.16664183661388E-03 8.21468408844551E-03 8.26038850847279E-03 8.30371596639451E-03 8.34462962081519E-03 8.38309737058892E-03 8.41906568479718E-03 8.45247030240163E-03 8.48324851067014E-03 8.51134817285734E-03 8.53673426800373E-03 8.55939689776101E-03 8.57936409220888E-03 8.59669710247198E-03 8.61148784143484E-03 8.62385246424892E-03 8.63394117365428E-03 8.64191983295594E-03 8.64794942948734E-03 8.65217871700037E-03 8.65473688375193E-03 8.65573658542753E-03 8.65527876011084E-03 8.65345652259046E-03 8.65036631163078E-03 8.64611795373809E-03 8.64084229286523E-03 8.63468774840885E-03 8.62782943245926E-03 8.62044285071669E-03 8.61270094895679E-03 8.60475866093732E-03 8.5967636060407E-03 0.008588951429762 8.58184738927421E-03 8.57622228177622E-03 8.57285771585726E-03 8.56020038238992E-03 0 0 0 0 0 0 0 0 0 0 0 0 0 0 0 0 0 0 0 0 0 0 0 0 0 0
8.21124130605472E-03 8.2575262357385E-03 8.30141138079404E-03 8.3428674310593E-03 8.3818649843258E-03 8.41837656196847E-03 8.45235453895224E-03 8.48374265555032E-03 8.5124887074573E-03 8.53855314897379E-03 8.56191762036813E-03 8.5825919124266E-03 8.60062418427661E-03 8.61609473091386E-03 8.62911293089413E-03 8.63980953826718E-03 8.64834354621855E-03 8.65488408264198E-03 8.65959085460141E-03 8.66260693286424E-03 8.66405394538903E-03 8.66403671081154E-03 8.66264915776925E-03 8.65997901309657E-03 8.65612043634486E-03 8.65118286391963E-03 8.64529754948716E-03 8.63861344782686E-03 8.63131379466763E-03 8.62358707675131E-03 8.6156054095843E-03 8.60749072971371E-03 8.5993083258536E-03 8.59124775384656E-03 8.58422975062336E-03 8.57968667988898E-03 8.57920753123638E-03 0 0 0 0 0 0 0 0 0 0 0 0 0 0 0 0 0 0 0 0 0 0 0 0 0 0 0
8.25420239225688E-03 8.29867116003108E-03 8.34068716973356E-03 8.38023029941004E-03 8.41727800633209E-03 8.45180774487334E-03 8.48377906769575E-03 8.51314447810949E-03 8.53986367274532E-03 8.56391164671043E-03 8.58528818728829E-03 8.60402226414085E-03 8.62018112505837E-03 8.63386376181373E-03 8.64519574497913E-03 8.65431896981717E-03 8.66139779534789E-03 8.66660299627943E-03 8.67009105643511E-03 8.67199766029349E-03 8.67243609732585E-03 8.67150252336982E-03 8.66928327069293E-03 8.66586155062107E-03 8.66133012280478E-03 8.65579717844171E-03 8.6493922609362E-03 8.64226419748466E-03 8.63461225167892E-03 8.62665610143523E-03 8.61858461940528E-03 8.61047873554145E-03 8.60217347796565E-03 8.59333500023815E-03 8.58574655061964E-03 8.58138760545922E-03 8.57920753123638E-03 0 0 0 0 0 0 0 0 0 0 0 0 0 0 0 0 0 0 0 0 0 0 0 0 0 0 0
8.29544625239772E-03 8.33804997505147E-03 8.3781566082156E-03 8.41575543471667E-03 8.45083095010047E-03 8.48336584375926E-03 8.51332675931713E-03 8.54067645086763E-03 8.56538862827341E-03 8.58745424428724E-03 8.6068908641293E-03 8.6237455099316E-03 8.63810411400176E-03 8.65008307439664E-03 8.65982179126797E-03 0.008667470094645 8.67319659808566E-03 8.67717176005164E-03 8.67954582040548E-03 8.68044566423694E-03 8.67997610009259E-03 8.67822523739428E-03 8.67527293192363E-03 8.67119765248685E-03 8.66609062666937E-03 8.66005824442243E-03 8.65322579777224E-03 8.64573749248696E-03 8.63782089780215E-03 8.62976457924015E-03 8.62183548974241E-03 8.61417676646682E-03 8.60630061184834E-03 8.59510240626832E-03 8.58574655061964E-03 8.58138760545922E-03 0 0 0 0 0 0 0 0 0 0 0 0 0 0 0 0 0 0 0 0 0 0 0 0 0 0 0 0
8.33491265189022E-03 8.37561335530723E-03 8.4137814767689E-03 8.44941623467385E-03 8.48250934479576E-03 8.51304780276541E-03 8.54100658806418E-03 8.56636104671465E-03 8.58910064324898E-03 8.60923201021761E-03 8.62678974643718E-03 8.64183812465397E-03 8.65448038577119E-03 8.66484785799111E-03 8.67309053284975E-03 8.67936548909362E-03 8.68384471595221E-03 0.008686694717873 8.68805681413726E-03 8.68804930663638E-03 8.68676931943519E-03 8.68429814759971E-03 8.6807106603658E-03 8.67608068022604E-03 8.67049677675225E-03 8.66406233388576E-03 8.65689509959383E-03 8.64912786385278E-03 8.64102476251176E-03 8.63299205164318E-03 8.62549403337001E-03 8.61918568539632E-03 8.61503904241687E-03 8.59510240626832E-03 0 0 0 0 0 0 0 0 0 0 0 0 0 0 0 0 0 0 0 0 0 0 0 0 0 0 0 0 0 0
8.37255737083644E-03 8.41132872467023E-03 8.44754106842003E-03 8.48120374912237E-03 8.51231596683171E-03 8.54086783752563E-03 8.5668460019666E-03 8.59024016198687E-03 8.61105576553451E-03 8.62931398876498E-03 8.64506620461535E-03 0.008658392670608 8.6694112685959E-03 8.67826596923448E-03 8.68511450399146E-03 8.69011993601327E-03 8.6934540644828E-03 8.6952776269085E-03 8.69572387311131E-03 8.69490359739627E-03 8.69290766177811E-03 8.68981120714851E-03 8.68568481425343E-03 8.68059892640551E-03 8.67463796839124E-03 8.66789981032649E-03 8.6604883386126E-03 8.65251768677277E-03 8.64428397855486E-03 8.63632189369955E-03 8.62926393501522E-03 8.62425631338066E-03 8.62366095968774E-03 0 0 0 0 0 0 0 0 0 0 0 0 0 0 0 0 0 0 0 0 0 0 0 0 0 0 0 0 0 0 0
8.40835211794471E-03 8.44518102511072E-03 8.4794345344451E-03 0.008511130181688 8.54027412824152E-03 8.56686299749912E-03 8.5908974670985E-03 8.61238095601969E-03 8.63133366385324E-03 8.64779097669562E-03 8.66182013062945E-03 8.67351569571188E-03 8.68300789131493E-03 8.69045029398604E-03 8.69600620877878E-03 8.69984267296513E-03 8.70212865698236E-03 8.7030184389863E-03 8.70263852979983E-03 8.70109473180038E-03 8.69847381935913E-03 8.69484558957916E-03 8.69027625191989E-03 8.68483406039097E-03 8.67859863586329E-03 8.67165890451998E-03 8.66409918628194E-03 8.65600862755523E-03 8.64769738674436E-03 8.63977728507661E-03 8.63278941075956E-03 8.62722642931259E-03 8.62366095968774E-03 0 0 0 0 0 0 0 0 0 0 0 0 0 0 0 0 0 0 0 0 0 0 0 0 0 0 0 0 0 0 0
8.44228110500925E-03 8.47716782174899E-03 8.50947234748983E-03 8.53921954469588E-03 8.56642436590077E-03 8.59109275098887E-03 8.6132368820349E-03 8.63287366553368E-03 8.65003702173636E-03 8.66477588061131E-03 8.67717069060679E-03 8.6873287437586E-03 8.69539032435976E-03 8.7015161405971E-03 8.70587369062188E-03 8.70863245300782E-03 8.70995802045774E-03 8.70999811769797E-03 8.70887492827553E-03 8.70669108068227E-03 8.70353038530412E-03 8.69945938514094E-03 8.69454152075671E-03 8.68884369336155E-03 8.68244135548419E-03 8.67541023041101E-03 8.66780897517016E-03 8.65970896746329E-03 8.65145032222869E-03 8.64369446620689E-03 8.63693710653835E-03 8.62722642931259E-03 0 0 0 0 0 0 0 0 0 0 0 0 0 0 0 0 0 0 0 0 0 0 0 0 0 0 0 0 0 0 0 0
8.47436500043787E-03 8.50732309192365E-03 8.5377007394076E-03 8.5655317210827E-03 8.59084100307579E-03 8.61364284756101E-03 8.63395957963872E-03 8.65182131597618E-03 8.66727477048899E-03 8.68038065600047E-03 8.69123055391159E-03 8.6999429519699E-03 8.70666618042042E-03 8.71156669207593E-03 8.71481533688045E-03 8.71658175398445E-03 8.71702675690142E-03 8.71629420222526E-03 8.71450522626161E-03 8.71176057937142E-03 8.70814149150893E-03 8.70371281213573E-03 8.69853826227385E-03 8.69268755416507E-03 8.68623693578676E-03 8.67925073877794E-03 8.67174551208884E-03 8.66375083813323E-03 8.65573458245007E-03 8.64842829447873E-03 8.63693710653835E-03 0 0 0 0 0 0 0 0 0 0 0 0 0 0 0 0 0 0 0 0 0 0 0 0 0 0 0 0 0 0 0 0 0
8.50465002016991E-03 8.53570647350312E-03 8.56419305558408E-03 8.5901534780327E-03 8.61362102182043E-03 8.63461666717598E-03 0.008653173912093 8.66933553147171E-03 8.68315977418911E-03 8.69471680507291E-03 8.7041083296195E-03 8.71146255927204E-03 8.71693414143917E-03 8.72069388538846E-03 8.72291476939251E-03 8.72376611825489E-03 8.72340586763849E-03 8.72197510018334E-03 8.71959494010713E-03 8.71636654950237E-03 8.7123703162842E-03 8.70766969780301E-03 8.70233175993396E-03 8.69643867802279E-03 8.69008388060827E-03 8.68334942537217E-03 8.67619508586309E-03 8.6683912508287E-03 8.66081410818227E-03 8.64842829447873E-03 0 0 0 0 0 0 0 0 0 0 0 0 0 0 0 0 0 0 0 0 0 0 0 0 0 0 0 0 0 0 0 0 0 0
0.008533202419196 8.56239519160423E-03 8.58903745881117E-03 8.61318113623453E-03 8.63486603704333E-03 8.65412082111676E-03 8.67099060311716E-03 8.68552929671128E-03 8.69780454896429E-03 8.70789514141485E-03 8.71591188531506E-03 8.72199085041595E-03 8.72629155032398E-03 8.72898820818533E-03 8.73025573936316E-03 8.73026315382523E-03 8.72916673984486E-03 8.72710684168122E-03 8.72420586411623E-03 8.72056753206714E-03 8.71627401196176E-03 8.71138898713833E-03 8.70598545749659E-03 8.7001695300923E-03 8.69408791415631E-03 8.68794060524808E-03 8.68172729252475E-03 8.67390249360854E-03 8.66081410818227E-03 0 0 0 0 0 0 0 0 0 0 0 0 0 0 0 0 0 0 0 0 0 0 0 0 0 0 0 0 0 0 0 0 0 0 0
8.5601014069939E-03 8.58747656406202E-03 8.61232745524657E-03 8.63471261652654E-03 8.6546789665167E-03 8.67226362713553E-03 8.68752148780823E-03 8.70051619869369E-03 8.7113230520425E-03 8.72002845011818E-03 8.72675011216476E-03 8.73163063119946E-03 8.73483366304586E-03 8.73653651255666E-03 8.73691665349866E-03 8.73614338051007E-03 8.73437331621927E-03 8.73174773869473E-03 8.72839166074598E-03 8.72441308764635E-03 8.71989871965647E-03 8.71491725180158E-03 8.70955221904444E-03 8.70393820540814E-03 8.69830993077598E-03 8.6932229824791E-03 8.68988662480745E-03 8.67390249360854E-03 0 0 0 0 0 0 0 0 0 0 0 0 0 0 0 0 0 0 0 0 0 0 0 0 0 0 0 0 0 0 0 0 0 0 0 0
8.58544245578148E-03 8.61105137808786E-03 8.63416765781447E-03 8.65485558175032E-03 8.67316953298243E-03 8.68915580724488E-03 8.70287756630996E-03 8.71440589353556E-03 8.72382189054459E-03 8.73121906013202E-03 8.7367205051757E-03 8.74047352645164E-03 8.74264543236427E-03 8.74341722355771E-03 8.74296985750909E-03 8.74147360460833E-03 8.73908666525726E-03 8.73595324398567E-03 8.73220263735165E-03 8.72794893418263E-03 8.72328728776235E-03 8.71829930070297E-03 8.7130861347116E-03 8.70779686255234E-03 8.70265496011983E-03 8.69834298297334E-03 8.69779911837176E-03 0 0 0 0 0 0 0 0 0 0 0 0 0 0 0 0 0 0 0 0 0 0 0 0 0 0 0 0 0 0 0 0 0 0 0 0 0
8.60932934551714E-03 8.63322666224156E-03 8.65466760047495E-03 8.67372151454597E-03 8.69045011851709E-03 8.7049091948904E-03 8.71716818330835E-03 8.72730387932306E-03 8.73540193000118E-03 8.74156215413064E-03 8.74591130953325E-03 8.74860047981935E-03 8.74980153373881E-03 8.74969935306789E-03 8.74847874503307E-03 8.7463118783433E-03 8.7433602240809E-03 8.73977237561907E-03 8.73568354424095E-03 8.73121578414249E-03 8.7264777025806E-03 8.72157744110123E-03 8.71665786637679E-03 8.71189589409611E-03 8.70727540318066E-03 8.7016267200656E-03 8.69779911837176E-03 0 0 0 0 0 0 0 0 0 0 0 0 0 0 0 0 0 0 0 0 0 0 0 0 0 0 0 0 0 0 0 0 0 0 0 0 0
8.63186765715234E-03 8.65410810384152E-03 8.67393187887971E-03 8.69141376677069E-03 8.70662289958069E-03 8.71962308839048E-03 8.7304884554286E-03 8.73930072481419E-03 8.74614928969051E-03 8.75113830139051E-03 8.75439696735279E-03 8.75608088486777E-03 8.75636705478869E-03 8.75544430788041E-03 8.75350118337257E-03 8.75071238218001E-03 8.74724428969204E-03 8.74325160403167E-03 8.73887729997446E-03 8.7342540440715E-03 8.72950864003222E-03 8.72479168949245E-03 8.72034563803739E-03 8.71658155557146E-03 8.71407272045002E-03 8.7016267200656E-03 0 0 0 0 0 0 0 0 0 0 0 0 0 0 0 0 0 0 0 0 0 0 0 0 0 0 0 0 0 0 0 0 0 0 0 0 0 0
8.65316003690503E-03 8.67379727116465E-03 8.69206108708499E-03 8.70803134539651E-03 8.72178372146008E-03 8.73338873268375E-03 8.74292442685545E-03 8.75047648336542E-03 8.75613682868544E-03 8.76001308279431E-03 8.76223816441734E-03 8.7629722289326E-03 8.76239686488654E-03 8.76070478621357E-03 8.75808848158383E-03 8.75472480200761E-03 8.75078595013422E-03 8.74643502930998E-03 8.74182487202189E-03 8.73710298535995E-03 8.73241936341338E-03 8.72797038203118E-03 8.7241095973831E-03 8.72149921460468E-03 8.7210119323118E-03 0 0 0 0 0 0 0 0 0 0 0 0 0 0 0 0 0 0 0 0 0 0 0 0 0 0 0 0 0 0 0 0 0 0 0 0 0 0 0
8.67329559363044E-03 8.6923807758446E-03 8.70913879643495E-03 8.72365469040533E-03 8.73600994892695E-03 8.74628056933888E-03 8.7545475178516E-03 8.7608986121833E-03 8.76542741082846E-03 8.76824576340877E-03 8.76949159111611E-03 8.76932880867071E-03 8.76794264266141E-03 8.76552993257878E-03 8.76228741150819E-03 8.75839398271328E-03 8.75402775712145E-03 0.008749362610376 8.74456390780682E-03 8.73979843198334E-03 8.73524635961102E-03 8.73115078019711E-03 8.7279255587489E-03 8.72613348285429E-03 8.7210119323118E-03 0 0 0 0 0 0 0 0 0 0 0 0 0 0 0 0 0 0 0 0 0 0 0 0 0 0 0 0 0 0 0 0 0 0 0 0 0 0 0
8.69235211945237E-03 8.70993416741819E-03 8.7252388650541E-03 8.73835614494409E-03 8.74937184732298E-03 8.75836628834708E-03 8.76542194990321E-03 8.77062772876067E-03 8.77407953896461E-03 8.77589342464701E-03 8.77621180946315E-03 8.7752020922472E-03 8.77305328948263E-03 8.76996594852236E-03 8.76614044962626E-03 8.76175880737749E-03 8.75700575582316E-03 8.75206817444647E-03 8.74712659155109E-03 8.74237084245952E-03 8.73801982286227E-03 8.73438496910478E-03 8.73200757596802E-03 8.73159468611838E-03 0 0 0 0 0 0 0 0 0 0 0 0 0 0 0 0 0 0 0 0 0 0 0 0 0 0 0 0 0 0 0 0 0 0 0 0 0 0 0 0
