NongDo/Fusa 16.3h.grd
DSAA
463	323
2	464
2	324
0	10
[rows 140 to 167 of 323, columns 192 to 255 of 463]
7.49521486341971E-03 7.58343418367767E-03 7.67090025672634E-03 7.75736637441498E-03 7.84256681388887E-03 7.92618287791871E-03 8.00790773062335E-03 8.08743381801537E-03 8.16447106643088E-03 8.23872504131598E-03 8.30991677160225E-03 8.37777388841754E-03 8.4420633427841E-03 8.50259341137822E-03 8.55921599825313E-03 8.61183251627673E-03 8.6603997865448E-03 8.70493740950557E-03 8.74551491134143E-03 8.78224820991545E-03 8.81528786541983E-03 8.84481108247854E-03 8.87100715252421E-03 8.89407003163999E-03 8.91418803107646E-03 8.93153441141477E-03 8.94626474287286E-03 8.95852060104332E-03 8.96846347469106E-03 8.97627842612904E-03 8.98217165823998E-03 8.98635321803533E-03 8.98902925209688E-03 8.99039982669441E-03 8.99065465211246E-03 8.98996539390244E-03 8.9884812773489E-03 8.9863263635157E-03 8.98359832359647E-03 8.98036520290573E-03 8.97668855055819E-03 8.97262582911752E-03 8.96823761408282E-03 8.96359760608898E-03 8.95881662781612E-03 8.95405622113392E-03 8.9495388084538E-03 8.94176342821609E-03 0 0 0 0 0 0 0 0 0 0 0 0 0 0 0 0
7.5757917176395E-03 7.66349445029152E-03 7.75013982076029E-03 7.83548981752797E-03 7.91928852110464E-03 8.00122721621257E-03 8.08102908223531E-03 8.15841680302224E-03 8.23312806478367E-03 8.30489141438216E-03 8.37345043028287E-03 8.43855358425975E-03 8.49999026685631E-03 8.5575899523151E-03 8.61122356810771E-03 8.66081160564494E-03 8.70633264557626E-03 8.74783102270544E-03 8.78539992530965E-03 8.81917958679294E-03 8.84934155160491E-03 8.87607880170742E-03 8.89959307194524E-03 8.92008721879951E-03 8.93775416911164E-03 8.95276917887929E-03 8.96528972510659E-03 8.97545804574157E-03 8.98344626150606E-03 8.98945465996419E-03 8.99369586330861E-03 8.99638153679439E-03 8.99771800935505E-03 8.99790341715325E-03 8.99712230297935E-03 8.99553797019257E-03 8.99329096560306E-03 8.99049387111499E-03 8.98723024222892E-03 8.98354999976798E-03 8.97950766864425E-03 8.97516651019056E-03 8.97059456325862E-03 8.96588734269637E-03 8.96121514291196E-03 8.95684135079282E-03 8.9495388084538E-03 0 0 0 0 0 0 0 0 0 0 0 0 0 0 0 0 0
7.65525985249112E-03 7.74219977677293E-03 7.82779613728846E-03 7.91181517625899E-03 7.99400880250577E-03 8.07409111307375E-03 8.15182109848345E-03 8.22694926948151E-03 8.29923502987066E-03 8.36842494460902E-03 8.43428067292739E-03 8.49657277189784E-03 8.55511224416154E-03 8.60974784863005E-03 8.66036937315374E-03 8.70691897197442E-03 8.74939943156736E-03 8.78788022259664E-03 8.82247962837045E-03 8.85336313174315E-03 8.88072288620057E-03 8.90476597696336E-03 8.92570405041399E-03 8.94374547852089E-03 8.95908424897959E-03 8.97189488893974E-03 8.98233514739735E-03 8.99055132878924E-03 8.99672811237068E-03 9.00107604592802E-03 9.00380891402822E-03 9.00513828352234E-03 9.00526996088393E-03 9.00439992370036E-03 9.00270836369596E-03 9.00034885593214E-03 8.99745105585454E-03 8.99411606504387E-03 8.99041473726092E-03 8.98637942097446E-03 8.98205954331769E-03 8.97753586964388E-03 8.97289948609457E-03 8.96828765921777E-03 8.96394565497653E-03 8.95684135079282E-03 0 0 0 0 0 0 0 0 0 0 0 0 0 0 0 0 0 0
7.73353440393008E-03 7.81948661576398E-03 7.90382510630074E-03 7.98631628456114E-03 8.06672526254292E-03 8.14480622585463E-03 8.2203418878239E-03 8.29310710405844E-03 8.36287606796952E-03 8.42941222424337E-03 8.49249338865063E-03 8.55191620755057E-03 8.60750953974479E-03 8.65914150793769E-03 8.70672300409447E-03 8.75022187980057E-03 8.78966731165098E-03 8.82515440381509E-03 8.85682913244567E-03 8.88488219831392E-03 8.90952508088258E-03 8.93097580333586E-03 8.94945289018847E-03 8.96516641024289E-03 8.97830775242393E-03 8.98904856817581E-03 8.99754632189747E-03 9.00395392060052E-03 9.00846528149296E-03 9.01129730603223E-03 9.01266288779055E-03 9.01277215978038E-03 9.01183017520956E-03 9.0100296223071E-03 9.00754570894386E-03 9.00452307651681E-03 9.00107838905509E-03 8.99730012967092E-03 8.99324710149772E-03 8.98894394943572E-03 8.98444054353892E-03 8.97984783065092E-03 8.97530592862968E-03 8.97101832905889E-03 8.96394565497653E-03 0 0 0 0 0 0 0 0 0 0 0 0 0 0 0 0 0 0 0
7.81058688698775E-03 7.89534260094617E-03 7.97822445377029E-03 8.05900815111431E-03 8.1374819002488E-03 8.21343514699484E-03 8.28666238861844E-03 8.35695997111577E-03 8.42411465232882E-03 8.48790960943827E-03 8.54814043733784E-03 8.60462788116302E-03 8.65721722800358E-03 8.70579982568018E-03 8.75031200214054E-03 8.79074983432421E-03 8.82717061302862E-03 8.85969758087655E-03 8.88850576284159E-03 8.91380867361412E-03 8.93583339131039E-03 8.95480613499779E-03 8.97094845655976E-03 8.98446757037067E-03 8.99554915583493E-03 9.00436057802869E-03 9.01105925049231E-03 9.01580587909284E-03 9.01880077290475E-03 0.009020261661233 9.0203982040423E-03 9.01942045334603E-03 9.01753314109593E-03 9.01492394204451E-03 9.01176055859875E-03 9.00818025132991E-03 9.00428637283244E-03 9.00015244775319E-03 8.99582550584273E-03 8.99133636991068E-03 8.98675281584222E-03 8.98223450662482E-03 8.97799505232754E-03 8.97101832905889E-03 0 0 0 0 0 0 0 0 0 0 0 0 0 0 0 0 0 0 0 0
7.88642992278227E-03 7.96979612545425E-03 8.05104181737708E-03 8.12995826341949E-03 8.20635277753527E-03 8.28003996963887E-03 8.3508328756201E-03 8.41854412623455E-03 8.48297561000704E-03 8.54393052006095E-03 8.60122387963208E-03 8.6546968675669E-03 8.70421833894982E-03 8.74970603970719E-03 8.79112588851753E-03 8.82850325608555E-03 8.86192580043805E-03 8.8915461010759E-03 8.91756611115806E-03 8.94021848583042E-03 8.95974121158667E-03 8.97636501757306E-03 8.99030884863035E-03 9.00177317873435E-03 9.01093664690954E-03 9.01796130260845E-03 9.02300383470943E-03 9.02623308310524E-03 9.02785325385685E-03 9.0280790354005E-03 9.02711882046602E-03 9.02518274124469E-03 0.009022474015777 9.01917521188905E-03 9.0154465368349E-03 9.01141636288933E-03 9.00717324242245E-03 9.00277400486525E-03 8.99826205221797E-03 8.99368791281997E-03 8.98916614368795E-03 8.98492279548644E-03 8.97799505232754E-03 0 0 0 0 0 0 0 0 0 0 0 0 0 0 0 0 0 0 0 0 0
7.96098270706406E-03 8.04277160387461E-03 8.1222079021224E-03 8.19909894281494E-03 8.27326677487571E-03 8.3445486375976E-03 8.41277847506956E-03 8.47778441659503E-03 0.008539385167912 8.59740339505714E-03 8.65167414618648E-03 8.70206077597536E-03 8.7484614480976E-03 8.79082405984018E-03 8.82914734269047E-03 8.86348607808008E-03 8.89395923484287E-03 8.92074870918463E-03 8.94407994461131E-03 8.96420014835093E-03 8.98135310524443E-03 8.99576820603382E-03 9.00765665289432E-03 9.01721073390261E-03 9.02460128932382E-03 9.02998496822158E-03 9.03351827998147E-03 9.03537381113141E-03 9.03575378555746E-03 9.03487272491697E-03 9.03294222237414E-03 9.03017080047469E-03 9.02675747840447E-03 9.02288100493565E-03 9.0186977773507E-03 9.01432823064405E-03 9.00984122183366E-03 9.00527186916338E-03 9.00067605958458E-03 8.99614894291027E-03 8.99188979007414E-03 8.98492279548644E-03 0 0 0 0 0 0 0 0 0 0 0 0 0 0 0 0 0 0 0 0 0 0
8.03410255721264E-03 8.1141234062833E-03 8.19157223607023E-03 8.2662724004792E-03 8.33806254223347E-03 8.4068029118606E-03 8.47234600092802E-03 8.53453482625132E-03 8.59320527906735E-03 8.64820087921407E-03 8.69937973900887E-03 8.74663028323025E-03 8.78988195817178E-03 8.8291164379685E-03 8.86436692050444E-03 8.89571702366993E-03 8.92331671449532E-03 8.94737592277252E-03 8.96813842051113E-03 8.98586049832685E-03 9.00078636497048E-03 9.01313884634745E-03 9.02311954217645E-03 9.03091126136571E-03 9.03667514609112E-03 9.04056195573517E-03 9.04272739846852E-03 9.04334671163088E-03 9.04262172080524E-03 9.04076521515522E-03 9.0379900393089E-03 9.03450307253267E-03 9.03049890652257E-03 9.02615343949182E-03 9.02162710016525E-03 9.01704145245196E-03 9.01243401517582E-03 9.00779433686021E-03 9.00323580546295E-03 8.99893181961688E-03 8.99188979007414E-03 0 0 0 0 0 0 0 0 0 0 0 0 0 0 0 0 0 0 0 0 0 0 0
8.10561157445244E-03 8.18367318558981E-03 8.25895648126281E-03 8.33130266941202E-03 8.40056936163893E-03 8.46663876983515E-03 8.52937974351439E-03 8.5886503735205E-03 8.64430526765572E-03 8.6962103732264E-03 8.74424968112849E-03 8.78833893074463E-03 8.82844114014194E-03 8.86457320386833E-03 8.89680303199045E-03 8.92524324744328E-03 8.95007354391053E-03 8.97152712812321E-03 8.98985986205749E-03 9.00533137878638E-03 9.01818121115878E-03 9.02862294990412E-03 9.03684740052832E-03 9.04302573158227E-03 9.04730788923933E-03 9.04983903338436E-03 9.05077434117536E-03 9.05029117798643E-03 9.04859172225937E-03 9.04588689686064E-03 9.04238827434666E-03 9.03829939851026E-03 9.03381059957911E-03 9.02910008252532E-03 9.0243503685396E-03 9.01970876828852E-03 9.01516263517101E-03 9.01052883211928E-03 9.00613923030039E-03 8.99893181961688E-03 0 0 0 0 0 0 0 0 0 0 0 0 0 0 0 0 0 0 0 0 0 0 0 0
8.17531247525407E-03 8.25122602523936E-03 8.32417034955258E-03 8.39400663416702E-03 8.46061236267401E-03 8.52389040840599E-03 8.58372610467766E-03 8.63999337792844E-03 8.69256689055346E-03 8.74133686757803E-03 8.78621506444568E-03 8.82714643808927E-03 8.86412943959938E-03 8.89721651890892E-03 8.92650919897331E-03 8.95214776542288E-03 8.97433709511263E-03 8.99332848503531E-03 9.00938458226751E-03 9.02276294242314E-03 9.03369454867819E-03 9.0423813772327E-03 9.04900109998888E-03 9.05371187812933E-03 9.05665322231348E-03 9.05796527173807E-03 9.05780313164638E-03 9.05634586297845E-03 9.05379707900739E-03 9.05036619166256E-03 9.04626045662198E-03 9.04167524911613E-03 9.03679340891956E-03 9.03180772016694E-03 9.02696918284979E-03 9.0225268681173E-03 9.0184436381913E-03 9.01372631372824E-03 9.00613923030039E-03 0 0 0 0 0 0 0 0 0 0 0 0 0 0 0 0 0 0 0 0 0 0 0 0 0
8.24299719763705E-03 8.3165823380212E-03 8.38702515849268E-03 8.45420867201788E-03 8.51803084533271E-03 8.57841321478027E-03 8.63525793525556E-03 8.68845689994321E-03 8.73790698612728E-03 8.78352301906639E-03 8.82524583741456E-03 8.86305236868733E-03 8.89697717851302E-03 8.92710606271182E-03 8.95357161324144E-03 0.008976540029667 8.99623642959436E-03 9.01292370734143E-03 9.02686601256924E-03 9.0383146103113E-03 9.04748877256405E-03 9.05457691821676E-03 9.05974183970656E-03 9.06312801251528E-03 9.06486556196162E-03 9.06509095030691E-03 9.06395986598589E-03 9.06165218305624E-03 9.05837316562745E-03 9.05433296092638E-03 9.04973235431412E-03 9.04474856566741E-03 9.03954114009759E-03 9.03432173856041E-03 9.02950272005698E-03 9.02565609333304E-03 9.02333096333367E-03 9.01372631372824E-03 0 0 0 0 0 0 0 0 0 0 0 0 0 0 0 0 0 0 0 0 0 0 0 0 0 0
8.30845735757724E-03 8.37954741130083E-03 8.44734158072444E-03 8.51174625042218E-03 8.57268041503288E-03 8.63008233013492E-03 8.68387219191481E-03 8.73396240772872E-03 8.78027333629737E-03 8.82274515302212E-03 8.8613490158612E-03 8.89609553267173E-03 8.92705253868376E-03 8.95433659530067E-03 8.97810814934661E-03 8.99855639932033E-03 9.01592048842652E-03 9.03046935211597E-03 9.04246513969094E-03 9.05214870756126E-03 9.05972484769444E-03 9.06536713350115E-03 9.06922302567257E-03 9.07142324887535E-03 9.0720902040764E-03 9.07135737797759E-03 9.06938058879535E-03 9.06634039560017E-03 9.0624465034758E-03 9.05791393010898E-03 9.05293643502941E-03 9.04765741797512E-03 9.04216308938429E-03 9.03661775958712E-03 9.03172578606839E-03 9.02855204308763E-03 9.02820726594362E-03 0 0 0 0 0 0 0 0 0 0 0 0 0 0 0 0 0 0 0 0 0 0 0 0 0 0 0
8.37150053618706E-03 8.43994898312009E-03 8.50496937830248E-03 8.56649140589696E-03 8.62445495323899E-03 8.67881557778986E-03 8.72951297174461E-03 8.77648058672284E-03 8.81966370556011E-03 8.85902975454049E-03 8.89458087767536E-03 8.92635885248305E-03 8.95446169064213E-03 8.97903488802169E-03 9.00026350972796E-03 9.01835334045659E-03 9.0335519776175E-03 9.04613175571766E-03 9.0563488294265E-03 9.0644300584461E-03 9.07056401291744E-03 9.07490834722675E-03 9.07759507426367E-03 9.07874321785342E-03 9.07846929412264E-03 9.07690350276708E-03 9.07420002141833E-03 9.07053925452669E-03 9.06614048769969E-03 9.06123593893806E-03 9.05602400679553E-03 9.05060617845444E-03 9.04488150679351E-03 9.03860517985619E-03 9.03313880934723E-03 9.03002567002818E-03 9.02820726594362E-03 0 0 0 0 0 0 0 0 0 0 0 0 0 0 0 0 0 0 0 0 0 0 0 0 0 0 0
8.43195682031482E-03 8.49764094758319E-03 8.55978625863801E-03 8.61834675258653E-03 8.67328379857683E-03 0.008724570457136 8.77216518824302E-03 8.81602399453196E-03 8.85611933628927E-03 8.89244675240647E-03 8.92503724575586E-03 8.95396019710003E-03 8.9793415847286E-03 9.00135276692732E-03 9.02019897165326E-03 9.03609646209984E-03 9.04929909372772E-03 9.06007966531767E-03 9.06868243669279E-03 9.07531748514018E-03 9.08015689839007E-03 9.08334325054225E-03 9.08499544091612E-03 9.08522225241409E-03 9.08413442884502E-03 9.08185855337186E-03 9.0785451225271E-03 9.07437079682233E-03 9.06957183411626E-03 9.06442348725743E-03 9.05917277588247E-03 9.05395401782084E-03 9.04840522757362E-03 9.04016646784696E-03 9.03313880934723E-03 9.03002567002818E-03 0 0 0 0 0 0 0 0 0 0 0 0 0 0 0 0 0 0 0 0 0 0 0 0 0 0 0 0
8.48969587319496E-03 8.55251822744125E-03 8.61171298954327E-03 8.66725961682388E-03 8.71914123548951E-03 8.76734642421292E-03 8.81185367439906E-03 8.85264424569259E-03 8.88971920848898E-03 8.9231002362932E-03 8.95284454898136E-03 8.97904624363804E-03 9.00185549708677E-03 9.02146468035375E-03 9.03809362146843E-03 9.05196772195489E-03 9.06334457343792E-03 9.07249111862529E-03 9.07963510698089E-03 9.08496985841099E-03 9.0886524330368E-03 9.09081267205876E-03 9.09155886233999E-03 9.09099055555728E-03 9.08921231781036E-03 9.08634639492611E-03 9.08253681679066E-03 9.07795010256113E-03 9.07284301446393E-03 9.06756766836728E-03 9.06250704997356E-03 9.05816273485893E-03 9.05524941811976E-03 9.04016646784696E-03 0 0 0 0 0 0 0 0 0 0 0 0 0 0 0 0 0 0 0 0 0 0 0 0 0 0 0 0 0 0
8.54462059877936E-03 8.60451004386349E-03 8.66070560279283E-03 8.71321245862004E-03 8.7620355835707E-03 8.80717652430277E-03 8.84863799744384E-03 8.88642803622436E-03 8.92057528246089E-03 8.95112414607971E-03 8.97815614586939E-03 9.00178678049276E-03 9.02218497391032E-03 9.0395595972234E-03 9.05413977242071E-03 9.06615906633445E-03 9.07587271675665E-03 9.08353750058428E-03 9.08936536793957E-03 9.09353415973485E-03 9.09618835641605E-03 9.09744704001438E-03 9.09740929446079E-03 9.09616674274878E-03 9.09381788380334E-03 9.09047849463964E-03 9.08628028713045E-03 9.08137200188034E-03 9.07602566385515E-03 9.07067560326776E-03 9.06581834449337E-03 9.06230691535185E-03 9.06187305794019E-03 0 0 0 0 0 0 0 0 0 0 0 0 0 0 0 0 0 0 0 0 0 0 0 0 0 0 0 0 0 0 0
8.59666758591551E-03 8.65358141105203E-03 8.70675887925068E-03 8.75622766338483E-03 8.80201323009972E-03 8.84413439042211E-03 8.88262023373587E-03 8.91750314340966E-03 8.94883607294931E-03 8.97668424787419E-03 9.00115060707552E-03 9.02236841691656E-03 9.0405207763797E-03 9.05582750453508E-03 9.06852322453879E-03 9.07884751403794E-03 9.08704921754379E-03 9.09337205726376E-03 9.09801362520811E-03 9.10113995586187E-03 9.10288600227264E-03 9.10336126439517E-03 9.10265617324999E-03 9.10085629964344E-03 9.0980542769134E-03 9.09435629869665E-03 9.0898754962877E-03 9.08473441483605E-03 9.07920412992889E-03 9.0737631601903E-03 9.06883287691388E-03 9.06478116344327E-03 9.06187305794019E-03 0 0 0 0 0 0 0 0 0 0 0 0 0 0 0 0 0 0 0 0 0 0 0 0 0 0 0 0 0 0 0
8.64580474042344E-03 8.69972822319214E-03 8.74989557995652E-03 8.79635518567756E-03 8.8391545208886E-03 8.87833267513046E-03 8.91393987543723E-03 8.94603122518891E-03 8.97468110218703E-03 8.99997343042623E-03 9.02202743256359E-03 9.04099107314659E-03 9.05705763016878E-03 9.07045328944503E-03 9.08141590333383E-03 9.09018926287029E-03 9.09701488525192E-03 9.10212091387035E-03 9.10569408665671E-03 9.10789138175011E-03 9.10883984040868E-03 9.10864096816595E-03 9.10737900289083E-03 9.10513489242114E-03 9.10199535356262E-03 9.09805304183819E-03 9.09339506038838E-03 9.08811803754183E-03 9.08250235405738E-03 9.07705285752006E-03 9.07215081275645E-03 9.06478116344327E-03 0 0 0 0 0 0 0 0 0 0 0 0 0 0 0 0 0 0 0 0 0 0 0 0 0 0 0 0 0 0 0 0
8.69206399080044E-03 8.74300927126485E-03 8.79019888498624E-03 8.83370346359937E-03 8.87359272223966E-03 8.90992304450019E-03 8.94276277676457E-03 8.97218840642534E-03 8.99829332395769E-03 9.02117653540617E-03 9.0409698109757E-03 9.05783319698445E-03 9.07196671565045E-03 9.08360027031098E-03 9.09297287824927E-03 9.10032887782184E-03 9.10590047160855E-03 9.10990328291167E-03 9.11251691697615E-03 9.11389056383443E-03 9.11414397548865E-03 9.11337257188181E-03 9.11165729938219E-03 9.10907725189544E-03 9.10571603237547E-03 9.10165235374575E-03 9.09693139348697E-03 9.0916021623806E-03 9.08603074357945E-03 9.08076879714153E-03 9.07215081275645E-03 0 0 0 0 0 0 0 0 0 0 0 0 0 0 0 0 0 0 0 0 0 0 0 0 0 0 0 0 0 0 0 0 0
8.73551766970985E-03 8.78352217802005E-03 8.82779110834967E-03 8.86841774399843E-03 8.90549010450638E-03 8.93907812392605E-03 8.96926896457529E-03 8.99615885132539E-03 9.01985750829601E-03 9.0404746919625E-03 9.05815287295282E-03 9.07306177861612E-03 9.08540517497491E-03 9.09541438586953E-03 9.10332723682395E-03 9.10938685767297E-03 9.11381796369435E-03 9.11682550460949E-03 9.11858241970877E-03 9.11923203648212E-03 9.11888876333637E-03 9.11764311575545E-03 9.11557440650458E-03 9.11276546379522E-03 9.10930747559927E-03 9.10528452579915E-03 9.1006871772073E-03 9.09535401782846E-03 9.08995258981976E-03 9.08076879714153E-03 0 0 0 0 0 0 0 0 0 0 0 0 0 0 0 0 0 0 0 0 0 0 0 0 0 0 0 0 0 0 0 0 0 0
8.77626892867047E-03 8.82139004796044E-03 8.8628142984202E-03 8.90065383207851E-03 8.93501127613481E-03 8.96597061042007E-03 8.99363740566698E-03 9.01812446882947E-03 9.03955396119941E-03 9.05804472050636E-03 9.07374797070239E-03 9.08684020785933E-03 9.09752653343385E-03 9.1060379935859E-03 9.11261036470342E-03 9.11748439224553E-03 9.12087816656718E-03 9.12298869736287E-03 9.12398353774477E-03 9.1240019974257E-03 9.12315536848685E-03 9.12153042252982E-03 9.11920568947713E-03 9.11627413649406E-03 9.11285760372125E-03 9.10911535829024E-03 9.10505633753547E-03 9.09953872284149E-03 9.08995258981976E-03 0 0 0 0 0 0 0 0 0 0 0 0 0 0 0 0 0 0 0 0 0 0 0 0 0 0 0 0 0 0 0 0 0 0 0
8.81444138477522E-03 8.85675145534916E-03 8.89541841398112E-03 8.93056974752718E-03 8.9623222843592E-03 8.99077442727239E-03 9.01604657633637E-03 9.03826519245819E-03 9.05756144004928E-03 9.07406170401797E-03 9.08792257965024E-03 9.09932534936974E-03 9.10847530507035E-03 9.11560234666309E-03 9.12094073539299E-03 9.12472828048362E-03 9.12717815948252E-03 9.12848116309187E-03 9.12880078668391E-03 9.12827384635541E-03 9.12701032857137E-03 9.12509622178595E-03 9.12261198982394E-03 9.11966188187371E-03 9.11641708734885E-03 9.11327543763556E-03 9.11111612884761E-03 9.09953872284149E-03 0 0 0 0 0 0 0 0 0 0 0 0 0 0 0 0 0 0 0 0 0 0 0 0 0 0 0 0 0 0 0 0 0 0 0 0
8.8501825018116E-03 8.88976407552064E-03 8.92576838127323E-03 8.95833579310359E-03 8.98759658414415E-03 9.01366390902885E-03 9.03667006900862E-03 9.05675103352404E-03 9.07404367532881E-03 9.0886813174069E-03 9.1008236531646E-03 9.11065399052244E-03 9.11837729724047E-03 9.12422302053631E-03 9.1284246001543E-03 9.13121638432468E-03 9.13280735450248E-03 9.13338419191385E-03 9.13310780047602E-03 9.13211389220579E-03 9.13051358334803E-03 9.12839695529692E-03 9.12585108267039E-03 9.12298058840921E-03 9.11993091283934E-03 9.1171623600571E-03 9.11679230710367E-03 0 0 0 0 0 0 0 0 0 0 0 0 0 0 0 0 0 0 0 0 0 0 0 0 0 0 0 0 0 0 0 0 0 0 0 0 0
8.88364938002181E-03 8.92059132458385E-03 8.95403210535891E-03 8.98412293684819E-03 9.01100623606279E-03 9.03480966656742E-03 9.05567387778331E-03 9.07374123824012E-03 9.08915189027072E-03 0.0091020451439 9.11258139622849E-03 9.12094454642136E-03 9.12734087598738E-03 9.13199939376564E-03 9.13515286480341E-03 9.13703176603445E-03 9.13784227527628E-03 9.13776821206963E-03 9.13696874540703E-03 9.13557980234545E-03 9.13371661186321E-03 9.13148177761952E-03 9.12898521974686E-03 9.12634253556034E-03 9.12352034262381E-03 9.11966027623127E-03 9.11679230710367E-03 0 0 0 0 0 0 0 0 0 0 0 0 0 0 0 0 0 0 0 0 0 0 0 0 0 0 0 0 0 0 0 0 0 0 0 0 0
8.91499847579002E-03 8.94939086714896E-03 8.98036615486848E-03 9.00808602471895E-03 9.03270422852624E-03 9.05436005398704E-03 9.07319968433561E-03 9.08937036441364E-03 9.10301374980283E-03 9.11427188172752E-03 9.1233045333032E-03 9.1302977869094E-03 9.13545983755752E-03 9.1390189866349E-03 9.14120675880557E-03 9.14225005729056E-03 9.14235319015738E-03 9.14169798962432E-03 9.1404429277252E-03 9.13872561597163E-03 9.13666791230844E-03 9.13439472500977E-03 9.13207587140085E-03 9.1299763184218E-03 9.12846668880532E-03 9.11966027623127E-03 0 0 0 0 0 0 0 0 0 0 0 0 0 0 0 0 0 0 0 0 0 0 0 0 0 0 0 0 0 0 0 0 0 0 0 0 0 0
8.94437826544349E-03 8.97631079237647E-03 9.00491786206319E-03 9.03037026382063E-03 9.05283123411939E-03 9.07244906490966E-03 9.08937379912057E-03 9.10375586548275E-03 9.11573644614232E-03 9.12545833651011E-03 9.13308252441416E-03 9.13879815922232E-03 9.14281401493503E-03 9.14535729457656E-03 9.14665806262121E-03 9.14693956111595E-03 9.14640408022836E-03 9.14523257598442E-03 9.14358434552297E-03 9.14160123138319E-03 9.13941464460035E-03 9.13717329140259E-03 9.13511097941629E-03 9.13364466559101E-03 9.13332205777104E-03 0 0 0 0 0 0 0 0 0 0 0 0 0 0 0 0 0 0 0 0 0 0 0 0 0 0 0 0 0 0 0 0 0 0 0 0 0 0 0
8.97191525520964E-03 9.0014753783846E-03 9.02780811814263E-03 9.05109278411582E-03 9.07150047938717E-03 9.08918615924813E-03 9.10430159720522E-03 9.1169972717029E-03 9.12741258888834E-03 9.13569199940728E-03 9.14199909845725E-03 9.14652487574814E-03 9.14947757765384E-03 9.15108359850401E-03 9.15157169005082E-03 9.15116084730816E-03 9.15005081046993E-03 9.14842315062462E-03 9.14643989142741E-03 9.14425002868808E-03 9.14199902432352E-03 9.13985903171524E-03 9.13809511824637E-03 9.13706283980958E-03 9.13332205777104E-03 0 0 0 0 0 0 0 0 0 0 0 0 0 0 0 0 0 0 0 0 0 0 0 0 0 0 0 0 0 0 0 0 0 0 0 0 0 0 0
8.99772017786818E-03 9.02499372974893E-03 9.04914469608722E-03 9.07035976847907E-03 9.08881524274143E-03 9.10467062209217E-03 9.11807698771552E-03 9.12918266966643E-03 9.13812617627683E-03 9.14505380626751E-03 9.15013097148046E-03 9.15354929929407E-03 9.15551726303492E-03 9.15625990373038E-03 9.15600411540385E-03 9.15496452598943E-03 9.15333900729949E-03 9.15131110701792E-03 9.14904720627121E-03 9.14670590656777E-03 9.1444514705333E-03 9.14249156773665E-03 9.14116154102115E-03 9.14089001867172E-03 0 0 0 0 0 0 0 0 0 0 0 0 0 0 0 0 0 0 0 0 0 0 0 0 0 0 0 0 0 0 0 0 0 0 0 0 0 0 0 0
