NongDo/Fusa 17.3h.grd
DSAA
463	323
2	464
2	324
0	10
[rows 252 to 279 of 323, columns 0 to 63 of 463]
0 0 0 0 0 0 0 0 0 0 0 0 0 0 0 0 0 0 0 0 0 0 0 0 0 0 0 0 0 0 0 0 0 0 0 0 0 0 3.99630175271086E-03 4.00845740124923E-03 4.01498618655985E-03 4.02037313584303E-03 4.02639010263146E-03 4.0334517743646E-03 4.04174191300699E-03 4.05135308775325E-03 4.06240742596975E-03 4.0749837077239E-03 4.08919858797189E-03 4.10514986274583E-03 4.12294090000268E-03 4.1426671755424E-03 4.16438898735687E-03 4.18815509897985E-03 4.21396485879963E-03 4.24182316934606E-03 4.27166916425027E-03 4.30343739282611E-03 4.33701536158014E-03 4.37231351664714E-03 4.40918259487124E-03 4.44742653103841E-03 4.48682733411037E-03 4.52715208255972E-03
0 0 0 0 0 0 0 0 0 0 0 0 0 0 0 0 0 0 0 0 0 0 0 0 0 0 0 0 0 0 0 0 0 0 0 0 0 3.98572857308651E-03 3.99630175271086E-03 4.0018720159015E-03 4.00782364812073E-03 4.0140300513295E-03 4.02099392926131E-03 4.0289907616281E-03 4.0382250084493E-03 4.04882257272594E-03 4.06092380258803E-03 4.07462644872348E-03 4.09005735852726E-03 4.10732913628248E-03 4.12654868487835E-03 4.14781046717988E-03 4.17116724896422E-03 4.19665671948492E-03 4.22426262869297E-03 4.25396818788435E-03 4.28569086644687E-03 4.31933811313919E-03 4.35476931919624E-03 4.39186124775984E-03 4.43043771280673E-03 4.47027614095877E-03 4.51113507136624E-03 4.55276186196699E-03
0 0 0 0 0 0 0 0 0 0 0 0 0 0 0 0 0 0 0 0 0 0 0 0 0 0 0 0 0 0 0 0 0 0 0 0 3.97674392839646E-03 3.98572857308651E-03 3.99061071783911E-03 3.9959495680762E-03 4.00194012000479E-03 4.0086746200658E-03 4.01638398377433E-03 4.02522961941096E-03 4.03538776072399E-03 4.04698966874577E-03 4.06018185261185E-03 4.07507265947353E-03 4.09179504878367E-03 4.11047155786025E-03 4.13120968707415E-03 4.15409937903043E-03 4.1791823266536E-03 4.20648069770559E-03 4.2359574579699E-03 4.26757408890204E-03 4.30122134529706E-03 4.33677508902201E-03 4.37406310482397E-03 4.41293019835039E-03 4.45316986894351E-03 4.49453381379647E-03 4.53675922354594E-03 4.57957687402795E-03
0 0 0 0 0 0 0 0 0 0 0 0 0 0 0 0 0 0 0 0 0 0 0 0 0 0 0 0 0 0 0 0 0 0 0 3.9722167605945E-03 3.97674392839646E-03 3.98062454266642E-03 3.98510748073527E-03 3.99040124345569E-03 3.99663696027133E-03 4.00389476450527E-03 4.01231772845433E-03 4.02200645817264E-03 4.03311507329717E-03 4.04577500026571E-03 4.06013140071603E-03 4.07629905899044E-03 4.09441079118306E-03 4.11459836126478E-03 4.13696308650179E-03 4.16158750567029E-03 4.18849728081726E-03 4.21769609390825E-03 4.24911945452507E-03 4.28270646438634E-03 4.3183159336162E-03 4.35578702089122E-03 4.39491559947483E-03 4.43551478798701E-03 4.47735162332434E-03 4.52015073426058E-03 4.56363126392737E-03 4.60751087734192E-03
0 0 0 0 0 0 0 0 0 0 0 0 0 0 0 0 0 0 0 0 0 0 0 0 0 0 0 0 0 0 0 0 0 0 0 3.9722167605945E-03 3.97258347078083E-03 3.97525707307243E-03 3.97945423743022E-03 0.00398488319187 3.99151817863075E-03 3.99938083930556E-03 4.00857108682786E-03 4.01916660849267E-03 4.03130406477538E-03 4.04511398784364E-03 4.06073838345735E-03 4.07829749649738E-03 4.09792228387515E-03 4.11974581424629E-03 4.14386059890442E-03 4.17033630627387E-03 4.19917894327799E-03 4.23036926109402E-03 4.26381523428601E-03 4.29942266252374E-03 4.33701331562827E-03 4.37639163432342E-03 4.41732398245588E-03 4.45959248167453E-03 4.50293580059566E-03 4.54705704445551E-03 4.59166138252671E-03 4.6364590205534E-03
0 0 0 0 0 0 0 0 0 0 0 0 0 0 0 0 0 0 0 0 0 0 0 0 0 0 0 0 0 0 0 0 0 0 3.95645729134935E-03 3.96487800836763E-03 3.96606157656803E-03 3.96891472713051E-03 3.9733280559267E-03 3.97915500932998E-03 3.98636271414972E-03 3.99495443658115E-03 4.00500942010399E-03 4.0166148556517E-03 4.02989362355702E-03 4.04497823798222E-03 4.06200092314854E-03 4.08109225366831E-03 4.10237388458065E-03 4.12597624407765E-03 4.15197799597963E-03 4.18043157153358E-03 4.2113175284023E-03 4.24458882910276E-03 4.28012318901467E-03 4.31778029157228E-03 4.3573496367674E-03 4.39860033111962E-03 4.44127239710377E-03 4.48511514250106E-03 4.5298487820802E-03 4.57515760097646E-03 4.62073657365294E-03 4.66629402001381E-03
0 0 0 0 0 0 0 0 0 0 0 0 0 0 0 0 0 0 0 0 0 0 0 0 0 0 0 0 0 0 0 0 0 0 3.95645729134935E-03 3.95688894471704E-03 3.95845428869123E-03 3.96172233349713E-03 3.96663049530514E-03 3.97307306695263E-03 3.98102547618726E-03 3.99049200999882E-03 4.00154965429163E-03 4.01430010123116E-03 4.02886361324743E-03 4.04537341018855E-03 4.06395266484418E-03 0.00408473542808 4.10783352355118E-03 4.13336878688391E-03 4.16140189154498E-03 4.19196164684837E-03 4.2249971962438E-03 4.26042754906307E-03 4.29809318950847E-03 4.3378095770645E-03 4.37933048553176E-03 4.42239278501779E-03 4.46671162521509E-03 4.51201193922912E-03 4.5579981197009E-03 4.60434074751485E-03 4.65073044121253E-03 4.69688146541896E-03
0 0 0 0 0 0 0 0 0 0 0 0 0 0 0 0 0 0 0 0 0 0 0 0 0 0 0 0 0 0 0 0 0 0 3.94776404509706E-03 3.94787100626234E-03 3.94986779028537E-03 3.9537367795246E-03 3.95934467528624E-03 3.96658763853163E-03 3.97544979045964E-03 3.98594661040071E-03 3.99816386349799E-03 4.01222116290599E-03 4.02823657090769E-03 4.04634764966756E-03 4.06666083128782E-03 4.08931301787842E-03 4.11439810823909E-03 4.14202843748793E-03 4.17224018710464E-03 4.20503080120541E-03 4.24030996475437E-03 4.27795639740477E-03 4.31777180462411E-03 4.35952795747616E-03 4.40294491759508E-03 4.44772747458012E-03 4.49357181656608E-03 4.5401845848917E-03 4.58726554599949E-03 4.6344718206693E-03 4.68149746334302E-03 4.72807214634775E-03
0 0 0 0 0 0 0 0 0 0 0 0 0 0 0 0 0 0 0 0 0 0 0 0 0 0 0 0 0 0 0 0 0 0 3.93738905955108E-03 3.93759219495328E-03 3.94025421825391E-03 3.94494155463319E-03 3.95145089563908E-03 3.95968119598079E-03 3.96963011394265E-03 3.98132986672893E-03 3.99487899002867E-03 4.01042469740551E-03 4.02808076471182E-03 4.04798543733198E-03 4.07022516712845E-03 4.09493563503577E-03 4.12218263896842E-03 4.15207203163456E-03 4.18460548977769E-03 4.21973763295426E-03 4.25733178632421E-03 4.29722486756584E-03 4.33917841928697E-03 4.3829235469492E-03 4.42814896425753E-03 4.47453282081293E-03 0.004521756735073 4.56951805900989E-03 4.61751935811558E-03 4.66540574950128E-03 4.71288724636435E-03 4.7597198896622E-03
0 0 0 0 0 0 0 0 0 0 0 0 0 0 0 0 0 0 0 0 0 0 0 0 0 0 0 0 0 0 0 0 0 3.90966228497625E-03 3.92391167982511E-03 3.92571181733123E-03 3.92959714709457E-03 3.93538174208508E-03 3.94300259639076E-03 3.95240737174904E-03 3.96362586101525E-03 3.97671363002806E-03 3.99177728897286E-03 4.00901101706488E-03 4.02850752878155E-03 4.05041292690388E-03 4.07477639122544E-03 4.1017452370478E-03 4.13132927762907E-03 4.16364061669374E-03 4.19862376132288E-03 4.23618253221055E-03 4.27613170251202E-03 4.31826628860222E-03 4.36231089750212E-03 4.40795595591841E-03 4.45486963524284E-03 4.50270697081095E-03 4.55114462570782E-03 4.59986908240722E-03 4.64860460467683E-03 4.69697976891813E-03 4.74474250329031E-03 4.79168247951269E-03
0 0 0 0 0 0 0 0 0 0 0 0 0 0 0 0 0 0 0 0 0 0 0 0 0 0 0 0 0 0 0 0 0 3.90966228497625E-03 3.91037758935412E-03 3.91301078140102E-03 3.91810977435473E-03 3.9251924377902E-03 3.93411492773477E-03 3.94487378438455E-03 3.95754531681124E-03 3.97221612930732E-03 3.98900489457942E-03 4.00812837487361E-03 4.02967381792562E-03 4.05378069203741E-03 4.08047381931871E-03 4.10988800409454E-03 4.14199754868654E-03 4.17687341306917E-03 4.21439987379981E-03 4.25443059584486E-03 4.29673816568573E-03 4.34107210036566E-03 4.38712102632766E-03 4.43454388884308E-03 4.48299347078897E-03 4.53211692547417E-03 4.58159061036699E-03 4.63109678166634E-03 4.68035571168119E-03 4.72903313591561E-03 4.77692350847541E-03 4.82384059332975E-03
0 0 0 0 0 0 0 0 0 0 0 0 0 0 0 0 0 0 0 0 0 0 0 0 0 0 0 0 0 0 0 0 0 3.89570916391641E-03 3.89604715276482E-03 3.8997975161595E-03 3.90621307591397E-03 3.91466416114003E-03 3.92501093084354E-03 3.93727110438277E-03 3.95156438636479E-03 3.96800528308323E-03 3.98673780077891E-03 4.00796503586345E-03 4.03177622023992E-03 4.05829179038941E-03 4.08751795766044E-03 4.11955116118383E-03 4.15434886939168E-03 4.1918824100047E-03 4.23200503565154E-03 4.27451108453623E-03 4.31914189377401E-03 4.36558896505937E-03 4.4135205296946E-03 4.46256620477702E-03 4.51237384002826E-03 4.56259239297769E-03 4.61290464818434E-03 4.66299787504373E-03 4.71258922400285E-03 4.76143372079694E-03 4.80932873096813E-03 4.8561139991812E-03
0 0 0 0 0 0 0 0 0 0 0 0 0 0 0 0 0 0 0 0 0 0 0 0 0 0 0 0 0 0 0 0 3.84887142047687E-03 3.8768512969694E-03 3.88030690704421E-03 3.88610375521153E-03 3.89411393651177E-03 3.90406329470338E-03 3.91594760662451E-03 3.92984977605128E-03 3.94592947558737E-03 3.96432896952119E-03 3.98520160887044E-03 4.00873848579729E-03 4.03501674394645E-03 4.06413386612525E-03 4.09606549679121E-03 4.13086668920445E-03 4.1684491974975E-03 4.20870554308551E-03 4.25143947357253E-03 4.29639482862763E-03 4.34327387237594E-03 4.39172447892813E-03 4.44139329785114E-03 4.49189397012795E-03 4.54287571787562E-03 4.59399701806654E-03 4.64495567352484E-03 4.69545453680691E-03 0.004745237937525 4.79411594301779E-03 4.84189747507815E-03 4.88843696877392E-03
0 0 0 0 0 0 0 0 0 0 0 0 0 0 0 0 0 0 0 0 0 0 0 0 0 0 0 0 0 0 0 3.83868150388175E-03 3.84887142047687E-03 3.85815902703511E-03 3.86494842947908E-03 3.8726992078467E-03 3.88227011427373E-03 3.89373688739703E-03 3.90723515776319E-03 3.92290150289451E-03 3.94092140248412E-03 0.003961451777595 3.9846450700016E-03 4.01067719010524E-03 4.0396032313898E-03 4.07148497962028E-03 4.10625767764821E-03 4.14392332409173E-03 4.18434372125595E-03 4.22734209810332E-03 4.27266687883761E-03 4.3200088157682E-03 4.36903375484683E-03 4.41935593539748E-03 4.47060567548681E-03 4.52239057745263E-03 4.57436644595632E-03 4.6262106623007E-03 4.67764592471091E-03 4.72840202192622E-03 4.77824952783335E-03 4.82703114657552E-03 4.87457719889152E-03 4.92075200086955E-03
0 0 0 0 0 0 0 0 0 0 0 0 0 0 0 0 0 0 0 0 0 0 0 0 0 0 0 0 0 0 0 3.83868150388175E-03 3.83933916746459E-03 3.84424960418321E-03 3.85115042898489E-03 3.85999136269919E-03 3.87092851211265E-03 3.88392811825207E-03 3.8991291338373E-03 3.91669191985482E-03 3.93680763255564E-03 3.95963398812157E-03 3.98530911851131E-03 4.0139961698837E-03 4.04571763773136E-03 4.08048953145475E-03 4.11819656619671E-03 4.15878714151108E-03 4.20206349403489E-03 4.24778579033262E-03 4.29564432883075E-03 4.34528006559288E-03 4.39632430844992E-03 4.44836710614109E-03 4.50103236704458E-03 4.55392524783888E-03 4.60671691482746E-03 4.65911151049405E-03 4.71086305136826E-03 4.76173055145565E-03 4.81151494363914E-03 4.86008089805229E-03 4.90727481454648E-03 4.95296852738107E-03
0 0 0 0 0 0 0 0 0 0 0 0 0 0 0 0 0 0 0 0 0 0 0 0 0 0 0 0 0 0 0 3.82589907114473E-03 3.82622063203127E-03 3.83059937518988E-03 3.83798558162332E-03 3.84790047947972E-03 3.86022562303346E-03 3.87483592814226E-03 3.89185940659109E-03 3.91146486083417E-03 3.9338332004531E-03 3.95911457786882E-03 0.003987419123366 4.01890009422074E-03 4.05353603433728E-03 4.09128636820087E-03 4.13198167091651E-03 4.17551232805157E-03 4.2216249434353E-03 4.27001095839184E-03 4.32031039209702E-03 4.37211481138761E-03 4.42503063206869E-03 4.4786273351971E-03 4.53253487241723E-03 4.58635700889925E-03 4.63979158924559E-03 4.69257495362082E-03 4.74449534636673E-03 4.79534162393465E-03 4.84494032087972E-03 4.89317405869349E-03 4.93990199217946E-03 4.98499855022332E-03
0 0 0 0 0 0 0 0 0 0 0 0 0 0 0 0 0 0 0 0 0 0 0 0 0 0 0 0 0 0 3.79071594292691E-03 3.80845719249315E-03 3.81093776917534E-03 3.81649866025564E-03 3.82503347418321E-03 3.83629362343599E-03 3.85018940804131E-03 3.86659308720646E-03 3.88561537929566E-03 3.90743137030683E-03 3.93221144814818E-03 3.96009878835353E-03 3.99117568728396E-03 4.0255634542266E-03 4.0631934613276E-03 4.10397095835369E-03 4.14767328169688E-03 4.19412821456404E-03 4.2430194010674E-03 4.29397707006444E-03 4.3465914495498E-03 4.40041611944784E-03 4.45503606958109E-03 4.51001062158005E-03 4.56497379851064E-03 4.61954758190165E-03 4.67346232417769E-03 4.72648368191276E-03 4.77843020530296E-03 4.82912285316169E-03 4.87841893659849E-03 4.92620919140535E-03 4.9723576806476E-03 5.0167426820191E-03
0 0 0 0 0 0 0 0 0 0 0 0 0 0 0 0 0 0 0 0 0 0 0 0 0 0 0 0 0 0 3.79071594292691E-03 3.79171687440204E-03 3.79541355377414E-03 3.80240273540649E-03 3.81243515017415E-03 3.82531668354406E-03 3.84098783367633E-03 3.85937607284987E-03 3.88058737878109E-03 3.90479383148833E-03 3.93214366638777E-03 3.96278084708065E-03 3.99675744686468E-03 4.03413834982323E-03 4.07481427750951E-03 4.1186338446929E-03 4.16532500067316E-03 4.21463932964334E-03 4.26621294032742E-03 4.31961116965456E-03 4.37438400287398E-03 4.43005348611768E-03 4.48619319374713E-03 4.54236043835527E-03 4.59819790484856E-03 4.65336287019143E-03 4.70760836298252E-03 4.76072845292113E-03 4.81257101994861E-03 4.86299162364415E-03 4.91187204155054E-03 4.9591035327879E-03 5.00455798789839E-03 5.04811647387113E-03
0 0 0 0 0 0 0 0 0 0 0 0 0 0 0 0 0 0 0 0 0 0 0 0 0 0 0 0 0 3.75190732234226E-03 3.77156647031529E-03 3.77416287010326E-03 3.77977347989359E-03 3.78851109523483E-03 3.80032005700642E-03 3.81507598211226E-03 3.83276383251913E-03 3.85335578397499E-03 3.8769579751201E-03 3.9037352892302E-03 3.93381352520518E-03 3.96732775736831E-03 4.00429643238339E-03 4.04473146829161E-03 4.08847432030354E-03 4.13531996791666E-03 4.18494205651434E-03 4.23702696375888E-03 4.29115536654471E-03 4.34683983693728E-03 4.40359329617509E-03 4.46091902585482E-03 4.51838629418476E-03 4.5755608911973E-03 4.63210318613033E-03 4.68770209607504E-03 4.7421355155637E-03 4.7952219167487E-03 4.84683531940604E-03 4.89686332971595E-03 4.94521071673156E-03 4.99176889627568E-03 5.03641277387181E-03 0.005079028122321
0 0 0 0 0 0 0 0 0 0 0 0 0 0 0 0 0 0 0 0 0 0 0 0 0 0 0 0 0 3.75190732234226E-03 3.75298963797422E-03 3.75701100682843E-03 3.76445465715914E-03 3.77510881771289E-03 3.78890837493529E-03 3.80576623266596E-03 3.82570226534097E-03 3.84871363354657E-03 3.8749035817071E-03 3.90442712162665E-03 3.93737930657149E-03 3.97388069493124E-03 4.0139119047102E-03 4.05743405800256E-03 4.10423927041459E-03 4.15406271261012E-03 4.20652525047798E-03 4.26125155720439E-03 4.31777926501131E-03 4.37556942607585E-03 4.43410694619596E-03 4.49288919011754E-03 4.55149163890796E-03 4.60949753479335E-03 4.66658382410416E-03 4.72247094581169E-03 4.77695754253149E-03 4.82988491155479E-03 4.88114737878011E-03 4.93066464355257E-03 4.97836194390437E-03 5.02412817445771E-03 5.06784014096571E-03 5.10939149523176E-03
0 0 0 0 0 0 0 0 0 0 0 0 0 0 0 0 0 0 0 0 0 0 0 0 0 0 0 0 3.71088909630206E-03 3.73152562482397E-03 3.73420581804379E-03 3.74019536275655E-03 3.74964545962509E-03 3.76239885709332E-03 3.77840050400144E-03 3.79758282740231E-03 3.81999085258287E-03 3.84563147275803E-03 3.87459416416789E-03 3.90702191964504E-03 3.94297287746002E-03 3.98255011710132E-03 4.02568957418711E-03 4.07230781203314E-03 4.12214340108608E-03 4.17486959761175E-03 4.23005451737152E-03 4.28727223265902E-03 4.34602233743584E-03 4.40571819165297E-03 4.46583042488585E-03 4.52586669755055E-03 4.58541602310504E-03 4.64408174228121E-03 4.70155795326136E-03 4.75759424080867E-03 4.81200691393879E-03 4.86465369085648E-03 4.91544393282068E-03 4.96432853141562E-03 5.01125391517515E-03 5.05610071806818E-03 5.0987508438966E-03 5.13911339468762E-03
0 0 0 0 0 0 0 0 0 0 0 0 0 0 0 0 0 0 0 0 0 0 0 0 0 0 0 0 3.71088909630206E-03 3.71192047611819E-03 3.71598635676722E-03 3.72397386501264E-03 3.73561444307437E-03 3.75066141477967E-03 3.76906690121819E-03 3.79077373840093E-03 3.81584874855456E-03 3.84430062905984E-03 3.87619443755844E-03 3.91166638863224E-03 3.95071641924891E-03 3.99344046441009E-03 4.03971343401725E-03 4.08941112073343E-03 4.14221862783054E-03 4.19774089932329E-03 4.25550420920001E-03 4.31502894272139E-03 4.37580173153871E-03 4.43718225692047E-03 4.4986533613579E-03 4.55974578477222E-03 4.62006214602519E-03 4.67922942892009E-03 4.73694849284369E-03 4.79300455837223E-03 4.84721898654655E-03 4.89946601608129E-03 0.004949659830342 4.99778424905506E-03 5.04380914190873E-03 5.08759697796959E-03 5.12904863203427E-03 5.16809722352168E-03
0 0 0 0 0 0 0 0 0 0 0 0 0 0 0 0 0 0 0 0 0 0 0 0 0 0 0 0 3.6912601012794E-03 3.69184308822088E-03 3.69801023833057E-03 3.70845813690755E-03 3.72259667546016E-03 3.74016778528114E-03 3.76117163953741E-03 3.78558327587632E-03 3.81348858246155E-03 3.84490052064207E-03 3.8798606083148E-03 3.91848111168204E-03 3.96071431793885E-03 4.00662697653261E-03 4.05604002147333E-03 4.10877231419864E-03 4.16445383073871E-03 4.2226377301057E-03 4.28281665643489E-03 4.3444596799138E-03 4.40702043780625E-03 4.46986090235257E-03 4.53248809152772E-03 4.59445323052178E-03 4.65536769294415E-03 4.71488091033929E-03 4.77270419914601E-03 4.8286477463478E-03 4.88253532700883E-03 4.93425397613397E-03 4.98372526563346E-03 5.03095788189912E-03 5.0759293460408E-03 5.11850614886376E-03 5.15862093618615E-03 5.19623631197753E-03
0 0 0 0 0 0 0 0 0 0 0 0 0 0 0 0 0 0 0 0 0 0 0 0 0 0 0 3.6248454204908E-03 3.66455970512122E-03 3.67065035375993E-03 3.68065596752278E-03 3.69413875439158E-03 3.71103320844292E-03 3.7312981606994E-03 3.7550407618688E-03 3.78228865280779E-03 3.81314339717259E-03 3.84762836422062E-03 3.88575633683237E-03 3.92760432180648E-03 3.9730731703875E-03 4.02218179689403E-03 4.07470666073988E-03 4.13038352632735E-03 4.18880989999587E-03 4.24948700809153E-03 4.31189181611966E-03 4.37543443497314E-03 4.43955567612588E-03 4.50366374969374E-03 4.56726356311155E-03 4.62993525317528E-03 4.6912871771437E-03 4.75100346070841E-03 4.80878593555964E-03 4.86447724201429E-03 4.91789320816209E-03 4.96894040905962E-03 5.01753807842821E-03 5.06371731493565E-03 5.10747787246499E-03 5.14869915857726E-03 5.18734807361047E-03 5.22342461476217E-03
0 0 0 0 0 0 0 0 0 0 0 0 0 0 0 0 0 0 0 0 0 0 0 0 0 0 3.6002440791325E-03 3.6248454204908E-03 3.63944498874979E-03 3.65148288763075E-03 3.66519703050952E-03 3.68167272415311E-03 3.70134743140293E-03 3.72437442944787E-03 3.75094422660793E-03 3.78112087572241E-03 3.81501250084104E-03 3.85264286562094E-03 3.89399917091787E-03 3.93911415797749E-03 3.98783564049622E-03 4.04012206785659E-03 4.09568612073758E-03 4.15419967519652E-03 4.21521795221205E-03 4.27821036567338E-03 0.004342633854486 4.40786863137505E-03 4.4733567251404E-03 4.53854111209806E-03 4.60294247741375E-03 4.66615326499158E-03 4.72778702536257E-03 4.78754439469166E-03 4.84513683146952E-03 4.90041635238431E-03 4.95320069240141E-03 5.00341081053552E-03 5.05097856465037E-03 5.09595009956336E-03 5.13833318983414E-03 5.1780474313511E-03 5.21510947102169E-03 5.24955832362816E-03
0 0 0 0 0 0 0 0 0 0 0 0 0 0 0 0 0 0 0 0 0 0 0 0 0 3.58903404398666E-03 3.6002440791325E-03 3.61051218126097E-03 3.62269483421191E-03 3.63635653648718E-03 3.65246654962211E-03 3.67151252067912E-03 3.6938492254577E-03 3.71964554210964E-03 3.74909611645529E-03 3.78226948656293E-03 3.81925952914702E-03 3.86008408267486E-03 3.90470056160538E-03 3.95308774812558E-03 4.00503921519021E-03 4.06043407382416E-03 4.1189309484924E-03 4.18013960454787E-03 4.24358128256243E-03 4.3087014368022E-03 4.37494695952288E-03 4.44168771308889E-03 4.50836650272596E-03 4.57445984902824E-03 4.63950110218978E-03 4.70309171877805E-03 4.76484639276551E-03 4.82447725184136E-03 4.88170713927438E-03 4.93638667191241E-03 4.98835164676824E-03 5.03753347213509E-03 5.08388790383494E-03 5.12746803709372E-03 5.16831690903449E-03 5.20640326694157E-03 5.24178610162402E-03 5.27454751132589E-03
0 0 0 0 0 0 0 0 0 0 0 0 0 0 0 0 0 0 0 0 0 0 0 0 0 3.58903404398666E-03 3.58999449978684E-03 3.59731943193909E-03 3.60897476192775E-03 3.62390879842817E-03 3.64209253854219E-03 3.66358161269878E-03 3.68857488041871E-03 3.71719615926558E-03 3.74960488701318E-03 3.78584619473483E-03 3.82598314429846E-03 3.87002682179628E-03 3.91790593760208E-03 3.96953829455691E-03 4.02466273917381E-03 4.08307783788681E-03 4.1443813975966E-03 4.20813181623293E-03 4.27381923757639E-03 4.34087980734852E-03 4.40875609880727E-03 4.47681735759144E-03 4.54451044315736E-03 4.6113434406794E-03 4.67686054540767E-03 4.7406594419674E-03 4.80235422057998E-03 4.86166597289328E-03 4.91833535680704E-03 4.97221140608196E-03 5.02315247583594E-03 5.07110973387463E-03 5.11607269663101E-03 5.15810935533165E-03 5.19729070186041E-03 5.2336450725458E-03 5.26728258506124E-03 5.29832255115129E-03
0 0 0 0 0 0 0 0 0 0 0 0 0 0 0 0 0 0 0 0 0 0 0 0 3.55144060179575E-03 3.57100311156993E-03 3.57477669553214E-03 3.58339496685526E-03 3.59637943085046E-03 3.61317899974953E-03 3.63364976049702E-03 3.65771218858554E-03 3.68547995288605E-03 3.71704791753649E-03 3.75252151386984E-03 3.79192039544272E-03 3.83525472984155E-03 3.88254156651044E-03 3.93367316217966E-03 3.98849486625355E-03 4.04670675191857E-03 4.10801040994869E-03 4.17196959363452E-03 4.2380843736615E-03 4.30583173369053E-03 4.37464408638825E-03 4.44396552882587E-03 4.51317462236192E-03 4.58170858188457E-03 4.64912014638566E-03 4.71494128398577E-03 4.77876239794556E-03 4.84019539544195E-03 4.89897245454854E-03 4.95486156311689E-03 5.00770405070446E-03 5.05740565401569E-03 5.10393393628652E-03 5.14733252832363E-03 5.18767818742011E-03 5.22509049318084E-03 5.25965424109348E-03 5.29151962935287E-03 5.32083792358912E-03
