NongDo/Fusa 17.7h.grd
DSAA
463	323
2	464
2	324
0	10
[rows 56 to 83 of 323, columns 252 to 314 of 463]
0 0 0 0 0 0 0 0 0 0 0 0 0 0 0 0 0 0 0 0 0 0 0 0 0 0 0 0 0 0 0 0 0 0 0 0 0 0 0 0 0 0 0 0 0 0 0 0 0 0 0 0 0 0 0 0 0 0 0 0 0 0 0
0 0 0 0 0 0 0 0 0 0 0 0 0 0 0 0 0 0 0 0 0 0 0 0 0 0 0 0 0 0 0 0 0 0 0 0 0 0 0 0 0 0 0 0 0 0 0 0 0 0 0 0 0 0 0 0 0 0 0 0 0 0 0
0 0 0 0 0 0 0 0 0 0 0 0 0 0 0 0 0 0 0 0 0 0 0 0 0 0 0 0 0 0 0 0 0 0 0 0 0 0 0 0 0 0 0 0 0 0 0 0 0 0 0 0 0 0 0 0 0 0 0 0 0 0 0
0 0 0 0 0 0 0 0 0 0 0 0 0 0 0 0 0 0 0 0 0 0 0 0 0 0 0 0 0 0 0 0 0 0 0 0 0 0 0 0 0 0 0 0 0 0 0 0 0 0 0 0 0 0 0 0 0 0 0 0 0 0 0
0 0 0 0 0 0 0 0 0 0 0 0 0 0 0 0 0 0 0 0 0 0 0 0 0 0 0 0 0 0 0 0 0 0 0 0 0 0 0 0 0 0 0 0 0 0 0 0 0 0 0 0 0 0 0 0 0 0 0 0 0 0 0
0 0 0 0 0 0 0 0 0 0 0 0 0 0 0 0 0 0 0 0 0 0 0 0 0 0 0 0 0 0 0 0 0 0 0 0 0 0 0 0 0 0 0 0 0 0 0 0 0 0 0 0 0 0 0 0 0 0 0 0 0 0 0
0 0 0 0 0 0 0 0 0 0 0 0 0 0 0 0 0 0 0 0 0 0 0 0 0 0 0 0 0 0 0 0 0 0 0 0 0 0 0 0 0 0 0 0 0 0 0 0 0 0 0 0 0 0 0 0 0 0 0 0 0 0 0
0 0 0 0 0 0 0 0 0 0 0 0 0 0 0 0 0 0 0 0 0 0 0 0 0 0 0 0 0 0 0 0 0 0 0 0 0 0 0 0 0 0 0 0 0 0 0 0 0 0 0 0 0 0 0 0 0 0 0 0 0 0 0
0 0 0 0 0 0 0 0 0 0 0 0 0 0 0 0 0 0 0 0 0 0 0 0 0 0 0 0 0 0 0 0 0 0 0 0 0 0 0 0 0 0 0 0 0 0 0 0 0 0 0 0 0 0 0 0 0 0 0 0 0 0 6.9807609734066E-03
0 0 0 0 0 0 0 0 0 0 0 0 0 0 0 0 0 0 0 0 0 0 0 0 0 0 0 0 0 0 0 0 0 0 0 0 0 0 0 0 0 0 0 0 0 0 0 0 0 0 0 0 0 0 0 0 0 0 0.006944851182656 6.95399971927831E-03 6.96289747332506E-03 6.97171458845898E-03 6.9807609734066E-03
0 0 0 0 0 0 0 0 0 0 0 0 0 0 0 0 0 0 0 0 0 0 0 0 0 0 0 0 0 0 0 0 0 0 0 0 0 0 0 0 0 0 0 0 0 0 0 0 0 0 0 0 0 0 0 6.91489282036335E-03 6.92511108552977E-03 6.93505356198778E-03 0.006944851182656 6.95399971927831E-03 6.96289747332506E-03 6.97171458845898E-03 6.98047964418691E-03
0 0 0 0 0 0 0 0 0 0 0 0 0 0 0 0 0 0 0 0 0 0 0 0 0 0 0 0 0 0 0 0 0 0 0 0 0 0 0 0 0 0 0 0 0 0 0 0 0 6.84815003508034E-03 6.86027038701116E-03 6.87178097230897E-03 6.88283644160779E-03 6.89365174404773E-03 6.90426974550998E-03 6.91489282036335E-03 6.92511108552977E-03 6.93505356198778E-03 6.94464280176928E-03 6.95386603806708E-03 6.96281705258664E-03 6.97164061632509E-03 6.9803543647674E-03
0 0 0 0 0 0 0 0 0 0 0 0 0 0 0 0 0 0 0 0 0 0 0 0 0 0 0 0 0 0 0 0 0 0 0 0 0 0 0 0 0 0 0 0 0 0 0 6.82113850178955E-03 6.83466539903364E-03 6.84815003508034E-03 6.86027038701116E-03 6.87178097230897E-03 6.88283644160779E-03 6.89365174404773E-03 6.90426974550998E-03 6.91479305894692E-03 6.92504652668704E-03 6.93501949992621E-03 6.94464866419578E-03 6.95398003102694E-03 6.96305254354179E-03 6.97197065880838E-03 6.98075801442272E-03
0 0 0 0 6.31928777022152E-03 6.33227790060768E-03 6.34505830179778E-03 6.35764948685969E-03 6.37007180309126E-03 6.38242874449516E-03 6.39463926579521E-03 6.40670354786789E-03 6.41864056481057E-03 6.43057828047719E-03 6.44254956802913E-03 6.45462659208087E-03 6.46665681638379E-03 6.47855978354607E-03 6.49027195680008E-03 6.5018896707496E-03 6.51340473181978E-03 6.52490734283187E-03 6.53629267376976E-03 6.54756871221482E-03 6.55873273784729E-03 6.56991979241656E-03 6.58114787280275E-03 0.006592513175725 6.60388005134602E-03 6.61519402596127E-03 6.62637080424682E-03 6.63749009984318E-03 6.64849269748356E-03 6.65944603964242E-03 6.67022254853787E-03 6.68084732945377E-03 6.6913334063039E-03 6.70190535304009E-03 6.71278770855782E-03 0 0 0 0 6.76937130747218E-03 6.78107302119119E-03 6.79398381144576E-03 6.80743944117463E-03 6.82113850178955E-03 6.83466539903364E-03 6.84776483417815E-03 6.86006662368659E-03 6.87173303802531E-03 6.88293492470658E-03 6.89386781785526E-03 6.90457549175636E-03 6.91514178854322E-03 0.006925473967817 6.93555902710657E-03 6.94534149201214E-03 6.95485742765078E-03 6.96413040672423E-03 6.97323828095784E-03 6.98220235345647E-03
6.26341744149041E-03 6.27772380007501E-03 6.29186967152392E-03 6.30592359266836E-03 6.31928777022152E-03 6.33227790060768E-03 6.34505830179778E-03 6.35764948685969E-03 6.37007180309126E-03 6.38242874449516E-03 6.39463926579521E-03 6.40670354786789E-03 6.41864056481057E-03 6.43057828047719E-03 6.44254956802913E-03 6.45462659208087E-03 6.46665681638379E-03 6.47855978354607E-03 6.49027195680008E-03 6.5018896707496E-03 6.51340473181978E-03 6.52490734283187E-03 6.53629267376976E-03 6.54756871221482E-03 6.55873273784729E-03 6.56991979241656E-03 6.58114787280275E-03 0.006592513175725 6.60388005134602E-03 6.61519402596127E-03 6.62637080424682E-03 6.63749009984318E-03 6.64849269748356E-03 6.65944603964242E-03 6.67022254853787E-03 6.68084732945377E-03 6.6913334063039E-03 6.70190535304009E-03 6.71278770855782E-03 6.72565905236109E-03 6.73674250571164E-03 6.74781958504149E-03 6.75896967977739E-03 6.76937130747218E-03 6.78107302119119E-03 6.79398381144576E-03 6.80743944117463E-03 6.82108532328597E-03 6.83455634208279E-03 6.84765701719226E-03 6.86016448517294E-03 6.87210044266456E-03 6.88358184341461E-03 6.89476502790849E-03 6.90569252889028E-03 6.91645024049269E-03 6.92698046646848E-03 6.93728383611622E-03 6.94731605190302E-03 6.95710098842952E-03 6.9666577685749E-03 6.97604777872616E-03 6.98528823242417E-03
6.26341744149041E-03 6.27772380007501E-03 6.29186967152392E-03 6.30592359266836E-03 6.31962114607656E-03 6.33291316890596E-03 6.34585906086236E-03 6.35856831505553E-03 6.37109274608112E-03 6.38353491195021E-03 6.39582636975361E-03 6.40795661338838E-03 6.41995654482905E-03 6.43194021546714E-03 6.44395055018034E-03 6.45607820854346E-03 6.46816053894863E-03 6.48008742932502E-03 6.49182950201577E-03 6.50347372176423E-03 6.5150245937971E-03 6.52655675882324E-03 6.53798434534507E-03 6.54930000501861E-03 6.5605128695047E-03 6.57173650747921E-03 6.58300162972311E-03 6.59441468488969E-03 6.60583867569455E-03 6.61719185212055E-03 6.62841503327352E-03 6.63957233076853E-03 6.65061666947023E-03 6.66159251726542E-03 6.67238698287804E-03 6.68299361273948E-03 6.69341948295013E-03 6.70383487984293E-03 6.71442115794204E-03 6.72565905236109E-03 6.73674250571164E-03 6.74781958504149E-03 6.75896967977739E-03 6.77032748665148E-03 6.78234737886999E-03 6.79522098701854E-03 6.80854919272084E-03 6.82204545325837E-03 6.83545446594199E-03 6.84864152555469E-03 6.86140044888173E-03 6.87368523597056E-03 6.88554572828554E-03 6.89709056065838E-03 6.90835771564225E-03 6.91942996278827E-03 6.9302712889625E-03 6.94089082122581E-03 6.95125832218753E-03 6.96139192493138E-03 6.97131035598657E-03 6.98106462033331E-03 6.9906686911262E-03
6.26400629237956E-03 6.2784582821893E-03 6.29273630330777E-03 6.30693402517113E-03 6.32084630760248E-03 6.33435146466663E-03 6.34750921225365E-03 6.36041345439851E-03 6.37312094901239E-03 6.38571957743652E-03 6.39816231880952E-03 6.41043579971097E-03 6.42258058773687E-03 6.4346860447578E-03 6.44679467464645E-03 6.45900023871474E-03 6.47114803903829E-03 6.48312491754454E-03 6.49493763049509E-03 6.50665216374231E-03 6.5182822149375E-03 6.52988159736476E-03 6.54139434910907E-03 6.55280393308718E-03 6.56413150840239E-03 6.57545903924161E-03 6.58682197716406E-03 6.59832084489648E-03 6.60982860614929E-03 6.62125561624305E-03 6.63257165273812E-03 6.6438145623048E-03 6.65494785753193E-03 6.66598885419205E-03 6.67685216327188E-03 6.68750887563072E-03 6.69797069769549E-03 6.70835282813451E-03 6.71878878822573E-03 6.72955514878714E-03 6.74044552641748E-03 6.75144280245074E-03 6.7625970255572E-03 6.77410524178229E-03 6.78611832423851E-03 6.79879309037906E-03 6.81189613239625E-03 6.82522249880762E-03 6.83857897519761E-03 6.85186176566188E-03 6.8648701644329E-03 6.87751797864785E-03 6.88979288513659E-03 6.90175748068129E-03 6.91343562846808E-03 6.92490073878586E-03 6.9361272148616E-03 6.94712973817058E-03 6.95789179953371E-03 6.96842993678809E-03 6.97876515670934E-03 6.98894090574241E-03 6.99896897174675E-03
6.26510395184556E-03 6.27983539605943E-03 6.29436810855224E-03 6.30876409829626E-03 6.32288758126289E-03 6.3366485908794E-03 6.35008491955351E-03 6.36326444974355E-03 6.37623628278573E-03 6.38906488637286E-03 6.40172800264215E-03 6.41422871662519E-03 6.42660144111895E-03 6.43891278345953E-03 6.45119800950687E-03 6.46351021683242E-03 6.47574125434678E-03 6.48782173013715E-03 6.49976152998623E-03 6.51160581335368E-03 6.52337013059986E-03 6.53509042283888E-03 6.54673595596746E-03 6.55830327137375E-03 6.5698119908726E-03 6.58131928738948E-03 6.59285652082552E-03 6.60448237348462E-03 6.61610338573325E-03 6.62766016602853E-03 6.63912831851635E-03 6.65051998552192E-03 6.66180203999807E-03 6.67297175813321E-03 6.68396511460889E-03 6.69476060816569E-03 6.70536694963644E-03 6.71586295814165E-03 6.72634779594422E-03 6.73700367369633E-03 6.74779402935769E-03 6.75874087386405E-03 6.76989200906788E-03 6.78139346874723E-03 6.79332842164136E-03 6.80580787495987E-03 6.81870036872099E-03 6.83188131292963E-03 6.84519964469054E-03 6.85855642572158E-03 6.87177159363742E-03 6.88473509151001E-03 6.89739592051211E-03 6.90977292599948E-03 6.92187406187256E-03 0.006933747530154 6.94537767902983E-03 6.95678106648608E-03 6.96795229202809E-03 6.97891264411223E-03 6.98968462158447E-03 7.00030315607786E-03 7.01077827803044E-03
6.26672243829163E-03 6.28183646906257E-03 6.29672127016209E-03 6.31140487246419E-03 6.32582180051601E-03 6.33992194733984E-03 6.3537168643009E-03 6.36725249293401E-03 6.38056923137103E-03 6.39371314203598E-03 6.40668504269529E-03 6.41949918881475E-03 6.43217719331426E-03 6.44476658256904E-03 6.45729202804844E-03 6.46977474583502E-03 6.48216556845343E-03 6.49442934384999E-03 6.50656535365407E-03 6.51860498846001E-03 6.53056638393198E-03 6.54247572040929E-03 6.55432621975277E-03 6.56612320746766E-03 6.57787807020692E-03 6.58962912835944E-03 6.60139907931888E-03 6.61321493707566E-03 6.62502881107799E-03 6.6367990922062E-03 6.64849228554163E-03 6.66010237660141E-03 6.67160091718132E-03 6.68297367205808E-03 6.69417883108145E-03 6.70519979835589E-03 6.7160373896609E-03 6.72674664579776E-03 6.73740197527995E-03 6.74813112927556E-03 6.75897146209145E-03 6.76997769489339E-03 6.78119837176272E-03 6.7927424489999E-03 6.8046747298383E-03 6.81707984370242E-03 6.82988873179805E-03 6.84301735681828E-03 6.85633840842851E-03 6.86976208198464E-03 6.88313928126717E-03 6.89634657960388E-03 6.9093149641684E-03 6.92203116223178E-03 6.93449122234788E-03 6.94672015608342E-03 6.95871642902876E-03 6.97048945429461E-03 6.98204550742367E-03 6.99340423253171E-03 7.00458956049002E-03 7.01562992194163E-03 7.02653985174602E-03
6.2689651925154E-03 6.28455727017681E-03 6.29989363396977E-03 6.31499341967089E-03 6.32982370479851E-03 6.34435708776049E-03 6.35859865950847E-03 6.37258012732354E-03 6.38633268389176E-03 6.3998947479631E-03 6.41327487293787E-03 6.42648935762487E-03 6.43955389345242E-03 6.4525022897405E-03 6.46534966451763E-03 6.47810885477522E-03 6.49076032002794E-03 6.50329040691025E-03 6.51569934120885E-03 6.52801211937439E-03 6.54024766664402E-03 6.55243247369457E-03 6.56457186047803E-03 6.57667482591025E-03 6.58874872377962E-03 6.60081916596427E-03 6.6129001178147E-03 6.62500635913555E-03 6.63711087971089E-03 6.64918152305892E-03 6.66117960257034E-03 6.6730881513754E-03 6.68487906025184E-03 6.69653683020609E-03 6.70803155061423E-03 6.71934998792916E-03 6.73048918267932E-03 6.74149024513367E-03 6.75241266406811E-03 6.76335794768104E-03 6.77439100193291E-03 6.78558417089304E-03 6.79698987174086E-03 6.80869838016103E-03 6.82076488318915E-03 6.83325963178114E-03 6.84613474713238E-03 6.85932229343373E-03 6.87270937089624E-03 6.8862177849338E-03 6.89971800102265E-03 6.91309486534041E-03 6.9262735560722E-03 6.93922557145422E-03 6.95194019315424E-03 6.96443300170465E-03 6.97670672063362E-03 6.98877152078198E-03 7.00063766685692E-03 7.01232545532513E-03 7.02385911526285E-03 7.03526470966726E-03 7.04655733010658E-03
6.27197996406703E-03 6.28815212716767E-03 6.30405110743406E-03 6.31969398112913E-03 6.33506150891055E-03 6.35013675569841E-03 6.36492653137648E-03 6.37945459533091E-03 6.3937449346555E-03 6.40783075795231E-03 6.42172060761174E-03 6.43542959621687E-03 6.44897190269758E-03 6.46237257920162E-03 6.47564113741691E-03 6.48878819092116E-03 6.50180808598679E-03 6.51470025287341E-03 6.52747248101522E-03 6.54014906414679E-03 6.55275069366751E-03 6.56530632496213E-03 6.57782659022715E-03 6.59032220865567E-03 6.60280030490825E-03 6.61527860375678E-03 6.62776470497359E-03 6.64026755127468E-03 6.65276693251116E-03 6.66523116916308E-03 6.67761944410377E-03 6.68990834283657E-03 6.70206979800241E-03 6.71408895033699E-03 6.72594203854004E-03 6.73761816602361E-03 6.74911565611981E-03 6.76047010920589E-03 6.77173481628279E-03 6.78300030185552E-03 6.79434030581048E-03 6.80583344913764E-03 6.81753543351567E-03 6.82952800306404E-03 6.84185663543687E-03 6.85457980285569E-03 6.86764569206866E-03 6.88098847476144E-03 6.89450485453888E-03 6.90812608067528E-03 6.92173629827085E-03 6.93522730114054E-03 6.94852799360582E-03 6.96161107718288E-03 6.97447146408273E-03 6.98712243420957E-03 6.99957182223184E-03 7.01182998830926E-03 7.02391046876118E-03 7.03583609900296E-03 7.04763498373524E-03 7.05932954517827E-03 7.07093513533343E-03
6.27595979017383E-03 6.29282441037018E-03 6.30940488376582E-03 6.32571501038158E-03 6.3417426593323E-03 6.35747770690618E-03 6.37292870236435E-03 6.38811385171951E-03 6.40305245431304E-03 6.41776998689964E-03 6.43227474832188E-03 6.44658155026067E-03 6.46070363607544E-03 0.006474659507109 6.48845591052506E-03 6.50210205630497E-03 6.51560012640765E-03 6.52895991317205E-03 6.54219747675664E-03 6.55533883493036E-03 6.56840782364327E-03 6.58143535517508E-03 6.59443514323597E-03 6.60742004572389E-03 6.62039803450739E-03 6.63338185523034E-03 6.64637355792913E-03 6.65937931420785E-03 6.67237615378592E-03 6.6853265097736E-03 6.69818689983377E-03 6.71093121538697E-03 6.72353115065265E-03 6.73597375009031E-03 6.74823877643181E-03 6.7603179917276E-03 6.77221520771225E-03 6.7839682174443E-03 6.79563031323328E-03 6.80728899302603E-03 6.81901916398628E-03 6.83089676908851E-03 6.8429778728966E-03 6.8553389725958E-03 6.86801802303067E-03 6.88104973323903E-03 6.89436925394783E-03 6.90791256389834E-03 6.92158519946116E-03 6.93532191297719E-03 6.94901328232762E-03 6.96256520432942E-03 6.97591562622582E-03 6.98904716517637E-03 7.0019634262156E-03 7.01468015165465E-03 7.02721124975595E-03 7.03956933360443E-03 7.05177304513977E-03 7.06385138493357E-03 7.07583489725818E-03 7.08774173299282E-03 7.09958606102278E-03
6.28112709313079E-03 6.29880342696458E-03 6.31618803152556E-03 6.33329012380974E-03 6.3501033671894E-03 6.36662143058206E-03 6.38285288462976E-03 6.39881045840084E-03 6.41450963088022E-03 6.42996864096424E-03 6.44519780795619E-03 6.46021053440675E-03 6.47501863542726E-03 6.48963573585595E-03 6.50406846957095E-03 6.5183245230189E-03 6.53241279587766E-03 6.54635074956129E-03 6.5601612801132E-03 6.57387323599049E-03 6.58751432369449E-03 6.60111724877706E-03 6.61469851447791E-03 6.62827259093312E-03 6.64184850588781E-03 6.6554363053703E-03 6.66903288842041E-03 6.68264041477522E-03 6.69622447814148E-03 6.70973855644897E-03 6.72313692967399E-03 6.73639345651667E-03 6.74947933040245E-03 6.76238424277554E-03 6.77509008338949E-03 6.78759433391889E-03 6.79991161805158E-03 6.81208739700731E-03 6.82417681947238E-03 6.83626880808194E-03 6.84843212300611E-03 6.86073597211876E-03 6.87323316144819E-03 6.88599310589156E-03 6.89903810698178E-03 6.91238223391939E-03 6.92595747689547E-03 6.93969368094243E-03 6.95350548735428E-03 6.96733021833276E-03 6.98107422946471E-03 6.99464681915685E-03 7.00800069838362E-03 7.02112800700567E-03 7.03404116371093E-03 7.04675867852987E-03 7.0593057739788E-03 7.07169685364012E-03 7.08396310186656E-03 7.09613642830091E-03 7.10824668879088E-03 7.12030543550434E-03 7.1323299815863E-03
6.28776587843066E-03 6.30638193415339E-03 6.32470022507912E-03 6.34272438794503E-03 6.36045187410816E-03 6.37788049947533E-03 6.39501697159958E-03 6.41186849509887E-03 6.42844620677401E-03 6.44476295551826E-03 6.46082943450996E-03 6.47665818811916E-03 6.49226026093245E-03 6.50764615277413E-03 6.52282282710594E-03 6.53779758614763E-03 6.55258514423101E-03 6.56721060686094E-03 6.58170250715547E-03 6.59609234982924E-03 6.61041092400026E-03 6.62469070257522E-03 6.63895000341844E-03 6.65320660023232E-03 6.66747077753166E-03 6.68175008644671E-03 6.69603668984347E-03 6.71032315962971E-03 6.72455885557183E-03 6.73868913757723E-03 6.75266588370194E-03 6.76646268631003E-03 6.78005333943523E-03 6.79342917993291E-03 6.80657581304848E-03 6.81950350184743E-03 6.83224008247968E-03 6.84484005077807E-03 6.85736360310448E-03 6.86989792056019E-03 6.88250152969768E-03 6.89523717865154E-03 6.90815068313187E-03 6.9212975085508E-03 6.93468376973523E-03 6.94830282661674E-03 6.96208347698906E-03 6.97596023847917E-03 6.98985897686993E-03 7.00371940492661E-03 7.01745820756212E-03 7.03099948796063E-03 7.04431198148665E-03 7.05739351719081E-03 7.07026307601256E-03 7.08294440765825E-03 0.007095469797452 7.10786064765063E-03 7.1201599121392E-03 7.13239539964749E-03 7.14459308043112E-03 7.15676202544657E-03 7.16892161494828E-03
6.2962144068282E-03 6.31590514362428E-03 6.33529261913754E-03 6.35437437759339E-03 6.37315218156444E-03 6.39162556520783E-03 6.40979710294131E-03 6.42766792346338E-03 6.44524515347049E-03 6.46253684203529E-03 6.47955393907864E-03 6.49630811441918E-03 6.51281083416838E-03 6.52907027437237E-03 6.54509562100649E-03 6.56089407069566E-03 6.57648744387122E-03 6.59190771462915E-03 6.60718688226638E-03 6.62235699185699E-03 6.63744955958373E-03 6.65249709300197E-03 6.66752096349528E-03 6.68254041577698E-03 0.006697564758221 6.71259898088982E-03 6.72762763783147E-03 6.74263593997848E-03 6.75755729062964E-03 6.77232305815385E-03 6.78687920354488E-03 6.80120470962117E-03 6.81527998605558E-03 6.82910180525629E-03 6.84266793049889E-03 6.85599873656631E-03 6.86913088748415E-03 6.88212981166077E-03 6.89505922212308E-03 6.90800926872665E-03 6.92103043801961E-03 6.9341699606525E-03 6.94745701997307E-03 6.96093477902191E-03 6.97459971823308E-03 6.98842300137123E-03 7.00234142090439E-03 7.0162917964939E-03 7.0302147333124E-03 7.04405234053422E-03 7.05774126273568E-03 7.07121073046276E-03 7.08444211978176E-03 7.09744531689812E-03 7.11025317634383E-03 7.12288982324885E-03 7.13539131464338E-03 7.1477811432277E-03 7.1601013429093E-03 7.17237999891629E-03 7.18464563028884E-03 7.19690289590756E-03 7.20916905711465E-03
6.30689020909668E-03 6.32779975263538E-03 6.34839952745487E-03 6.36868290170277E-03 6.38865308211139E-03 6.4083091347767E-03 6.4276481233882E-03 6.44666524540813E-03 6.46536389910197E-03 6.4837481929398E-03 6.50182894570658E-03 6.51961783498469E-03 6.53712615417808E-03 6.55436145574003E-03 6.57133576969736E-03 6.58805894733171E-03 6.60456067154054E-03 6.62087824299122E-03 6.63704386974611E-03 6.65308797271849E-03 6.66904153882155E-03 6.68493624873714E-03 6.70079432853445E-03 6.71663510162122E-03 6.73246602957481E-03 6.74829013781424E-03 6.76408400778989E-03 6.7798224280842E-03 6.79541567466953E-03 6.81078479924208E-03 6.8258790862373E-03 6.84068882471027E-03 6.85520075432364E-03 6.86942095991194E-03 6.88335860937117E-03 6.89704492106728E-03 6.91052597982508E-03 6.92387854220784E-03 6.93716838082558E-03 6.95048589841015E-03 6.96386529836008E-03 6.97733851408995E-03 6.99092100987826E-03 7.0046469377538E-03 7.01849973931392E-03 7.03243738804526E-03 7.04640717123632E-03 7.06035381805505E-03 7.07423290723131E-03 7.08798929148209E-03 7.10157641503895E-03 7.11493060806522E-03 7.12805240119337E-03 7.14096232937025E-03 7.15370353095227E-03 7.16629600278052E-03 7.17877811925314E-03 7.19117184964988E-03 7.20351549412226E-03 7.21583368594451E-03 7.22815646730805E-03 7.24048372493453E-03 7.25283122886095E-03
6.32029228504532E-03 6.34257359597054E-03 6.36453676429583E-03 6.38617243987915E-03 6.40748275738643E-03 6.42846226510298E-03 6.44910129938499E-03 6.46938989518374E-03 6.48932896496289E-03 6.50892014402025E-03 6.52817492314139E-03 6.54710451548256E-03 6.56571970717118E-03 6.58402827828672E-03 6.6020471505079E-03 6.61979079153514E-03 6.63729639056431E-03 6.65460386257055E-03 6.67174160592273E-03 6.68873727727998E-03 6.70562017639864E-03 6.72242016209101E-03 6.73915713082759E-03 6.75584754960719E-03 6.77249581192377E-03 6.78910493603697E-03 6.80564198837066E-03 6.82206515232394E-03 6.83825789583461E-03 6.85414701885551E-03 6.86970115716073E-03 6.88492436541661E-03 6.89980738529691E-03 6.91436237129959E-03 6.92860527622326E-03 6.94257976376673E-03 6.95634433851928E-03 6.96998535908083E-03 6.98356473295655E-03 6.99716952398379E-03 7.01080951973011E-03 7.02450891728442E-03 7.03828240460952E-03 7.05215695351437E-03 7.06610487391499E-03 7.08006946378117E-03 7.09401356655895E-03 7.10789102090193E-03 7.12167445060638E-03 7.13530575339108E-03 7.14875618164963E-03 7.16196741343616E-03 7.17496835946112E-03 7.18778668464351E-03 7.20046523820008E-03 7.21301510050151E-03 7.22547909859775E-03 7.23787617516027E-03 7.25024309848783E-03 7.26259719831376E-03 7.27496466705402E-03 7.28733895551535E-03 7.29973810798923E-03
6.33700082224428E-03 6.36081426963845E-03 6.38429570911703E-03 6.40743827438861E-03 6.43023788478259E-03 6.45267853193053E-03 6.47474464730822E-03 6.49642440145832E-03 6.51771658154292E-03 6.53862342365815E-03 6.55915638199649E-03 6.57932518104425E-03 6.59914015468639E-03 6.61861241949886E-03 6.63776212262195E-03 6.65661489922218E-03 6.67521250277462E-03 6.69358844937743E-03 6.71176504210964E-03 6.72976978407029E-03 6.74762887290084E-03 6.76536817903888E-03 6.78300140281017E-03 6.80053697303035E-03 6.81797478313642E-03 6.83531809030278E-03 6.85253127940745E-03 6.86953417613773E-03 6.88620214566216E-03 6.90249879565633E-03 6.91841702858128E-03 6.93396412590467E-03 6.94913266624186E-03 6.96393986226915E-03 6.97840765562794E-03 6.99259280849365E-03 7.00656348236992E-03 7.02040634135088E-03 7.03418340235636E-03 7.04795912699858E-03 7.06172641948541E-03 7.07552215433556E-03 7.0893681373265E-03 7.10327614530063E-03 7.11720488485127E-03 7.13110311950951E-03 7.14494883086963E-03 7.15870422456821E-03 7.17234994037554E-03 7.18582650517964E-03 7.19911490122436E-03 7.21217707257968E-03 7.2250684429238E-03 7.23780606105016E-03 7.25042405175505E-03 7.26293011460446E-03 7.27537186563076E-03 7.28776320726453E-03 7.30014066279201E-03 7.31251202411158E-03 7.32489687377476E-03 7.33728617990646E-03 7.34969928853441E-03
