NongDo/Fusa 12.5h.grd
DSAA
463	323
2	464
2	324
0	10
[rows 56 to 83 of 323, columns 256 to 319 of 463]
0 0 0 0 0 0 0 0 0 0 0 0 0 0 0 0 0 0 0 0 0 0 0 0 0 0 0 0 0 0 0 0 0 0 0 0 0 0 0 0 0 0 0 0 0 0 0 0 0 0 0 0 0 0 0 0 0 0 0 0 0 0 0 0
0 0 0 0 0 0 0 0 0 0 0 0 0 0 0 0 0 0 0 0 0 0 0 0 0 0 0 0 0 0 0 0 0 0 0 0 0 0 0 0 0 0 0 0 0 0 0 0 0 0 0 0 0 0 0 0 0 0 0 0 0 0 0 0
0 0 0 0 0 0 0 0 0 0 0 0 0 0 0 0 0 0 0 0 0 0 0 0 0 0 0 0 0 0 0 0 0 0 0 0 0 0 0 0 0 0 0 0 0 0 0 0 0 0 0 0 0 0 0 0 0 0 0 0 0 0 0 0
0 0 0 0 0 0 0 0 0 0 0 0 0 0 0 0 0 0 0 0 0 0 0 0 0 0 0 0 0 0 0 0 0 0 0 0 0 0 0 0 0 0 0 0 0 0 0 0 0 0 0 0 0 0 0 0 0 0 0 0 0 0 0 0
0 0 0 0 0 0 0 0 0 0 0 0 0 0 0 0 0 0 0 0 0 0 0 0 0 0 0 0 0 0 0 0 0 0 0 0 0 0 0 0 0 0 0 0 0 0 0 0 0 0 0 0 0 0 0 0 0 0 0 0 0 0 0 0
0 0 0 0 0 0 0 0 0 0 0 0 0 0 0 0 0 0 0 0 0 0 0 0 0 0 0 0 0 0 0 0 0 0 0 0 0 0 0 0 0 0 0 0 0 0 0 0 0 0 0 0 0 0 0 0 0 0 0 0 0 0 0 0
0 0 0 0 0 0 0 0 0 0 0 0 0 0 0 0 0 0 0 0 0 0 0 0 0 0 0 0 0 0 0 0 0 0 0 0 0 0 0 0 0 0 0 0 0 0 0 0 0 0 0 0 0 0 0 0 0 0 0 0 0 0 0 0
0 0 0 0 0 0 0 0 0 0 0 0 0 0 0 0 0 0 0 0 0 0 0 0 0 0 0 0 0 0 0 0 0 0 0 0 0 0 0 0 0 0 0 0 0 0 0 0 0 0 0 0 0 0 0 0 0 0 0 0 0 0 5.50885246144498E-03 5.50464734799251E-03
0 0 0 0 0 0 0 0 0 0 0 0 0 0 0 0 0 0 0 0 0 0 0 0 0 0 0 0 0 0 0 0 0 0 0 0 0 0 0 0 0 0 0 0 0 0 0 0 0 0 0 0 0 0 0 0 0 0 5.51822981882476E-03 5.51721018482989E-03 5.51709948845132E-03 5.51658826372801E-03 5.50885246144498E-03 5.50464734799251E-03
0 0 0 0 0 0 0 0 0 0 0 0 0 0 0 0 0 0 0 0 0 0 0 0 0 0 0 0 0 0 0 0 0 0 0 0 0 0 0 0 0 0 0 0 0 0 0 0 0 0 0 0 0 0 5.51742852095953E-03 5.51862064689892E-03 5.52079139894269E-03 5.52275400883406E-03 5.51822981882476E-03 5.51721018482989E-03 5.51709948845132E-03 5.51658826372801E-03 5.5144185668636E-03 5.51233774399766E-03
0 0 0 0 0 0 0 0 0 0 0 0 0 0 0 0 0 0 0 0 0 0 0 0 0 0 0 0 0 0 0 0 0 0 0 0 0 0 0 0 0 0 0 0 0 0 0 0 0 0 0 5.51239722155622E-03 5.51586989841991E-03 5.51968149960259E-03 5.51742852095953E-03 5.51862064689892E-03 5.52079139894269E-03 5.52275400883406E-03 5.52332870812359E-03 5.52415298900276E-03 5.52502984510375E-03 5.52554459073899E-03 5.52538657252639E-03 5.52483022374979E-03
0 0 0 0 0 0 0 0 0 0 0 0 0 0 0 0 0 0 0 0 0 0 0 0 0 0 0 0 0 0 0 0 0 0 0 0 0 0 0 0 0 0 0 0 0 5.47270400941998E-03 5.47981618505958E-03 5.48802142494153E-03 5.49641741481395E-03 5.50454677117009E-03 5.51182412776894E-03 5.51239722155622E-03 5.51586989841991E-03 5.51968149960259E-03 5.5223205340827E-03 5.52527206636281E-03 5.5283747644401E-03 5.53127547395809E-03 5.53367728076421E-03 5.53580905696024E-03 5.53763318163756E-03 5.53907173430698E-03 5.54004782717256E-03 5.54058013087032E-03
0 0 0 0 0 0 0 0 0 0 0 0 0 0 0 0 0 0 0 0 0 0 0 0 0 0 0 0 0 0 0 0 0 0 0 0 0 0 0 0 0 0 0 5.45942799259294E-03 5.46865845624656E-03 5.47270400941998E-03 5.47981618505958E-03 5.48802142494153E-03 5.49641741481395E-03 5.50454677117009E-03 5.51182412776894E-03 5.51737177808554E-03 5.52271289117526E-03 5.52774587142389E-03 5.53222238393269E-03 5.53644479529941E-03 5.54045235780859E-03 5.54418460489505E-03 5.54754926596708E-03 5.55056278334666E-03 5.55319626772403E-03 5.55543483389113E-03 5.55725783348889E-03 5.55867346442092E-03
4.63789365014762E-03 4.65935281069153E-03 4.68194410420172E-03 4.70491880798845E-03 4.72791324933665E-03 4.75091038557862E-03 4.77360282884263E-03 4.7959442327072E-03 4.81795542129563E-03 4.83987128366428E-03 4.86169891006158E-03 4.88352768144005E-03 4.90501694382904E-03 4.92604459899444E-03 4.94655203756765E-03 4.96678847664717E-03 4.98675968075545E-03 5.00664863843103E-03 5.02625242326063E-03 5.04561584026903E-03 5.06475361503231E-03 5.0839158757741E-03 5.10308130623542E-03 5.12236405200807E-03 5.1414434278962E-03 5.16021172541163E-03 5.17853713989889E-03 5.19660037015405E-03 5.21431698116891E-03 5.23185305249136E-03 5.24905981941113E-03 5.26614718486984E-03 5.28338022516353E-03 5.30153897407801E-03 5.32165327589064E-03 0 0 0 0 5.41041945294528E-03 5.42360996734269E-03 5.43837427193232E-03 5.45259710438881E-03 5.45942799259294E-03 5.46865845624656E-03 5.47724134885004E-03 5.4861016012641E-03 5.49509554411429E-03 5.50397531735562E-03 5.51254361108486E-03 5.52050530754592E-03 5.52767840500241E-03 5.53426882117192E-03 5.54033949570132E-03 5.54588082988969E-03 5.55100923320668E-03 5.55577740492392E-03 5.56020970226572E-03 5.5642827748294E-03 5.56799717068705E-03 5.57133296112337E-03 5.57428745498785E-03 5.57685733308579E-03 5.5790614626584E-03
4.63789365014762E-03 4.65935281069153E-03 4.68194410420172E-03 4.70491880798845E-03 4.72791324933665E-03 4.75091038557862E-03 4.77360282884263E-03 4.7959442327072E-03 4.81795542129563E-03 4.83987128366428E-03 4.86169891006158E-03 4.88352768144005E-03 4.90501694382904E-03 4.92604459899444E-03 4.94655203756765E-03 4.96678847664717E-03 4.98675968075545E-03 5.00664863843103E-03 5.02625242326063E-03 5.04561584026903E-03 5.06475361503231E-03 5.0839158757741E-03 5.10308130623542E-03 5.12236405200807E-03 5.1414434278962E-03 5.16021172541163E-03 5.17853713989889E-03 5.19660037015405E-03 5.21431698116891E-03 5.23185305249136E-03 5.24905981941113E-03 5.26614718486984E-03 5.28338022516353E-03 5.30153897407801E-03 5.32165327589064E-03 5.34871297276069E-03 5.36709828903874E-03 5.3845150545938E-03 5.40097414950453E-03 5.41041945294528E-03 5.42360996734269E-03 5.43837427193232E-03 5.45259710438881E-03 5.46468289357384E-03 5.47608283109075E-03 5.48678120501523E-03 5.49700171467538E-03 5.50684663250286E-03 5.51633069406056E-03 5.52542744721897E-03 5.5340004385823E-03 5.54200064479818E-03 5.54940445401926E-03 5.55624812262812E-03 5.56254864834466E-03 5.56838231451019E-03 5.57380233833858E-03 5.57885687325096E-03 5.58354872767903E-03 5.58788601931835E-03 5.59185842525126E-03 5.59547259512771E-03 5.59873629901482E-03 5.60167448169682E-03
4.64347559728433E-03 4.66718441459443E-03 4.69070965867169E-03 4.71415792398849E-03 4.73746270796244E-03 4.76067561782828E-03 4.78354957961424E-03 4.80603568828998E-03 4.82819253470408E-03 4.85021858979714E-03 4.87213252224459E-03 4.89404097309083E-03 4.91558569559332E-03 4.93659681614679E-03 4.95710277591432E-03 4.97733395462426E-03 4.99732274396512E-03 5.01720741419502E-03 5.03682577269036E-03 5.05620168775294E-03 5.0753838508972E-03 5.09457310709056E-03 5.11376561131981E-03 5.13307415270723E-03 5.15217366080136E-03 5.17090942184471E-03 5.18921038199289E-03 5.20722335820488E-03 5.22488670729265E-03 5.24230862317199E-03 5.25936498700274E-03 5.27619903574852E-03 5.2930289173154E-03 5.31037918139606E-03 5.32872926228005E-03 5.34871297276069E-03 5.36709828903874E-03 5.3845150545938E-03 5.40097414950453E-03 5.4159442209589E-03 5.43123856741526E-03 5.44686492519153E-03 5.46184151657173E-03 5.47563534368495E-03 5.48843411135423E-03 5.50040588714295E-03 5.51163624213617E-03 5.52225783014179E-03 5.53236435165516E-03 5.54199816090614E-03 5.55110917530112E-03 5.55969138513947E-03 5.56769238305139E-03 5.57513276648876E-03 5.58202914484525E-03 5.5884467331615E-03 5.59443937875336E-03 5.60005925373281E-03 5.60531880551384E-03 5.61023034580964E-03 5.61479141722228E-03 5.61901959583963E-03 5.62293092777968E-03 5.62655032280036E-03
4.65520143494762E-03 4.68025649097152E-03 4.70467917691702E-03 4.72874029390432E-03 4.75251000201218E-03 4.77606991373134E-03 4.79925257289557E-03 4.82202328534159E-03 4.84447099304654E-03 4.86674303970415E-03 4.88885060670958E-03 4.91087439113859E-03 4.9324636886217E-03 4.95347152931271E-03 4.97401899924955E-03 0.004994294694643 5.01434454448589E-03 5.03426031492754E-03 5.05393998412682E-03 5.07339314940941E-03 5.09269666123549E-03 5.1119907873587E-03 5.13127590871112E-03 5.15062402137532E-03 5.16971736528464E-03 5.18840198675082E-03 5.20667448478331E-03 5.22463151386323E-03 5.24222702096567E-03 5.25951296853814E-03 5.27640933984054E-03 5.2930025130939E-03 5.30948010877437E-03 5.32617536682316E-03 5.34333213624336E-03 5.3611309745684E-03 5.3786499020563E-03 5.39575385048882E-03 5.41241524502761E-03 5.42871683531625E-03 5.4449227637528E-03 5.46104936450164E-03 5.4765530130652E-03 5.49115552604759E-03 5.50483037146681E-03 5.51767516489152E-03 5.52969807890294E-03 5.54099779582467E-03 5.55167053661263E-03 5.56179715350965E-03 5.57137481373695E-03 5.5804247904423E-03 5.58890186590477E-03 5.5968256829899E-03 5.60421746055417E-03 5.6111361974472E-03 5.61763688980659E-03 5.62377042781877E-03 5.62955133434209E-03 5.63499493632941E-03 5.64010852859673E-03 5.64491176624984E-03 5.64942519511194E-03 5.65367396150177E-03
4.67098411406337E-03 4.69697391353003E-03 4.72221935929031E-03 4.74696103840073E-03 4.77130329358022E-03 4.79531541863492E-03 4.81890257879557E-03 4.84207883786955E-03 4.86492499256799E-03 4.88754111321583E-03 4.90993062807888E-03 4.93208141784214E-03 4.95372999238982E-03 4.97483427148064E-03 4.99552579788184E-03 5.01594381791704E-03 5.03613646837065E-03 5.05615970170334E-03 5.0759572200368E-03 5.09556378723543E-03 5.11505148758848E-03 5.13451064358386E-03 5.15393872410127E-03 5.17331684492013E-03 5.1923840499318E-03 5.21105513388121E-03 5.22933937804988E-03 5.24728002449577E-03 5.26483710993557E-03 5.28202542353548E-03 5.29879486282421E-03 5.31522903556935E-03 5.33147943421731E-03 5.34777134015485E-03 5.36427128216132E-03 5.38108304171334E-03 5.39788034015356E-03 5.41457408206386E-03 5.43114143124596E-03 5.44764988858955E-03 5.46407233884955E-03 5.48033758885728E-03 5.49607484541169E-03 5.51109950852019E-03 5.52532322158228E-03 5.53875353709749E-03 5.55135126209765E-03 5.56317940110956E-03 5.57432209518709E-03 5.58486430596061E-03 5.59483469049368E-03 5.60425927401413E-03 5.61311299631129E-03 5.62142522383534E-03 5.62922239712949E-03 5.63656733596118E-03 5.64351471747046E-03 5.6501072208846E-03 5.65635815158979E-03 5.66228813751915E-03 5.66790905625405E-03 5.67324342601049E-03 5.67831232481489E-03 5.68313819903472E-03
4.68973505361477E-03 4.71659071700669E-03 4.74266390868955E-03 4.7681424105671E-03 4.79313162276146E-03 4.81769782902563E-03 4.84181572958037E-03 4.86551177659467E-03 4.88882881042974E-03 4.91183186000267E-03 4.93451355657095E-03 4.9568398621751E-03 4.97868868091268E-03 5.00005048722594E-03 5.02100614663891E-03 5.04166520072151E-03 5.06208250206088E-03 5.08230527967433E-03 5.10232468401868E-03 5.12217257344395E-03 5.14188880380023E-03 5.16152757219572E-03 5.18107586618426E-03 5.20048818238686E-03 5.21960753979255E-03 5.23835635976479E-03 5.25670687684811E-03 5.2746718372407E-03 5.29222470430351E-03 5.30936824141233E-03 5.32608791158371E-03 5.34244804011909E-03 5.35855580227629E-03 5.37457712900911E-03 5.39064544847489E-03 5.40686126013778E-03 5.42313606753354E-03 5.43944266138568E-03 5.45575622496011E-03 5.47210510135442E-03 5.48841759642422E-03 5.50460233000536E-03 5.5203887925518E-03 5.53560082101535E-03 5.55010679381117E-03 5.56386890452325E-03 5.57683266319437E-03 5.58901547783806E-03 5.60048374012389E-03 5.61131461569062E-03 5.62155344670084E-03 5.63123806214998E-03 5.64037506149209E-03 5.64899294100097E-03 5.65712721338299E-03 5.66483165233074E-03 5.67215765318189E-03 5.67914595123083E-03 5.68581625055393E-03 5.69218624641789E-03 5.69827137272443E-03 5.70409247405141E-03 5.70966979119297E-03 5.71502264605933E-03
4.71130249606401E-03 4.73903759039587E-03 4.76598199236594E-03 4.79227588511473E-03 4.81801202044165E-03 4.84325994121737E-03 4.86802262395092E-03 4.8923242998947E-03 4.91618793046638E-03 4.9396552864856E-03 4.96271753460334E-03 4.98535905616924E-03 5.00753378192586E-03 5.02925154045012E-03 5.05056711049678E-03 5.07156675974258E-03 5.09230528540475E-03 5.11283423215159E-03 5.13316486965799E-03 5.15331972791971E-03 5.17331590739538E-03 5.19318140331837E-03 5.21289756159742E-03 5.23242402302917E-03 5.25165895076494E-03 5.27052928485265E-03 5.2889827274112E-03 5.30701164098441E-03 5.32459501114383E-03 5.34173940378512E-03 5.35844684883187E-03 5.37476716339382E-03 5.39077841158658E-03 5.40661047969999E-03 5.42238168262043E-03 5.43820206221725E-03 5.45408297125028E-03 5.4700377612487E-03 5.48604904406316E-03 5.50212675747378E-03 5.51820079815105E-03 5.53418436112191E-03 5.54985525477577E-03 5.56504202350964E-03 5.57959627626513E-03 5.59345730749185E-03 5.60655547219343E-03 5.61888958837488E-03 5.63050808224776E-03 5.64147650395386E-03 5.65184817356596E-03 5.66167271444175E-03 5.67097620291443E-03 5.67979436400067E-03 5.68816562532094E-03 5.69613809015869E-03 5.70375834675346E-03 5.71106592228413E-03 5.71808277973223E-03 5.72482655357019E-03 5.73131348890692E-03 5.73756138835809E-03 5.74358735839577E-03 5.74940580612365E-03
4.73562357592609E-03 4.76431776779592E-03 4.79221592713564E-03 4.81942491938131E-03 4.84602144969872E-03 4.8720715459736E-03 4.89758412315073E-03 4.92258178260428E-03 4.94708376554178E-03 4.97112003909295E-03 4.9946862252657E-03 5.0177838255369E-03 5.04040429481553E-03 5.06257275948411E-03 5.0843401705358E-03 5.10577835467337E-03 5.12693888925321E-03 5.14787372887815E-03 5.16859738699611E-03 5.18912506866809E-03 0.005209463063002 5.22962200736696E-03 5.24957948330352E-03 5.26930212433554E-03 5.28871240387622E-03 5.30773793832904E-03 5.32631892452006E-03 5.34443693379813E-03 5.36207438089692E-03 5.37924111421996E-03 5.39594578221592E-03 5.41223053790751E-03 5.42816088150078E-03 5.44384705041024E-03 5.45939886981199E-03 5.47493244383907E-03 5.49049942393953E-03 5.50613553623451E-03 5.52183535889521E-03 5.53760474227184E-03 5.5533775051344E-03 5.56907412000916E-03 5.58449525154517E-03 5.59948064066932E-03 5.61388806073907E-03 5.62764901773795E-03 5.6406876911401E-03 5.65298433907037E-03 5.66457526758527E-03 5.67552322943634E-03 5.68589020585839E-03 5.69573185993521E-03 5.70508719398834E-03 5.71399469979129E-03 5.72249481388419E-03 5.73063401686903E-03 5.73845768513472E-03 5.74600031903702E-03 5.75328442705158E-03 5.76032478633969E-03 5.76713771147974E-03 5.77373952144693E-03 5.78014317494024E-03 5.7863558327478E-03
4.76279265710184E-03 4.79256419040161E-03 4.82152767992428E-03 4.84976571898314E-03 4.87734238267245E-03 4.90431034621957E-03 4.93068184515049E-03 4.95648224309407E-03 4.98173168978698E-03 5.00645313822484E-03 5.03064840666717E-03 5.05432980835692E-03 5.0775104583227E-03 5.10023044575505E-03 0.00512254406956 5.14451412265464E-03 5.16618913982166E-03 5.18761684514431E-03 5.20880979075269E-03 5.2297793022945E-03 5.25052578308012E-03 5.27104765045966E-03 5.29131710363156E-03 5.31130539166932E-03 5.33093977923263E-03 5.35014554153831E-03 5.36886358504948E-03 5.38707457071697E-03 5.4047638967162E-03 5.42194538850364E-03 5.43863160276076E-03 5.45486316989967E-03 5.4707047497656E-03 5.48625925473966E-03 5.50163127269243E-03 5.5169364100234E-03 5.53223860909846E-03 5.54757965141082E-03 5.5629646320952E-03 5.57840035743631E-03 5.59382746269435E-03 5.60915639846783E-03 5.6242053297027E-03 5.63883803006779E-03 5.65293142876042E-03 5.66641441364799E-03 5.67920758919148E-03 5.69129132767686E-03 5.70269578866502E-03 5.71348366392505E-03 5.72372026504581E-03 5.73346357353249E-03 5.74275953253592E-03 5.75164911857441E-03 5.76017488166595E-03 5.76838457672406E-03 5.77632029981444E-03 5.78401036385667E-03 5.79147507684591E-03 5.7987286262269E-03 5.80578814060195E-03 5.81266568346024E-03 5.81936855928728E-03 5.82589547049295E-03
4.79292523563138E-03 4.82391491040606E-03 4.85407131317457E-03 4.88345812321398E-03 4.91212923110488E-03 4.94012697212679E-03 4.9674720905283E-03 4.99418915402011E-03 5.02029807307895E-03 5.04581884108441E-03 5.07076196588001E-03 5.09514580993019E-03 5.11900025441031E-03 5.14237502950665E-03 5.16532683929371E-03 5.18791380005288E-03 5.21018264817277E-03 5.2321764385199E-03 5.25390603597007E-03 5.2753786905434E-03 5.29659051771873E-03 5.3175321665876E-03 5.33816934922396E-03 5.35846995884977E-03 5.37835162096688E-03 5.39773864515277E-03 5.41657968722959E-03 5.43486149912384E-03 5.45257319829964E-03 5.46973335383755E-03 5.48635848532025E-03 5.50249579043798E-03 5.51821887011785E-03 5.53363005213694E-03 5.54882718743364E-03 5.5639209156292E-03 5.57896854353913E-03 5.59401023916068E-03 5.60905654224022E-03 5.62411311790545E-03 5.63911769503196E-03 5.65398240562686E-03 5.66855508310908E-03 5.6827140804286E-03 5.69635852229356E-03 5.70942353294779E-03 5.72184331820595E-03 5.73359063146844E-03 5.74469732807347E-03 5.75522328491891E-03 5.76523318861259E-03 5.77478454561648E-03 5.78393133034516E-03 5.79271584063107E-03 5.80118779383927E-03 5.80939090173459E-03 5.81736034237754E-03 5.82511699508843E-03 5.8326827670867E-03 5.84006855971263E-03 5.84729122974389E-03 5.85436060161112E-03 5.86127722011822E-03 5.8680326721161E-03
4.82628961118002E-03 4.8586441253145E-03 4.89012970989995E-03 4.92079402919798E-03 4.95068208122845E-03 4.97982965988492E-03 5.00826269445922E-03 5.03600677397751E-03 5.06308326314467E-03 5.0895116479952E-03 5.11530961862171E-03 5.14050089212039E-03 5.16512771212995E-03 5.18924847046781E-03 5.21292075369834E-03 0.00523619861109 5.25912663567436E-03 5.28174055545929E-03 5.30404922621262E-03 5.32606032007497E-03 5.3477671876301E-03 5.36915313253008E-03 5.39017774236688E-03 5.41079470083977E-03 5.43090708620724E-03 5.45044411491849E-03 5.46936536153931E-03 5.48766477403844E-03 5.50534090467938E-03 5.52241635001276E-03 5.53891488593154E-03 5.55490071705187E-03 5.57045919545724E-03 5.58569254345522E-03 5.6006947701498E-03 5.61556178792457E-03 5.63033551875772E-03 5.6450532707444E-03 5.65972587869827E-03 5.67435064653915E-03 5.68886402289171E-03 5.70318227122546E-03 5.71717962583348E-03 5.73076162373759E-03 5.74385010769512E-03 5.75638840896471E-03 5.76832003273393E-03 5.77962815031469E-03 5.79034904264666E-03 5.80053516677989E-03 5.81024643946457E-03 5.81954044295823E-03 5.82847270143447E-03 5.83709060224162E-03 5.84544964479128E-03 5.85358218024112E-03 5.86151375969165E-03 5.86926245031509E-03 5.8768505503712E-03 5.88428785177349E-03 5.89159316647772E-03 5.8987680288364E-03 5.90580721866247E-03 5.91269970362431E-03
4.86319652326364E-03 4.89707073027007E-03 4.93002697367018E-03 4.96209921226816E-03 4.99332603377525E-03 5.0237387275197E-03 5.05336805103058E-03 5.08224128340991E-03 5.11038349307192E-03 5.13781461284241E-03 5.16456088102789E-03 5.19064982069909E-03 5.21613540231035E-03 5.24108117690042E-03 5.26554155819151E-03 5.28956394284629E-03 5.31318809320089E-03 5.33644602336961E-03 5.35934851658771E-03 5.38190103314346E-03 5.40409195767104E-03 5.4258985849309E-03 5.4472709743632E-03 5.46815513817004E-03 5.48844498711568E-03 5.50806611321723E-03 5.52698474483767E-03 5.54521139849898E-03 5.5627597414075E-03 5.57966362581239E-03 5.59596495518014E-03 5.61173637418684E-03 5.62706752285395E-03 5.64206332757785E-03 5.65681213734948E-03 5.67140256012656E-03 5.68586346625197E-03 5.70021438366873E-03 5.71445486185117E-03 5.72858023076521E-03 5.74253357438867E-03 5.75623432452787E-03 5.76959052895421E-03 5.78252729377358E-03 5.79498959536845E-03 0.005806931084694 5.81831504460457E-03 5.82912399745083E-03 5.83939674443122E-03 5.8491891538458E-03 5.85856325914524E-03 5.86756915287513E-03 5.87625964956265E-03 5.88467769866006E-03 5.89287277616108E-03 5.90087558791126E-03 5.90871024393603E-03 5.91638777131972E-03 5.92392696739303E-03 0.005931334794321 5.93862714364824E-03 5.94580794353489E-03 5.95287337033743E-03 5.95980886973938E-03
4.90406144210305E-03 4.9396032643481E-03 4.9741647623837E-03 5.00776901696961E-03 5.04045027198796E-03 5.07223725727303E-03 5.10316454258588E-03 5.13326257159619E-03 5.16255884426087E-03 5.19107616881989E-03 5.21884849094155E-03 5.2459101520579E-03 5.27232488668434E-03 5.29815643065955E-03 0.005323451076298 5.34824770665741E-03 5.37258118740499E-03 5.39647999698565E-03 5.41995491096532E-03 5.44300937959968E-03 5.46562883404377E-03 5.48778776651146E-03 5.50942877883156E-03 5.53048652524865E-03 5.55084222593086E-03 5.57042756180525E-03 5.58922723837832E-03 5.60727206199321E-03 5.62458812215934E-03 5.64122440763254E-03 5.6572381013721E-03 5.67271026449481E-03 5.68773499780056E-03 5.70241967121013E-03 5.7168464311983E-03 5.73109245264976E-03 5.74516703164306E-03 5.75907570567285E-03 5.7728106797257E-03 5.78636760485914E-03 5.79969047894833E-03 5.81271162672905E-03 5.82536914494167E-03 5.83760994884861E-03 5.84939802521886E-03 5.86069702598924E-03 5.87148583938538E-03 5.88175225250338E-03 5.8915440148309E-03 5.90091765841846E-03 5.90993359771681E-03 5.91863092798603E-03 5.92705772187048E-03 5.93524842329473E-03 5.9432438336558E-03 5.95107065079569E-03 5.95875211060311E-03 5.96629327466246E-03 5.97370987882889E-03 5.98100586277385E-03 5.98819710516201E-03 5.99528885227069E-03 6.00228093444566E-03 6.00915673038736E-03
4.94936300607695E-03 4.98671005590608E-03 5.02299850081984E-03 5.05824444360164E-03 5.09248096555388E-03 5.12573723855348E-03 5.15805232989325E-03 5.18945835930397E-03 5.21998424675861E-03 5.24965623041926E-03 5.27851735682602E-03 5.30660950601758E-03 5.33400197037949E-03 5.36075352403771E-03 5.38689773900753E-03 5.41246532547394E-03 5.43748589925698E-03 5.46198414287197E-03 5.48596776365706E-03 5.50943707541233E-03 5.53237708830337E-03 5.55476558354948E-03 5.57653847421757E-03 5.59761471228626E-03 5.61786658748387E-03 5.63725483715039E-03 5.65579817295907E-03 5.67354391658373E-03 5.69052445122258E-03 5.70679564133397E-03 5.72242293994472E-03 5.73749841728995E-03 5.75212409866311E-03 5.76640756013494E-03 5.78041934206793E-03 5.79422316154138E-03 5.80780629213784E-03 5.82117332148591E-03 5.83432235508074E-03 5.84724745316885E-03 5.85989380320595E-03 5.87219923808132E-03 5.88413136776943E-03 5.89565609606119E-03 5.90675528188881E-03 5.91739549747569E-03 5.92757234303984E-03 5.93728004890902E-03 5.9465823926599E-03 5.95553146784924E-03 5.96417625229249E-03 5.97254331007823E-03 5.98067834169913E-03 5.98860809175225E-03 5.99636634901688E-03 6.00397104818933E-03 6.01144020901699E-03 6.01877373099449E-03 6.02598820510325E-03 6.03308577358742E-03 6.04008514870164E-03 6.04699076415997E-03 6.05380218348205E-03 6.0605029892796E-03
4.99960603170451E-03 5.03887388940656E-03 5.07698805320871E-03 5.1139653377936E-03 5.14983857550985E-03 5.18464200489392E-03 5.21841703461907E-03 5.25119529969985E-03 5.28300676728672E-03 5.31388458267776E-03 5.34387548445164E-03 5.37303599081331E-03 5.40143428673417E-03 5.42911089970932E-03 5.45608648405261E-03 5.4823891540204E-03 5.50804237914145E-03 5.53306444300491E-03 5.55745653547794E-03 5.5812120356439E-03 5.60431760665234E-03 5.62675864341009E-03 5.64847898983704E-03 5.66936485072855E-03 5.68930783318686E-03 5.70832944991254E-03 5.7264788388775E-03 5.74380234296824E-03 5.76033373139983E-03 5.77613320585216E-03 5.79127109943804E-03 5.80584940360837E-03 5.81997383435102E-03 5.8337444706328E-03 5.84722824917713E-03 5.8604619197334E-03 5.87342366974713E-03 5.88613987324865E-03 5.89861900093133E-03 5.91084397481834E-03 5.9227557350788E-03 5.9343144163662E-03 5.94550973001166E-03 5.95632019617391E-03 5.96673452159332E-03 5.97672276724323E-03 5.98628940605264E-03 5.99544743514843E-03 6.00427486899855E-03 6.01280135335038E-03 6.02105943341391E-03 6.02907009957753E-03 6.03687872444143E-03 6.04450362442141E-03 6.05197419320617E-03 6.05929694236819E-03 6.06648280360882E-03 6.07353057870586E-03 6.0804574955693E-03 6.08726690232862E-03 6.09398124091243E-03 6.10059726699151E-03 6.10711242234333E-03 6.11351385703763E-03
