NongDo/Fusa 18.5h.grd
DSAA
463	323
2	464
2	324
0	10
[rows 140 to 167 of 323, columns 192 to 255 of 463]
7.43405837653385E-03 7.54581907611222E-03 7.65747321167199E-03 7.76862965556164E-03 7.87887016107064E-03 7.98769229847696E-03 8.09459371417465E-03 8.19906396585055E-03 8.30061407112893E-03 8.3987501932634E-03 8.49300266241359E-03 8.58291528905043E-03 8.66809254286106E-03 8.74820975938273E-03 8.82301857234763E-03 8.89235508193858E-03 8.95614766324867E-03 9.01442759260055E-03 9.06731111698025E-03 9.11499153043138E-03 9.15772067708035E-03 9.19579481912831E-03 9.22953247821251E-03 9.2592614182715E-03 9.2853023617228E-03 9.30795179570875E-03 9.32747133671738E-03 9.34408159963186E-03 9.35800892861261E-03 9.3694969255329E-03 9.37880562159741E-03 9.38619152151275E-03 9.39189865607766E-03 9.39616013449843E-03 9.39919344489342E-03 9.40119766802839E-03 9.40234126103089E-03 9.4027631817294E-03 9.4025734434768E-03 9.40185503466035E-03 9.40067231525364E-03 9.39907600205722E-03 9.39710911987276E-03 9.39481648783716E-03 9.39225674746885E-03 9.3895058656565E-03 9.38666467898977E-03 9.3812704442822E-03 0 0 0 0 0 0 0 0 0 0 0 0 0 0 0 0
7.53676998109472E-03 7.64849803308281E-03 7.75966130809053E-03 7.86986624884141E-03 7.9786948571085E-03 8.08564673322291E-03 8.19025273475679E-03 8.29204085819287E-03 8.39056131515225E-03 8.48535575385998E-03 8.57599220658494E-03 8.66205337467866E-03 8.74318802018107E-03 8.81911623446028E-03 8.88963248956533E-03 8.95461573156359E-03 9.01403976994163E-03 9.06798387114014E-03 9.11660890050154E-03 9.1601515395574E-03 9.19890044539985E-03 9.2331788055649E-03 9.26332459052176E-03 9.28967783166052E-03 9.31256325702873E-03 9.33227462859122E-03 9.34906744948355E-03 9.36315071779858E-03 9.37475166288385E-03 9.38412410638003E-03 9.39152740605081E-03 9.39721151110378E-03 9.40141275790194E-03 9.40435630548835E-03 9.40624827749837E-03 9.40727391728406E-03 9.40758674613115E-03 9.40730911047479E-03 9.40653320661974E-03 9.40532281660267E-03 9.40372914467491E-03 9.40179621688918E-03 9.39956137666451E-03 9.39706961583093E-03 9.39439982250739E-03 9.39168124937547E-03 9.38666467898977E-03 0 0 0 0 0 0 0 0 0 0 0 0 0 0 0 0 0
7.63842794316948E-03 7.74975662861065E-03 7.86007527202088E-03 7.96898390686145E-03 8.07606325390857E-03 8.18083459295782E-03 8.28287281264142E-03 8.38174363058516E-03 8.47703038557945E-03 8.56830565942145E-03 8.65517125669424E-03 8.73725266740826E-03 8.81424372760668E-03 8.88590798772645E-03 8.95208332325277E-03 9.01269541504984E-03 9.06776674741082E-03 9.11742423691427E-03 9.16187382694706E-03 9.20139494204753E-03 9.23631035385506E-03 9.26696565247832E-03 9.29371267640383E-03 9.31689700082029E-03 9.33684033770547E-03 9.3538280321397E-03 9.36810556716721E-03 9.37987349950234E-03 9.38936214100383E-03 9.3968300854349E-03 9.40252965482169E-03 9.40670235444572E-03 9.40957654340104E-03 9.41136949607528E-03 9.41227702831062E-03 9.41246921684028E-03 9.41208272750284E-03 9.41122381970617E-03 9.40996853323049E-03 9.40836110247625E-03 9.4064387425436E-03 9.4042443574027E-03 9.40181616506242E-03 9.39920616495498E-03 9.39652517190513E-03 9.39168124937547E-03 0 0 0 0 0 0 0 0 0 0 0 0 0 0 0 0 0 0
7.7389108395847E-03 7.84949173584511E-03 7.95862835085763E-03 8.06591132071875E-03 8.17092866632603E-03 8.2732490905015E-03 8.37247818302077E-03 8.46821696464189E-03 8.56007495039495E-03 8.64765682839277E-03 8.73059808659333E-03 8.80857450387529E-03 8.88132167552149E-03 8.94864780949533E-03 9.01043773120404E-03 9.06666908093632E-03 9.11741515704676E-03 9.16284964331505E-03 9.20322489427092E-03 9.23886052361628E-03 9.27010893110831E-03 9.29733133273091E-03 9.32088704021506E-03 9.34111991968513E-03 9.35834176039522E-03 9.37282484643629E-03 9.38480236015962E-03 9.39446990065986E-03 9.40205738939732E-03 9.40782386181343E-03 9.41201209566086E-03 9.41485393299032E-03 9.41657027623244E-03 9.41736981074479E-03 9.41743749994428E-03 9.41692754380579E-03 0.009415959317451 9.41462268349389E-03 9.4129781913313E-03 9.41105443153185E-03 9.40887605697806E-03 9.40648984465065E-03 9.40394663511417E-03 9.40132317271227E-03 9.39652517190513E-03 0 0 0 0 0 0 0 0 0 0 0 0 0 0 0 0 0 0 0
7.83815462549778E-03 7.94765172692708E-03 8.05527444318733E-03 8.16061792876304E-03 8.2632925045268E-03 8.3629106086796E-03 8.45909586924139E-03 8.55148395723154E-03 8.63971031283574E-03 8.72341823121519E-03 8.80228154378373E-03 8.87602547625166E-03 8.94442696656983E-03 9.00734484960293E-03 9.06471668328346E-03 9.1165744552055E-03 9.16304280151433E-03 9.2043430517406E-03 9.24077286405628E-03 9.27268589621979E-03 9.30045629382971E-03 9.32445459324145E-03 9.34504015000371E-03 9.36254716857667E-03 9.37727171914378E-03 9.38946982930704E-03 9.39936191307524E-03 9.40714137901013E-03 9.41303538663406E-03 9.4172966297909E-03 9.42015600740398E-03 9.42183806381736E-03 9.42255729568454E-03 9.42251178955815E-03 9.42187276291805E-03 9.42077946027089E-03 9.4193346831133E-03 9.41760985239074E-03 9.41564841277405E-03 9.41346966067958E-03 9.41109442961613E-03 9.40858128613697E-03 9.40601195775311E-03 9.40132317271227E-03 0 0 0 0 0 0 0 0 0 0 0 0 0 0 0 0 0 0 0 0
7.93611749864092E-03 8.04420565174071E-03 8.14999932339313E-03 8.25310806262393E-03 8.3531622458174E-03 8.44980785468758E-03 8.54269910654458E-03 8.63150284415125E-03 8.71588638251297E-03 8.7955342583482E-03 8.8701632350457E-03 8.93954468254885E-03 0.009003507028781 9.06196392714268E-03 9.1149103167658E-03 9.16243197972292E-03 9.20470490171008E-03 9.24199653199494E-03 9.2746439483966E-03 9.30302700040162E-03 9.32753256780683E-03 9.34853330563309E-03 9.36637942313537E-03 9.38138885511489E-03 9.3938389176999E-03 9.40396723276377E-03 9.4119807938726E-03 9.41807318546957E-03 9.42246707199158E-03 9.42540274436292E-03 9.42710274435787E-03 9.42778554267977E-03 9.42765811209498E-03 9.42690647889702E-03 9.42568763017353E-03 9.42412499026796E-03 9.42230274009483E-03 9.42027212738941E-03 9.41806242637885E-03 9.41568882806758E-03 9.41318167112008E-03 9.41062605486301E-03 9.40601195775311E-03 0 0 0 0 0 0 0 0 0 0 0 0 0 0 0 0 0 0 0 0 0
8.03261087076125E-03 8.13896100865175E-03 8.24260966993822E-03 8.34318432957605E-03 8.44033392329773E-03 8.53373818362125E-03 8.62308804222525E-03 8.70808305112698E-03 8.78842689656689E-03 8.8638467164282E-03 8.93410504500936E-03 8.99902255087935E-03 9.05848625462275E-03 9.11246836645484E-03 9.16102355184619E-03 9.20428875575474E-03 9.24248898580867E-03 9.27593444029022E-03 9.30499403087425E-03 9.3300649754829E-03 9.35153778173385E-03 9.36977786445313E-03 9.38511845937303E-03 9.39785821219517E-03 9.40825374926643E-03 9.41652380129336E-03 9.42286304744225E-03 9.42746193089433E-03 9.4305336075393E-03 9.43230883096107E-03 9.43300688268262E-03 9.43283866786918E-03 9.43200082253078E-03 9.4306676410178E-03 9.42898421548091E-03 9.42705799218963E-03 9.42495016793431E-03 9.42268707137601E-03 9.42029055544128E-03 9.41778362559868E-03 9.41523277011007E-03 9.41062605486301E-03 0 0 0 0 0 0 0 0 0 0 0 0 0 0 0 0 0 0 0 0 0 0
8.12736455648377E-03 8.23163738381948E-03 8.33281509583102E-03 8.43054638714449E-03 8.52450535306514E-03 8.61440965506405E-03 8.69998660988051E-03 8.78096981984847E-03 8.8571019456554E-03 8.92815624691025E-03 8.99394610216921E-03 9.05434524597594E-03 9.10930064291997E-03 9.15884558728376E-03 9.20309381189802E-03 9.24222936819145E-03 9.27652217290553E-03 9.30632001604636E-03 9.33201398602629E-03 9.35400916721288E-03 9.37269098878266E-03 9.38840951015705E-03 0.009401477442872 9.41217184924546E-03 9.42072590781087E-03 9.42733927328937E-03 9.43219489269423E-03 9.43547948573045E-03 9.43739940719626E-03 9.43817566692967E-03 9.43802185046732E-03 0.009437140929268 9.4357187411404E-03 9.4339183012465E-03 9.43187652030356E-03 9.42968909629355E-03 9.42738585945123E-03 9.42495144186241E-03 9.42242455110843E-03 9.41985646411784E-03 9.41523277011007E-03 0 0 0 0 0 0 0 0 0 0 0 0 0 0 0 0 0 0 0 0 0 0 0
8.22006423239438E-03 8.32191802879875E-03 8.42030032375339E-03 8.51488675796769E-03 8.60538329015097E-03 8.6915474474177E-03 8.77314269398745E-03 8.84993906851812E-03 8.92172198799608E-03 8.98831382467418E-03 9.04958245265452E-03 9.10545676968874E-03 9.1559448207647E-03 9.20114000755709E-03 9.24121192446834E-03 9.27638820774131E-03 9.30697821232332E-03 9.33335794704245E-03 9.35593018515353E-03 9.37509864714147E-03 9.39123588053972E-03 9.40467203749653E-03 9.41569680591527E-03 9.42456274852009E-03 9.43147811359782E-03 9.43662468785289E-03 9.44017528009687E-03 9.44231304350061E-03 9.44323897189001E-03 9.4431652977442E-03 9.44229777587062E-03 9.44082980490084E-03 9.43893622656932E-03 9.43677101233782E-03 9.43447177902601E-03 9.43213563547097E-03 9.42974749994647E-03 9.42716957497881E-03 9.42455857494813E-03 9.41985646411784E-03 0 0 0 0 0 0 0 0 0 0 0 0 0 0 0 0 0 0 0 0 0 0 0 0
8.31037346194632E-03 8.40947097839812E-03 8.50474379596043E-03 8.59590054125447E-03 8.68268365917852E-03 8.76489173264061E-03 8.84232663951258E-03 8.91479756677198E-03 8.98213565720306E-03 9.04421503251952E-03 9.10095962071008E-03 9.15235430601722E-03 9.19846802094641E-03 9.23945117665274E-03 9.27552363804717E-03 9.30695106747811E-03 9.33407319380095E-03 9.35728484791043E-03 9.37699169649785E-03 9.39358780232025E-03 9.40742687626558E-03 9.41881562985294E-03 9.42801762589729E-03 9.43525924104063E-03 9.44072532382936E-03 9.44458158925075E-03 9.44699261989968E-03 9.44813838721132E-03 9.4482158612139E-03 9.44742899860807E-03 9.44597363343707E-03 9.4440302626367E-03 9.44176029089776E-03 9.43931525586765E-03 9.43685989707013E-03 9.43453677570949E-03 9.43229710239605E-03 9.42947782930142E-03 9.42455857494813E-03 0 0 0 0 0 0 0 0 0 0 0 0 0 0 0 0 0 0 0 0 0 0 0 0 0
8.3979469850463E-03 8.49396653301601E-03 8.58583738476482E-03 8.67330667529834E-03 8.75615734334307E-03 8.83422876923355E-03 8.90736314334002E-03 8.9754126638861E-03 9.03825754379946E-03 9.09582362663841E-03 9.14809097323018E-03 9.19510152011299E-03 9.23698251496048E-03 9.27393457734494E-03 9.30622043145705E-03 9.33413793628488E-03 9.35804809269908E-03 9.37835416738367E-03 9.39545656024378E-03 9.40973331751992E-03 9.42151468979694E-03 9.43108149443011E-03 9.43866937365478E-03 9.4444780605609E-03 9.44867114825984E-03 9.45140115419152E-03 9.45282644828869E-03 9.45312356390553E-03 9.45248550172086E-03 9.45110957950319E-03 9.44918024169961E-03 9.44685841703132E-03 9.44428228956407E-03 9.44160359609721E-03 9.43906976837288E-03 9.43700540993877E-03 9.4357078041035E-03 9.42947782930142E-03 0 0 0 0 0 0 0 0 0 0 0 0 0 0 0 0 0 0 0 0 0 0 0 0 0 0
8.48244779889117E-03 8.57509272955687E-03 8.66329904472067E-03 8.74685715793377E-03 8.82559394000983E-03 8.89938894543921E-03 8.96812716891254E-03 9.03170739360864E-03 9.09006025708168E-03 9.1431631620739E-03 9.19105148013658E-03 9.23382304469828E-03 9.27165592212617E-03 9.3047936788186E-03 9.33353396269414E-03 9.35819985396535E-03 9.37916357323671E-03 9.39682836630704E-03 9.41158385875065E-03 9.4237862820728E-03 9.43373876543586E-03 9.44169494694764E-03 9.44786263824212E-03 9.45241554330619E-03 9.45549916799419E-03 9.45725516425703E-03 9.45783658615708E-03 9.45741654583965E-03 9.45618589481774E-03 9.45433726476177E-03 9.4520420402043E-03 9.44943117811545E-03 9.44658964666421E-03 9.44363082814748E-03 9.44096308722422E-03 9.43921426631108E-03 9.43900839651524E-03 0 0 0 0 0 0 0 0 0 0 0 0 0 0 0 0 0 0 0 0 0 0 0 0 0 0 0
8.56357076098499E-03 8.65258018416662E-03 8.73689981578038E-03 8.81636566364934E-03 8.89085050848085E-03 8.9602761121528E-03 9.02457235174259E-03 9.08368481061311E-03 9.13759536082281E-03 9.18633346500588E-03 9.22998757923619E-03 9.26870452795524E-03 9.30270535864427E-03 9.33227040986798E-03 9.35772470290245E-03 9.37940588699347E-03 9.39768889538605E-03 9.41297253361952E-03 9.4256298619578E-03 9.43599052717748E-03 9.44432848195466E-03 9.45086947964104E-03 9.45579443194633E-03 9.45925451386827E-03 9.46138038234824E-03 9.46230396261001E-03 9.46217260878109E-03 9.46115574113411E-03 9.45944466711484E-03 9.45723340923361E-03 9.45468516708362E-03 9.45189318526757E-03 9.44881896344459E-03 9.44532215400574E-03 9.44218246918229E-03 9.4404082457675E-03 9.43900839651524E-03 0 0 0 0 0 0 0 0 0 0 0 0 0 0 0 0 0 0 0 0 0 0 0 0 0 0 0
8.64105291431401E-03 8.72620760055587E-03 8.80646185442757E-03 8.88170067838137E-03 8.95184497011096E-03 9.01685934332768E-03 9.07671724145085E-03 9.13141200937886E-03 9.18097781913376E-03 9.22549454706037E-03 9.26509769775823E-03 9.29997486497119E-03 9.33038329035107E-03 9.35663260840695E-03 9.37906681905949E-03 9.39802865318249E-03 9.41389156160384E-03 9.42704548966476E-03 9.43783942966623E-03 9.44657324144241E-03 9.45349191575967E-03 9.4587948681821E-03 9.46263961064012E-03 9.46515803385706E-03 9.46646737027933E-03 9.46669076679599E-03 9.46596927348429E-03 9.46446660546057E-03 9.4623777003198E-03 9.45991137569302E-03 9.45724605808018E-03 9.45447697005555E-03 9.45139039529547E-03 9.44656076622972E-03 9.44218246918229E-03 9.4404082457675E-03 0 0 0 0 0 0 0 0 0 0 0 0 0 0 0 0 0 0 0 0 0 0 0 0 0 0 0 0
8.7146950098508E-03 8.79582016552203E-03 8.87187700907532E-03 8.94280237820001E-03 9.0085663369704E-03 9.06917356479748E-03 9.12464182705091E-03 9.17501404706489E-03 9.2203759343522E-03 9.2608520292435E-03 9.29661804248597E-03 9.32789507367097E-03 9.35496816015901E-03 9.37816714287384E-03 9.39784587218878E-03 9.4143489275736E-03 9.42804393764491E-03 9.43930406521482E-03 9.44844917124978E-03 9.45574978420677E-03 9.46142423275905E-03 9.46564893203947E-03 9.46856148045749E-03 9.47027688099701E-03 9.4709002210502E-03 9.47054663528661E-03 9.46934964270924E-03 9.46746259420348E-03 9.46508413631306E-03 9.46245642907075E-03 9.45982378426246E-03 9.45748034813801E-03 9.45583433926438E-03 9.44656076622972E-03 0 0 0 0 0 0 0 0 0 0 0 0 0 0 0 0 0 0 0 0 0 0 0 0 0 0 0 0 0 0
8.78435070526199E-03 8.86131807121148E-03 8.93309371521482E-03 8.9996672697901E-03 9.06105795524764E-03 9.11730657742713E-03 9.16847892077083E-03 9.21466687806977E-03 9.25600321163566E-03 9.29264943579088E-03 9.32481540375504E-03 9.35274824537398E-03 9.37675117070488E-03 9.3971662361687E-03 9.41434872870079E-03 9.42864305276096E-03 9.44040386072209E-03 9.44998234872124E-03 9.45767017090593E-03 9.46371033753658E-03 9.46829775944284E-03 9.47158886069142E-03 9.47370373315537E-03 9.47474263516955E-03 9.47480059785867E-03 9.47398426634293E-03 9.47241592947837E-03 9.47023240249529E-03 9.46763121600823E-03 9.4648902212925E-03 9.46230875459086E-03 9.46038102786474E-03 9.4601234998148E-03 0 0 0 0 0 0 0 0 0 0 0 0 0 0 0 0 0 0 0 0 0 0 0 0 0 0 0 0 0 0 0
8.84992902842378E-03 8.92265982100684E-03 8.99012202306483E-03 9.05235397067409E-03 9.10942149036515E-03 9.16140558471754E-03 9.20842009267342E-03 9.25059971040139E-03 9.28811691840337E-03 9.32116450542085E-03 9.34997945042633E-03 9.3748275676012E-03 9.39602243551115E-03 9.41390991604164E-03 9.42884101408463E-03 9.44115717030868E-03 9.45119595175209E-03 9.45928316458493E-03 9.46568391945083E-03 9.47061797131122E-03 9.47426036983129E-03 9.47674933150959E-03 9.47818909444692E-03 9.47866808324429E-03 9.47827287551153E-03 9.47710030669929E-03 9.47525703804511E-03 9.47285547299257E-03 9.47007820183762E-03 9.46721595445985E-03 9.46451498159236E-03 9.46217582204301E-03 9.4601234998148E-03 0 0 0 0 0 0 0 0 0 0 0 0 0 0 0 0 0 0 0 0 0 0 0 0 0 0 0 0 0 0 0
8.91139478061427E-03 8.97985869547543E-03 9.04302174082617E-03 9.10096831908817E-03 9.15381090465012E-03 9.20167190760451E-03 9.24470384074607E-03 9.2830792616001E-03 9.31700377816767E-03 9.34669583959242E-03 9.37241056079687E-03 9.39442649947469E-03 9.41306134897249E-03 9.42865827679065E-03 9.44156071937279E-03 9.45210483839849E-03 9.46061024892993E-03 9.46737439102245E-03 9.47263971815235E-03 9.4766058852584E-03 9.47943018827728E-03 9.48123437007064E-03 9.48211005342144E-03 9.48213612342836E-03 0.009481391045097 9.47995970925417E-03 9.47792773014717E-03 9.4753801530982E-03 9.47248614330899E-03 9.46953760840323E-03 9.46674921202095E-03 9.46217582204301E-03 0 0 0 0 0 0 0 0 0 0 0 0 0 0 0 0 0 0 0 0 0 0 0 0 0 0 0 0 0 0 0 0
8.96880583855103E-03 9.03301816375446E-03 9.09193760853662E-03 9.14569528168847E-03 9.19444797395523E-03 9.23835301005282E-03 9.27759545922297E-03 9.31238155390334E-03 9.34294437503319E-03 0.009369521077377 9.39237830695719E-03 9.41180252680745E-03 9.42811034971699E-03 9.44163832473474E-03 9.45271933628167E-03 9.4616798491382E-03 9.46881964866223E-03 9.47441120089725E-03 9.47867794907151E-03 9.48180082637796E-03 9.48392056131566E-03 9.48514490720101E-03 9.48555585955483E-03 9.48522485384066E-03 9.48422366176184E-03 9.48262392348649E-03 9.4804790225606E-03 9.47783338879607E-03 9.47488713849456E-03 9.47194786255273E-03 9.46674921202095E-03 0 0 0 0 0 0 0 0 0 0 0 0 0 0 0 0 0 0 0 0 0 0 0 0 0 0 0 0 0 0 0 0 0
9.02227347306952E-03 9.0822905546444E-03 9.13706071469163E-03 9.18676015805564E-03 9.23158260441181E-03 9.27171336224107E-03 9.30736861145781E-03 9.33878376765106E-03 9.36621361099173E-03 9.38990665400033E-03 9.41013704886923E-03 9.42719489328975E-03 9.44139127549941E-03 9.4530530134756E-03 9.46249973545131E-03 9.47004590846414E-03 9.47597293147609E-03 9.48053053756979E-03 9.48392369420454E-03 9.48631652617867E-03 9.48783545312282E-03 9.48857634484594E-03 9.48861289431826E-03 9.48801187901365E-03 0.009486843595139 9.48517531017884E-03 9.48301996056805E-03 9.4802926127006E-03 9.47734635862514E-03 9.47194786255273E-03 0 0 0 0 0 0 0 0 0 0 0 0 0 0 0 0 0 0 0 0 0 0 0 0 0 0 0 0 0 0 0 0 0 0
9.07195001756853E-03 9.12786019921444E-03 9.17860431331646E-03 9.22439681693467E-03 9.26546166172331E-03 9.30201067458074E-03 9.33428816964563E-03 9.36255243763062E-03 9.38707300424151E-03 9.40810588003289E-03 9.42592880779698E-03 9.4408309922006E-03 9.45311463841866E-03 9.46309466113519E-03 9.47107644590639E-03 9.47736081199125E-03 9.4822113080261E-03 9.48585793429513E-03 9.4884887768724E-03 9.49025308556072E-03 9.49126514876474E-03 9.49161028479122E-03 9.49135435607467E-03 9.49056242475689E-03 9.48931403287925E-03 9.4877069271506E-03 9.48575314854229E-03 9.48282416155842E-03 9.47734635862514E-03 0 0 0 0 0 0 0 0 0 0 0 0 0 0 0 0 0 0 0 0 0 0 0 0 0 0 0 0 0 0 0 0 0 0 0
9.11801530225359E-03 9.16993145524215E-03 9.21679121474207E-03 9.25884095477108E-03 9.29633191182894E-03 9.32950064440902E-03 9.35861315607999E-03 9.3839448979198E-03 9.4057739509032E-03 0.009424360456262 9.43998085062486E-03 9.45292039723945E-03 9.46347078031045E-03 9.47193389377124E-03 9.4786014183222E-03 9.48375952338124E-03 9.48765520305506E-03 9.49050047489737E-03 9.49246814478076E-03 9.4936943684655E-03 9.4942829547378E-03 9.49431068494739E-03 9.49383733760382E-03 9.49292633357912E-03 9.49167367032511E-03 9.49029078935542E-03 9.48924815844675E-03 9.48282416155842E-03 0 0 0 0 0 0 0 0 0 0 0 0 0 0 0 0 0 0 0 0 0 0 0 0 0 0 0 0 0 0 0 0 0 0 0 0
9.1606786333515E-03 9.20873085916563E-03 9.25185996994776E-03 9.29033921713085E-03 9.32444370171761E-03 9.35443293870231E-03 9.38058924184038E-03 9.40319848312578E-03 9.42254177625069E-03 9.43888141694838E-03 9.45248919592511E-03 9.4636427908933E-03 9.47262260775493E-03 9.47971805438529E-03 9.48520758842396E-03 9.48936177670209E-03 9.49241154386199E-03 9.49455308885537E-03 9.49594556930631E-03 9.49671363755314E-03 9.49695249560397E-03 9.4967331416047E-03 9.49611193089874E-03 9.49514500220388E-03 9.49390526029128E-03 9.49262519424164E-03 9.49243475126643E-03 0 0 0 0 0 0 0 0 0 0 0 0 0 0 0 0 0 0 0 0 0 0 0 0 0 0 0 0 0 0 0 0 0 0 0 0 0
9.2001574835645E-03 9.24448676048857E-03 9.28404605513743E-03 9.31913104724948E-03 9.35003692615275E-03 9.37704373281702E-03 9.40044422427388E-03 9.42052958241569E-03 9.43757976323814E-03 9.45185696140307E-03 9.46362511639405E-03 9.47315238249412E-03 9.48070931339591E-03 9.4865725585035E-03 9.49100734679668E-03 9.49426788595822E-03 9.49657026765286E-03 9.49809621765631E-03 9.49899218397373E-03 9.49937280274449E-03 9.49932668391949E-03 9.49892327974902E-03 9.49822356128358E-03 9.49728209463695E-03 9.49607343043255E-03 0.00949413784175 9.49243475126643E-03 0 0 0 0 0 0 0 0 0 0 0 0 0 0 0 0 0 0 0 0 0 0 0 0 0 0 0 0 0 0 0 0 0 0 0 0 0
9.23666420046292E-03 9.27741534796525E-03 9.31356555323263E-03 9.3454305118541E-03 9.37332251823329E-03 9.39753681683304E-03 9.41837181121477E-03 9.43612083904126E-03 9.4510594973495E-03 9.46344526256967E-03 9.4735323775835E-03 9.48158077923599E-03 9.48785122533771E-03 9.49260701377037E-03 9.49609951254199E-03 9.4985669907664E-03 9.50021153587484E-03 9.5012012824252E-03 9.50167112192081E-03 9.50172699399044E-03 9.50145243177184E-03 9.50092016374539E-03 9.50021309983789E-03 9.49945132692063E-03 9.49880925554662E-03 0.00949413784175 0 0 0 0 0 0 0 0 0 0 0 0 0 0 0 0 0 0 0 0 0 0 0 0 0 0 0 0 0 0 0 0 0 0 0 0 0 0
9.27039642360011E-03 9.30771612741671E-03 9.34061837220173E-03 9.36943521258507E-03 9.39449219084175E-03 9.41609506550622E-03 9.43454443541188E-03 9.45013249497986E-03 9.46312739162588E-03 9.47377885355754E-03 9.48233253018693E-03 9.48904052409258E-03 9.49415190120368E-03 9.49791607698647E-03 9.50057036295436E-03 9.50233759724474E-03 9.50340588357504E-03 9.50393079288855E-03 9.50403731913747E-03 9.5038245867863E-03 9.5033729165972E-03 9.50275921503955E-03 9.50208932690768E-03 9.50154959229118E-03 9.50139295775317E-03 0 0 0 0 0 0 0 0 0 0 0 0 0 0 0 0 0 0 0 0 0 0 0 0 0 0 0 0 0 0 0 0 0 0 0 0 0 0 0
9.30152263646732E-03 9.33555741667254E-03 9.3653704473923E-03 9.3913075229106E-03 9.41370387356335E-03 9.43287141906086E-03 9.44910905617181E-03 9.46270312098774E-03 9.47391210899631E-03 9.48297804078614E-03 9.49013836314732E-03 9.49563546417682E-03 9.49970556809882E-03 9.50258460117753E-03 9.50449620313774E-03 9.50564767422745E-03 9.5062131675414E-03 9.50633716714495E-03 9.50613654833078E-03 9.50570577688958E-03 9.50512476796059E-03 9.50447428583246E-03 9.50386805188163E-03 9.50346594288448E-03 9.50139295775317E-03 0 0 0 0 0 0 0 0 0 0 0 0 0 0 0 0 0 0 0 0 0 0 0 0 0 0 0 0 0 0 0 0 0 0 0 0 0 0 0
9.33019304682909E-03 9.36109002859716E-03 9.38797258852233E-03 9.41119692101654E-03 9.43110325037187E-03 9.44800567116721E-03 9.4621975075773E-03 9.47395575950585E-03 9.48352915560363E-03 9.49115135367096E-03 9.4970501646849E-03 9.50145649113442E-03 9.50459446341703E-03 9.50668626354946E-03 9.50794193190651E-03 9.50855331999747E-03 9.50868184092614E-03 9.50846222234687E-03 9.5080045886313E-03 9.50740049173748E-03 9.50673178405371E-03 9.50608852195851E-03 9.50560991670155E-03 9.50548116242224E-03 0 0 0 0 0 0 0 0 0 0 0 0 0 0 0 0 0 0 0 0 0 0 0 0 0 0 0 0 0 0 0 0 0 0 0 0 0 0 0 0
