NongDo/Fusa 15.6h.grd
DSAA
463	323
2	464
2	324
0	10
[rows 56 to 83 of 323, columns 256 to 319 of 463]
0 0 0 0 0 0 0 0 0 0 0 0 0 0 0 0 0 0 0 0 0 0 0 0 0 0 0 0 0 0 0 0 0 0 0 0 0 0 0 0 0 0 0 0 0 0 0 0 0 0 0 0 0 0 0 0 0 0 0 0 0 0 0 0
0 0 0 0 0 0 0 0 0 0 0 0 0 0 0 0 0 0 0 0 0 0 0 0 0 0 0 0 0 0 0 0 0 0 0 0 0 0 0 0 0 0 0 0 0 0 0 0 0 0 0 0 0 0 0 0 0 0 0 0 0 0 0 0
0 0 0 0 0 0 0 0 0 0 0 0 0 0 0 0 0 0 0 0 0 0 0 0 0 0 0 0 0 0 0 0 0 0 0 0 0 0 0 0 0 0 0 0 0 0 0 0 0 0 0 0 0 0 0 0 0 0 0 0 0 0 0 0
0 0 0 0 0 0 0 0 0 0 0 0 0 0 0 0 0 0 0 0 0 0 0 0 0 0 0 0 0 0 0 0 0 0 0 0 0 0 0 0 0 0 0 0 0 0 0 0 0 0 0 0 0 0 0 0 0 0 0 0 0 0 0 0
0 0 0 0 0 0 0 0 0 0 0 0 0 0 0 0 0 0 0 0 0 0 0 0 0 0 0 0 0 0 0 0 0 0 0 0 0 0 0 0 0 0 0 0 0 0 0 0 0 0 0 0 0 0 0 0 0 0 0 0 0 0 0 0
0 0 0 0 0 0 0 0 0 0 0 0 0 0 0 0 0 0 0 0 0 0 0 0 0 0 0 0 0 0 0 0 0 0 0 0 0 0 0 0 0 0 0 0 0 0 0 0 0 0 0 0 0 0 0 0 0 0 0 0 0 0 0 0
0 0 0 0 0 0 0 0 0 0 0 0 0 0 0 0 0 0 0 0 0 0 0 0 0 0 0 0 0 0 0 0 0 0 0 0 0 0 0 0 0 0 0 0 0 0 0 0 0 0 0 0 0 0 0 0 0 0 0 0 0 0 0 0
0 0 0 0 0 0 0 0 0 0 0 0 0 0 0 0 0 0 0 0 0 0 0 0 0 0 0 0 0 0 0 0 0 0 0 0 0 0 0 0 0 0 0 0 0 0 0 0 0 0 0 0 0 0 0 0 0 0 0 0 0 0 6.61345439950742E-03 6.61729225884226E-03
0 0 0 0 0 0 0 0 0 0 0 0 0 0 0 0 0 0 0 0 0 0 0 0 0 0 0 0 0 0 0 0 0 0 0 0 0 0 0 0 0 0 0 0 0 0 0 0 0 0 0 0 0 0 0 0 0 0 6.59745667650572E-03 6.60156063902081E-03 6.60599056137864E-03 6.61045728834525E-03 6.61345439950742E-03 6.61729225884226E-03
0 0 0 0 0 0 0 0 0 0 0 0 0 0 0 0 0 0 0 0 0 0 0 0 0 0 0 0 0 0 0 0 0 0 0 0 0 0 0 0 0 0 0 0 0 0 0 0 0 0 0 0 0 0 6.57990869537215E-03 6.58453045127044E-03 6.58941562523245E-03 6.59428182466824E-03 6.59745667650572E-03 6.60156063902081E-03 6.60599056137864E-03 6.61045728834525E-03 6.61463773601501E-03 6.6189276841917E-03
0 0 0 0 0 0 0 0 0 0 0 0 0 0 0 0 0 0 0 0 0 0 0 0 0 0 0 0 0 0 0 0 0 0 0 0 0 0 0 0 0 0 0 0 0 0 0 0 0 0 0 6.56486754091791E-03 6.57046896720327E-03 6.57615151618177E-03 6.57990869537215E-03 6.58453045127044E-03 6.58941562523245E-03 6.59428182466824E-03 6.59879103144048E-03 6.60341694219086E-03 6.60808695160401E-03 6.6127426132506E-03 6.61729955583056E-03 6.62184244208895E-03
0 0 0 0 0 0 0 0 0 0 0 0 0 0 0 0 0 0 0 0 0 0 0 0 0 0 0 0 0 0 0 0 0 0 0 0 0 0 0 0 0 0 0 0 0 6.52355304811797E-03 6.53089179981319E-03 6.53842974332158E-03 6.54589247868815E-03 6.55319519005322E-03 6.56016464322049E-03 6.56486754091791E-03 6.57046896720327E-03 6.57615151618177E-03 6.58136998715412E-03 6.58657557064443E-03 6.59175892235318E-03 6.59688047027488E-03 6.60186370797709E-03 6.60680986456298E-03 6.61168395850793E-03 6.61649833210636E-03 6.62123406318219E-03 6.62591527371017E-03
0 0 0 0 0 0 0 0 0 0 0 0 0 0 0 0 0 0 0 0 0 0 0 0 0 0 0 0 0 0 0 0 0 0 0 0 0 0 0 0 0 0 0 6.50839895185473E-03 6.51687854183398E-03 6.52355304811797E-03 6.53089179981319E-03 6.53842974332158E-03 6.54589247868815E-03 6.55319519005322E-03 6.56016464322049E-03 6.56653534331502E-03 6.57278190003252E-03 6.57886596035536E-03 6.58467027060882E-03 6.59029721258647E-03 6.59577444294073E-03 6.60113431810458E-03 6.60636695065782E-03 6.61150872081559E-03 6.61654622567123E-03 6.62149819080841E-03 6.62636267646325E-03 6.63115445637441E-03
6.00986809111201E-03 6.02357316324987E-03 6.03769891239957E-03 6.05184493720792E-03 6.06585689782556E-03 6.07976117415143E-03 6.09344311174841E-03 6.10688469729377E-03 6.1200977094894E-03 6.13320641825261E-03 6.14624450825254E-03 6.15928230867067E-03 6.17217408716802E-03 6.18483699170791E-03 6.19720846113995E-03 6.20938133424018E-03 6.22135541550804E-03 6.23322004242096E-03 6.24488901546367E-03 6.25637982939679E-03 6.26770153368083E-03 6.27898179577919E-03 6.2902381526359E-03 6.30154998419634E-03 6.31279194477577E-03 6.32390954872453E-03 6.33482715640716E-03 6.3456114861143E-03 6.35621375797123E-03 6.36669674493699E-03 6.37697521724379E-03 6.38711910706789E-03 6.39723368232875E-03 6.40768353362222E-03 6.41901036379389E-03 0 0 0 0 6.47188113217651E-03 6.4808097164417E-03 6.49078288591315E-03 6.50088389162301E-03 6.50839895185473E-03 6.51687854183398E-03 6.52506261196852E-03 0.006533117672481 6.54101600983496E-03 6.54871395951531E-03 6.5562128658427E-03 6.56343861748761E-03 6.57036761263956E-03 6.57704021522076E-03 6.58347016640016E-03 6.58962684630431E-03 6.59555565874404E-03 6.60128257331137E-03 6.60685372475748E-03 6.61227893069952E-03 6.61758697905828E-03 6.62277607662257E-03 6.62786493825531E-03 6.63285824280121E-03 6.63777276862627E-03
6.00986809111201E-03 6.02357316324987E-03 6.03769891239957E-03 6.05184493720792E-03 6.06585689782556E-03 6.07976117415143E-03 6.09344311174841E-03 6.10688469729377E-03 6.1200977094894E-03 6.13320641825261E-03 6.14624450825254E-03 6.15928230867067E-03 6.17217408716802E-03 6.18483699170791E-03 6.19720846113995E-03 6.20938133424018E-03 6.22135541550804E-03 6.23322004242096E-03 6.24488901546367E-03 6.25637982939679E-03 6.26770153368083E-03 6.27898179577919E-03 6.2902381526359E-03 6.30154998419634E-03 6.31279194477577E-03 6.32390954872453E-03 6.33482715640716E-03 6.3456114861143E-03 6.35621375797123E-03 6.36669674493699E-03 6.37697521724379E-03 6.38711910706789E-03 6.39723368232875E-03 6.40768353362222E-03 6.41901036379389E-03 6.43371361251248E-03 6.44448064052657E-03 6.45485596634375E-03 6.46487754721425E-03 6.47188113217651E-03 6.4808097164417E-03 6.49078288591315E-03 6.50088389162301E-03 6.51037411065215E-03 6.51967344533258E-03 6.52866346494175E-03 6.53730853262219E-03 6.54562098308731E-03 6.55363287777785E-03 6.56139277179707E-03 6.5688793280336E-03 6.57611714524163E-03 6.58308014918548E-03 6.58977899004251E-03 6.59619849117441E-03 6.60237017680938E-03 6.60831959242058E-03 6.61409253842711E-03 6.61970410595586E-03 6.62518157334663E-03 6.6305292779381E-03 6.63576670339342E-03 6.64090490282342E-03 6.64596289161073E-03
6.01290234655276E-03 6.02779238825559E-03 6.04241271926297E-03 6.05679678636529E-03 6.07093990169451E-03 6.08491494240556E-03 6.09863752212049E-03 6.11209167173861E-03 6.12530947241226E-03 6.13840717686437E-03 6.15142680343486E-03 6.16445666603122E-03 6.1773379580421E-03 6.18995759819702E-03 6.20228714735649E-03 6.21441657874519E-03 6.22635833573583E-03 6.23818765675311E-03 6.24983245300632E-03 6.26129942100538E-03 6.27261084903917E-03 6.28387743231761E-03 6.2951250131447E-03 6.30644079373112E-03 6.31769278471825E-03 6.32880117002579E-03 6.3397124485182E-03 6.35048225185819E-03 6.36106925550555E-03 6.37151337016841E-03 6.38173289059953E-03 6.39176361894397E-03 6.40168437764172E-03 6.41175314523845E-03 6.42227280390197E-03 6.43371361251248E-03 6.44448064052657E-03 6.45485596634375E-03 6.46487754721425E-03 6.47435700797782E-03 6.48421603666755E-03 6.49455669382465E-03 6.50494023957559E-03 6.51506164332829E-03 6.52487919282243E-03 6.53437078713786E-03 6.54346335358652E-03 6.55216133823049E-03 6.56050310737262E-03 6.56854368252834E-03 6.57628753017527E-03 6.58377224957386E-03 6.59097085191078E-03 6.59789397804291E-03 6.60453384016418E-03 6.61091855250018E-03 6.61707492924277E-03 6.62304528480953E-03 6.62884529662366E-03 6.63449869600543E-03 6.64001366290936E-03 6.64541214697274E-03 6.65070988449983E-03 6.6559262974432E-03
6.02028835900503E-03 6.03582407069106E-03 6.05085484157888E-03 6.06549860462093E-03 6.07981408211883E-03 6.09389013978832E-03 6.10767837791335E-03 6.1211732065494E-03 6.13442915901415E-03 6.1475458438095E-03 6.16056364020582E-03 6.17356528736206E-03 6.18638701451043E-03 6.19891855862807E-03 6.21117884128225E-03 6.22324463689378E-03 6.23513678573363E-03 6.24691077333573E-03 6.2585202504066E-03 6.26996522993653E-03 6.28128293360471E-03 6.29255820313794E-03 6.30381848205994E-03 6.31513814103152E-03 6.32638256168744E-03 6.33746634601249E-03 6.34836718497925E-03 6.35912006566194E-03 6.36968955188133E-03 6.38008907400566E-03 6.39025377336293E-03 6.40019216998738E-03 6.40997027411129E-03 6.41975912416562E-03 6.42973918687008E-03 0.006440119992426 6.45045265774191E-03 6.46066204767353E-03 6.47075424435523E-03 6.48082926872653E-03 6.49107650794256E-03 6.50158644527795E-03 6.51211257942833E-03 6.52247664007279E-03 6.53257978885202E-03 6.54239204657375E-03 6.55181848086518E-03 6.56084097561602E-03 6.56947764896107E-03 6.57777936058447E-03 6.58575972618926E-03 6.59346117620755E-03 6.60086320823341E-03 6.60798001682053E-03 6.61481255707067E-03 6.62138808685566E-03 6.62773576280372E-03 6.63389419160064E-03 6.63987797203084E-03 6.64570718271926E-03 6.65139475705877E-03 6.65696159093049E-03 6.66242652462074E-03 6.66780853910434E-03
6.03133819133695E-03 6.04719618964997E-03 6.06250985841222E-03 6.07737920166219E-03 6.09187101501123E-03 6.10605783226162E-03 6.11992044495405E-03 6.13348286076244E-03 6.14680436107502E-03 6.15996521735376E-03 6.1730020242696E-03 6.18594514268728E-03 6.1986624831661E-03 6.21110045867046E-03 6.22329437096011E-03 6.23530200070222E-03 6.24714670565891E-03 6.25886579013001E-03 6.27043457122259E-03 6.28186877895128E-03 6.29320721172668E-03 6.3045113796887E-03 6.31580559374163E-03 6.32711685693499E-03 6.3383307364804E-03 6.34939506374219E-03 6.36029731718288E-03 6.37104778075124E-03 6.38161259314688E-03 6.39198554001709E-03 6.40211592974988E-03 6.41201458460643E-03 6.42173391867357E-03 0.006431390528981 6.44110879245817E-03 6.45102339097706E-03 6.46099741463506E-03 6.47099521228965E-03 6.48102540019044E-03 6.49117259198291E-03 6.50147871161661E-03 6.51197618661334E-03 6.52249953646982E-03 6.53293207061116E-03 6.54317113011464E-03 6.55316066091376E-03 6.56279820619816E-03 6.57204706719684E-03 6.58090797976412E-03 6.58941665593686E-03 6.59759042953561E-03 6.60546303642229E-03 6.61302449656558E-03 6.62029435055384E-03 6.6272811939161E-03 6.63401662725316E-03 6.64053094336686E-03 6.64685652996744E-03 6.65300637643092E-03 6.65899990306596E-03 6.66485155125573E-03 6.67058260113102E-03 0.00667621222166 6.68175802738133E-03
6.04558522608489E-03 6.06166946494814E-03 6.07720669993476E-03 6.09227160838382E-03 6.10692508526711E-03 6.1212283346528E-03 6.13519323881289E-03 6.14885310255459E-03 6.16225152162134E-03 6.1754512962026E-03 6.18847988288764E-03 6.20134612507446E-03 6.21398527801805E-03 6.2263694720301E-03 6.23851838541029E-03 6.25047934148705E-03 6.26228111198193E-03 6.27395610095154E-03 6.2855054727013E-03 6.29694875342475E-03 6.30831236882382E-03 6.31963949624916E-03 6.3309460197213E-03 6.34223655436159E-03 6.35344347694157E-03 6.36452218659495E-03 6.37544506811564E-03 6.38620633996764E-03 6.3967777412401E-03 6.40714508217434E-03 6.41727750249651E-03 6.42718174163831E-03 6.43689160951093E-03 6.44649034901149E-03 6.45606986856465E-03 6.4657343914386E-03 6.47547173145328E-03 6.48529090869681E-03 6.49520390715077E-03 6.50526846501138E-03 6.51549634086955E-03 6.52589670289408E-03 6.53635353616537E-03 6.54676626535504E-03 6.5570267397298E-03 6.56706878345734E-03 6.57679777648266E-03 6.58615799045796E-03 6.59513820342862E-03 6.60375924491853E-03 6.6120388808214E-03 6.6200054618726E-03 6.62766526065824E-03 6.63503564741608E-03 6.64213396712191E-03 6.64898894824697E-03 6.65563054142508E-03 6.66208758644238E-03 6.66837648580269E-03 6.67451257638486E-03 6.68051175402714E-03 6.68639347871999E-03 6.69217647102993E-03 6.69787626371838E-03
6.0630868007669E-03 6.07936749773377E-03 6.09510745880635E-03 6.1103616763707E-03 6.12518204573725E-03 6.13962555948976E-03 6.1537163753364E-03 6.16748700466142E-03 6.18097052434546E-03 6.19421531583637E-03 6.20724247244519E-03 6.22006247031677E-03 6.23265015708557E-03 6.24499567608138E-03 6.25711302774004E-03 6.26904235617335E-03 6.28081517462545E-03 6.29246760296267E-03 6.30401489927411E-03 6.31547639890367E-03 6.32686953924149E-03 6.33822329631939E-03 6.34954660436656E-03 6.36083900045638E-03 6.37205816390205E-03 6.38316359447241E-03 6.3941161307664E-03 6.40489828485182E-03 6.41548350609914E-03 6.42585882087159E-03 6.43600451053073E-03 6.44592442585638E-03 6.45564013152504E-03 6.46521383539325E-03 6.47471908167629E-03 6.48424649635338E-03 6.49383366492488E-03 6.50351652060138E-03 6.51331346706089E-03 6.52326788030654E-03 6.53338436156238E-03 6.54366385996509E-03 6.5540108082372E-03 6.56433115296551E-03 6.5745170191875E-03 6.58450087901911E-03 6.59419258696371E-03 6.60353524145511E-03 6.61251039312379E-03 6.62112901873554E-03 6.62940842138669E-03 6.63737654292181E-03 6.64504794417344E-03 6.65244306755724E-03 6.65958255705609E-03 6.66649383109232E-03 6.67320521268451E-03 6.67974359373734E-03 6.68612590760447E-03 6.69236598797864E-03 6.69847948221163E-03 6.70448372313272E-03 6.71039549594417E-03 6.71622728476535E-03
6.08394158062917E-03 6.10043414549935E-03 6.11638795595636E-03 6.1318475209925E-03 6.14685662806937E-03 6.1614674754704E-03 6.17570467742923E-03 6.18959923093321E-03 6.20318125239894E-03 6.21648986155872E-03 6.22954292890266E-03 6.24235448398393E-03 6.25491983230243E-03 6.26724360018071E-03 6.27934498579373E-03 6.29126189150798E-03 6.30302756461267E-03 6.3146810708521E-03 6.32624305939045E-03 6.33773276733451E-03 6.34916421497785E-03 6.36055662658486E-03 6.37191331275989E-03 6.38323180983977E-03 6.39448024512907E-03 6.40561768743736E-03 6.41659990339452E-03 6.42740199357933E-03 6.43799825445124E-03 6.44837738104216E-03 6.4585253369108E-03 6.46844518125297E-03 6.47815426091112E-03 6.48770391100954E-03 6.49715787813435E-03 6.50659971600331E-03 6.51608453428424E-03 6.52566053038426E-03 6.53535196694807E-03 6.54519614416544E-03 6.5551921265967E-03 6.56533549522083E-03 0.006575534139767 6.5856984048926E-03 6.59572772200128E-03 6.60555827081346E-03 6.6151061798319E-03 6.62431361232302E-03 6.63316105144298E-03 6.64165932988182E-03 6.64983030636033E-03 6.65770220594116E-03 6.66529550018626E-03 6.67263155693641E-03 6.67973312585609E-03 6.68662793469089E-03 6.69334478557785E-03 6.69990682220422E-03 6.70633065431401E-03 6.71262722395474E-03 6.71881170641358E-03 6.72490013177481E-03 6.73090673844197E-03 6.73683932912384E-03
6.10832801557718E-03 6.12507143449752E-03 6.14127110236173E-03 6.15696588269383E-03 6.17219507455112E-03 6.18700179462226E-03 6.20140915837516E-03 6.21544919985881E-03 6.22915194742032E-03 6.24254990549042E-03 6.25565950860055E-03 6.26849711500646E-03 6.28106980055159E-03 6.29339555810348E-03 6.30550253070558E-03 6.31742929759645E-03 6.3292112544892E-03 6.34088825892084E-03 6.35248268623346E-03 6.36401466688772E-03 6.37549727273807E-03 6.38694297985015E-03 6.39834932686129E-03 6.40971241519163E-03 6.42100021254037E-03 6.43216719473842E-03 6.44316671272019E-03 6.45397142347266E-03 6.46455635352763E-03 6.47491262857305E-03 6.48502978462881E-03 6.49491233199939E-03 6.50457984094666E-03 6.51408135275111E-03 6.52347651274777E-03 6.53284401114081E-03 6.54224197079899E-03 6.55171893471893E-03 6.56130186174944E-03 6.57102437890161E-03 6.58088218941989E-03 6.59085536516539E-03 6.6008504681291E-03 6.61078741481218E-03 6.62057774736838E-03 6.63016129042506E-03 6.63945893537122E-03 6.64842180725818E-03 6.65703393276332E-03 6.66531060418946E-03 6.67327776566817E-03 6.68096457313619E-03 6.6883954193997E-03 6.69559295976689E-03 6.70258222487085E-03 6.70939302624663E-03 6.71605306958134E-03 6.72258111340473E-03 6.72899191912807E-03 6.73529511133587E-03 6.74150589327366E-03 6.74763752894418E-03 6.75370055237952E-03 6.75969709221175E-03
6.13638854726836E-03 6.15343741724867E-03 6.16992734917766E-03 6.18589402158419E-03 6.20137362595761E-03 6.21640345497299E-03 6.23100959148523E-03 6.24522260757233E-03 6.25907120191331E-03 6.27258436021001E-03 6.28578020896825E-03 6.29867652621422E-03 6.3112899876691E-03 6.32364817202879E-03 6.33578687037982E-03 6.34774759552643E-03 6.35956853623328E-03 6.3712898574952E-03 6.38293483133604E-03 6.39452327601118E-03 6.40606780244105E-03 6.41757712035551E-03 6.42904328729456E-03 6.44045785045924E-03 6.45177898688978E-03 6.46295523397742E-03 6.47394068062083E-03 6.48470965634511E-03 6.49523838337456E-03 6.50552120198558E-03 6.51555047195644E-03 6.52533635923626E-03 6.53490700072687E-03 6.54431466900728E-03 6.55361631301378E-03 6.56288699328329E-03 6.57217753968388E-03 6.58153117875452E-03 6.59097342276215E-03 6.60053234256292E-03 6.61019362693251E-03 6.61992821857605E-03 6.62965042179089E-03 6.63928374182708E-03 6.64875290457673E-03 6.65800420484164E-03 6.66697254634351E-03 6.67561122138288E-03 6.68391267132018E-03 6.69189580085362E-03 6.69958948593178E-03 6.70702330646654E-03 6.71422768207137E-03 6.72122592086368E-03 6.72804919355389E-03 6.73472608522658E-03 6.74128064890877E-03 6.74772613934361E-03 6.75407813514614E-03 6.76034346989518E-03 0.006766536916028 6.77267003658101E-03 6.77874876879273E-03 6.78477007301156E-03
6.16834773249503E-03 6.18575636057385E-03 6.20258519651844E-03 6.21886625604868E-03 6.23463297667135E-03 6.24991877660875E-03 6.26475183954295E-03 6.27916271541911E-03 6.29318009776987E-03 6.30683140294115E-03 6.32013724271563E-03 6.33311797324436E-03 0.0063457983823 6.35821525412971E-03 6.3704106915206E-03 6.38242840693718E-03 6.39430868321881E-03 6.40608921063753E-03 6.41779256678081E-03 6.42944018335109E-03 6.44104466736407E-03 6.45261113005772E-03 6.46412709051977E-03 6.47557397188996E-03 6.48689514803177E-03 6.49803560402466E-03 6.5089519280974E-03 6.51962101093368E-03 6.53002400946839E-03 6.54015845531457E-03 6.55002116735541E-03 6.55963487177546E-03 6.56903874243281E-03 6.57828929532949E-03 6.58744366060998E-03 6.59656921465857E-03 6.60570440721893E-03 6.61488631804796E-03 6.62413544383263E-03 6.63346895062103E-03 6.64286317590195E-03 6.65228153038979E-03 6.66164607140672E-03 6.67089287560936E-03 6.6799607899629E-03 6.68880271902709E-03 0.006697363550052 6.70560868500826E-03 6.71353999330295E-03 6.72117681135234E-03 6.7285486284698E-03 6.73568653341824E-03 6.74262324763898E-03 6.74938559430422E-03 6.75600983849753E-03 6.76251834492311E-03 6.76892953535531E-03 6.77525418344737E-03 6.78150793233073E-03 6.78769636653077E-03 6.79383512634906E-03 6.79993017882291E-03 6.80598340941955E-03 6.81198948960395E-03
6.20441350757625E-03 6.22224023328369E-03 6.23945878700766E-03 6.2560970098293E-03 6.27218612434854E-03 6.28775714028708E-03 6.30284077748126E-03 6.31746866785338E-03 6.33167147359302E-03 6.34547629808196E-03 6.35890852606449E-03 6.3719916326111E-03 6.38475982341721E-03 6.39725768337932E-03 6.4095303197981E-03 6.42162054527136E-03 6.43356741481824E-03 6.44540723741627E-03 6.45716364177786E-03 6.46885704296655E-03 6.48049726683028E-03 6.49208610912341E-03 6.50360427958795E-03 6.5150279549028E-03 6.52628832623663E-03 6.53732064140289E-03 6.54808091896082E-03 6.55855542549796E-03 6.56873477967939E-03 6.57862460571917E-03 6.58823421948569E-03 6.5975943733249E-03 6.60675027798791E-03 6.61576437243447E-03 6.62469274826496E-03 6.63360020099096E-03 6.64251485500826E-03 6.65145848831067E-03 6.66043850858685E-03 6.66946460957009E-03 6.67850974428155E-03 6.68752989473464E-03 6.6964624829131E-03 6.70525282072597E-03 6.71385487821996E-03 6.72222864971783E-03 6.73033542172854E-03 6.73814445482454E-03 6.74566440247703E-03 6.75292085954977E-03 6.75994852950252E-03 6.76677544623553E-03 6.77343391378043E-03 6.77994893133399E-03 6.78635338053351E-03 6.79266848881584E-03 6.79891214408558E-03 6.80509052546311E-03 6.8112167353422E-03 6.81729436366707E-03 6.82333650326166E-03 6.82934967966623E-03 6.83533636512431E-03 6.84128883025113E-03
6.24483431542238E-03 6.26312833296253E-03 6.28077904480893E-03 6.29780954336733E-03 6.31424962766265E-03 6.33012899924803E-03 6.34548125452054E-03 6.36034051653099E-03 6.37473938678121E-03 6.38870639485239E-03 6.40227258403398E-03 6.41546755117211E-03 6.42833638532177E-03 0.006440928852543 6.45328871149336E-03 6.4654546990577E-03 6.4774632231312E-03 6.48934778712303E-03 6.50113115110862E-03 6.51283162633592E-03 6.52445571647817E-03 6.53600292812044E-03 6.5474486565849E-03 6.55876192545515E-03 6.56985752483818E-03 6.58066710749868E-03 6.59115529925357E-03 6.60132261544657E-03 6.61116861218881E-03 6.62070996364577E-03 6.62996747442789E-03 6.6389800001377E-03 6.64779835919961E-03 6.65649032449252E-03 6.66511011220047E-03 6.67371714316406E-03 6.6823240304501E-03 6.69093930370611E-03 6.69956028758299E-03 6.70819175237568E-03 6.71680078395623E-03 6.72534347749455E-03 6.73377286586091E-03 6.74204632478424E-03 6.75013115085384E-03 6.75799380085135E-03 6.76560859274432E-03 6.77295092567496E-03 6.78003988088389E-03 6.78690495637828E-03 6.79358301062429E-03 6.80009614820098E-03 6.80647485046256E-03 6.81273967132727E-03 6.8189181216363E-03 6.82502825899862E-03 6.83108741694647E-03 6.83709771573272E-03 6.84307013778076E-03 6.84900601858079E-03 6.85491794474171E-03 6.86081229091703E-03 6.86669341453218E-03 6.87255204379591E-03
6.28985423850171E-03 6.30865464022654E-03 6.32676714936195E-03 6.34421101514968E-03 6.36101652453928E-03 6.37721466173852E-03 6.39284375542555E-03 6.40794008174878E-03 6.4225376645811E-03 6.43666712880338E-03 6.45036722772921E-03 6.46367506697545E-03 6.47664600528484E-03 6.48933214584272E-03 6.50177079246241E-03 6.51399506750154E-03 6.52603746346612E-03 6.53792767761651E-03 6.54968457662444E-03 6.56132221485161E-03 6.57284325970513E-03 6.58424775055206E-03 6.59550597539346E-03 6.60657735995747E-03 6.61735979978732E-03 6.6277981893759E-03 6.63788037490615E-03 6.64762159399612E-03 6.65702692133026E-03 6.66611911311563E-03 6.67492534147838E-03 6.68349374161526E-03 6.69188258601119E-03 6.7001627853132E-03 6.70838185865116E-03 6.71659194396563E-03 6.7247864223106E-03 6.73296898769004E-03 6.74113741381817E-03 6.7492922654779E-03 6.75739622622003E-03 6.7654026091166E-03 6.77328169196606E-03 6.78100217449699E-03 6.78854446058907E-03 6.79587647063782E-03 6.80298554920247E-03 6.80985250403424E-03 6.81651151730131E-03 6.82299218858575E-03 6.82932602637371E-03 6.83552710997464E-03 6.84162550078656E-03 6.84763727916255E-03 6.85358586528879E-03 6.85948314688445E-03 6.86534274593918E-03 6.87116279204027E-03 6.87695481084616E-03 0.006882718414204 6.88846797837148E-03 6.89420857067132E-03 6.89994370124637E-03 6.90566369806875E-03
6.33966871295425E-03 6.3589968854171E-03 6.37758102117784E-03 6.39544180816905E-03 6.4126114675791E-03 6.42912560465582E-03 6.44502749965348E-03 6.46035425771751E-03 6.4751411837677E-03 6.48942422724058E-03 6.50324727541733E-03 6.51666007484711E-03 6.52972589569707E-03 6.54248842768612E-03 6.55497580734928E-03 6.56721854678774E-03 6.57924461423215E-03 6.59107755561816E-03 6.60272913563471E-03 6.61420513363721E-03 6.62550396344444E-03 6.63662747846287E-03 6.64754969805428E-03 6.65820759630792E-03 6.66850025937421E-03 6.67841305094058E-03 6.68795933549058E-03 6.69715815704549E-03 6.70601611948743E-03 6.7145605651312E-03 6.72282238036262E-03 6.73085797562961E-03 6.73872963039477E-03 6.74650434686419E-03 6.75422665020711E-03 6.76193041281601E-03 6.76959732856293E-03 6.77724298668506E-03 6.78487073653332E-03 6.79247157870136E-03 6.80000121964634E-03 6.80742368015068E-03 6.81472343166579E-03 6.82187715777085E-03 6.8288708679994E-03 6.83567411184404E-03 6.84228143539286E-03 6.84868707194137E-03 6.85493845790125E-03 6.8610523968441E-03 6.86705052399993E-03 6.87294302903204E-03 6.87876050489507E-03 6.88451363969922E-03 6.89022333640882E-03 6.89589373788291E-03 6.90153342381656E-03 6.90713924518943E-03 6.91272305405501E-03 6.91828483785396E-03 6.92384132060059E-03 6.92939189910446E-03 6.9349378581581E-03 6.94047129836481E-03
