NongDo/Fusa 17.6h.grd
DSAA
463	323
2	464
2	324
0	10
[rows 252 to 279 of 323, columns 0 to 63 of 463]
0 0 0 0 0 0 0 0 0 0 0 0 0 0 0 0 0 0 0 0 0 0 0 0 0 0 0 0 0 0 0 0 0 0 0 0 0 0 3.98161388975798E-03 3.99378464537978E-03 4.00036035428615E-03 4.00587692163184E-03 4.01208652669721E-03 4.01939259928924E-03 4.02797520837385E-03 4.03792467082955E-03 4.04936529445823E-03 4.06237768915182E-03 4.07708314296136E-03 4.09358381816088E-03 4.11198784828934E-03 4.13239501330159E-03 4.15486808730548E-03 4.17945728646158E-03 4.20616063644214E-03 4.23498132412905E-03 4.26585360306709E-03 4.29870636139001E-03 4.33341913737713E-03 4.36989556047758E-03 4.40797812772465E-03 4.44746103140984E-03 4.48811565812109E-03 4.52969788821545E-03
0 0 0 0 0 0 0 0 0 0 0 0 0 0 0 0 0 0 0 0 0 0 0 0 0 0 0 0 0 0 0 0 0 0 0 0 0 3.97101160263596E-03 3.98161388975798E-03 3.98724157709199E-03 3.9933064936991E-03 3.99968743935935E-03 4.00688011891085E-03 4.01515236909791E-03 4.02470718075843E-03 4.03567047922994E-03 4.04818617736548E-03 4.06235516094732E-03 4.07830945140336E-03 4.09616671567527E-03 4.11603873717219E-03 4.13802422682341E-03 4.16217802933928E-03 4.18853867181142E-03 4.21708773519346E-03 4.24780559925394E-03 4.2806037391652E-03 4.31538257866796E-03 4.35199220977027E-03 4.39030109043127E-03 4.43012367045337E-03 4.47122659014505E-03 4.51335693218568E-03 4.55625026674358E-03
0 0 0 0 0 0 0 0 0 0 0 0 0 0 0 0 0 0 0 0 0 0 0 0 0 0 0 0 0 0 0 0 0 0 0 0 3.96199938612734E-03 3.97101160263596E-03 3.97595314011614E-03 3.98140233886427E-03 3.98755534664544E-03 3.99450267724476E-03 4.00247221928601E-03 4.01162126364094E-03 4.02212694306376E-03 4.03412247141321E-03 4.04775898271433E-03 4.06314879206804E-03 4.08043039515324E-03 4.09973176152682E-03 4.12116526636794E-03 4.14482479652555E-03 4.17075352969958E-03 4.19897361413526E-03 4.22944473863154E-03 4.26212439034238E-03 4.29689601017663E-03 4.33362693192229E-03 4.37213424508353E-03 4.41225314426547E-03 4.45376661086465E-03 4.49641469396344E-03 4.53992251953877E-03 4.58400874862022E-03
0 0 0 0 0 0 0 0 0 0 0 0 0 0 0 0 0 0 0 0 0 0 0 0 0 0 0 0 0 0 0 0 0 0 0 3.95749668259525E-03 3.96199938612734E-03 3.96593240658597E-03 3.9705177688169E-03 3.97596364708703E-03 3.98239937894647E-03 3.98990165267076E-03 3.99861264669642E-03 4.00863133544837E-03 4.02011473128908E-03 4.03319786007202E-03 4.04803116226196E-03 4.06473398130244E-03 4.08344463024855E-03 4.10430059789196E-03 4.12740767189602E-03 4.15285184064385E-03 4.18065936543508E-03 4.21083289017347E-03 4.24330323235572E-03 4.27800425459097E-03 4.3147859334549E-03 4.35347726474788E-03 4.39386214420143E-03 4.43574293143874E-03 4.47887532872149E-03 4.52297155917445E-03 4.56773836435228E-03 4.61288124298407E-03
0 0 0 0 0 0 0 0 0 0 0 0 0 0 0 0 0 0 0 0 0 0 0 0 0 0 0 0 0 0 0 0 0 0 0 3.95749668259525E-03 3.95786843772586E-03 3.96062106610557E-03 3.96495486855711E-03 3.9705690147088E-03 3.97743383365111E-03 3.98556781484573E-03 3.99507159447729E-03 4.00602353065942E-03 4.01856469551436E-03 4.03283026354799E-03 4.04896779298758E-03 4.0671024493368E-03 4.08737059015435E-03 4.1099107883513E-03 4.13481939487183E-03 4.16216869188966E-03 4.19196416309648E-03 4.22418424396072E-03 4.25873082119269E-03 4.29550275378051E-03 4.33431125420623E-03 4.37494918672433E-03 4.41716992784662E-03 4.46074388843067E-03 4.50539767397206E-03 4.55082164806412E-03 4.59670855199187E-03 4.64275670531731E-03
0 0 0 0 0 0 0 0 0 0 0 0 0 0 0 0 0 0 0 0 0 0 0 0 0 0 0 0 0 0 0 0 0 0 3.94175889754271E-03 3.95014780849081E-03 3.9513840285935E-03 3.95434962577188E-03 3.95892904559792E-03 3.9649678344164E-03 3.97242991886693E-03 3.98131685844618E-03 3.99171005160265E-03 4.00369983607309E-03 4.01741411309231E-03 4.03299083106252E-03 4.05056755894623E-03 4.07028013374463E-03 4.09225494504187E-03 4.1166274527996E-03 4.14347923469134E-03 4.17286421859458E-03 4.20476097121908E-03 4.23911858439333E-03 4.27580715347417E-03 4.31467734201365E-03 4.35550669655487E-03 4.39805142523188E-03 4.44203782817316E-03 4.48720271270555E-03 4.53325410506968E-03 4.57986346996882E-03 4.62671358521087E-03 4.67350147101744E-03
0 0 0 0 0 0 0 0 0 0 0 0 0 0 0 0 0 0 0 0 0 0 0 0 0 0 0 0 0 0 0 0 0 0 3.94175889754271E-03 3.94219255802724E-03 3.94383151859335E-03 3.94723598150438E-03 3.95233311407681E-03 3.95900906843765E-03 3.96723719442056E-03 3.97702173947019E-03 3.98844338636242E-03 4.00160868736912E-03 4.01664346212276E-03 4.03368669283172E-03 4.05286648646016E-03 4.07432194539906E-03 4.09816877530558E-03 4.1245329649479E-03 4.15347688345816E-03 4.18502935957996E-03 4.21913576286438E-03 4.25570940055233E-03 4.29458138510288E-03 4.33555631620938E-03 4.37837464682492E-03 4.42275932698875E-03 4.46841128973397E-03 4.51504269334367E-03 4.56234589987528E-03 4.60997893656402E-03 4.65762076537523E-03 4.70497528564824E-03
0 0 0 0 0 0 0 0 0 0 0 0 0 0 0 0 0 0 0 0 0 0 0 0 0 0 0 0 0 0 0 0 0 0 3.93310510871555E-03 3.93321684816608E-03 3.93530298516012E-03 3.93932736514377E-03 3.94514273942313E-03 3.95263770935056E-03 3.96179582462425E-03 3.97263431482054E-03 3.98524387492077E-03 3.99975040354778E-03 4.01627773898047E-03 4.03496940522652E-03 4.05593577492851E-03 4.0793183432494E-03 4.10521348905051E-03 4.1337366314487E-03 4.16492408261424E-03 4.19877140908711E-03 4.23518237752422E-03 4.27402798190406E-03 4.31509888860842E-03 4.35815436690139E-03 4.40290010152523E-03 4.44902616917593E-03 4.49621445359096E-03 4.54415892624515E-03 4.59254805361134E-03 4.64102678714982E-03 4.68927838836836E-03 4.73702345768034E-03
0 0 0 0 0 0 0 0 0 0 0 0 0 0 0 0 0 0 0 0 0 0 0 0 0 0 0 0 0 0 0 0 0 0 3.92275473188274E-03 3.92296687553328E-03 3.9257372085009E-03 3.93059855153916E-03 3.93733268781193E-03 3.94583327674122E-03 3.95609953762624E-03 3.96816713411139E-03 3.98214060032907E-03 3.99817483218275E-03 4.01638934398254E-03 4.03692809495255E-03 4.05988014089781E-03 4.08538495247269E-03 4.11350879670603E-03 4.14435948408445E-03 4.17793676322098E-03 4.21419097605107E-03 4.25297716203446E-03 4.29412258009764E-03 4.33737619899589E-03 4.38245532273771E-03 4.42903357652194E-03 4.47677407784471E-03 4.52534440272097E-03 4.57442973978465E-03 4.62372240602527E-03 4.67285588658711E-03 4.72153071436802E-03 4.76949547105492E-03
0 0 0 0 0 0 0 0 0 0 0 0 0 0 0 0 0 0 0 0 0 0 0 0 0 0 0 0 0 0 0 0 0 3.89491909603387E-03 3.90920992960582E-03 3.91108159035488E-03 3.91510982620436E-03 3.92109014502857E-03 3.92895428409636E-03 3.93864938929891E-03 3.95020950741964E-03 3.96369547659746E-03 3.97922043180783E-03 3.9969881168128E-03 4.01709598059195E-03 4.03969565566577E-03 4.06483676784983E-03 4.09266996760708E-03 4.12320243554036E-03 4.15654729998285E-03 4.19264414101417E-03 4.23138981519568E-03 4.27258856993969E-03 4.31602403589454E-03 4.36140706818272E-03 4.40841323523698E-03 4.45669555457637E-03 4.50589410223078E-03 4.55567229071165E-03 4.60570495374231E-03 4.65570767207859E-03 4.70529788130626E-03 4.75421601820341E-03 4.80224597431949E-03
0 0 0 0 0 0 0 0 0 0 0 0 0 0 0 0 0 0 0 0 0 0 0 0 0 0 0 0 0 0 0 0 0 3.89491909603387E-03 3.89564001349998E-03 3.89836869499218E-03 3.90363741319571E-03 3.91093822051649E-03 3.92012468776462E-03 3.93119702620434E-03 3.94423861018448E-03 3.95934308432799E-03 3.97663663378531E-03 3.99634599713867E-03 4.01856238583456E-03 4.04342984406256E-03 4.0709719291051E-03 4.10132520582805E-03 4.13445908812829E-03 4.17044273119755E-03 4.20915217987863E-03 4.25043177384545E-03 4.29404187638492E-03 4.33971902227699E-03 4.38713714287497E-03 4.43593985863951E-03 4.48576509069377E-03 4.53624583244872E-03 4.5870462975853E-03 4.63783793047523E-03 4.68833285444571E-03 4.73818784309525E-03 4.78719196885656E-03 4.83515427315243E-03
0 0 0 0 0 0 0 0 0 0 0 0 0 0 0 0 0 0 0 0 0 0 0 0 0 0 0 0 0 0 0 0 0 3.88092507644024E-03 3.88127292327957E-03 3.88514167672438E-03 3.89174888465129E-03 3.90043938688158E-03 3.91107310778907E-03 3.92367387304565E-03 3.93837083325915E-03 3.95528705326316E-03 3.97457490341235E-03 3.99644663793247E-03 4.02099493663214E-03 4.04834321136574E-03 4.07849461528824E-03 4.1115446868334E-03 4.14744442279369E-03 4.1861586543679E-03 4.22753053837581E-03 4.27134252548535E-03 4.31732262593134E-03 4.36514760554062E-03 4.41447084922657E-03 4.46490644520116E-03 4.51608813561488E-03 4.56765188924604E-03 4.61926974748796E-03 4.67061943685301E-03 4.7214104467531E-03 4.77139201451375E-03 4.82035670775387E-03 4.86814049163877E-03
0 0 0 0 0 0 0 0 0 0 0 0 0 0 0 0 0 0 0 0 0 0 0 0 0 0 0 0 0 0 0 0 3.83379867163248E-03 3.8619318821128E-03 3.8654752466089E-03 3.8714292978461E-03 3.87965556028796E-03 3.88986725558134E-03 3.90206463071518E-03 3.91633921228146E-03 3.93286190881461E-03 3.95178465633269E-03 3.97326941558373E-03 3.9975155201598E-03 4.0246024440019E-03 4.05462876157588E-03 4.08756474447438E-03 4.12346178372587E-03 4.16222252219698E-03 4.20372957237187E-03 4.24777430696968E-03 4.29408670331889E-03 4.34235450899454E-03 4.39220991088078E-03 4.44328470166526E-03 4.49517738332299E-03 4.54752407492427E-03 4.59997164563686E-03 4.65220874302113E-03 4.70393013521601E-03 4.75487369616735E-03 4.8048454398771E-03 4.8536502201388E-03 4.90113931026449E-03
0 0 0 0 0 0 0 0 0 0 0 0 0 0 0 0 0 0 0 0 0 0 0 0 0 0 0 0 0 0 0 0.003823560520832 3.83379867163248E-03 3.84316471543919E-03 3.85008052260262E-03 3.85801539786434E-03 3.8678242828433E-03 3.87957746223671E-03 3.89341833388703E-03 3.90949397669536E-03 3.92800210348921E-03 3.94910982026188E-03 3.97297769743941E-03 3.99978883903539E-03 4.02959908857132E-03 4.06246894910198E-03 4.0983256378852E-03 4.13716450331234E-03 4.17883583857323E-03 4.22315011874333E-03 4.26984125466677E-03 4.31858432787665E-03 4.36902981974919E-03 4.42077585625156E-03 4.47343822323345E-03 4.5266101376704E-03 4.57993543480923E-03 4.63308144913013E-03 4.6857633929871E-03 4.73770447258187E-03 4.78866985231919E-03 4.83849924519632E-03 4.88701977176893E-03 4.93409304902795E-03
0 0 0 0 0 0 0 0 0 0 0 0 0 0 0 0 0 0 0 0 0 0 0 0 0 0 0 0 0 0 0 0.003823560520832 3.82422355773787E-03 3.82921422246895E-03 3.83626207390457E-03 3.84530843217038E-03 3.85650611443888E-03 3.86981941918962E-03 3.88539722003093E-03 3.90341182353119E-03 3.92406701610254E-03 3.94753048554395E-03 3.97394746813367E-03 4.00348709255873E-03 4.0361706271535E-03 4.0720101001835E-03 4.11087938665251E-03 4.15271751960962E-03 4.19731270142087E-03 4.24441005031489E-03 4.29368343092536E-03 4.34475676635122E-03 4.39724542490278E-03 4.4507233699824E-03 4.50480071240628E-03 4.55906907606103E-03 4.61318896708079E-03 4.66685607520935E-03 4.71981851621434E-03 4.7718300743013E-03 4.82268743290754E-03 4.87225303276521E-03 4.92037069447643E-03 4.96690991213317E-03
0 0 0 0 0 0 0 0 0 0 0 0 0 0 0 0 0 0 0 0 0 0 0 0 0 0 0 0 0 0 0 3.81072417153763E-03 3.81105359700698E-03 3.81553105288215E-03 3.82308650860836E-03 3.83322965942428E-03 3.84584128455032E-03 3.86079734325352E-03 3.87823747128785E-03 3.89834353586332E-03 3.92130871275651E-03 3.94729250230592E-03 3.9764103285171E-03 4.00882017497797E-03 4.04449692535056E-03 4.08339309552903E-03 4.12532575968833E-03 4.17017339092918E-03 4.21766656880064E-03 4.26747944586364E-03 4.31923428905444E-03 4.37250456138378E-03 4.42688069014408E-03 4.48191628853278E-03 4.53722861545349E-03 4.59240876577647E-03 4.64714543491165E-03 4.70116801176755E-03 4.75426021601492E-03 4.80620685834766E-03 4.85683125282209E-03 4.90601449899415E-03 4.95361367876388E-03 4.99950110314369E-03
0 0 0 0 0 0 0 0 0 0 0 0 0 0 0 0 0 0 0 0 0 0 0 0 0 0 0 0 0 0 3.77533268403588E-03 3.79315648777541E-03 3.79570495767741E-03 3.80140023386239E-03 3.81013187990506E-03 3.82164722556067E-03 3.83586053760985E-03 3.85264835793615E-03 3.87213408198845E-03 3.89450611044713E-03 3.91994621095215E-03 3.94860594562385E-03 3.98057120045367E-03 4.01596567643724E-03 4.05471440679949E-03 4.09671315567656E-03 4.14172354313796E-03 4.18955904471352E-03 4.23988527361584E-03 4.29231358789066E-03 4.34641542225156E-03 4.40172583405031E-03 4.45781403572258E-03 4.51422410731538E-03 4.57057832167843E-03 4.62648736978218E-03 4.68167394757868E-03 4.73589787664584E-03 4.78897419085766E-03 4.84072093818753E-03 4.89099339841501E-03 4.93968126142639E-03 4.98664684148118E-03 5.0317665822517E-03
0 0 0 0 0 0 0 0 0 0 0 0 0 0 0 0 0 0 0 0 0 0 0 0 0 0 0 0 0 0 3.77533268403588E-03 3.77634301488776E-03 3.78013348832566E-03 3.78728641361174E-03 3.79754418515032E-03 3.81071180576009E-03 3.82673682280134E-03 3.84555437718201E-03 3.86728306359268E-03 3.89210779285331E-03 3.92018645734319E-03 3.95167031207961E-03 3.98661283612561E-03 4.02507825623521E-03 4.06694870620161E-03 4.11206079251519E-03 4.16012491591681E-03 4.21087591902846E-03 4.26393084666949E-03 4.31883472141418E-03 4.37511824841691E-03 4.43228490752952E-03 4.48989314264404E-03 4.54748592550886E-03 4.60469515390268E-03 4.66116841733417E-03 4.71665207570427E-03 4.77093527460451E-03 4.82386317788322E-03 4.87528949325195E-03 4.92509500786052E-03 4.97317034859803E-03 5.01938609234069E-03 5.06362175629113E-03
0 0 0 0 0 0 0 0 0 0 0 0 0 0 0 0 0 0 0 0 0 0 0 0 0 0 0 0 0 3.73630411151519E-03 3.75604982790863E-03 3.75871378308214E-03 3.76445766721018E-03 3.7733901668803E-03 3.78545576815829E-03 0.003800533508373 3.81861825789074E-03 3.83969176910936E-03 3.86387237110267E-03 3.89133645568973E-03 3.92221734841268E-03 3.95665556218231E-03 3.99466853718567E-03 4.03626470399106E-03 4.08127453318649E-03 4.12947882284014E-03 4.18053196485978E-03 4.23410192619294E-03 4.28974929852998E-03 4.34696563098175E-03 4.40524435374453E-03 4.46407068347164E-03 4.52299964755956E-03 4.5815838439261E-03 4.63947389344845E-03 4.69635025723601E-03 4.75198504819879E-03 4.80619246373917E-03 4.85884438499251E-03 4.90982750269085E-03 4.95904666071231E-03 5.00639313120627E-03 5.05174086542782E-03 5.09497446661355E-03
0 0 0 0 0 0 0 0 0 0 0 0 0 0 0 0 0 0 0 0 0 0 0 0 0 0 0 0 0 3.73630411151519E-03 3.73739509798305E-03 3.74151265030299E-03 3.74912107711366E-03 3.76000125035569E-03 3.77409192757834E-03 3.79131281554123E-03 3.81169571219786E-03 3.83524804621288E-03 3.86208399974985E-03 3.89236836600119E-03 3.92620090938073E-03 3.96370541678346E-03 4.00485888201497E-03 4.04961628389197E-03 4.09775660817482E-03 4.14899868954863E-03 4.20294277199951E-03 4.25919389581625E-03 4.31726938588089E-03 4.37660877715877E-03 4.43667770280077E-03 4.49695643166392E-03 4.55700736146418E-03 4.61640176117159E-03 4.67480761075148E-03 4.73193793407392E-03 4.78758622135681E-03 4.84159001117188E-03 4.89384184851503E-03 4.94426142469239E-03 4.99277511854224E-03 5.0392721854044E-03 5.08362888782702E-03 5.12573824793039E-03
0 0 0 0 0 0 0 0 0 0 0 0 0 0 0 0 0 0 0 0 0 0 0 0 0 0 0 0 3.69511088566563E-03 3.7158079404617E-03 3.71854937309736E-03 3.72466873921924E-03 3.73431438123624E-03 3.74732706616127E-03 3.76365902956141E-03 3.78325181899366E-03 3.80616352293221E-03 3.83241098759952E-03 3.86209286956548E-03 3.89535973995216E-03 3.93227126113716E-03 3.97293132708408E-03 4.01726940217747E-03 4.06519355221643E-03 4.11642715650548E-03 4.17062523694259E-03 4.22733423251752E-03 4.28610796627367E-03 4.34642586613257E-03 4.40767964102107E-03 4.4693213919202E-03 4.5308431337458E-03 4.5918219890975E-03 4.65185039383144E-03 4.71061406770132E-03 4.76785600978615E-03 4.82338784316144E-03 4.87706385217959E-03 4.92879184361473E-03 4.9785235846133E-03 5.0262078038167E-03 5.07172596588409E-03 5.11496000952379E-03 5.15581920213852E-03
0 0 0 0 0 0 0 0 0 0 0 0 0 0 0 0 0 0 0 0 0 0 0 0 0 0 0 0 3.69511088566563E-03 3.69614668147205E-03 3.70029656776696E-03 3.70844297642032E-03 3.72031121734246E-03 3.73565464132886E-03 3.75443532557222E-03 3.77660644778043E-03 3.80224827569048E-03 3.83137857742416E-03 3.86406902908122E-03 3.90046139031956E-03 3.94055317484717E-03 3.98443908552541E-03 4.03198433526359E-03 4.08305401365905E-03 4.13731624109383E-03 4.19435598132246E-03 4.2536775189742E-03 4.31478047369856E-03 4.37713232802084E-03 4.44007100559422E-03 4.50306239448121E-03 4.56562323757951E-03 4.62734515697579E-03 4.6878451390021E-03 4.74681580548897E-03 4.80403669205477E-03 4.85932462181777E-03 4.91255081702433E-03 4.96362801692144E-03 5.01254186127359E-03 5.05926574913783E-03 5.1036633909331E-03 5.14563666540733E-03 5.18511987576943E-03
0 0 0 0 0 0 0 0 0 0 0 0 0 0 0 0 0 0 0 0 0 0 0 0 0 0 0 0 3.67542966998147E-03 3.67602291615129E-03 3.68230611159893E-03 3.69294807441637E-03 3.70735205607502E-03 3.72526303287256E-03 3.74669346019423E-03 3.77162949524063E-03 3.80017009333623E-03 3.83233602240941E-03 3.86817313303443E-03 3.90779643891912E-03 3.95115239691094E-03 0.003998303789958 4.04905901167169E-03 0.004103223693713 4.16040914676604E-03 4.22014782406533E-03 4.28191074468549E-03 4.34514597511898E-03 4.4092882225242E-03 4.47367948398364E-03 4.53781162479202E-03 4.60122304770555E-03 4.66351455544023E-03 4.72432627409131E-03 4.78336146503808E-03 4.84042521250009E-03 4.89533693813627E-03 4.94798117567222E-03 4.99827845311779E-03 5.0462401258427E-03 5.09184819181124E-03 5.1349713927687E-03 5.17554462057197E-03 5.21353271895298E-03
0 0 0 0 0 0 0 0 0 0 0 0 0 0 0 0 0 0 0 0 0 0 0 0 0 0 0 3.60885017324311E-03 3.64860580053771E-03 3.65479144296692E-03 3.66496524862826E-03 3.6786840367786E-03 3.69588728707116E-03 3.71654163423282E-03 3.74076835973984E-03 3.76860651592608E-03 3.80016952518981E-03 3.8354872709074E-03 3.87457407698667E-03 3.9175068914085E-03 3.96417737541186E-03 4.01459744383301E-03 4.06852883542817E-03 4.12569106659976E-03 4.18566239680062E-03 4.24792279846598E-03 4.31192876659464E-03 4.3770692989604E-03 4.44276711239733E-03 4.50841294475748E-03 4.57349725859705E-03 4.63758854477581E-03 4.70028451332142E-03 4.76126083259542E-03 4.82021101100321E-03 4.87697345118673E-03 4.93135975257756E-03 4.98327488273246E-03 5.03263756415499E-03 5.07948259970129E-03 5.12381540917095E-03 5.16551871817731E-03 5.20456293158737E-03 5.24095138526441E-03
0 0 0 0 0 0 0 0 0 0 0 0 0 0 0 0 0 0 0 0 0 0 0 0 0 0 3.58417846648387E-03 3.60885017324311E-03 3.62348244139671E-03 3.63564686290786E-03 3.64956557938682E-03 3.66631783923966E-03 3.68634831645949E-03 3.7098197548906E-03 3.7369369912973E-03 3.76777463036801E-03 3.80245087788363E-03 3.84099406674404E-03 3.88339061058351E-03 3.9296702102041E-03 3.97966856689221E-03 4.03333406005852E-03 4.09036205065203E-03 4.15040634539804E-03 4.21300225852886E-03 4.27759830783538E-03 4.3436320451883E-03 4.41046340556236E-03 4.47751731035496E-03 4.54422093231569E-03 4.6100815219927E-03 4.67468034812409E-03 4.73762036050162E-03 4.79859404894546E-03 4.85730497645253E-03 4.91360135043301E-03 4.96729730427164E-03 5.01831326417722E-03 5.06658178354172E-03 5.11215371650954E-03 5.15504332274411E-03 5.19517502113157E-03 5.23257032673114E-03 5.26727246174112E-03
0 0 0 0 0 0 0 0 0 0 0 0 0 0 0 0 0 0 0 0 0 0 0 0 0 3.57291590528807E-03 3.58417846648387E-03 3.59448548442269E-03 3.60675722132644E-03 3.6205836396443E-03 3.63693632984484E-03 3.65630296141931E-03 3.67904768947683E-03 3.70534971901389E-03 3.73541698071534E-03 3.76932691780996E-03 3.8071808126294E-03 3.84899900271904E-03 3.89473561292146E-03 3.94436356364417E-03 3.99766177123017E-03 4.05449622757284E-03 4.11450659044071E-03 4.17728306123183E-03 4.24232688986488E-03 4.3090632995933E-03 4.37692112826327E-03 4.44525109018935E-03 4.51347957102941E-03 4.58106865447918E-03 4.64753891769816E-03 4.71248089266673E-03 4.7754985726745E-03 4.83629621648596E-03 4.89458948336876E-03 4.9502257124251E-03 5.0030383653254E-03 5.05295958059039E-03 5.09994750125604E-03 5.14406100577644E-03 5.18535074601877E-03 5.22379154128579E-03 5.25944818168014E-03 5.29240758844743E-03
0 0 0 0 0 0 0 0 0 0 0 0 0 0 0 0 0 0 0 0 0 0 0 0 0 3.57291590528807E-03 3.57388375933421E-03 3.58128120208037E-03 3.59307675464545E-03 3.60822250525646E-03 3.62669623755951E-03 3.64855879422742E-03 3.67402072097613E-03 3.70321670131735E-03 3.7363178854375E-03 3.77337590241149E-03 3.81445805195414E-03 3.85957572221542E-03 3.90865231683872E-03 3.96159695537806E-03 4.01813187464181E-03 4.07803998219484E-03 4.14089859839765E-03 4.20624583836174E-03 4.27355199554138E-03 4.34223412938837E-03 4.41171801929888E-03 4.48135491939297E-03 4.55057584310046E-03 4.6188755461599E-03 4.6857859082109E-03 4.75089350884742E-03 4.81380170408547E-03 4.87422416137166E-03 4.93189557013466E-03 4.98666253196094E-03 5.03838269710147E-03 5.08700964840326E-03 5.13253728423873E-03 5.17504052745624E-03 5.21459868991892E-03 5.25124726695529E-03 5.28510286232662E-03 5.31628976465801E-03
0 0 0 0 0 0 0 0 0 0 0 0 0 0 0 0 0 0 0 0 0 0 0 0 3.53512902152239E-03 3.55477033896151E-03 3.55860858766203E-03 3.56735555352586E-03 3.58053533393865E-03 3.59760057348365E-03 3.6184177896828E-03 3.64291624000993E-03 3.67122246792853E-03 3.70344237056132E-03 3.73969067754032E-03 3.77999101999912E-03 3.8243538203362E-03 3.87279459565507E-03 3.92519802313674E-03 3.98139802786421E-03 4.0410770952225E-03 4.10391874651905E-03 4.16946607821018E-03 4.23719824383331E-03 4.30657318495659E-03 4.3770053511901E-03 4.4479231580595E-03 4.51868832970733E-03 4.58872230888337E-03 4.65756575550918E-03 4.72473809541339E-03 4.78981848005165E-03 4.85240829784362E-03 4.91223311443465E-03 4.9690567014461E-03 5.02271904830769E-03 5.07312752285241E-03 5.12025381415866E-03 5.16414818115361E-03 5.20489523821481E-03 5.2426235541868E-03 5.27742560478467E-03 5.30945815633047E-03 5.33887716536492E-03
