NongDo/Fusa 16.4h.grd
DSAA
463	323
2	464
2	324
0	10
[rows 140 to 167 of 323, columns 192 to 255 of 463]
7.49046622769879E-03 7.58054892879016E-03 7.66989725778454E-03 7.75825670141558E-03 7.84535338016252E-03 0.007930858798934 8.01445612776666E-03 8.09582760872576E-03 8.17467336862143E-03 8.25068913976707E-03 8.3235866301798E-03 8.39308444225088E-03 8.45894168530661E-03 8.5209602848533E-03 8.57898737925265E-03 8.6329213279009E-03 8.68271775034715E-03 8.72839713077395E-03 8.77003159242325E-03 8.80774117576488E-03 8.84168166038288E-03 8.87203624398915E-03 8.89900049255499E-03 8.92277455330971E-03 8.94355233232375E-03 8.96151149736172E-03 8.97681035741246E-03 8.98959125459978E-03 9.00001622806307E-03 9.00827122130094E-03 9.0145635913205E-03 9.01910470564266E-03 9.02210214936285E-03 9.02375795286162E-03 9.02426414976322E-03 9.02379540030206E-03 9.02250386674435E-03 9.02051674848889E-03 9.01793495995498E-03 9.01482993343993E-03 9.0112658351786E-03 9.00730217909929E-03 9.00300110364936E-03 8.99843748017876E-03 8.99372282113945E-03 8.9890191031584E-03 8.98454929777831E-03 8.97682958306816E-03 0 0 0 0 0 0 0 0 0 0 0 0 0 0 0 0
7.57245369605563E-03 7.66201986699899E-03 7.75054029665682E-03 7.83776894098736E-03 7.92344154495408E-03 8.0072394630822E-03 8.08887635106901E-03 8.16806532611549E-03 8.2445349859311E-03 8.31800472855609E-03 8.3882095717159E-03 8.45488979059591E-03 8.51782789710838E-03 8.57684799646563E-03 8.63181718076362E-03 8.6826537783469E-03 8.72933605884395E-03 8.77191014783445E-03 8.8104726449459E-03 8.84516867228545E-03 8.8761755955797E-03 8.9036927403038E-03 8.92792826581098E-03 8.94909118541675E-03 8.9673797571817E-03 8.98297314996187E-03 8.99603089656339E-03 9.00669508819315E-03 9.0151380277111E-03 9.02156107010042E-03 9.02617794695276E-03 9.02920157093047E-03 9.03083971543312E-03 9.03129264687093E-03 9.03074735614721E-03 9.02937029887543E-03 9.02730502006819E-03 9.02466730318493E-03 9.02154398953543E-03 9.01798844426949E-03 9.01405753495503E-03 9.00981600716214E-03 9.00533290867325E-03 9.00070419124755E-03 8.99609987453984E-03 8.99178289063932E-03 8.98454929777831E-03 0 0 0 0 0 0 0 0 0 0 0 0 0 0 0 0 0
7.6532735117006E-03 7.74207459131694E-03 7.82953658455785E-03 7.91541735054249E-03 0.007999460217113 8.08136953992316E-03 8.16089542014571E-03 8.23777942640554E-03 8.31177248230356E-03 8.3826126302862E-03 8.45005369049437E-03 8.51385896221425E-03 8.57383357147649E-03 8.62982189276625E-03 8.68171083785892E-03 8.72944137046345E-03 8.77301691736307E-03 8.81250963318041E-03 8.84804202533226E-03 8.87978520383072E-03 8.90793767442601E-03 8.93271310155343E-03 8.95432957165974E-03 8.97300141975176E-03 8.98892753667741E-03 9.00228576022325E-03 9.01323518129567E-03 9.02192116296163E-03 9.02852829951999E-03 9.03326842025179E-03 9.03635632578342E-03 9.03800478149545E-03 9.03842110068485E-03 9.03780358000747E-03 9.0363349762708E-03 9.03417212979852E-03 9.03144773892725E-03 9.02826613839201E-03 9.02470143330238E-03 9.02078935444116E-03 9.01658126436416E-03 0.009012158586301 9.00761254163003E-03 9.00307978258405E-03 8.99880427757882E-03 8.99178289063932E-03 0 0 0 0 0 0 0 0 0 0 0 0 0 0 0 0 0 0
7.73284936385793E-03 7.82065817271366E-03 7.90685055648014E-03 7.99118410193643E-03 8.07341518774603E-03 8.15328889666148E-03 8.23057947612385E-03 0.008305053450903 8.3764770558314E-03 8.44460590594013E-03 8.50921073815309E-03 8.57008206105099E-03 8.62704383951698E-03 8.67996084030861E-03 8.72874211242904E-03 8.77335538472244E-03 8.81383146021909E-03 8.85026898191777E-03 8.88281896413443E-03 8.91167839649881E-03 8.93706552431386E-03 8.95920502195968E-03 8.97832171531996E-03 8.99463127245619E-03 9.00832939776691E-03 9.01959036538907E-03 9.02857227204246E-03 9.03542653437325E-03 9.04034673513285E-03 9.04355125616575E-03 9.04525390061797E-03 9.04566598194992E-03 9.04499419697406E-03 9.04343376471316E-03 9.04116254669237E-03 9.03832839014357E-03 9.03505111268724E-03 9.03142245173522E-03 9.02750435414753E-03 9.02332442587009E-03 9.01893386700367E-03 9.01444316915289E-03 9.00999128424136E-03 9.00577984237171E-03 8.99880427757882E-03 0 0 0 0 0 0 0 0 0 0 0 0 0 0 0 0 0 0 0
7.81116118633964E-03 7.89776643046987E-03 7.98248769282324E-03 8.0650916315186E-03 8.14535776570179E-03 8.22306703432536E-03 8.29800576026062E-03 8.36996261551131E-03 8.43871698033245E-03 8.50404506112069E-03 8.56573625847867E-03 8.62360632312577E-03 8.67749667578777E-03 8.7272964586273E-03 8.77294128662089E-03 8.81442820449822E-03 8.85181710808788E-03 8.88523561805421E-03 8.91486454807681E-03 8.94092421260368E-03 8.9636486865777E-03 8.98327076099111E-03 9.00001796995959E-03 9.01410258530506E-03 9.02571388852652E-03 9.03502113793156E-03 9.04218174950787E-03 9.04735466003314E-03 9.05073963407536E-03 9.05255593146091E-03 9.05301404529818E-03 9.05232530103808E-03 9.05069625036812E-03 9.04831724751036E-03 9.04535867401794E-03 9.04196084104845E-03 9.03823036441955E-03 9.03424403964671E-03 9.03005181918322E-03 9.02568665417158E-03 9.02121657072393E-03 9.01679924451892E-03 9.01264552714479E-03 9.00577984237171E-03 0 0 0 0 0 0 0 0 0 0 0 0 0 0 0 0 0 0 0 0
7.88822873312089E-03 7.97343446112232E-03 8.05650190844865E-03 8.13721325448256E-03 8.21536719479722E-03 8.2907702879197E-03 8.36322796976523E-03 8.43254586116516E-03 8.49851921768255E-03 8.56094522676023E-03 8.61963374932826E-03 8.67442207710021E-03 8.72517641854698E-03 8.77181353912831E-03 8.81429984384892E-03 8.85266270269426E-03 8.8869933091901E-03 8.91744940356679E-03 8.94423933870751E-03 8.96760289554515E-03 8.98778507464346E-03 9.00502294622819E-03 9.01954092339611E-03 9.03154385586346E-03 9.04121321791074E-03 9.04871221046082E-03 9.05419700354999E-03 0.009057834698285 9.05982881415695E-03 9.06039532589527E-03 9.05974356078784E-03 9.05808511782347E-03 9.05562518845951E-03 9.05254899215755E-03 9.04901932520621E-03 9.04516743325194E-03 9.04108517770169E-03 9.03683272475304E-03 9.03245587781334E-03 9.02800601175323E-03 9.02359608577622E-03 9.01944832452111E-03 9.01264552714479E-03 0 0 0 0 0 0 0 0 0 0 0 0 0 0 0 0 0 0 0 0 0
7.96397469363594E-03 8.0475894091245E-03 8.12882590545815E-03 8.20748251536957E-03 8.28337282622051E-03 8.35632656491321E-03 8.42617081276248E-03 8.49272743877198E-03 8.55580938696125E-03 8.61523436482444E-03 8.67083340217764E-03 8.72246714541948E-03 8.77003243599716E-03 8.8134774589923E-03 8.8528026363746E-03 8.88806567420559E-03 8.91938990535667E-03 8.94696307843784E-03 8.97101748119299E-03 8.99180758068387E-03 9.00958398237992E-03 0.009024581987897 9.03701761346982E-03 9.04708680292844E-03 9.05496244554212E-03 9.06080164040083E-03 9.06475995871122E-03 9.06700841193769E-03 9.06774848464343E-03 9.06719574183401E-03 9.06556286256399E-03 9.06306001883249E-03 9.05988831995976E-03 9.0562290045058E-03 9.05224073647593E-03 9.04804644944616E-03 9.04371842675764E-03 9.03929540921418E-03 9.03483456825909E-03 9.03042978985692E-03 9.02627607665111E-03 9.01944832452111E-03 0 0 0 0 0 0 0 0 0 0 0 0 0 0 0 0 0 0 0 0 0 0
8.03825782182418E-03 8.12008626457181E-03 8.19930906140903E-03 8.27574076045224E-03 8.34921191017894E-03 8.41957596298977E-03 8.48667935253598E-03 8.55035967120679E-03 8.61044802179945E-03 8.66678411411015E-03 8.71922329689578E-03 8.76765253546137E-03 8.81200127409826E-03 8.85225274715912E-03 8.88844298536389E-03 8.92065931735898E-03 8.94905677235003E-03 8.97385169807226E-03 8.9952949518048E-03 9.0136500268677E-03 9.02916758325867E-03 9.04207573639865E-03 9.0525801758808E-03 9.06086665642085E-03 9.06709757071236E-03 9.07142351583509E-03 9.07399897786309E-03 9.07499780059232E-03 9.07462112333667E-03 9.0730826790059E-03 9.0705964649421E-03 9.06737113224012E-03 9.06360343771276E-03 9.0594715247608E-03 9.05513730749451E-03 9.05072395228847E-03 9.04627283453789E-03 9.04177842574429E-03 9.03735263493252E-03 9.03316423946442E-03 9.02627607665111E-03 0 0 0 0 0 0 0 0 0 0 0 0 0 0 0 0 0 0 0 0 0 0 0
8.11090026447604E-03 8.19074610388265E-03 8.26777196161405E-03 8.34181062161768E-03 8.41271217424703E-03 8.48035287892682E-03 8.54459641622044E-03 8.60529639473464E-03 8.66230372218578E-03 8.7154817603987E-03 8.76471305440729E-03 8.80991314933067E-03 8.8510463636073E-03 8.88813235450412E-03 8.92124289690149E-03 8.95049498449414E-03 8.97607391114966E-03 8.99821966827612E-03 9.01719523495655E-03 9.0332672083763E-03 9.04668105634583E-03 9.05765494433985E-03 9.06638298749127E-03 9.07303857935358E-03 9.07777216454399E-03 9.0807282499318E-03 9.08206063495134E-03 9.08194552276077E-03 9.08058450465813E-03 9.07818940498949E-03 9.07497299490579E-03 9.07114069005562E-03 9.06688503550217E-03 9.06238599698028E-03 9.05782595538432E-03 9.05335178379858E-03 9.04895550199825E-03 9.04446475341943E-03 9.04020167033627E-03 9.03316423946442E-03 0 0 0 0 0 0 0 0 0 0 0 0 0 0 0 0 0 0 0 0 0 0 0 0
8.1817037041011E-03 8.25937251656179E-03 8.33402252292584E-03 8.40550706807311E-03 8.47369687070405E-03 8.53848980611531E-03 8.59976703745532E-03 8.65739905779466E-03 8.71125800935835E-03 8.76123281134176E-03 8.80723509910064E-03 8.84921087624927E-03 8.8871611400396E-03 8.92114218293949E-03 8.95126025354404E-03 8.97766052393769E-03 9.00055381540937E-03 9.02019838130644E-03 9.03686383771634E-03 9.05081429618362E-03 9.06228604198082E-03 9.07148488244038E-03 9.07859098891622E-03 9.08376401899437E-03 9.08714333943011E-03 9.08886807406739E-03 9.08909193032571E-03 9.0879930987547E-03 9.08577468846092E-03 9.08264689221311E-03 9.07881820882974E-03 9.07448607970974E-03 9.06983574433317E-03 9.06506092767775E-03 9.06040917322008E-03 9.05612412527015E-03 9.05217251345472E-03 9.04759769126882E-03 9.04020167033627E-03 0 0 0 0 0 0 0 0 0 0 0 0 0 0 0 0 0 0 0 0 0 0 0 0 0
8.25045819875214E-03 8.32576380634435E-03 8.3978698977316E-03 8.46665242786809E-03 8.53200353199399E-03 8.59384078011395E-03 8.65206324806691E-03 8.70656055557538E-03 8.7572283204045E-03 8.80398133314587E-03 8.84676160695822E-03 8.88554832158659E-03 8.92037971468891E-03 8.95134630852549E-03 8.97858608518336E-03 9.00227050502743E-03 9.02263078667093E-03 9.03993675217422E-03 9.05445921282961E-03 9.06645544713568E-03 0.009076149309453 9.0837323116103E-03 9.08936895131539E-03 9.09320449925954E-03 9.09536842117868E-03 9.09599596030432E-03 9.09524150408789E-03 9.09328437100122E-03 9.09032933333916E-03 9.08658703288369E-03 9.08225945087133E-03 9.07752624829227E-03 9.07255017415083E-03 9.06754323988626E-03 9.06290803154956E-03 9.05919914238128E-03 9.05694984949093E-03 9.04759769126882E-03 0 0 0 0 0 0 0 0 0 0 0 0 0 0 0 0 0 0 0 0 0 0 0 0 0 0
8.31695293262738E-03 8.3897228120626E-03 8.45913245604536E-03 8.52508216388515E-03 8.58748619674397E-03 8.64627993923453E-03 8.70138168702166E-03 8.75270282346885E-03 8.80016374057503E-03 8.84370581994465E-03 8.88330261326654E-03 8.91896809943095E-03 8.95077470385067E-03 8.97884439652551E-03 9.00334347126275E-03 9.0244666090544E-03 9.04245902133055E-03 9.05759638968672E-03 0.009070147107302 9.0803573740622E-03 9.08843578273634E-03 9.09455829801915E-03 9.09887336066483E-03 9.10151183746243E-03 9.10259511536922E-03 9.10225541602772E-03 9.10064746969647E-03 9.09795157029077E-03 9.09437680000402E-03 9.09013804562102E-03 9.08542987078505E-03 9.08039866294821E-03 9.07513630541982E-03 9.06980976118661E-03 9.06510268866376E-03 9.06204603077374E-03 9.0617121088064E-03 0 0 0 0 0 0 0 0 0 0 0 0 0 0 0 0 0 0 0 0 0 0 0 0 0 0 0
8.38099289668854E-03 8.45107490155515E-03 8.51765797042972E-03 8.58066682119317E-03 0.008640037840842 8.69572491030097E-03 8.74766706029206E-03 8.79579798107528E-03 8.84006429013007E-03 8.88043582779647E-03 8.9169182324533E-03 8.94955756387721E-03 8.97845713516726E-03 9.00376836309773E-03 9.02568242276381E-03 9.04441056732917E-03 9.06020628675205E-03 9.07334842546158E-03 9.08409883481269E-03 9.09268893952654E-03 9.0993102930908E-03 9.10412227703695E-03 9.10725727161531E-03 9.10883394803447E-03 9.10896757795078E-03 9.10778715558367E-03 9.1054460975823E-03 9.10212490125708E-03 9.09804183051054E-03 9.0934276415914E-03 9.08848025510542E-03 9.08330413892965E-03 9.07780956840557E-03 9.07176975387427E-03 9.06650074150842E-03 9.06350121538693E-03 9.0617121088064E-03 0 0 0 0 0 0 0 0 0 0 0 0 0 0 0 0 0 0 0 0 0 0 0 0 0 0 0
8.44240563075811E-03 8.50967179155011E-03 8.57332246110575E-03 8.6333079488478E-03 8.68958746995384E-03 8.74213366200819E-03 8.7909055632901E-03 8.83586068872822E-03 8.87697412194909E-03 8.91424493973259E-03 8.94770856093394E-03 8.97743931569529E-03 9.00356899066147E-03 9.02627519876873E-03 9.04576936798594E-03 9.06227299420542E-03 9.07604555592163E-03 9.08736608395575E-03 9.09648381449412E-03 9.10361254815035E-03 9.10892657459483E-03 9.11256959087799E-03 9.11466038574993E-03 9.11530709715366E-03 9.11461907122729E-03 9.11272180695532E-03 9.10976547603302E-03 9.10592739667723E-03 9.10144202743586E-03 9.09658066723463E-03 9.09158667835224E-03 9.08659369670171E-03 9.08125652003655E-03 9.07330497490116E-03 9.06650074150842E-03 9.06350121538693E-03 0 0 0 0 0 0 0 0 0 0 0 0 0 0 0 0 0 0 0 0 0 0 0 0 0 0 0 0
8.50105860007977E-03 8.56540669455377E-03 8.62604559586867E-03 8.68295248369764E-03 8.73610975619763E-03 8.78550679757674E-03 8.83112394363953E-03 8.87294525527036E-03 8.91097565312554E-03 8.94524129857754E-03 8.97580455405402E-03 9.00276491430305E-03 9.02627863024911E-03 9.04654445036358E-03 9.06378831895488E-03 9.07824059112719E-03 9.09016408164585E-03 9.09983151940889E-03 9.10747481039341E-03 9.11329016607251E-03 9.11743615457057E-03 9.1200432710614E-03 9.12121932891902E-03 9.12106305228221E-03 9.11967756604305E-03 9.1171842299115E-03 9.1137272812274E-03 9.10947462161849E-03 9.1046801535464E-03 9.09968828361077E-03 9.09487240569495E-03 9.09071870925741E-03 9.08791890769864E-03 9.07330497490116E-03 0 0 0 0 0 0 0 0 0 0 0 0 0 0 0 0 0 0 0 0 0 0 0 0 0 0 0 0 0 0
8.55685268166766E-03 8.61820741536464E-03 0.008675782712539 8.72958297471976E-03 8.77961391858834E-03 8.82587906035037E-03 8.86838427905892E-03 8.90714165168053E-03 8.94218476473071E-03 8.97356324885376E-03 9.0013643033414E-03 9.02570906475967E-03 9.0467725474141E-03 9.06476992426768E-03 9.07993615324451E-03 9.09250953406828E-03 9.10274999306237E-03 9.11091946842055E-03 9.11723323335212E-03 9.12187121404254E-03 9.12497881031979E-03 9.12667544856231E-03 9.12705948329498E-03 9.12622153570299E-03 9.12425877792201E-03 9.12128636334395E-03 9.11743685317377E-03 9.11286110376089E-03 9.10782715693882E-03 9.10275741235836E-03 9.09813382428673E-03 9.09478030720143E-03 9.09436246369075E-03 0 0 0 0 0 0 0 0 0 0 0 0 0 0 0 0 0 0 0 0 0 0 0 0 0 0 0 0 0 0 0
8.60972277325366E-03 8.6680380266584E-03 8.7225285065152E-03 8.7732225723344E-03 8.82014789447303E-03 8.86332648494851E-03 8.90279185856291E-03 8.93858152453815E-03 8.97075429088702E-03 8.99938116922742E-03 9.02457111210733E-03 9.04646307361349E-03 9.06524605373739E-03 9.08114588858215E-03 9.09440262659646E-03 9.10526037899197E-03 9.1139720901161E-03 9.12078585058814E-03 9.12590174602013E-03 9.12948718319405E-03 9.13167753217957E-03 9.13258238990034E-03 9.1322913007351E-03 9.13088872407163E-03 9.12846615005023E-03 9.12512947362638E-03 9.12099334276542E-03 9.1161829207058E-03 9.11096398963133E-03 9.1057997307099E-03 9.10109827852998E-03 9.09721433352035E-03 9.09436246369075E-03 0 0 0 0 0 0 0 0 0 0 0 0 0 0 0 0 0 0 0 0 0 0 0 0 0 0 0 0 0 0 0
8.65963564349013E-03 8.71489409857377E-03 8.76630626128903E-03 8.81392263173846E-03 8.85779432336273E-03 8.8979648555533E-03 8.93448993505953E-03 8.96743073470793E-03 8.99686821514277E-03 9.02289249921878E-03 9.04562893873622E-03 9.06523109177169E-03 9.08189779762455E-03 9.09586079344908E-03 9.10736286490129E-03 9.11665213500516E-03 9.12397362792624E-03 9.1295588614746E-03 9.13359630974997E-03 9.13624369950424E-03 9.13762806913139E-03 9.13785074589127E-03 9.13699500504722E-03 9.13514062135362E-03 9.13237325424247E-03 9.12878563889578E-03 9.12446711310456E-03 9.11951683784505E-03 9.1142072010228E-03 9.10902455464473E-03 9.10433659667352E-03 9.09721433352035E-03 0 0 0 0 0 0 0 0 0 0 0 0 0 0 0 0 0 0 0 0 0 0 0 0 0 0 0 0 0 0 0 0
8.70662320445247E-03 8.7588352320418E-03 8.80720074963143E-03 8.85179396239348E-03 8.89268955031018E-03 8.9299493851061E-03 8.96364820696922E-03 8.9938694019589E-03 9.02071351941577E-03 9.04428599768398E-03 9.06472469768007E-03 9.08219505530019E-03 9.09690218825672E-03 9.10908097007118E-03 9.11897473799593E-03 9.12683186170016E-03 9.1328874389872E-03 9.13735949337069E-03 9.14042862012193E-03 9.14224413729774E-03 9.14292543354476E-03 9.14256754665172E-03 9.14125037664923E-03 9.1390516108381E-03 9.13605357553451E-03 9.13233508674661E-03 9.12794455489456E-03 9.12293448901366E-03 9.11765643751514E-03 9.1126391890568E-03 9.10433659667352E-03 0 0 0 0 0 0 0 0 0 0 0 0 0 0 0 0 0 0 0 0 0 0 0 0 0 0 0 0 0 0 0 0 0
8.75075819903223E-03 8.79996025389525E-03 8.8453362500412E-03 8.88698444419651E-03 8.92499898090123E-03 8.9594561547408E-03 8.99045036684469E-03 9.01808544724828E-03 9.04247871134176E-03 9.06374639729519E-03 9.08203692850471E-03 9.09752512310073E-03 9.11041925969681E-03 9.12095497024635E-03 9.12937369083302E-03 9.13592216461745E-03 9.14082734431214E-03 9.14429568135986E-03 9.14650033265532E-03 9.14758409547395E-03 9.14766067204498E-03 9.1468201158565E-03 9.14514051113369E-03 9.14270262348349E-03 9.13959543318271E-03 9.13590162742243E-03 9.13161598057587E-03 9.12659016874517E-03 9.12145959251263E-03 9.1126391890568E-03 0 0 0 0 0 0 0 0 0 0 0 0 0 0 0 0 0 0 0 0 0 0 0 0 0 0 0 0 0 0 0 0 0 0
8.7921445438551E-03 8.83839371033824E-03 8.8808568827746E-03 8.91965242163897E-03 8.95489008487513E-03 8.98666101298325E-03 9.01507874168648E-03 9.04026422719944E-03 9.06234749155316E-03 9.08145380851804E-03 9.09774011220956E-03 9.11138759608686E-03 9.12260520368961E-03 9.1316275520642E-03 9.13869324614561E-03 9.14404611512904E-03 9.14790577629675E-03 9.15046988750309E-03 9.15190546316282E-03 9.15235060381521E-03 9.15191549826755E-03 9.15068631139064E-03 9.14874001028019E-03 9.14616640835198E-03 9.14308282660767E-03 9.13964134856317E-03 9.13585103586718E-03 9.1306326111815E-03 9.12145959251263E-03 0 0 0 0 0 0 0 0 0 0 0 0 0 0 0 0 0 0 0 0 0 0 0 0 0 0 0 0 0 0 0 0 0 0 0
8.8309069265054E-03 8.87427583993429E-03 8.91391476789703E-03 8.94995846868127E-03 8.98253178658754E-03 9.01174101150631E-03 9.03771506792376E-03 9.06058895504212E-03 9.08050180305678E-03 9.09758632340977E-03 9.11200447772476E-03 9.12394178947904E-03 9.1336066748417E-03 9.14123180363733E-03 9.14705345480638E-03 9.15131187565775E-03 9.15422100703503E-03 9.15597142376566E-03 9.15672533710907E-03 9.15661767115585E-03 9.15575680049163E-03 9.15422767906557E-03 9.15210858145502E-03 9.14949930234414E-03 9.14656302993855E-03 9.14367578759118E-03 9.14166703974308E-03 9.1306326111815E-03 0 0 0 0 0 0 0 0 0 0 0 0 0 0 0 0 0 0 0 0 0 0 0 0 0 0 0 0 0 0 0 0 0 0 0 0
8.8671942768548E-03 8.90776628308208E-03 8.94467718756659E-03 8.97807554827323E-03 9.00810040572902E-03 9.03487344876034E-03 9.05853591510807E-03 9.07923252968407E-03 9.09710809509524E-03 9.11230211842574E-03 9.12497924297508E-03 9.13532647754836E-03 9.1435511812425E-03 9.14988475398489E-03 9.15456180192361E-03 9.15781834523416E-03 9.15986330467002E-03 9.16088227899387E-03 9.16103412498555E-03 9.16045194850307E-03 9.15924456092882E-03 9.15750009688791E-03 9.15530223301689E-03 9.15274996621786E-03 9.14998108362924E-03 9.14742932006356E-03 9.14708237209858E-03 0 0 0 0 0 0 0 0 0 0 0 0 0 0 0 0 0 0 0 0 0 0 0 0 0 0 0 0 0 0 0 0 0 0 0 0 0
8.90116523838006E-03 8.93903039523797E-03 8.97331428860347E-03 9.00417709204753E-03 9.03177060730051E-03 9.05623158794671E-03 9.07770988176304E-03 9.09635669157432E-03 9.11231992646242E-03 9.12574489761133E-03 9.13679647473944E-03 9.14566165876932E-03 9.15254841787055E-03 9.15768686618262E-03 9.16131006549412E-03 9.1636492721663E-03 9.16490973808065E-03 9.16527330842523E-03 9.16489626112326E-03 9.16391114685144E-03 9.16242995422681E-03 9.16055167743435E-03 9.15838019100295E-03 9.15602272286586E-03 9.15344654735887E-03 9.14984521243905E-03 9.14708237209858E-03 0 0 0 0 0 0 0 0 0 0 0 0 0 0 0 0 0 0 0 0 0 0 0 0 0 0 0 0 0 0 0 0 0 0 0 0 0
8.93297771649095E-03 8.96822757421786E-03 8.99998455966024E-03 9.02841999714703E-03 9.05369752569447E-03 9.07596593079456E-03 9.09538073291142E-03 9.11209800078473E-03 9.12626688313684E-03 9.13803510838185E-03 9.1475664152009E-03 9.15504943367625E-03 0.009160693314482 9.16472657484873E-03 9.16738013354675E-03 9.16888077157627E-03 9.16943093969527E-03 9.1692095057873E-03 9.16837110544799E-03 9.16704904372397E-03 9.16536072333829E-03 0.009163425027866 9.16140034875797E-03 9.15953097557917E-03 9.15815998611148E-03 9.14984521243905E-03 0 0 0 0 0 0 0 0 0 0 0 0 0 0 0 0 0 0 0 0 0 0 0 0 0 0 0 0 0 0 0 0 0 0 0 0 0 0
8.96278142360097E-03 8.9955074203874E-03 9.02483705322881E-03 9.05095131454679E-03 9.07402372339099E-03 9.09421234218251E-03 9.11167658217853E-03 9.12657560128107E-03 9.13905772144022E-03 9.1492709827719E-03 9.15737981690813E-03 9.16357541803388E-03 9.16806670812519E-03 9.17108018391795E-03 9.17284436331665E-03 9.17358153500756E-03 9.17349111835632E-03 9.17274996823441E-03 9.17151251012342E-03 9.16991508410248E-03 9.16808307716692E-03 9.16615647618627E-03 9.16435140403564E-03 9.16305037286793E-03 9.16275135916318E-03 0 0 0 0 0 0 0 0 0 0 0 0 0 0 0 0 0 0 0 0 0 0 0 0 0 0 0 0 0 0 0 0 0 0 0 0 0 0 0
8.99070372891522E-03 9.02099533530331E-03 9.04799397171503E-03 9.07188962196888E-03 9.09286396173374E-03 9.11108187346596E-03 9.12670441105872E-03 9.13989055827537E-03 9.15078645401772E-03 9.15954132625251E-03 9.16632164763524E-03 9.1713198869475E-03 9.17474361937175E-03 9.1768176179931E-03 9.17776815005404E-03 9.17781239824785E-03 9.17714617812687E-03 9.17594570607114E-03 9.1743669700827E-03 9.17255200299778E-03 9.17063818295398E-03 9.16878571368097E-03 9.16723745035797E-03 9.1663183780815E-03 9.16275135916318E-03 0 0 0 0 0 0 0 0 0 0 0 0 0 0 0 0 0 0 0 0 0 0 0 0 0 0 0 0 0 0 0 0 0 0 0 0 0 0 0
9.01685614714308E-03 9.04480149404794E-03 9.06956439278036E-03 9.09134257117709E-03 9.11032306218648E-03 9.1266753506445E-03 9.14055961106695E-03 9.1521323337205E-03 9.1615383184472E-03 9.16892816790062E-03 9.17446956654759E-03 9.17835494390173E-03 9.18079132531086E-03 9.18200122010004E-03 9.18220814979929E-03 9.18162395155773E-03 9.18044151854048E-03 9.17883765680498E-03 9.17697136475159E-03 9.1749925594199E-03 9.17305471356506E-03 9.17134877548091E-03 9.17017920976825E-03 9.16992905125807E-03 0 0 0 0 0 0 0 0 0 0 0 0 0 0 0 0 0 0 0 0 0 0 0 0 0 0 0 0 0 0 0 0 0 0 0 0 0 0 0 0
