NongDo/Fusa 10.6h.grd
DSAA
463	323
2	464
2	324
0	10
[rows 56 to 83 of 323, columns 256 to 319 of 463]
0 0 0 0 0 0 0 0 0 0 0 0 0 0 0 0 0 0 0 0 0 0 0 0 0 0 0 0 0 0 0 0 0 0 0 0 0 0 0 0 0 0 0 0 0 0 0 0 0 0 0 0 0 0 0 0 0 0 0 0 0 0 0 0
0 0 0 0 0 0 0 0 0 0 0 0 0 0 0 0 0 0 0 0 0 0 0 0 0 0 0 0 0 0 0 0 0 0 0 0 0 0 0 0 0 0 0 0 0 0 0 0 0 0 0 0 0 0 0 0 0 0 0 0 0 0 0 0
0 0 0 0 0 0 0 0 0 0 0 0 0 0 0 0 0 0 0 0 0 0 0 0 0 0 0 0 0 0 0 0 0 0 0 0 0 0 0 0 0 0 0 0 0 0 0 0 0 0 0 0 0 0 0 0 0 0 0 0 0 0 0 0
0 0 0 0 0 0 0 0 0 0 0 0 0 0 0 0 0 0 0 0 0 0 0 0 0 0 0 0 0 0 0 0 0 0 0 0 0 0 0 0 0 0 0 0 0 0 0 0 0 0 0 0 0 0 0 0 0 0 0 0 0 0 0 0
0 0 0 0 0 0 0 0 0 0 0 0 0 0 0 0 0 0 0 0 0 0 0 0 0 0 0 0 0 0 0 0 0 0 0 0 0 0 0 0 0 0 0 0 0 0 0 0 0 0 0 0 0 0 0 0 0 0 0 0 0 0 0 0
0 0 0 0 0 0 0 0 0 0 0 0 0 0 0 0 0 0 0 0 0 0 0 0 0 0 0 0 0 0 0 0 0 0 0 0 0 0 0 0 0 0 0 0 0 0 0 0 0 0 0 0 0 0 0 0 0 0 0 0 0 0 0 0
0 0 0 0 0 0 0 0 0 0 0 0 0 0 0 0 0 0 0 0 0 0 0 0 0 0 0 0 0 0 0 0 0 0 0 0 0 0 0 0 0 0 0 0 0 0 0 0 0 0 0 0 0 0 0 0 0 0 0 0 0 0 0 0
0 0 0 0 0 0 0 0 0 0 0 0 0 0 0 0 0 0 0 0 0 0 0 0 0 0 0 0 0 0 0 0 0 0 0 0 0 0 0 0 0 0 0 0 0 0 0 0 0 0 0 0 0 0 0 0 0 0 0 0 0 0 3.45405072381873E-32 1.81963800349365E-32
0 0 0 0 0 0 0 0 0 0 0 0 0 0 0 0 0 0 0 0 0 0 0 0 0 0 0 0 0 0 0 0 0 0 0 0 0 0 0 0 0 0 0 0 0 0 0 0 0 0 0 0 0 0 0 0 0 0 3.80651910218438E-31 2.08058491246081E-31 1.27767017415735E-31 8.17901964448633E-32 3.45405072381873E-32 1.81963800349365E-32
0 0 0 0 0 0 0 0 0 0 0 0 0 0 0 0 0 0 0 0 0 0 0 0 0 0 0 0 0 0 0 0 0 0 0 0 0 0 0 0 0 0 0 0 0 0 0 0 0 0 0 0 0 0 3.85662371440053E-30 2.13569507140952E-30 1.33581523774592E-30 8.74482613453325E-31 3.80651910218438E-31 2.08058491246081E-31 1.27767017415735E-31 8.17901964448633E-32 5.06831443778024E-32 3.18805174415434E-32
0 0 0 0 0 0 0 0 0 0 0 0 0 0 0 0 0 0 0 0 0 0 0 0 0 0 0 0 0 0 0 0 0 0 0 0 0 0 0 0 0 0 0 0 0 0 0 0 0 0 0 2.44614582720637E-29 1.40102699286698E-29 8.84348707506214E-30 3.85662371440053E-30 2.13569507140952E-30 1.33581523774592E-30 8.74482613453325E-31 5.5654120896881E-31 3.61039668197997E-31 2.38867439467854E-31 1.58873549712036E-31 1.05293667037328E-31 6.92488393678606E-32
0 0 0 0 0 0 0 0 0 0 0 0 0 0 0 0 0 0 0 0 0 0 0 0 0 0 0 0 0 0 0 0 0 0 0 0 0 0 0 0 0 0 0 0 0 4.5660215270927E-28 2.50763766575219E-28 1.58671318328879E-28 1.08159346105529E-28 7.58975443464983E-29 5.3373581885563E-29 2.44614582720637E-29 1.40102699286698E-29 8.84348707506214E-30 5.5876207283174E-30 3.66357885918859E-30 2.46887271947947E-30 1.68037585698768E-30 1.14401962820865E-30 7.754395094854E-31 5.24123451579596E-31 3.52721556964231E-31 2.36432746389462E-31 1.57229552166571E-31
0 0 0 0 0 0 0 0 0 0 0 0 0 0 0 0 0 0 0 0 0 0 0 0 0 0 0 0 0 0 0 0 0 0 0 0 0 0 0 0 0 0 0 1.90250935717429E-27 1.07199313948938E-27 4.5660215270927E-28 2.50763766575219E-28 1.58671318328879E-28 1.08159346105529E-28 7.58975443464983E-29 5.3373581885563E-29 3.56067865745572E-29 2.40502703831531E-29 1.64165333123461E-29 1.12526338413674E-29 7.73755093219561E-30 5.33398432361574E-30 3.67181095495476E-30 2.52136074982119E-30 1.72252608039491E-30 1.17130134969968E-30 7.92104207377564E-31 5.33012509036461E-31 3.56416529522851E-31
6.09230307370814E-23 4.55679768274936E-23 3.79249628654174E-23 3.27445281428063E-23 2.85283288004736E-23 2.4795071899E-23 2.14475894643067E-23 1.84466693062645E-23 1.57764371943473E-23 1.33985391074889E-23 1.12959546264463E-23 9.43938619304935E-24 7.83620182825544E-24 6.46533139838976E-24 5.3055180507282E-24 4.32483310364119E-24 3.50561571634911E-24 2.8212813078771E-24 2.2601206671954E-24 1.80326399621886E-24 1.43502035847423E-24 1.13711635370395E-24 8.97733793441882E-25 7.04610201637803E-25 5.51467452220441E-25 4.3045242794266E-25 3.35476699003835E-25 2.60428091691246E-25 2.01621438303085E-25 1.55261613207289E-25 1.19240174831993E-25 9.1315452341956E-26 7.0053982879849E-26 5.46921839861155E-26 4.74519617086358E-26 0 0 0 0 1.49751597014784E-26 9.16878992092787E-27 6.06862675364111E-27 4.14227052412649E-27 1.90250935717429E-27 1.07199313948938E-27 6.4442481812147E-28 4.18904284967635E-28 2.86883676914177E-28 2.02103258196157E-28 1.43781473046602E-28 1.0234980610036E-28 7.21817409195447E-29 5.06461345695658E-29 3.53637173467223E-29 2.46246337716956E-29 1.70969472186808E-29 1.18427400993604E-29 8.17191108438231E-30 5.61914290687504E-30 3.84568137831004E-30 2.62053644971314E-30 1.77654551586017E-30 1.19843122410816E-30 8.03948169333947E-31
6.09230307370814E-23 4.55679768274936E-23 3.79249628654174E-23 3.27445281428063E-23 2.85283288004736E-23 2.4795071899E-23 2.14475894643067E-23 1.84466693062645E-23 1.57764371943473E-23 1.33985391074889E-23 1.12959546264463E-23 9.43938619304935E-24 7.83620182825544E-24 6.46533139838976E-24 5.3055180507282E-24 4.32483310364119E-24 3.50561571634911E-24 2.8212813078771E-24 2.2601206671954E-24 1.80326399621886E-24 1.43502035847423E-24 1.13711635370395E-24 8.97733793441882E-25 7.04610201637803E-25 5.51467452220441E-25 4.3045242794266E-25 3.35476699003835E-25 2.60428091691246E-25 2.01621438303085E-25 1.55261613207289E-25 1.19240174831993E-25 9.1315452341956E-26 7.0053982879849E-26 5.46921839861155E-26 4.74519617086358E-26 6.41456261280925E-26 5.05947695565991E-26 3.89333313234253E-26 2.94005836047E-26 1.49751597014784E-26 9.16878992092787E-27 6.06862675364111E-27 4.14227052412649E-27 2.72417300085633E-27 1.82761678336189E-27 1.24686280424735E-27 8.66799123033534E-28 6.11743113946195E-28 4.35788471681627E-28 3.11160359530742E-28 2.21892103279778E-28 1.57311608987846E-28 1.10947519417106E-28 7.77937444441352E-29 5.43214990916417E-29 3.77806565929383E-29 2.61862537931713E-29 1.80731841834659E-29 1.24270305507525E-29 8.50741055585085E-30 5.79984693612922E-30 3.93553244202349E-30 2.65790373996516E-30 1.78587749993313E-30
8.9347305805701E-23 7.71589991277209E-23 6.75779854733E-23 5.93845076287796E-23 5.20577705126391E-23 4.53451175909105E-23 3.923372356098E-23 3.37370747206123E-23 2.88522868051644E-23 2.45203672125908E-23 2.06912865599513E-23 1.72981234142317E-23 1.43531034171555E-23 1.18311968132715E-23 9.69556070539755E-24 7.89661471878146E-24 6.397248912402E-24 5.14809970698104E-24 4.12188359599065E-24 3.2878026364697E-24 2.61658254579365E-24 2.07582792659851E-24 1.6413799783192E-24 1.29026920617867E-24 1.01062892029068E-24 7.89287974612843E-25 6.15117916791422E-25 4.7768183948513E-25 3.69914919639301E-25 2.85057538376219E-25 2.18909952528955E-25 1.67623314709675E-25 1.28250893750928E-25 9.8362998826376E-26 7.70450852859372E-26 6.41456261280925E-26 5.05947695565991E-26 3.89333313234253E-26 2.94005836047E-26 2.09652477227873E-26 1.49843762255306E-26 1.06925244726792E-26 7.60196493377659E-27 5.36614524341207E-27 3.78257880622763E-27 2.66543719881081E-27 1.88515186344082E-27 1.34002731836014E-27 9.5630670531569E-28 6.82512148892602E-28 4.86158490021963E-28 3.44467192634887E-28 2.42847130841043E-28 1.70248112228723E-28 1.18809120857846E-28 8.2563586957511E-29 5.71602873725822E-29 3.94061708648487E-29 2.70634635052999E-29 1.85111334284368E-29 1.26095647876503E-29 8.55200515351359E-30 5.77398645929032E-30 3.87963677444221E-30
1.74164071134245E-22 1.55392619128545E-22 1.37981188798958E-22 1.21909165964941E-22 1.07083773725253E-22 9.33577318308056E-23 8.07824839215146E-23 6.94449633510244E-23 5.93692672770223E-23 5.04687020624994E-23 4.26281956391843E-23 3.56692447077915E-23 2.95750813021196E-23 2.43409962723536E-23 1.99139006232794E-23 1.62012290816829E-23 1.31129899259562E-23 1.05497490618534E-23 8.44409423796932E-24 6.7334566223298E-24 5.35692547383562E-24 4.25202891519249E-24 3.3664989841356E-24 2.6509459494242E-24 2.07750993654703E-24 1.62217275539164E-24 1.26332669491421E-24 9.80820462275992E-25 7.59295180464583E-25 5.8534513821184E-25 4.49668878747744E-25 3.44542829422293E-25 2.63677794635227E-25 2.01736896381945E-25 1.54874084622003E-25 1.19627489396921E-25 9.18450137255521E-26 6.99845096415585E-26 5.29614673326331E-26 3.96366439786999E-26 2.94094318796965E-26 2.15575281580033E-26 1.56373781022345E-26 1.12481368462127E-26 8.05042819585374E-27 5.73731382445624E-27 4.08512323295064E-27 2.91063523496049E-27 2.07543437610579E-27 1.47819944910639E-27 1.0502979730262E-27 7.42658868024245E-28 5.22564748629355E-28 3.65722034245281E-28 2.54742715750798E-28 1.76669011598161E-28 1.22036793261931E-28 8.39532705846595E-29 5.75324701438309E-29 3.92778906709342E-29 2.67096543983015E-29 1.80877123317422E-29 1.21946286900331E-29 8.18395182967774E-30
3.63103098462701E-22 3.2532294331136E-22 2.89522202215966E-22 2.56029730912522E-22 2.24955757899412E-22 1.96153709058208E-22 1.69686986750491E-22 1.4577876925432E-22 1.24517179931036E-22 1.05740650307027E-22 8.92556226395612E-23 7.46894596225195E-23 6.18922532669026E-23 5.08896018325008E-23 4.15996900040136E-23 3.38197449646874E-23 2.73544159264143E-23 2.20005554716456E-23 1.7601387963976E-23 1.40261234756394E-23 1.11491881637705E-23 8.84219719286128E-24 6.99759613251191E-24 5.51275518089718E-24 4.31994888603869E-24 3.37158076233391E-24 2.62443915379991E-24 2.03679583626166E-24 1.57608643419827E-24 1.21500755135231E-24 9.33313373601763E-25 7.15056796540353E-25 5.47168738726996E-25 4.1836924110387E-25 3.20022237348E-25 2.44638526949341E-25 1.86385085253125E-25 1.41397042665932E-25 1.0686158335273E-25 8.03112492129717E-26 5.99605211338066E-26 4.43183603927349E-26 3.243325110476E-26 2.35349309771121E-26 1.69747842805558E-26 1.21722164811654E-26 8.69601020915596E-27 6.20061685013051E-27 4.41508191099363E-27 3.13651890349645E-27 2.22159817403525E-27 1.56637748603327E-27 1.09889128440414E-27 7.66983542366305E-28 5.32712041718479E-28 3.68364147761096E-28 2.53686181893309E-28 1.74018353363009E-28 1.18906537627743E-28 8.09595158993879E-29 5.4914421830323E-29 3.7100632483404E-29 2.49577691359609E-29 1.67148748703267E-29
7.68798516668533E-22 6.90032873909949E-22 6.14585899770529E-22 5.43473046630517E-22 4.77190306922667E-22 4.15867606806721E-22 3.59708713159896E-22 3.08898730470178E-22 2.63510034480969E-22 2.23316355296865E-22 1.87984832829781E-22 1.57039466552136E-22 1.30127260441173E-22 1.07020313273982E-22 8.74550266676211E-23 7.1048430353862E-23 5.74060232480527E-23 4.6134856617806E-23 3.68955432985402E-23 2.93834997184066E-23 2.33256965234518E-23 1.84636368944439E-23 1.45745376303784E-23 1.14635077355706E-23 8.9803671611756E-24 7.00826839874979E-24 5.45194715437311E-24 4.22754396084617E-24 3.26761759723726E-24 2.5169428864647E-24 1.93250481025542E-24 1.47970436033332E-24 1.13091696736672E-24 8.63086829619814E-25 6.58015008454395E-25 5.00885304744809E-25 3.80327276313814E-25 2.87818346926914E-25 2.17080330184825E-25 1.62998752142268E-25 1.21724123912701E-25 9.0206043233551E-26 6.63157958264551E-26 4.83648794320143E-26 3.50305020757224E-26 2.52033130314367E-26 1.80375003036347E-26 1.2861011759078E-26 9.14062715533702E-27 6.47448153129136E-27 4.56834551827343E-27 3.2092091147778E-27 2.24346356398788E-27 1.56083874330856E-27 1.08069683151697E-27 7.44892509625737E-28 5.11222792702101E-28 3.49499228765845E-28 2.38025107291415E-28 1.61560051197287E-28 1.09262136300459E-28 7.36123899391162E-29 4.93866310468127E-29 3.29915881958377E-29
1.65113738109739E-21 1.48279953125983E-21 1.32091544953159E-21 1.167731236439E-21 1.02462344291432E-21 8.92260649150889E-22 7.71202527942933E-22 6.61646531437112E-22 5.6360228166479E-22 4.76691858074374E-22 4.00350126538476E-22 3.33808116644586E-22 2.76303991478771E-22 2.27091417126376E-22 1.85429798179398E-22 1.5049225667946E-22 1.21450096427371E-22 9.74876220274474E-23 7.7877748809332E-23 6.19456725693492E-23 4.90930507006656E-23 3.87774874645051E-23 3.0534101919695E-23 2.39628169535648E-23 1.8742273529452E-23 1.46086612947816E-23 1.1349233193082E-23 8.78659890650463E-24 6.7794226031557E-24 5.2125831847831E-24 3.99529641693968E-24 3.05364215038721E-24 2.32870166922332E-24 1.77236197263372E-24 1.34669209128629E-24 1.02119641697417E-24 7.72642628862616E-25 5.82911375384192E-25 4.38417889855715E-25 3.28420659708107E-25 2.44862908263898E-25 1.81398870725092E-25 1.33467284519724E-25 9.74871941830691E-26 7.07045350387543E-26 5.09143864201677E-26 3.64343111057668E-26 2.59455810158364E-26 1.83963795821046E-26 1.29883137809555E-26 9.12909968790819E-27 6.38736320317764E-27 4.44754099985608E-27 3.08256262995378E-27 2.12649581979553E-27 1.46037837681479E-27 9.98521627947397E-28 6.80100014077688E-28 4.61485039795006E-28 3.12130010114434E-28 2.10385795814177E-28 1.41289907622866E-28 9.4503293711486E-29 6.29470529467034E-29
3.58321277673752E-21 3.21737434426202E-21 2.86519153339696E-21 2.53148877043307E-21 2.21944030746742E-21 1.93077272052533E-21 1.66675669030074E-21 1.42792933247124E-21 1.21428496986904E-21 1.02508129319591E-21 8.59171387597563E-22 7.1499022962051E-22 5.90826266005059E-22 4.84888348107436E-22 3.95378345479092E-22 3.20427275011697E-22 2.58203662081542E-22 2.06930435556639E-22 1.65022648329534E-22 1.31018738405809E-22 1.03615939743494E-22 8.16506825323935E-23 6.41275759898714E-23 5.01949581102393E-23 3.91633964354082E-23 3.04568132746681E-23 2.36071571911952E-23 1.82323878883976E-23 1.40310958969806E-23 1.07588522396353E-23 8.22273282548843E-24 6.26592001581933E-24 4.76280937790945E-24 3.61201892116224E-24 2.73373436499528E-24 2.06422554609061E-24 1.55509949791745E-24 1.16842914899024E-24 8.75322929113572E-25 6.53287316502168E-25 4.85461238180952E-25 3.58725398203492E-25 2.63438901978564E-25 1.92168764748416E-25 1.39215911227104E-25 1.00137436484027E-25 7.15532454365018E-26 5.08460207988162E-26 3.59470831229095E-26 2.52911096773799E-26 1.77069852633487E-26 1.23388917141909E-26 8.55678332890131E-27 5.90715913162433E-27 4.05911670171583E-27 2.77682966911549E-27 1.89129271050373E-27 1.28322347994635E-27 8.67428766649752E-28 5.84513091395209E-28 3.92560072471845E-28 2.62721856320271E-28 1.75143598849055E-28 1.16291726213667E-28
7.83837561306762E-21 7.03358421122567E-21 6.25888906925905E-21 5.52472215360482E-21 4.83824803661885E-21 4.20346930905509E-21 3.6230586829465E-21 3.09853178565512E-21 2.62996115933677E-21 2.21572778645728E-21 1.85322160568443E-21 1.53902099862045E-21 1.26916975376368E-21 1.03955965827373E-21 8.46043189223206E-22 6.84364047439068E-22 5.50397736672183E-22 4.40205894341319E-22 3.50281135276572E-22 2.77439907115953E-22 2.18847227042074E-22 1.71979199040187E-22 1.34676195815223E-22 1.05095333810714E-22 8.17463152093222E-23 6.33762133103197E-23 4.89662826981209E-23 3.76918562476598E-23 2.89052728661617E-23 2.20832170142168E-23 1.6812886064282E-23 1.27604483951519E-23 9.65850660300228E-24 7.29255354057654E-24 5.49396587690832E-24 4.12855446061754E-24 3.09494721091803E-24 2.31390687350452E-24 1.72484239329937E-24 1.28099243143367E-24 9.47391469324485E-25 6.97089327725433E-25 5.09912986974542E-25 3.70668080760649E-25 2.67674636326392E-25 1.91987133889151E-25 1.36782589989547E-25 9.68977389981217E-26 6.82717058674768E-26 4.78556159108035E-26 3.33730559762155E-26 2.3161378747351E-26 1.5996216720601E-26 1.09984602357794E-26 7.52757462409242E-27 5.12932172922976E-27 3.47991795956381E-27 2.35189639669286E-27 1.58364612764695E-27 1.06301681510525E-27 7.1124410143076E-28 4.74267585144841E-28 3.15062422174227E-28 2.08490200114288E-28
1.72229420874476E-20 1.54409463692071E-20 1.37252312723529E-20 1.2099423497096E-20 1.0579561143513E-20 9.17592058177374E-21 7.89455484550945E-21 6.738412343779E-21 5.70724742288523E-21 4.79762715207699E-21 4.00350601590032E-21 3.31714455628287E-21 2.72932878905491E-21 2.23050472206457E-21 1.81113359708433E-21 1.46163037082978E-21 1.17270087736459E-21 9.35593645066478E-22 7.42504482342639E-22 5.8642218962176E-22 4.61151530068452E-22 3.61213285262356E-22 2.81906586969248E-22 2.19215492629554E-22 1.69887830654896E-22 1.31204083544665E-22 1.00964170886653E-22 7.73919288613705E-23 5.90925423872611E-23 4.49429230333335E-23 3.40562079828169E-23 2.57212067589015E-23 1.93701653683904E-23 1.45495636975885E-23 1.09030461553198E-23 8.14893051065676E-24 6.07469927061043E-24 4.51579580486803E-24 3.34652349715649E-24 2.47068039621161E-24 1.81625149360409E-24 1.32881854318191E-24 9.66856264946205E-25 6.99393989526553E-25 5.02741699932687E-25 3.59103995820206E-25 2.54871699247129E-25 1.79886569269849E-25 1.26271823819054E-25 8.8173913093451E-26 6.12474199019837E-26 4.23358174344048E-26 2.91200898856918E-26 1.99413079443712E-26 1.35942874805854E-26 9.22715122501217E-27 6.23574560902626E-27 4.19795728692199E-27 2.81560050111667E-27 1.88249287962734E-27 1.25458505095095E-27 8.33349292618779E-28 5.51531437325646E-28 3.6365099331069E-28
3.79547244802683E-20 3.3986059616321E-20 3.01675351025524E-20 2.65512807994068E-20 2.31737230383077E-20 2.00591069936073E-20 1.72212107565963E-20 1.46659715662997E-20 1.23918859139716E-20 1.03908165127805E-20 8.64854754623921E-21 7.14727169033747E-21 5.86549488625947E-21 4.78102338182133E-21 3.87189122312623E-21 3.116267000879E-21 2.49325551742032E-21 1.98331776821495E-21 1.56905614589538E-21 1.23503802893341E-21 9.6768590770138E-22 7.55048054900449E-22 5.86897539074821E-22 4.54505263531437E-22 3.50715616702934E-22 2.69624094536649E-22 2.06489936712723E-22 1.57494757559918E-22 1.19637191213893E-22 9.05143726166163E-23 6.82174983321334E-23 5.1234191833336E-23 3.83626205944918E-23 2.86472750855453E-23 2.13399690598492E-23 1.58540479776474E-23 1.17460559246918E-23 8.67690057416765E-24 6.38879553290729E-24 4.68588459502367E-24 3.42179403379035E-24 2.4872927982377E-24 1.79853560353726E-24 1.29339244409032E-24 9.24641991461165E-25 6.57173780692709E-25 4.6427818139689E-25 3.26256974769862E-25 2.28063909803833E-25 1.58605868887712E-25 1.09724887005892E-25 7.55372846305273E-26 5.17478696600177E-26 3.52925395827668E-26 2.39636422782794E-26 1.62014486672936E-26 1.09059527928557E-26 7.31257227938147E-27 4.88476795836385E-27 3.25241835993331E-27 2.15860601436554E-27 1.42796028579358E-27 9.41250140049789E-28 6.18167136379783E-28
8.36970420536114E-20 7.48346718471574E-20 6.63150783152994E-20 5.82546016955626E-20 5.0735783167319E-20 4.38153827120868E-20 3.75240909749864E-20 3.1873882876076E-20 2.68587202140892E-20 2.2458325802451E-20 1.8638711099665E-20 1.53584218190753E-20 1.25674446498545E-20 1.02140652528559E-20 8.24734499720172E-21 6.61742664894729E-21 5.27725320613856E-21 4.18358015150731E-21 3.29779151426002E-21 2.58571505842574E-21 2.01747118001669E-21 1.56704815739584E-21 1.21222314324766E-21 9.34220086732653E-22 7.17327699028565E-22 5.48610327950632E-22 4.17842156509797E-22 3.16884484747657E-22 2.39305862556135E-22 1.79986790379756E-22 1.34846546162766E-22 1.00663642553845E-22 7.49035219068782E-23 5.55762606110965E-23 4.11276441733775E-23 3.03538322646989E-23 2.23403263811926E-23 1.63921287462273E-23 1.19858148640443E-23 8.72926039193043E-24 6.32933337843127E-24 4.56900624001176E-24 3.28190773961818E-24 2.34528696579386E-24 1.66668837077262E-24 1.17811366454967E-24 8.28179218474574E-25 5.79254074787979E-25 4.03088177798505E-25 2.79104986269359E-25 1.92278740052829E-25 1.31827793477865E-25 8.99500202407104E-26 6.10984137250178E-26 4.1315886082067E-26 2.78185154785966E-26 1.8649870598284E-26 1.24532848366765E-26 8.28387551622751E-27 5.49169283536004E-27 3.62852944194755E-27 2.38958859545629E-27 1.56818249102206E-27 1.02546975165325E-27
1.84388635153139E-19 1.64558124410219E-19 1.45525986820601E-19 1.27548665163442E-19 1.10812765094395E-19 9.54460738920724E-20 8.15155553303309E-20 6.90421465560068E-20 5.8005068978651E-20 4.83516534904444E-20 4.00003011895367E-20 3.28535608159952E-20 2.67964593638529E-20 2.17080837871021E-20 1.74702852691387E-20 1.39693108785692E-20 1.10997476545313E-20 8.76558457726335E-21 6.88143866067357E-21 5.37196353554899E-21 4.17152396862863E-21 3.22360079818453E-21 2.48019439232654E-21 1.90090271589631E-21 1.45130153548978E-21 1.10338663920984E-21 8.35218412723113E-22 6.29460507411066E-22 4.72352225116358E-22 3.53008584689747E-22 2.62784437984519E-22 1.94898272430292E-22 1.44056910847299E-22 1.06155795185848E-22 7.80083384070733E-23 5.71689645805325E-23 4.17774639027075E-23 3.04334593308889E-23 2.20895717795356E-23 1.59695693421906E-23 1.14943154155148E-23 8.23785554307004E-24 5.87635455279079E-24 4.17163258239769E-24 2.94621822999429E-24 2.07054805649782E-24 1.44778374503793E-24 1.00753589117128E-24 6.97771683284169E-25 4.80931119043051E-25 3.29864472732138E-25 2.2519150205624E-25 1.53010979583245E-25 1.0349775315149E-25 6.96918893963359E-26 4.6724037079269E-26 3.11900210887821E-26 2.07361992973195E-26 1.37322502762961E-26 9.06188600310823E-27 5.95927144462804E-27 3.9057182011395E-27 2.55092570049959E-27 1.66025889223536E-27
4.05056549093644E-19 3.60675275948897E-19 3.18177715671522E-19 2.78129662482009E-19 2.40947647684597E-19 2.06913313055136E-19 1.76167570258314E-19 1.48736029996618E-19 1.24549910848158E-19 1.03471079928507E-19 8.53025973533577E-20 6.98127008318964E-20 5.67377995880639E-20 4.57983837084821E-20 3.67212572779277E-20 2.92489003584404E-20 2.31461620518184E-20 1.82004468635627E-20 1.42232983133109E-20 1.10493628558352E-20 8.53496152241187E-21 6.55788543643607E-21 5.0149512692399E-21 3.81995814726301E-21 2.8977844839987E-21 2.18853720868294E-21 1.64554496193529E-21 1.23191512708845E-21 9.18307194783187E-22 6.81734441125403E-22 5.04084791266676E-22 3.71311200969116E-22 2.72529305947382E-22 1.99385246602978E-22 1.45433879467827E-22 1.05790342437853E-22 7.67239531521844E-23 5.54626480144001E-23 3.99470128808513E-23 2.86612050872067E-23 2.04768177811571E-23 1.45691755579894E-23 1.03201531406851E-23 7.27735351330378E-24 5.10733947336438E-24 3.56819516025545E-24 2.48129425508517E-24 1.71769814143141E-24 1.1836485751163E-24 8.11910139780135E-25 5.54314174329765E-25 3.76702812906118E-25 2.54810620387614E-25 1.7158520938242E-25 1.15023579072415E-25 7.67680036201635E-26 5.10122735078979E-26 3.37573509133037E-26 2.22493687054625E-26 1.46106323538874E-26 9.56024058805773E-27 6.23392125845134E-27 4.05069841649796E-27 2.62288657869792E-27
8.8528773283407E-19 7.86141472421452E-19 6.91488743835685E-19 6.02586340257415E-19 5.20342240389948E-19 4.45341070453397E-19 3.77863436676603E-19 3.17904086417927E-19 2.65252762158561E-19 2.19552443977885E-19 1.80322388004259E-19 1.47007901140198E-19 1.19009990293161E-19 9.56823477680297E-20 7.64019837628289E-20 6.05935550609795E-20 4.77361081872084E-20 3.73599694535113E-20 2.9051190885622E-20 2.24490315310562E-20 1.72412279888394E-20 1.31651072316699E-20 1.000076005745E-20 7.56614107941791E-21 5.69926568143085E-21 4.27374541702672E-21 3.19072728550617E-21 2.37210355264585E-21 1.75597345269828E-21 1.29460673587698E-21 9.50590892907698E-22 6.95266619451244E-22 5.06605855713526E-22 3.67869842830656E-22 2.66248852128177E-22 1.92162363210057E-22 1.38252786056897E-22 9.91377829803261E-23 7.08337832326697E-23 5.04277110496567E-23 3.5755102040423E-23 2.52520020980361E-23 1.77612823673146E-23 1.24400815171437E-23 8.67520682024679E-24 6.02453873862269E-24 4.16601458012944E-24 2.8682204673809E-24 1.96623039806941E-24 1.34198509593622E-24 9.1178128356297E-25 6.16635019113128E-25 4.15110910227566E-25 2.78182162005998E-25 1.85585541907486E-25 1.23262619733202E-25 8.15098204402811E-26 5.36717980148302E-26 3.51974220891273E-26 2.2993436755567E-26 1.49660751219527E-26 9.70653273785893E-27 6.27298453557991E-27 4.03956249401568E-27
