NongDo/Fusa 16.4h.grd
DSAA
463	323
2	464
2	324
0	10
[rows 252 to 279 of 323, columns 0 to 63 of 463]
0 0 0 0 0 0 0 0 0 0 0 0 0 0 0 0 0 0 0 0 0 0 0 0 0 0 0 0 0 0 0 0 0 0 0 0 0 0 4.06842347015183E-03 4.08043944209426E-03 4.0867558298932E-03 4.09164115023873E-03 4.09691489676199E-03 4.10302022662598E-03 4.11015108433731E-03 4.11840763170182E-03 4.12790583892522E-03 4.13871956657843E-03 4.15095079072405E-03 4.16468338415022E-03 4.18000516925738E-03 4.19699772921607E-03 4.21571399822122E-03 4.23619901478963E-03 4.2584582083381E-03 4.28250391932625E-03 4.30829418120614E-03 4.33578511671867E-03 4.36489405579102E-03 4.39555751573361E-03 4.42765844935977E-03 0.004461038817903 4.49552187584218E-03 4.53091798097227E-03
0 0 0 0 0 0 0 0 0 0 0 0 0 0 0 0 0 0 0 0 0 0 0 0 0 0 0 0 0 0 0 0 0 0 0 0 0 4.05802678629899E-03 4.06842347015183E-03 4.07375279937478E-03 4.07925257232483E-03 4.08477310014798E-03 4.09083395291049E-03 4.09773137225417E-03 4.10567344008396E-03 4.11478600713274E-03 4.12519806632402E-03 4.13699761621693E-03 4.15029459035282E-03 0.004165185031856 4.18175990729593E-03 4.20010011044454E-03 4.22025269971819E-03 4.2422540973509E-03 4.26609748916194E-03 4.29177783298175E-03 4.31923579601949E-03 4.34840559389891E-03 4.37918156705972E-03 4.41147225129194E-03 4.44513801010957E-03 4.47999835710126E-03 4.51585635754486E-03 4.55250500682255E-03
0 0 0 0 0 0 0 0 0 0 0 0 0 0 0 0 0 0 0 0 0 0 0 0 0 0 0 0 0 0 0 0 0 0 0 0 4.04919509333668E-03 4.05802678629899E-03 4.06266479253985E-03 4.06756612493846E-03 4.07291431286406E-03 4.07880130561349E-03 4.08546464505264E-03 4.0930774548623E-03 4.10181262834586E-03 4.11179514043683E-03 4.12315633791336E-03 4.13599183092331E-03 4.15041622651675E-03 4.16653417441813E-03 4.18443735511767E-03 4.20420344054125E-03 4.22587082414876E-03 4.24946377943332E-03 4.27495899895236E-03 4.30233418191497E-03 4.33150834082957E-03 4.36238982482401E-03 4.39484675368715E-03 4.42876076074732E-03 4.46396641003946E-03 4.50026089409731E-03 4.5374283946315E-03 4.57524673370396E-03
0 0 0 0 0 0 0 0 0 0 0 0 0 0 0 0 0 0 0 0 0 0 0 0 0 0 0 0 0 0 0 0 0 0 0 4.04459985010791E-03 4.04919509333668E-03 4.05286539104919E-03 4.05694611460623E-03 4.06163906482792E-03 4.06707576193089E-03 4.07334381266617E-03 4.08058764778403E-03 4.08891289024542E-03 4.09846427548436E-03 4.10936159602602E-03 4.12173261402403E-03 4.13567736688484E-03 4.15131050413968E-03 4.16874489954556E-03 4.18806769770281E-03 4.20935117373932E-03 4.23262117692733E-03 4.25788744480823E-03 4.28510462576602E-03 4.3142327823962E-03 4.34516478656445E-03 4.37777853569577E-03 4.41191525241959E-03 4.44742942264572E-03 4.48413243708215E-03 4.52179748180199E-03 4.56019216959532E-03 4.59908159572136E-03
0 0 0 0 0 0 0 0 0 0 0 0 0 0 0 0 0 0 0 0 0 0 0 0 0 0 0 0 0 0 0 0 0 0 0 4.04459985010791E-03 4.04494658390373E-03 4.0473174322509E-03 4.05097985281865E-03 4.05566875447158E-03 4.06136913965293E-03 4.06811186222524E-03 4.0759944660893E-03 4.08509303734461E-03 4.09552997183057E-03 4.10742087342274E-03 4.12088959499433E-03 4.13604054124335E-03 0.004152986898605 4.17184375304913E-03 4.1926919487694E-03 4.21559415160988E-03 4.24056087888276E-03 4.26758381872572E-03 4.29659539693282E-03 4.32752878100297E-03 4.36024643865875E-03 4.39459704081468E-03 4.4303963495909E-03 4.46747168973047E-03 4.50560914356463E-03 4.54456189835455E-03 4.58408389543757E-03 4.62393189496156E-03
0 0 0 0 0 0 0 0 0 0 0 0 0 0 0 0 0 0 0 0 0 0 0 0 0 0 0 0 0 0 0 0 0 0 4.02882999098839E-03 4.0373290204782E-03 4.03831709091042E-03 4.04073438765195E-03 4.04448560092769E-03 4.04944730896256E-03 4.05559681776409E-03 4.06294370567176E-03 4.07156119254713E-03 4.08152713279317E-03 4.09294845156937E-03 4.10594023617224E-03 4.12061756530104E-03 4.13709408483823E-03 4.15547626257046E-03 4.17587834340113E-03 4.19837087774306E-03 4.22300354154301E-03 4.24976695638986E-03 4.2786308781806E-03 0.004309503348721 4.34227930993312E-03 4.37679435510043E-03 4.41286701869606E-03 4.45028983318984E-03 4.48886062712741E-03 4.52834783629369E-03 4.56848639451612E-03 4.60901936170796E-03 4.64969954641554E-03
0 0 0 0 0 0 0 0 0 0 0 0 0 0 0 0 0 0 0 0 0 0 0 0 0 0 0 0 0 0 0 0 0 0 4.02882999098839E-03 4.02925199424932E-03 4.03053199508759E-03 4.03325508195125E-03 4.03738769704045E-03 4.04285012533377E-03 4.04962598755634E-03 4.05772176313609E-03 4.06720389976028E-03 4.07815939421396E-03 4.09069113545321E-03 4.10491409622717E-03 4.12093604729539E-03 4.13887500092617E-03 4.1588308023992E-03 4.18091236903687E-03 4.20517684722978E-03 4.23165580835193E-03 4.26031512915111E-03 4.29109749229175E-03 4.32388045416045E-03 4.35852182013786E-03 4.39482680348976E-03 4.43258582071577E-03 4.47156878978614E-03 4.51155059049565E-03 4.55228362787845E-03 4.59348835057222E-03 4.63490154592045E-03 4.67627853521616E-03
0 0 0 0 0 0 0 0 0 0 0 0 0 0 0 0 0 0 0 0 0 0 0 0 0 0 0 0 0 0 0 0 0 0 4.0200077604774E-03 4.02009561070788E-03 4.02173388492368E-03 4.02495985088631E-03 4.02968670298016E-03 4.0358383125658E-03 4.04340386969117E-03 4.05239617667276E-03 4.06288698706326E-03 4.07497662932465E-03 4.08876552577341E-03 4.10437257990422E-03 4.12189275375478E-03 4.14144861550595E-03 4.16312726563242E-03 4.18703201200093E-03 4.21320129003559E-03 4.24164233774002E-03 4.27228958896942E-03 4.30505307945313E-03 4.33977804484047E-03 4.3762850363051E-03 4.41434982143502E-03 4.45373406503535E-03 4.49418947818318E-03 4.53547265572084E-03 4.57732899014057E-03 4.61946415677191E-03 4.66161516773017E-03 4.70354789318775E-03
0 0 0 0 0 0 0 0 0 0 0 0 0 0 0 0 0 0 0 0 0 0 0 0 0 0 0 0 0 0 0 0 0 0 4.00953180235426E-03 4.00969862822363E-03 4.01191201680153E-03 4.01585194708112E-03 4.02137237399526E-03 4.02839584727885E-03 4.03691941356312E-03 4.04696794242942E-03 4.05862300396401E-03 4.07200797720196E-03 4.08721959073225E-03 4.10437869810253E-03 4.12356545496736E-03 4.14490409766792E-03 4.16846099458534E-03 4.19433693203259E-03 4.22254341305975E-03 4.25305375465582E-03 4.28576493695198E-03 4.32055254813352E-03 4.35722769335219E-03 4.39557545203684E-03 4.43534331650816E-03 4.47626791361625E-03 4.51808582883325E-03 4.56054277571349E-03 4.60338330849272E-03 4.64629908984959E-03 4.68903809167891E-03 4.73138639293079E-03
0 0 0 0 0 0 0 0 0 0 0 0 0 0 0 0 0 0 0 0 0 0 0 0 0 0 0 0 0 0 0 0 0 3.98211061915891E-03 3.99627458683474E-03 3.9977912710865E-03 4.00106863187927E-03 4.00598226334498E-03 4.01249653611083E-03 4.02056813297089E-03 4.03021823837979E-03 4.04148968107822E-03 4.05447135821244E-03 4.0693269508167E-03 4.08613658645373E-03 4.10502987093811E-03 4.12605795013428E-03 0.004149358008943 4.17495185082234E-03 4.20294953312872E-03 4.23331653575594E-03 4.26598545875131E-03 4.30081322915407E-03 4.33764018750071E-03 4.37624523124042E-03 4.41637710078089E-03 4.45776340131478E-03 4.50011779965737E-03 4.54316934883847E-03 4.58665117267869E-03 4.63032375369512E-03 4.6738602717647E-03 4.71703901177812E-03 4.75967309965977E-03
0 0 0 0 0 0 0 0 0 0 0 0 0 0 0 0 0 0 0 0 0 0 0 0 0 0 0 0 0 0 0 0 0 3.98211061915891E-03 3.98280495997534E-03 0.003985034743333 3.98938842831184E-03 3.99547117250969E-03 4.00315785861064E-03 4.01244254900725E-03 4.02338489493129E-03 4.03605382555572E-03 4.0505471565203E-03 4.06705029900424E-03 4.08564170355166E-03 4.10644808256442E-03 4.12950247174315E-03 4.15493495304825E-03 4.18273994064507E-03 4.2129963794321E-03 4.24562221814899E-03 4.28050874303687E-03 4.31747721038923E-03 4.35632862285029E-03 4.39680983539804E-03 4.43864021174562E-03 4.48153124424618E-03 4.52518607786795E-03 4.56932960730457E-03 4.61368765742024E-03 4.65801463268467E-03 4.70201264973651E-03 4.74549809634181E-03 4.78830380306184E-03
0 0 0 0 0 0 0 0 0 0 0 0 0 0 0 0 0 0 0 0 0 0 0 0 0 0 0 0 0 0 0 0 0 3.96820729358453E-03 3.96850188914727E-03 3.97172931249387E-03 3.97726752716667E-03 3.98458353920343E-03 3.99355103711507E-03 4.00417770183361E-03 4.01655920086035E-03 4.03078781787516E-03 4.0469845915999E-03 4.06532493388389E-03 4.08589154222342E-03 4.10879809329347E-03 4.13406547924188E-03 4.16179494818756E-03 4.1919696588867E-03 4.22458649022914E-03 4.2595390734603E-03 4.29666909293906E-03 4.33577091996022E-03 4.37659444791926E-03 4.41886702871927E-03 4.46227981290531E-03 4.50653678899909E-03 4.55133876519377E-03 4.59641199481962E-03 4.64148256840303E-03 4.68629927892298E-03 4.73064138430518E-03 4.77432560498487E-03 4.81720676189458E-03
0 0 0 0 0 0 0 0 0 0 0 0 0 0 0 0 0 0 0 0 0 0 0 0 0 0 0 0 0 0 0 0 3.92228452980927E-03 3.94975921037991E-03 3.95283945080372E-03 3.95790991716103E-03 3.96488786064575E-03 3.97355310723414E-03 3.98389808303924E-03 3.99598714372854E-03 4.00994993809557E-03 4.02590334432828E-03 4.0439774026839E-03 4.06433957555754E-03 4.08706467422977E-03 4.11225028838752E-03 4.13989498421828E-03 4.17006855042699E-03 4.20271837711888E-03 4.23777537189118E-03 4.27509197274283E-03 4.31446677340229E-03 4.35565980253563E-03 4.39838125155494E-03 4.44233721308496E-03 4.48720165391778E-03 4.53267627329124E-03 4.57846630491739E-03 4.62430707461193E-03 4.66993455301107E-03 4.71511934485746E-03 4.75968866492048E-03 4.80346781018449E-03 4.8463235992862E-03
0 0 0 0 0 0 0 0 0 0 0 0 0 0 0 0 0 0 0 0 0 0 0 0 0 0 0 0 0 0 0 3.91210831723961E-03 3.92228452980927E-03 3.93123986753846E-03 3.93743149327265E-03 3.94428239843137E-03 3.95266730139525E-03 3.96269089812043E-03 3.97447376370681E-03 3.98812693796935E-03 4.00380262605404E-03 4.02163094143349E-03 4.04174350018162E-03 4.06429665766762E-03 4.08934894923501E-03 4.11697079758745E-03 4.14712989273474E-03 4.17985393328076E-03 4.21504915440236E-03 4.2525880355724E-03 4.29227566420757E-03 4.33386442164088E-03 4.37708129456911E-03 4.42160473010123E-03 4.46712348476885E-03 4.51330274381976E-03 4.55984650301781E-03 4.60647291017653E-03 4.65293568268837E-03 4.69899162879407E-03 4.7444330346639E-03 4.78911513838048E-03 4.83288099555834E-03 4.87560520271573E-03
0 0 0 0 0 0 0 0 0 0 0 0 0 0 0 0 0 0 0 0 0 0 0 0 0 0 0 0 0 0 0 3.91210831723961E-03 3.91274775135682E-03 3.91727098155373E-03 3.92343751333768E-03 3.93123022601194E-03 3.94082590582371E-03 3.95221121445475E-03 0.003965503357136 3.98083275163741E-03 0.00399835628681 4.01820626229234E-03 4.04050393454868E-03 4.06539741559402E-03 4.09291971029307E-03 4.12310522964022E-03 4.15588127669498E-03 4.19123187209331E-03 4.22901324483346E-03 4.26904351716546E-03 4.31107704148482E-03 4.35482162548901E-03 4.3999720661562E-03 4.4461826567197E-03 4.49313306659963E-03 4.54048273354582E-03 4.58794587296301E-03 4.63526106819174E-03 4.68220696473043E-03 4.72856400270662E-03 4.77414990007875E-03 4.81883849094338E-03 4.86248614530612E-03 4.90497320461502E-03
0 0 0 0 0 0 0 0 0 0 0 0 0 0 0 0 0 0 0 0 0 0 0 0 0 0 0 0 0 0 0 3.89929570449773E-03 3.89957708731306E-03 3.90345401326211E-03 3.90996027075365E-03 3.91867149721109E-03 3.92948622277227E-03 3.94229308990063E-03 3.95719417570372E-03 3.97432470333157E-03 3.99383330913045E-03 4.01584718562147E-03 4.04046649253276E-03 4.06783356354578E-03 4.09794622117429E-03 4.1307929404683E-03 4.16625653356686E-03 4.20427245634178E-03 4.24464872982982E-03 4.28714343979085E-03 4.33146578955676E-03 4.37727841472456E-03 4.42425151168611E-03 4.47201799993538E-03 4.52025936900244E-03 4.56863013979854E-03 4.61686512333347E-03 4.66472891152777E-03 4.7120286293303E-03 4.75856953726612E-03 4.80419069811939E-03 4.84878082404484E-03 4.89220670211597E-03 4.93434995556519E-03
0 0 0 0 0 0 0 0 0 0 0 0 0 0 0 0 0 0 0 0 0 0 0 0 0 0 0 0 0 0 3.86438684525805E-03 3.8821030819784E-03 3.88425321477585E-03 3.88910857086282E-03 3.89658630104948E-03 3.90646665089557E-03 3.9186634624395E-03 3.93305306882408E-03 3.94971643133291E-03 3.96879508358527E-03 3.99043100240168E-03 4.01474793279104E-03 4.04182371471848E-03 4.07177692995129E-03 4.10456808936138E-03 4.14014080915604E-03 4.17833260449059E-03 4.21902524584667E-03 4.26197170024878E-03 4.30687500532634E-03 4.35339872836177E-03 4.40116920147488E-03 4.44983444807141E-03 4.49901472279475E-03 4.54839177168435E-03 4.59763273074493E-03 4.64649863870375E-03 4.69477851238518E-03 4.74230533927491E-03 4.7889117218869E-03 4.83446269624179E-03 4.87885296156271E-03 4.92195259791477E-03 4.96364553010031E-03
0 0 0 0 0 0 0 0 0 0 0 0 0 0 0 0 0 0 0 0 0 0 0 0 0 0 0 0 0 0 3.86438684525805E-03 3.8653524369263E-03 3.86855158342122E-03 3.8746490003294E-03 3.8834383204156E-03 3.89474712547871E-03 3.9085108433426E-03 3.92465013034298E-03 3.94324277205033E-03 3.96442908892353E-03 3.98833525331495E-03 4.0150890204063E-03 4.04474562484845E-03 4.07737801792246E-03 4.11291374451837E-03 4.15124892699325E-03 4.19217847758302E-03 4.23551738275795E-03 4.28097514417482E-03 4.32819571157913E-03 4.37680439894547E-03 4.42639625304953E-03 4.47660535705842E-03 4.52704628017247E-03 4.57740523610478E-03 4.62737799348752E-03 4.67674387116114E-03 4.72531610053923E-03 4.77295327230765E-03 4.81951814089384E-03 4.86489616844453E-03 4.90898071552968E-03 4.95164765197434E-03 4.99278210933186E-03
0 0 0 0 0 0 0 0 0 0 0 0 0 0 0 0 0 0 0 0 0 0 0 0 0 0 0 0 0 3.82577347959403E-03 3.84546990521564E-03 3.84772920158161E-03 3.85261582904354E-03 3.86026162840688E-03 3.87062836879781E-03 3.88360095903219E-03 3.89915071653402E-03 3.91723724151864E-03 3.93794045544962E-03 0.003961398407124 3.98772197384579E-03 4.01703586357516E-03 4.04936982312258E-03 4.08475375965387E-03 4.12307427839381E-03 4.16418169323375E-03 4.20782307491619E-03 4.25375484106482E-03 4.30163540615865E-03 4.35105890609681E-03 4.40161449289321E-03 4.45287650560065E-03 4.50447115219453E-03 4.55601665610443E-03 4.60721220056584E-03 4.65777974899651E-03 4.70751939914531E-03 4.75626557585784E-03 4.80390013475017E-03 4.85031398750502E-03 4.89541154063446E-03 4.9390842466078E-03 4.98120919205076E-03 5.02167425811475E-03
0 0 0 0 0 0 0 0 0 0 0 0 0 0 0 0 0 0 0 0 0 0 0 0 0 0 0 0 0 3.82577347959403E-03 3.82682418446159E-03 3.83033003755666E-03 3.83684824281666E-03 3.84620869492366E-03 3.85835538734318E-03 3.87320170061521E-03 3.89074808776498E-03 3.91097716607926E-03 3.93397102410257E-03 3.95986339362337E-03 3.98874381822644E-03 4.02072928352671E-03 4.05582042243322E-03 4.0940056012574E-03 4.13512954180611E-03 4.17899070490432E-03 4.22528874005953E-03 4.27372351915745E-03 4.32391168844597E-03 4.37539802024798E-03 4.42774283629867E-03 4.4805107496387E-03 4.53332937988782E-03 4.58582910478943E-03 4.63772179565518E-03 4.68875611316387E-03 4.73874973524776E-03 4.78755723327753E-03 4.83507875932882E-03 4.88123364091696E-03 4.92594280807509E-03 4.96909304255251E-03 5.01056132749625E-03 5.05024086211894E-03
0 0 0 0 0 0 0 0 0 0 0 0 0 0 0 0 0 0 0 0 0 0 0 0 0 0 0 0 3.78465283035984E-03 3.80550609873014E-03 3.80785929353619E-03 3.81310929194608E-03 3.82142449305973E-03 3.83267233905322E-03 3.84679597455591E-03 3.86372133342821E-03 3.88347053421588E-03 3.90603722192359E-03 3.93149533318532E-03 3.95997374664028E-03 3.99153546154177E-03 4.02628750119555E-03 4.0641953766498E-03 4.10521101446423E-03 4.1491330206065E-03 4.19570512193169E-03 4.24457858076099E-03 4.29540549481308E-03 4.3477645445329E-03 4.40115346886333E-03 4.45511541582611E-03 4.50921948528962E-03 4.56310168348458E-03 4.61640757290726E-03 4.6688628712397E-03 4.72024136328339E-03 4.7703758255341E-03 4.81913534819763E-03 4.8664336614907E-03 4.91221780739424E-03 4.95642569836035E-03 4.99893374053875E-03 5.03962136554422E-03 5.07839375447978E-03
0 0 0 0 0 0 0 0 0 0 0 0 0 0 0 0 0 0 0 0 0 0 0 0 0 0 0 0 3.78465283035984E-03 3.78567537770668E-03 3.78925035822943E-03 3.79629835470375E-03 3.80659204180354E-03 3.81991064200096E-03 3.83619774534564E-03 3.85538641959438E-03 3.87751917297894E-03 3.90259383085406E-03 3.93066863447932E-03 3.96187130931283E-03 3.99621994572531E-03 4.03382036589717E-03 4.07458813899113E-03 4.11844210323394E-03 4.16513399475968E-03 4.2143461315682E-03 4.26568963337562E-03 4.31876540207746E-03 4.37313569857934E-03 4.42824511713795E-03 4.48364282845261E-03 4.53891424803661E-03 4.59370470999361E-03 4.64767900235723E-03 4.70056791004064E-03 4.75217665269374E-03 4.8023417096339E-03 4.85094657767037E-03 4.89790882970812E-03 4.94320483997512E-03 4.98679153302491E-03 5.02852505477253E-03 5.06829978609117E-03 5.10604065884915E-03
0 0 0 0 0 0 0 0 0 0 0 0 0 0 0 0 0 0 0 0 0 0 0 0 0 0 0 0 3.76470438628931E-03 3.76522853075758E-03 3.7707177383455E-03 3.78000593832994E-03 3.79256827250709E-03 3.80817104260195E-03 3.82680038269819E-03 3.84841930016037E-03 3.87308985085437E-03 3.90081759359558E-03 3.93164345837937E-03 3.96568009444501E-03 4.00290893236061E-03 4.0434153999961E-03 4.08707106566396E-03 4.13374678355937E-03 4.18314575035636E-03 4.23490161670197E-03 4.28859109490141E-03 4.3437650419351E-03 4.39995223958888E-03 4.45659292452741E-03 4.51325298670658E-03 4.5695331304632E-03 4.62508476581862E-03 4.67959152111689E-03 4.73279279976457E-03 4.78451585553832E-03 4.83459820824932E-03 4.88293379680319E-03 4.9294456542665E-03 4.97413176054938E-03 5.01695317121698E-03 5.05776580672798E-03 5.09649077089709E-03 5.13307810693966E-03
0 0 0 0 0 0 0 0 0 0 0 0 0 0 0 0 0 0 0 0 0 0 0 0 0 0 0 3.69814631571163E-03 3.73805083663486E-03 3.74363603038888E-03 3.75264751209843E-03 3.76470791074241E-03 3.77977454106295E-03 3.79781377825295E-03 3.81891131974604E-03 3.84308025641382E-03 3.87040113632618E-03 3.90089228123277E-03 3.93457465062439E-03 3.97153405938797E-03 4.01171149402515E-03 4.05515472992181E-03 4.10169822871317E-03 4.15114104012585E-03 4.2031560716765E-03 4.25732761206693E-03 4.31321305463322E-03 4.37030516613337E-03 4.42811645082357E-03 4.48612366766088E-03 0.004543887322617 4.60103175224521E-03 4.65720442164337E-03 4.71211951622492E-03 4.76550688636968E-03 4.81722244451948E-03 4.86709460383719E-03 4.9150332567881E-03 4.96095673343824E-03 5.00488151392088E-03 5.04678625622019E-03 5.08653525814899E-03 5.12407887381395E-03 5.15940007395768E-03
0 0 0 0 0 0 0 0 0 0 0 0 0 0 0 0 0 0 0 0 0 0 0 0 0 0 3.67349025305997E-03 3.69814631571163E-03 3.71253780676768E-03 3.7237819232041E-03 3.73622795853012E-03 3.75102127097537E-03 3.76860870589258E-03 3.78914153373801E-03 3.81278525392431E-03 3.83959011081635E-03 3.86964704786977E-03 3.90297965707371E-03 3.9395895145562E-03 3.97952777581471E-03 4.02269182306572E-03 4.0690795733012E-03 4.11847126630031E-03 4.17060880986212E-03 4.22512545885361E-03 4.28157272200481E-03 4.3394844920009E-03 4.39832074136541E-03 4.45759086286906E-03 4.51679945138546E-03 4.57551831254109E-03 4.63338142049439E-03 4.69004010786922E-03 4.74522294162136E-03 4.79866699647892E-03 4.85023536953232E-03 4.89975557230141E-03 4.94714763673614E-03 4.9923378507326E-03 5.03535374310456E-03 5.07617844540074E-03 5.11471041566541E-03 5.15094446641735E-03 5.18489905464612E-03
0 0 0 0 0 0 0 0 0 0 0 0 0 0 0 0 0 0 0 0 0 0 0 0 0 3.66206367970237E-03 3.67349025305997E-03 3.68355268935362E-03 3.69513054828927E-03 3.70771023368489E-03 3.7222907314527E-03 3.73939606590179E-03 3.7593799843871E-03 3.78240337272061E-03 3.80863706696294E-03 3.83813904714305E-03 3.87099338844767E-03 3.90722259691293E-03 3.94680590703465E-03 3.98974943871079E-03 4.03590479995612E-03 4.08520154176466E-03 4.13737158282178E-03 4.19210047522092E-03 4.24898791047879E-03 4.30755928772211E-03 4.36733375813341E-03 4.42775664807302E-03 4.4883348547751E-03 4.54860058943866E-03 4.60813506850501E-03 4.66657936718542E-03 4.72358523810139E-03 4.77889079806021E-03 4.83224129692309E-03 4.88349589312873E-03 4.93249511208007E-03 4.97916446313715E-03 5.02344777912603E-03 5.06537512849581E-03 5.10496014997349E-03 5.14214542256677E-03 5.17696440270786E-03 5.20947616145982E-03
0 0 0 0 0 0 0 0 0 0 0 0 0 0 0 0 0 0 0 0 0 0 0 0 0 3.66206367970237E-03 3.66299464222971E-03 3.66983467343552E-03 3.68055495306787E-03 3.69411528781746E-03 3.71049791647149E-03 3.72977579982611E-03 3.7521368172523E-03 3.77769288828459E-03 3.80658323404574E-03 3.83884889389107E-03 3.87455211171241E-03 3.91371431907315E-03 3.95629139543705E-03 4.00223795661091E-03 4.05135744990605E-03 4.1035081499521E-03 4.15836686806506E-03 4.21557050021209E-03 4.27468728733219E-03 4.33522914793251E-03 4.39670623335443E-03 4.45855862361541E-03 4.52029427765106E-03 4.58147206843851E-03 4.64168145842691E-03 4.70055940013597E-03 4.75775611980883E-03 4.81301627883577E-03 4.86609803697911E-03 4.9168553145596E-03 4.96514487822323E-03 5.0109054919052E-03 5.05410731523473E-03 5.09479051203907E-03 5.13299331354427E-03 5.16871356595707E-03 5.20203323821922E-03 5.23304789920984E-03
0 0 0 0 0 0 0 0 0 0 0 0 0 0 0 0 0 0 0 0 0 0 0 0 3.62420365430685E-03 3.6440487272973E-03 3.64743090859347E-03 3.65521967901411E-03 3.66694433133371E-03 3.68207087877004E-03 3.70045317578714E-03 3.72201492354944E-03 3.74685286033158E-03 3.77504700394579E-03 3.80668951317092E-03 3.84180269289043E-03 3.88040828788179E-03 3.92253773520898E-03 3.96811743076962E-03 4.01703885352874E-03 4.0690699278777E-03 4.12398103606585E-03 4.18141545664212E-03 4.24095431116503E-03 4.30214966143774E-03 4.36450547370358E-03 4.42752900086806E-03 4.4906648609248E-03 4.55341020759797E-03 4.61536316959688E-03 4.6761008565362E-03 4.73525245913905E-03 4.79246427074988E-03 0.00484748834196 4.90010344868266E-03 4.95015114264861E-03 4.99752686790561E-03 5.04217901882141E-03 5.08412366705291E-03 5.12340555167128E-03 5.16010849311743E-03 5.19428465725911E-03 5.22605569240282E-03 5.25555007937546E-03
