NongDo/Fusa 15.2h.grd
DSAA
463	323
2	464
2	324
0	10
[rows 252 to 279 of 323, columns 0 to 63 of 463]
0 0 0 0 0 0 0 0 0 0 0 0 0 0 0 0 0 0 0 0 0 0 0 0 0 0 0 0 0 0 0 0 0 0 0 0 0 0 4.28516553273456E-03 4.29668785005859E-03 4.3024435288227E-03 4.30626713115027E-03 4.31000339620421E-03 4.31412541217884E-03 4.31883860553571E-03 4.32425426683523E-03 4.3304767933814E-03 4.33757156756294E-03 4.34561391052731E-03 4.35466235746841E-03 4.36477550020097E-03 4.37600841520747E-03 4.38839928144949E-03 4.40198425797487E-03 4.41677732197752E-03 4.43280090203637E-03 4.45004500889491E-03 4.46850206086482E-03 4.48814158769015E-03 4.50894658121789E-03 4.53086272243315E-03 4.55380870205524E-03 4.57769251460562E-03 4.60241502224783E-03
0 0 0 0 0 0 0 0 0 0 0 0 0 0 0 0 0 0 0 0 0 0 0 0 0 0 0 0 0 0 0 0 0 0 0 0 0 4.27526499977824E-03 4.28516553273456E-03 4.28992074249551E-03 4.2944283377221E-03 4.29850346903255E-03 4.30267884385095E-03 4.30727534881561E-03 4.3125019113224E-03 4.31848199746862E-03 4.32532322763843E-03 4.3330957348266E-03 4.34187777606969E-03 4.35173418640122E-03 4.36272527202747E-03 4.37490533145917E-03 4.38830909300132E-03 4.40296798435644E-03 4.41888942215266E-03 4.43608607193117E-03 4.45453828054072E-03 4.47422621277435E-03 4.49510636165712E-03 4.51714524272865E-03 4.54027505621348E-03 4.56440100109601E-03 4.5894186500139E-03 4.61521776300636E-03
0 0 0 0 0 0 0 0 0 0 0 0 0 0 0 0 0 0 0 0 0 0 0 0 0 0 0 0 0 0 0 0 0 0 0 0 4.26682273547515E-03 4.27526499977824E-03 4.27934861054458E-03 4.28330446505634E-03 4.28729195311533E-03 4.29139815365283E-03 4.29586532330533E-03 4.30088172002578E-03 4.30661107019506E-03 4.31316548101949E-03 4.32064771186668E-03 4.32912939170041E-03 4.33868977438851E-03 4.34939879828391E-03 4.36131682421957E-03 4.37449654436978E-03 4.38896775419315E-03 4.40475530503217E-03 4.42185750715257E-03 4.44027764177827E-03 4.45998368585556E-03 4.48094082710629E-03 4.50309011178029E-03 4.52638176098734E-03 4.55073212689383E-03 4.57603222881847E-03 4.60216536583303E-03 4.62901093528733E-03
0 0 0 0 0 0 0 0 0 0 0 0 0 0 0 0 0 0 0 0 0 0 0 0 0 0 0 0 0 0 0 0 0 0 0 4.26210722553274E-03 4.26682273547515E-03 4.27003398385969E-03 4.27326134750382E-03 4.27669032107594E-03 4.28044958733632E-03 4.28463633414041E-03 4.28939440514876E-03 0.004294836422876 4.30108889183543E-03 4.30824953826124E-03 4.31641312778857E-03 4.32565126929768E-03 4.33604261586329E-03 4.34766223182666E-03 4.36056805347549E-03 4.37481014609711E-03 4.3904114242166E-03 4.4073888021921E-03 4.42572811549127E-03 4.44542337578328E-03 4.46642731263564E-03 4.48868694561708E-03 4.51212692748849E-03 4.53668045204796E-03 4.56224874596751E-03 4.58870681439951E-03 4.61592649074337E-03 4.64377761013301E-03
0 0 0 0 0 0 0 0 0 0 0 0 0 0 0 0 0 0 0 0 0 0 0 0 0 0 0 0 0 0 0 0 0 0 0 4.26210722553274E-03 4.26241245100081E-03 4.26415869977819E-03 4.26671213476705E-03 4.26985663053925E-03 4.27359634363339E-03 4.27797810964264E-03 4.28309529147626E-03 4.28902145061733E-03 4.29585271847422E-03 4.30367679434785E-03 4.31258270246281E-03 4.32264351177975E-03 4.33393592693926E-03 4.34653758129876E-03 4.36050369127965E-03 4.37587973166664E-03 4.39268039442981E-03 4.41091286133563E-03 4.43055018734319E-03 4.45157124088921E-03 4.47391120847285E-03 4.49749917567697E-03 4.52224348275092E-03 4.54805941823248E-03 4.57483111834472E-03 4.60241909748375E-03 4.63068467823417E-03 4.65949029320528E-03
0 0 0 0 0 0 0 0 0 0 0 0 0 0 0 0 0 0 0 0 0 0 0 0 0 0 0 0 0 0 0 0 0 0 4.24638587912991E-03 4.25499555242078E-03 4.25559641619576E-03 4.25712595205883E-03 4.25950966269147E-03 4.26266470238311E-03 4.26658814269094E-03 4.27130299517699E-03 4.27687377527354E-03 4.28336301284597E-03 4.29084881048367E-03 4.29941350435113E-03 4.3091385083619E-03 4.32010278534933E-03 4.3323798244315E-03 4.3460482605719E-03 4.36115841905913E-03 4.37774953253503E-03 4.39582575580448E-03 4.41538248454381E-03 4.43637913218633E-03 4.45877155447565E-03 4.48247893705117E-03 4.50741145671341E-03 4.53346209755346E-03 4.56052560071529E-03 4.58847275127855E-03 4.61714984539633E-03 4.64640879706656E-03 4.67610682545606E-03
0 0 0 0 0 0 0 0 0 0 0 0 0 0 0 0 0 0 0 0 0 0 0 0 0 0 0 0 0 0 0 0 0 0 4.24638587912991E-03 4.24678579691003E-03 4.24749111653606E-03 4.24909943448654E-03 4.25162360102575E-03 4.25503049390584E-03 4.25932180508967E-03 4.26451207451162E-03 4.27065198230313E-03 4.27780400265245E-03 4.28603972748021E-03 4.29543934115474E-03 4.30607910721949E-03 4.31804239641889E-03 4.33140043433378E-03 4.34623096608692E-03 4.36257813394727E-03 4.38047213565775E-03 4.39990387279281E-03 4.42085397093038E-03 4.44326424730702E-03 4.46706769136619E-03 4.49216452484223E-03 4.51844653656983E-03 4.54579091056375E-03 4.57407516861295E-03 4.60315684514483E-03 4.63286941791747E-03 4.66305768765355E-03 4.69357742384898E-03
0 0 0 0 0 0 0 0 0 0 0 0 0 0 0 0 0 0 0 0 0 0 0 0 0 0 0 0 0 0 0 0 0 0 4.23733863076599E-03 4.23738772566845E-03 4.23830011074796E-03 4.24020203241276E-03 4.24308949010422E-03 4.24694005548684E-03 4.25175785237275E-03 4.25755651005264E-03 4.26438644927002E-03 4.2723150526049E-03 0.004281410703416 4.29175580904739E-03 4.30341980338934E-03 4.31649183674769E-03 4.33103817169084E-03 4.34713636302396E-03 4.36482124788063E-03 4.38411063417312E-03 4.40497825403478E-03 4.42738632493579E-03 4.45125727306161E-03 4.47650053803283E-03 4.50299699467771E-03 4.53061861472984E-03 4.55922878167815E-03 4.58869004542033E-03 4.61885165322201E-03 4.64953307905829E-03 4.68057588392416E-03 4.7118394242131E-03
0 0 0 0 0 0 0 0 0 0 0 0 0 0 0 0 0 0 0 0 0 0 0 0 0 0 0 0 0 0 0 0 0 0 4.22668311196538E-03 4.22677820533125E-03 4.22808192838856E-03 4.23047310051525E-03 4.23391594457105E-03 4.23838355127924E-03 4.24387977086589E-03 4.25042311585426E-03 4.25806876602862E-03 4.26689838115242E-03 4.27697701101787E-03 4.28839011569439E-03 4.30120027920411E-03 4.3155015620567E-03 4.33135120528069E-03 4.34882954273729E-03 4.36795730171545E-03 4.3887340891289E-03 4.41111267006507E-03 4.43503516603298E-03 4.46040272698799E-03 4.48710135974697E-03 4.51499226714465E-03 4.54392869463339E-03 4.57376125198613E-03 4.60434185583996E-03 4.63551514770374E-03 4.66708601751808E-03 4.69889972116516E-03 4.73082584013027E-03
0 0 0 0 0 0 0 0 0 0 0 0 0 0 0 0 0 0 0 0 0 0 0 0 0 0 0 0 0 0 0 0 0 4.19989084747858E-03 4.21386173174893E-03 4.21483005684394E-03 4.21687580387624E-03 4.21997600623684E-03 4.22415475382817E-03 4.22939520146974E-03 4.23571244190326E-03 4.24313390375919E-03 4.25172100590223E-03 4.26158218805294E-03 4.27277333392682E-03 4.28538852145227E-03 4.29947493684486E-03 4.31513943524385E-03 4.33241429687192E-03 4.35139221849074E-03 4.37206780817989E-03 4.39441848655176E-03 4.4183735268696E-03 4.44385364863813E-03 4.47073888825977E-03 4.49889008741701E-03 4.52815305542125E-03 4.55836221386279E-03 4.58935939000662E-03 4.62098405755038E-03 4.65308809020352E-03 4.68545750520921E-03 4.71795486712548E-03 4.75046522384262E-03
0 0 0 0 0 0 0 0 0 0 0 0 0 0 0 0 0 0 0 0 0 0 0 0 0 0 0 0 0 0 0 0 0 4.19989084747858E-03 4.20054094159347E-03 4.20197021083199E-03 4.20480801305693E-03 4.20880375932798E-03 4.21387610039115E-03 4.22002808240772E-03 4.22730029862194E-03 4.23573787086342E-03 4.24540463340064E-03 4.25642795905377E-03 4.26886786737968E-03 4.28282046485714E-03 4.29832412885452E-03 4.31548601900683E-03 4.33432440994547E-03 4.35491766933631E-03 4.37723639217957E-03 4.40123378022524E-03 4.4268171258367E-03 4.45388157931757E-03 4.4822854653791E-03 4.51186768876289E-03 4.54246013190003E-03 4.57388553425614E-03 4.60597798558872E-03 4.63856718176035E-03 4.6714974333508E-03 4.70456973064611E-03 4.73766913622312E-03 4.77069244432296E-03
0 0 0 0 0 0 0 0 0 0 0 0 0 0 0 0 0 0 0 0 0 0 0 0 0 0 0 0 0 0 0 0 0 4.18611542932831E-03 4.18632421383881E-03 0.004188503685103 4.19224255658371E-03 4.1971794910168E-03 4.20322544255598E-03 4.21038387872022E-03 4.21871820262059E-03 4.22828812802181E-03 4.23917585711848E-03 4.25150416400252E-03 4.26533947491219E-03 4.28077368590375E-03 4.29784239213151E-03 4.31663928567796E-03 0.004337180064937 4.35949389611133E-03 4.38353957957124E-03 4.4092404195445E-03 4.43648708088452E-03 4.46513991820887E-03 4.49504268261306E-03 4.52601207983791E-03 4.55787112192294E-03 4.59043592011132E-03 4.62353576896819E-03 4.65699479467372E-03 4.69064890259119E-03 4.7243520882869E-03 4.75798594826972E-03 4.7914616273885E-03
0 0 0 0 0 0 0 0 0 0 0 0 0 0 0 0 0 0 0 0 0 0 0 0 0 0 0 0 0 0 0 0 4.14225771477091E-03 4.16851813728547E-03 4.17086777074728E-03 4.17446777853722E-03 4.17931113708971E-03 4.18527571812101E-03 4.19236005058051E-03 4.20060809820236E-03 4.21010525568084E-03 4.22092885118099E-03 4.23316774695655E-03 4.24694255184202E-03 4.26231720197808E-03 4.27937773123241E-03 4.2981501892275E-03 4.31871333539917E-03 4.34106512845003E-03 4.36519376879746E-03 4.39103340070582E-03 4.4184801753993E-03 4.44740220043042E-03 4.47763136038769E-03 4.50899448035412E-03 4.5412927010774E-03 4.57434313282155E-03 4.60795975229572E-03 4.64197242046917E-03 4.67620655977612E-03 4.71051006004789E-03 4.74477043872725E-03 4.77887299554011E-03 4.81273608114639E-03
0 0 0 0 0 0 0 0 0 0 0 0 0 0 0 0 0 0 0 0 0 0 0 0 0 0 0 0 0 0 0 4.13211981874673E-03 4.14225771477091E-03 4.15047954482878E-03 4.15544327993203E-03 4.16044119811242E-03 4.16635320615112E-03 4.17333413088622E-03 4.18148754119551E-03 4.19088931140606E-03 4.20163964947094E-03 4.21382447772764E-03 4.22753670553015E-03 4.24289109947944E-03 4.25994353796391E-03 4.27876630056657E-03 4.29937025351166E-03 4.32181154618712E-03 4.34606377381026E-03 4.37207876685138E-03 4.39976029573964E-03 4.42897403486349E-03 4.45956483670548E-03 4.4913404810385E-03 4.52411249283446E-03 4.55767169729935E-03 4.59183237904467E-03 4.6264124711393E-03 4.6612496609208E-03 4.69617966347088E-03 4.73106350522645E-03 4.76580754892668E-03 4.80030814378418E-03 4.83448789326522E-03
0 0 0 0 0 0 0 0 0 0 0 0 0 0 0 0 0 0 0 0 0 0 0 0 0 0 0 0 0 0 0 4.13211981874673E-03 4.13272070086572E-03 4.13645007492316E-03 4.14111402257462E-03 4.1467373447877E-03 4.1535265782134E-03 4.16150883082854E-03 4.17077249318077E-03 4.18140365990162E-03 4.19350340912138E-03 4.20716012511049E-03 4.22246098159922E-03 4.23951827399932E-03 4.25837307685122E-03 4.27907783493298E-03 4.30162069309081E-03 4.32603249592508E-03 4.35225606860512E-03 4.38020757043686E-03 4.40975692811377E-03 4.44073859243712E-03 4.47297353535901E-03 4.50624954705691E-03 4.54036777831564E-03 4.5751104589684E-03 4.61029477550024E-03 4.6457486810221E-03 4.68132348800622E-03 4.71686830871948E-03 4.75226016875372E-03 4.7874175702357E-03 4.8222451100667E-03 4.85666823305208E-03
0 0 0 0 0 0 0 0 0 0 0 0 0 0 0 0 0 0 0 0 0 0 0 0 0 0 0 0 0 0 0 4.11927175472645E-03 4.11947451993459E-03 4.12234572650777E-03 4.12705652204114E-03 4.13327308033846E-03 4.14092635429156E-03 4.14993858978528E-03 4.16037643347794E-03 4.17232263123142E-03 4.18587142554286E-03 4.20110785567685E-03 4.21810799325655E-03 4.23698296230139E-03 4.25775281666442E-03 4.28044259722445E-03 4.30501368284238E-03 4.33146688665437E-03 4.3597127945614E-03 4.38962705342621E-03 4.42104770013454E-03 4.45377613701304E-03 4.48761334447375E-03 4.5223282973904E-03 4.55771925959919E-03 4.59356001340268E-03 4.62967850624609E-03 4.66591771356882E-03 4.70214654174384E-03 4.73822927568516E-03 4.77405628615528E-03 4.80955529333331E-03 4.84463713425035E-03 4.87922664157498E-03
0 0 0 0 0 0 0 0 0 0 0 0 0 0 0 0 0 0 0 0 0 0 0 0 0 0 0 0 0 0 4.08499439476639E-03 4.10258680762508E-03 4.10410978171645E-03 4.10755903393491E-03 4.11287896034343E-03 4.11989737886064E-03 4.12854154809299E-03 4.13870639692182E-03 4.15042958072686E-03 4.16379843750532E-03 4.1789049636553E-03 4.19583418478373E-03 4.21464689331214E-03 4.23544276792998E-03 4.25822126039883E-03 4.28297938546189E-03 4.30964866955393E-03 4.33819459111047E-03 4.36849057211331E-03 4.40037266832044E-03 4.43364529431976E-03 4.46808113987499E-03 4.50346181015187E-03 4.5395427271375E-03 4.57611818626332E-03 4.61296624174639E-03 4.64993005952085E-03 4.68686792677784E-03 4.72366580108061E-03 4.76020585538217E-03 4.79639519565395E-03 4.8321640656725E-03 4.8674241376028E-03 4.90210022122421E-03
0 0 0 0 0 0 0 0 0 0 0 0 0 0 0 0 0 0 0 0 0 0 0 0 0 0 0 0 0 0 4.08499439476639E-03 4.08588906669956E-03 4.08811953214729E-03 4.09242962773184E-03 4.09867360022541E-03 4.10671782577182E-03 4.1164985383411E-03 4.12793641454411E-03 4.14106756405526E-03 4.15597864327467E-03 4.17275418437447E-03 4.19148539744592E-03 4.21222154927464E-03 4.23503451341482E-03 4.25990381167751E-03 4.28679612943743E-03 4.31561449117216E-03 0.004346278174769 4.37862836458944E-03 4.41245751781906E-03 4.44753994220519E-03 4.4836220394771E-03 4.52047072532788E-03 4.55783228142982E-03 4.59549992300549E-03 4.6332687442036E-03 4.67099254130862E-03 4.70854566631551E-03 0.004745831938665 4.78275450528933E-03 4.8192333975222E-03 4.8551950058433E-03 4.89055351422632E-03 4.92523260980951E-03
0 0 0 0 0 0 0 0 0 0 0 0 0 0 0 0 0 0 0 0 0 0 0 0 0 0 0 0 0 4.04687240614583E-03 4.06655978053115E-03 4.06819416180201E-03 4.07166535408231E-03 4.07711025371538E-03 4.08451450212512E-03 4.09378406637672E-03 4.10487763672633E-03 4.11774445782929E-03 4.1324243199654E-03 4.14900756318832E-03 4.16757271891532E-03 4.18821485169764E-03 4.21097006720284E-03 4.23588399138481E-03 4.26291016474049E-03 4.29198484461891E-03 4.32297758433503E-03 4.35576514967171E-03 4.39015023409138E-03 4.42588591558987E-03 4.46271661469483E-03 4.50036868413886E-03 4.53859809609125E-03 4.57714846319335E-03 4.6158185317088E-03 4.65441974493996E-03 4.69281919457508E-03 4.73090605715904E-03 4.76860123858863E-03 4.80582801274516E-03 4.84251802285678E-03 4.87859300441321E-03 4.91396573228819E-03 4.94855957790689E-03
0 0 0 0 0 0 0 0 0 0 0 0 0 0 0 0 0 0 0 0 0 0 0 0 0 0 0 0 0 4.04687240614583E-03 4.04785989659205E-03 4.05038673396467E-03 4.05507775653783E-03 4.06181453947319E-03 4.0705565598133E-03 4.0812265984247E-03 4.09380320474839E-03 4.1082541471908E-03 4.12462822929741E-03 4.14301814760617E-03 4.1634945371267E-03 4.18615357457198E-03 4.21101605115909E-03 4.23810220688605E-03 4.26733780527814E-03 4.2986236933877E-03 4.33179504391192E-03 4.36668608788604E-03 4.40306496672442E-03 4.44064459218051E-03 4.47914351591268E-03 4.51827511751877E-03 4.55779069094753E-03 4.59743785311093E-03 4.63702155552549E-03 4.67637079299556E-03 4.71536434399165E-03 4.75390616282248E-03 4.79193115478893E-03 4.82938347395565E-03 4.86620438749056E-03 4.90230822819813E-03 4.93760477705404E-03 4.97201842624191E-03
0 0 0 0 0 0 0 0 0 0 0 0 0 0 0 0 0 0 0 0 0 0 0 0 0 0 0 0 4.00570858113766E-03 4.0268821037739E-03 4.02863200810509E-03 4.03245015143709E-03 4.03850040632614E-03 4.04667806214835E-03 4.05692595387284E-03 4.06916894895755E-03 4.08340084646048E-03 4.09960118833466E-03 4.1178178168491E-03 4.13814827900193E-03 4.16065208280196E-03 4.18542610455467E-03 4.21247197614587E-03 4.24178802530858E-03 4.2732688171392E-03 4.30677636197156E-03 4.34210944607459E-03 4.37906442569988E-03 4.41737672735819E-03 4.4567187765467E-03 4.49679068931408E-03 4.53730256277571E-03 4.57800644041849E-03 4.61865689811361E-03 4.65906675185042E-03 4.69908224686972E-03 4.73859247012899E-03 4.77751232893067E-03 4.81578746654432E-03 4.85338281986952E-03 4.8902493756061E-03 4.92628867698561E-03 4.96140876413851E-03 4.9955396831025E-03
0 0 0 0 0 0 0 0 0 0 0 0 0 0 0 0 0 0 0 0 0 0 0 0 0 0 0 0 4.00570858113766E-03 4.00671101622699E-03 4.00935055167836E-03 4.01455171028346E-03 4.02213326694576E-03 4.03191234319609E-03 4.04382377168907E-03 4.0577943737221E-03 4.07383451632407E-03 4.09192978131876E-03 4.11212524450785E-03 4.13452410782333E-03 4.15916244991756E-03 4.18614414098411E-03 4.21544049676362E-03 4.24703099387271E-03 4.28077745691603E-03 4.31649698259504E-03 4.35395597710838E-03 4.39290941751857E-03 4.43307431479894E-03 4.47407660111002E-03 4.51561408407004E-03 4.55740252355283E-03 4.59919635822387E-03 4.64076128361232E-03 4.68191219272968E-03 4.72251817362977E-03 4.76247003267482E-03 4.80169345372835E-03 4.84013679981382E-03 4.87778739204238E-03 4.9146075116162E-03 4.95047642390435E-03 4.98530980456926E-03 5.01904905166461E-03
0 0 0 0 0 0 0 0 0 0 0 0 0 0 0 0 0 0 0 0 0 0 0 0 0 0 0 0 3.98519496835847E-03 3.98560986093499E-03 3.9897944691915E-03 3.99678163887882E-03 4.00615123855851E-03 4.01771357292027E-03 4.03143894816638E-03 4.04727969968742E-03 4.06526420769084E-03 4.08538926591813E-03 4.10769060358974E-03 4.13226963509611E-03 4.15914357974982E-03 4.18841014887159E-03 4.22001514411062E-03 4.2539075306136E-03 4.28991571610172E-03 4.32781828189179E-03 4.36735094268894E-03 4.40822640438399E-03 4.45013207143655E-03 4.49268135306559E-03 4.53557681722034E-03 4.57854080976564E-03 4.62132926026285E-03 4.66371975452099E-03 4.70553228564302E-03 4.74665216699859E-03 4.78696960382498E-03 0.004826417223789 4.86494638330112E-03 4.9025602861898E-03 4.93922000825179E-03 4.97479758388335E-03 5.00922528720036E-03 5.04246036008171E-03
0 0 0 0 0 0 0 0 0 0 0 0 0 0 0 0 0 0 0 0 0 0 0 0 0 0 0 3.91849465210297E-03 3.95863509139348E-03 3.96329278171514E-03 3.97037293898857E-03 3.97958848502951E-03 3.99093655012028E-03 4.00440169138658E-03 4.02004059367987E-03 4.03784913816368E-03 4.05787599302838E-03 4.08013133285133E-03 4.10464391678053E-03 4.13150119660455E-03 4.16069860817667E-03 4.19231417714416E-03 4.22627094809692E-03 4.26246954684556E-03 4.30071538028236E-03 4.34074732911615E-03 4.3822801975753E-03 4.42497637214114E-03 4.46850436401684E-03 4.51249763401078E-03 4.5566492009283E-03 4.60069529350448E-03 4.64438656105489E-03 4.68752251744691E-03 4.72991433086535E-03 4.77146857761159E-03 4.81206585175394E-03 4.85164909390028E-03 4.89016259009222E-03 4.92762155955729E-03 4.96399632259069E-03 4.99915890236323E-03 5.03306029542508E-03 5.06568031636487E-03
0 0 0 0 0 0 0 0 0 0 0 0 0 0 0 0 0 0 0 0 0 0 0 0 0 0 3.89367693873888E-03 3.91849465210297E-03 3.93247222490615E-03 3.94217158793189E-03 3.9521060646041E-03 0.003963505809865 3.97683217498519E-03 3.99223697908873E-03 4.00984824693315E-03 4.02969727026071E-03 4.05184586872938E-03 4.07631456608197E-03 4.10312105604306E-03 4.13233394994227E-03 4.16392180781814E-03 4.19793265066126E-03 4.23425513175086E-03 4.27274861674738E-03 4.31318777967022E-03 4.35528181502545E-03 4.39872080845014E-03 4.44313420113846E-03 4.48818185836845E-03 4.53351299308062E-03 4.57882452352187E-03 4.62385756220705E-03 4.66836417418246E-03 4.71215402658976E-03 4.7550416640083E-03 4.79693762200312E-03 4.83771813296498E-03 4.87732992924326E-03 4.9157183365239E-03 4.95290315942722E-03 4.98885302646063E-03 5.02346129247831E-03 5.05671100612186E-03 5.0886081278653E-03
0 0 0 0 0 0 0 0 0 0 0 0 0 0 0 0 0 0 0 0 0 0 0 0 0 0.003881778600171 3.89367693873888E-03 3.90338744658645E-03 3.91381540560165E-03 3.92427329636166E-03 3.93579777570274E-03 3.94896844175519E-03 3.96413963992136E-03 3.98146293672721E-03 4.00107185027025E-03 4.02300786328381E-03 4.04733500694108E-03 4.07407746010767E-03 4.10324173581186E-03 4.1348665960208E-03 4.16889087601242E-03 4.20531637531944E-03 4.24399694268477E-03 4.28475041479274E-03 4.32732300192037E-03 4.37139858427535E-03 4.41664833114041E-03 4.46268296629463E-03 4.50915569346956E-03 4.55573255995737E-03 4.60211444658934E-03 4.64804618384805E-03 4.6932792155967E-03 4.73762938483603E-03 4.78091456363298E-03 4.8230384663213E-03 4.86388236789291E-03 4.90339101780071E-03 4.94151668567475E-03 4.97827456611874E-03 5.01365345969818E-03 5.04757866807933E-03 5.08006199438281E-03 5.11114185674274E-03
0 0 0 0 0 0 0 0 0 0 0 0 0 0 0 0 0 0 0 0 0 0 0 0 0 0.003881778600171 3.88266114751903E-03 3.88861371878647E-03 3.89754749904799E-03 3.90840229423842E-03 3.92116990475383E-03 3.93595300317128E-03 3.95292597115838E-03 3.97218516603412E-03 3.99383701915859E-03 0.004017914532373 4.04447192657772E-03 4.07353890063902E-03 4.10510622519689E-03 4.13917818434144E-03 4.17565904762393E-03 4.21449932591585E-03 4.25551225384997E-03 4.29847656932498E-03 4.34311094071408E-03 4.38908224699835E-03 4.43604765894683E-03 4.4836070117324E-03 4.53141036604713E-03 4.57914134400265E-03 4.62650463681585E-03 4.67324096015674E-03 4.71909930650849E-03 4.76389848720156E-03 4.80746161791628E-03 4.84968259884211E-03 4.89044855740241E-03 4.9297065963508E-03 4.96742177667546E-03 5.00361035061802E-03 5.03827742216511E-03 5.07139145854371E-03 5.10300387814495E-03 5.13318446864694E-03
0 0 0 0 0 0 0 0 0 0 0 0 0 0 0 0 0 0 0 0 0 0 0 0 3.84325940160452E-03 3.86369019506305E-03 3.86637585867713E-03 3.87261638175154E-03 3.88190810190162E-03 3.89371845485594E-03 3.90789240030735E-03 3.92436230918754E-03 3.94320193126507E-03 3.96446971293893E-03 3.98823516541278E-03 4.0145215253343E-03 4.04336132850269E-03 4.07479788706912E-03 4.10880374636847E-03 4.14533764063393E-03 4.18427660129426E-03 4.22550423542326E-03 4.26880523172414E-03 4.31391242867499E-03 4.36052684250587E-03 4.4083031585732E-03 4.45689011306622E-03 4.50588519866424E-03 4.55492713724686E-03 4.60372813613947E-03 4.65198150204898E-03 4.69942051277322E-03 4.74578853302711E-03 4.7909063317079E-03 4.83460664348922E-03 4.87676499658541E-03 4.91729115028168E-03 4.95612994057558E-03 4.99327559369248E-03 5.0287402581162E-03 5.06256527131898E-03 5.0947647970373E-03 5.12542509678571E-03 5.15464682257986E-03
