NongDo/Fusa 11.4h.grd
DSAA
463	323
2	464
2	324
0	10
[rows 56 to 83 of 323, columns 256 to 319 of 463]
0 0 0 0 0 0 0 0 0 0 0 0 0 0 0 0 0 0 0 0 0 0 0 0 0 0 0 0 0 0 0 0 0 0 0 0 0 0 0 0 0 0 0 0 0 0 0 0 0 0 0 0 0 0 0 0 0 0 0 0 0 0 0 0
0 0 0 0 0 0 0 0 0 0 0 0 0 0 0 0 0 0 0 0 0 0 0 0 0 0 0 0 0 0 0 0 0 0 0 0 0 0 0 0 0 0 0 0 0 0 0 0 0 0 0 0 0 0 0 0 0 0 0 0 0 0 0 0
0 0 0 0 0 0 0 0 0 0 0 0 0 0 0 0 0 0 0 0 0 0 0 0 0 0 0 0 0 0 0 0 0 0 0 0 0 0 0 0 0 0 0 0 0 0 0 0 0 0 0 0 0 0 0 0 0 0 0 0 0 0 0 0
0 0 0 0 0 0 0 0 0 0 0 0 0 0 0 0 0 0 0 0 0 0 0 0 0 0 0 0 0 0 0 0 0 0 0 0 0 0 0 0 0 0 0 0 0 0 0 0 0 0 0 0 0 0 0 0 0 0 0 0 0 0 0 0
0 0 0 0 0 0 0 0 0 0 0 0 0 0 0 0 0 0 0 0 0 0 0 0 0 0 0 0 0 0 0 0 0 0 0 0 0 0 0 0 0 0 0 0 0 0 0 0 0 0 0 0 0 0 0 0 0 0 0 0 0 0 0 0
0 0 0 0 0 0 0 0 0 0 0 0 0 0 0 0 0 0 0 0 0 0 0 0 0 0 0 0 0 0 0 0 0 0 0 0 0 0 0 0 0 0 0 0 0 0 0 0 0 0 0 0 0 0 0 0 0 0 0 0 0 0 0 0
0 0 0 0 0 0 0 0 0 0 0 0 0 0 0 0 0 0 0 0 0 0 0 0 0 0 0 0 0 0 0 0 0 0 0 0 0 0 0 0 0 0 0 0 0 0 0 0 0 0 0 0 0 0 0 0 0 0 0 0 0 0 0 0
0 0 0 0 0 0 0 0 0 0 0 0 0 0 0 0 0 0 0 0 0 0 0 0 0 0 0 0 0 0 0 0 0 0 0 0 0 0 0 0 0 0 0 0 0 0 0 0 0 0 0 0 0 0 0 0 0 0 0 0 0 0 4.65155587885622E-04 4.40240735626987E-04
0 0 0 0 0 0 0 0 0 0 0 0 0 0 0 0 0 0 0 0 0 0 0 0 0 0 0 0 0 0 0 0 0 0 0 0 0 0 0 0 0 0 0 0 0 0 0 0 0 0 0 0 0 0 0 0 0 0 5.61973000942299E-04 5.39155361896787E-04 5.20548773138553E-04 5.02113482935798E-04 4.65155587885622E-04 4.40240735626987E-04
0 0 0 0 0 0 0 0 0 0 0 0 0 0 0 0 0 0 0 0 0 0 0 0 0 0 0 0 0 0 0 0 0 0 0 0 0 0 0 0 0 0 0 0 0 0 0 0 0 0 0 0 0 0 6.53907730821679E-04 6.31865261082376E-04 6.14660982181448E-04 5.97973214234357E-04 5.61973000942299E-04 5.39155361896787E-04 5.20548773138553E-04 5.02113482935798E-04 4.80571416946556E-04 4.60658276763642E-04
0 0 0 0 0 0 0 0 0 0 0 0 0 0 0 0 0 0 0 0 0 0 0 0 0 0 0 0 0 0 0 0 0 0 0 0 0 0 0 0 0 0 0 0 0 0 0 0 0 0 0 7.29615864088461E-04 7.08693207754926E-04 6.90854805250877E-04 6.53907730821679E-04 6.31865261082376E-04 6.14660982181448E-04 5.97973214234357E-04 5.78248013340437E-04 5.60439573855144E-04 5.44149159839011E-04 5.27999629378796E-04 5.11214036505742E-04 4.94422325986217E-04
0 0 0 0 0 0 0 0 0 0 0 0 0 0 0 0 0 0 0 0 0 0 0 0 0 0 0 0 0 0 0 0 0 0 0 0 0 0 0 0 0 0 0 0 0 8.24043961678704E-04 8.04813956610484E-04 7.92551103557409E-04 7.83173219446256E-04 7.74202657781342E-04 7.6354381995051E-04 7.29615864088461E-04 7.08693207754926E-04 6.90854805250877E-04 6.71160944553639E-04 6.54433377204972E-04 6.39735488752983E-04 6.25520199710333E-04 6.10886726950773E-04 5.96342956834806E-04 5.82006345021222E-04 5.67574645941762E-04 5.5289606201449E-04 5.37942328789769E-04
0 0 0 0 0 0 0 0 0 0 0 0 0 0 0 0 0 0 0 0 0 0 0 0 0 0 0 0 0 0 0 0 0 0 0 0 0 0 0 0 0 0 0 8.81978612139501E-04 8.6128686640828E-04 8.24043961678704E-04 8.04813956610484E-04 7.92551103557409E-04 7.83173219446256E-04 7.74202657781342E-04 7.6354381995051E-04 7.47879772912074E-04 7.33264442807562E-04 7.19324210627898E-04 7.05374758109577E-04 6.9215759205295E-04 6.79622750302338E-04 6.67272220512712E-04 6.5479287866897E-04 6.4210543234887E-04 6.29227319956411E-04 6.16075177834855E-04 6.02640900245883E-04 5.88920981841294E-04
6.5040399551807E-04 6.54428799818584E-04 6.61785467485297E-04 6.70573179785188E-04 6.79958440052471E-04 6.89607512769829E-04 6.99217459254975E-04 7.08667169666611E-04 7.17901014561281E-04 7.26971907114162E-04 7.35840329074204E-04 7.44522729914951E-04 7.5286747281574E-04 7.60797736151978E-04 7.68283159736577E-04 7.75444131002629E-04 7.82320492171157E-04 7.89015654849052E-04 7.95503549965834E-04 8.01842544740406E-04 8.08077320722685E-04 8.14317175076809E-04 8.20563707762485E-04 8.26861969463127E-04 8.33100096476207E-04 8.39198151948789E-04 8.45070963312902E-04 8.5076177022546E-04 8.56248653115214E-04 8.6162210613185E-04 8.6695745842799E-04 8.72603332155964E-04 8.79264800190254E-04 8.88573578534152E-04 9.03929675603693E-04 0 0 0 0 9.39002794550282E-04 9.29842853160107E-04 9.23415328792116E-04 9.15718756404697E-04 8.81978612139501E-04 8.6128686640828E-04 8.42168593834433E-04 8.28540203128671E-04 8.18638412706843E-04 8.10624459245664E-04 8.02977793758149E-04 7.94555630456527E-04 7.84513480945382E-04 7.73944607930064E-04 7.63095903455899E-04 7.52072879408374E-04 7.41068800987098E-04 7.30134407012989E-04 7.19114191547801E-04 7.07904256351877E-04 6.96403764051014E-04 6.84597115249559E-04 6.72434460355336E-04 6.5993520447453E-04 6.47135801997995E-04
6.5040399551807E-04 6.54428799818584E-04 6.61785467485297E-04 6.70573179785188E-04 6.79958440052471E-04 6.89607512769829E-04 6.99217459254975E-04 7.08667169666611E-04 7.17901014561281E-04 7.26971907114162E-04 7.35840329074204E-04 7.44522729914951E-04 7.5286747281574E-04 7.60797736151978E-04 7.68283159736577E-04 7.75444131002629E-04 7.82320492171157E-04 7.89015654849052E-04 7.95503549965834E-04 8.01842544740406E-04 8.08077320722685E-04 8.14317175076809E-04 8.20563707762485E-04 8.26861969463127E-04 8.33100096476207E-04 8.39198151948789E-04 8.45070963312902E-04 8.5076177022546E-04 8.56248653115214E-04 8.6162210613185E-04 8.6695745842799E-04 8.72603332155964E-04 8.79264800190254E-04 8.88573578534152E-04 9.03929675603693E-04 9.37730657983164E-04 9.47859731303251E-04 9.55101854221934E-04 9.59141481799284E-04 9.39002794550282E-04 9.29842853160107E-04 9.23415328792116E-04 9.15718756404697E-04 9.0232973526934E-04 8.89873107620507E-04 8.78417475171209E-04 8.69023716785996E-04 8.61441057923091E-04 8.54933574637913E-04 8.48672114275424E-04 8.41997735983398E-04 8.34478796081172E-04 8.2627317016444E-04 8.17493025515858E-04 8.08298286018542E-04 7.98801772098298E-04 7.89072396379147E-04 7.79078291346368E-04 7.68801062104528E-04 7.58179251557427E-04 7.47193953788793E-04 7.35819083931497E-04 7.24076933718434E-04 7.12018758673235E-04
6.62779341111214E-04 6.71141925395597E-04 6.80393659785891E-04 6.90219153932226E-04 7.0030526922014E-04 7.10482537506835E-04 7.20526260481457E-04 7.30359517529435E-04 7.39976957127044E-04 7.49422768550214E-04 7.58640723067287E-04 7.6763432535191E-04 7.76237417271944E-04 7.84354680571924E-04 7.92014189971778E-04 7.99354635801435E-04 8.06431553024782E-04 8.13319236194067E-04 8.19996874422339E-04 8.26541700743913E-04 8.33033965474828E-04 8.39567698762957E-04 8.4612283325202E-04 8.52722438999697E-04 8.59236754436228E-04 8.65564114660894E-04 8.71651767123387E-04 8.77540879503005E-04 8.83204137007481E-04 8.88676916822995E-04 8.93987353089928E-04 8.99395282145276E-04 9.05386640025221E-04 9.12893182635419E-04 9.2326852960019E-04 9.37730657983164E-04 9.47859731303251E-04 9.55101854221934E-04 9.59141481799284E-04 9.5722617030934E-04 9.55068779276328E-04 9.52488053151401E-04 9.48415309640975E-04 9.42158014679787E-04 9.3516853776576E-04 9.28155674256769E-04 9.21769910284413E-04 9.1616814079052E-04 9.11109736588613E-04 9.06117534195978E-04 9.00779734147691E-04 8.94780468466471E-04 8.88075818261443E-04 8.80688701022977E-04 8.7272873830036E-04 8.64300948096493E-04 8.55483158812053E-04 8.46292083339778E-04 8.36742682810704E-04 8.26804864547163E-04 8.16455565003173E-04 8.05696119561064E-04 7.94551297191524E-04 7.83068502831824E-04
6.88101500607259E-04 6.99233057662551E-04 7.10283268327658E-04 7.21373645614121E-04 7.32443523480213E-04 7.4342470151783E-04 7.54168035363141E-04 7.64645086603213E-04 7.74905717545965E-04 7.84993439448354E-04 7.94832316962752E-04 8.04349959822542E-04 8.13322814317165E-04 8.21711111230661E-04 8.29650702161738E-04 8.37292762738026E-04 8.44692742153487E-04 8.51902991770212E-04 8.58919967293835E-04 8.6583131520818E-04 8.72755592368347E-04 8.79785553312399E-04 8.86883858264167E-04 8.93994155601324E-04 9.00915592409437E-04 9.07568379479069E-04 9.13972278763746E-04 9.20167541763975E-04 9.26108525648676E-04 9.31787897657952E-04 9.37204483587369E-04 9.42536558815308E-04 9.48122234237714E-04 9.54481493610956E-04 9.62153813754409E-04 9.71253000963844E-04 9.79525067831672E-04 9.86470268423464E-04 9.91776523210737E-04 9.95019975741083E-04 9.97046437810286E-04 9.97880333351633E-04 9.97196127701329E-04 9.94956501014947E-04 9.91691389146369E-04 9.87877294313031E-04 9.83956539930621E-04 9.80140339229402E-04 9.76396156627297E-04 9.72504300852742E-04 9.68206566073505E-04 9.63274488915276E-04 9.57610428133381E-04 9.51200821642699E-04 9.44120600217944E-04 9.36469089864951E-04 9.28331888022639E-04 9.19756273648995E-04 9.10762784803759E-04 9.01351017639172E-04 8.91501110590637E-04 8.81219495114272E-04 8.70525230595077E-04 8.59468285959561E-04
7.2278983374255E-04 7.3580767389048E-04 7.48444140873458E-04 7.60860306083856E-04 7.73078285275056E-04 7.85053170266931E-04 7.96677224745578E-04 8.07986057307948E-04 8.19059694210922E-04 8.29929018820123E-04 8.40529497477867E-04 8.50684597157456E-04 8.6013707091595E-04 8.68963350602009E-04 8.77367002524419E-04 8.85478342599121E-04 8.93357175823058E-04 9.01035702954982E-04 9.08514897783861E-04 9.15918525176693E-04 9.23389612277209E-04 9.31006445213082E-04 9.38744683284466E-04 9.46445789465536E-04 9.53844586644433E-04 9.60939883043829E-04 9.67801132820002E-04 9.74433709745317E-04 9.80781200210691E-04 9.86803484323407E-04 9.92470270981852E-04 9.97940024911556E-04 1.00347432910772E-03 1.00938547765685E-03 1.01595788418182E-03 1.0231858987776E-03 1.03029257684068E-03 1.0369267673308E-03 1.04289987928353E-03 1.0480408925424E-03 1.05231948878128E-03 1.05554571724639E-03 1.05744138430534E-03 1.05803402668247E-03 1.05756879367912E-03 1.05627002977537E-03 1.05438569971211E-03 1.05213335081425E-03 1.04957006065879E-03 1.04662043360703E-03 1.04315168839484E-03 1.03899790153197E-03 1.03404740001735E-03 1.02830522224015E-03 1.02181575500342E-03 1.01469437246282E-03 1.00703613360984E-03 9.98897811805725E-04 9.90291771587476E-04 9.81247127826319E-04 9.71745830644833E-04 9.61798607590302E-04 9.51417823362945E-04 9.40643833758263E-04
7.64832590944235E-04 7.79571601601126E-04 7.93778532645649E-04 8.07593295451561E-04 8.21061915821832E-04 8.3417953974739E-04 8.4690044569621E-04 8.5924738352996E-04 8.71261736037995E-04 8.82963995932856E-04 8.94291967349274E-04 9.05117781080077E-04 9.15293653255052E-04 9.24856140981503E-04 9.33947628998739E-04 9.42699419674697E-04 9.51190106100495E-04 9.59478513862682E-04 9.67605595987307E-04 9.75668636983093E-04 9.83773111174963E-04 9.91986410683097E-04 1.00028233412687E-03 1.00854410981737E-03 1.01658143459247E-03 1.02433179876166E-03 1.03179898793423E-03 1.03897712995177E-03 1.04582041596113E-03 1.05229852218735E-03 1.05839838875176E-03 1.06421612631324E-03 1.06992445037431E-03 1.0757400084473E-03 1.08184733329386E-03 1.08830637163112E-03 1.0948620073327E-03 1.10133640384498E-03 1.1076058045529E-03 1.1135623807983E-03 1.11903968288981E-03 1.12382003058338E-03 1.12762399208567E-03 1.13033111152932E-03 1.13196046651996E-03 1.13259713565792E-03 1.13236784924782E-03 1.13141753565754E-03 1.12981905309449E-03 1.12758399885901E-03 1.12465859277826E-03 1.1209824415323E-03 1.11648277373212E-03 1.11117162323852E-03 1.10508093265765E-03 1.09830523892859E-03 1.09093322030346E-03 1.08305022207977E-03 1.07468008738453E-03 1.06586065079964E-03 1.05657616014909E-03 1.04683375199878E-03 1.03663788439953E-03 1.02602095070831E-03
8.14146020277392E-04 8.30607823177622E-04 8.4646344788773E-04 8.61813291135545E-04 8.76705187038216E-04 8.91158234358834E-04 9.05155797131395E-04 9.18702790981968E-04 9.31809725199458E-04 9.44485717755388E-04 9.56685918272015E-04 9.68343838619861E-04 9.79390470313041E-04 9.89844482218204E-04 9.99796223344748E-04 1.00936145296653E-03 1.01863058588625E-03 1.02768831059329E-03 1.03660252856993E-03 1.04544967715807E-03 1.05430037944534E-03 1.06320511099038E-03 1.07214766203808E-03 1.08105526620985E-03 1.08980020472101E-03 1.09828761632222E-03 1.10645532587271E-03 1.11426852756286E-03 1.12168593072385E-03 1.12869124248205E-03 1.13528708660321E-03 1.14153225364941E-03 1.14753662817494E-03 1.15345895625863E-03 1.15945223191202E-03 1.16562290732935E-03 1.17194151030289E-03 1.17835018656419E-03 1.18477529638471E-03 1.19114179810302E-03 1.19729967702379E-03 1.20304394754181E-03 1.20808971283824E-03 1.21221795884806E-03 1.21528963681784E-03 1.21727644553106E-03 1.21819854113788E-03 1.21815468872493E-03 1.21721042242985E-03 1.21540916295094E-03 1.21275590422648E-03 1.20926707051708E-03 1.20492152171697E-03 1.19975493714968E-03 1.19379747436439E-03 1.18712793418127E-03 1.17982582285354E-03 1.17199044690465E-03 1.16365816034405E-03 1.15487701914108E-03 1.1456361108839E-03 1.13593549374246E-03 1.12577100298689E-03 1.11516188948741E-03
8.70819991770199E-04 8.89117897237225E-04 9.06764557408905E-04 9.23828017375603E-04 9.40344273573971E-04 9.56334450089646E-04 9.71784350411372E-04 9.86694346290761E-04 1.00106718516746E-03 1.01490730082785E-03 1.02818591360274E-03 1.0408728676268E-03 1.0529420492286E-03 1.06441926185733E-03 1.07537864064912E-03 1.08592225317107E-03 1.09614167544593E-03 1.10613043549411E-03 1.11596417270534E-03 1.12571338305466E-03 1.13543356237856E-03 1.14516174347891E-03 1.15488513739973E-03 1.16455478543387E-03 1.17407717358087E-03 1.18334357474497E-03 1.19225400447475E-03 1.20074570513266E-03 1.20877399457107E-03 1.21632555230108E-03 1.22340912894957E-03 1.23007030290803E-03 1.23638979975293E-03 1.24249774026999E-03 1.2485339571478E-03 1.25462971656392E-03 1.26085301309931E-03 1.26722351342366E-03 1.27370750314843E-03 1.28025955422646E-03 1.28675179778886E-03 0.001293003789675 1.2987134772953E-03 1.30362067037683E-03 0.001307507848755 1.31027402534553E-03 1.31186179794576E-03 1.31230271778418E-03 1.31164062792382E-03 1.30994734844294E-03 1.30727589844186E-03 1.30369411356961E-03 0.001299225117502 1.29392453035948E-03 1.28782590010143E-03 1.28100739619996E-03 1.27354823116683E-03 1.26554783084992E-03 1.25704984539806E-03 1.24810613740941E-03 1.23871027166934E-03 1.22886323374816E-03 1.21855280087989E-03 1.20778194860917E-03
9.35219493862136E-04 9.55538983387214E-04 9.75167105624109E-04 9.94146659006972E-04 1.01250157802451E-03 1.03023805485618E-03 1.04733652878261E-03 1.06380191243401E-03 1.07964012514621E-03 1.09485289515335E-03 1.10942179309249E-03 1.12333741830281E-03 1.13659781058352E-03 1.14924674494113E-03 1.16136270660298E-03 1.17303977133813E-03 1.18436730694776E-03 1.19543755828184E-03 1.20632441487725E-03 1.21709939228622E-03 1.22781530039514E-03 1.23849945548307E-03 1.24913415386517E-03 1.25967898918631E-03 1.27004816705834E-03 1.28011856633024E-03 1.28977091401758E-03 1.29892694434121E-03 1.30753644954739E-03 1.31558648150797E-03 1.32308796529472E-03 1.33008568170186E-03 1.3366582880613E-03 1.34293163426982E-03 1.34904373573832E-03 1.35513300274336E-03 1.3613052593872E-03 1.36761249960241E-03 1.37404842121592E-03 1.38058862160229E-03 1.38712946487907E-03 1.39348676893649E-03 1.39933620689707E-03 1.40442905430198E-03 1.40852827704752E-03 1.41149502137538E-03 1.41320249482769E-03 1.41366014850764E-03 1.41288929380595E-03 1.41097369083755E-03 1.40799316961783E-03 1.40404486268274E-03 1.39918162032352E-03 1.39348119514835E-03 1.38698508321994E-03 1.37977817842767E-03 1.37193837833709E-03 1.36355848089982E-03 1.35468179815374E-03 1.34536646040389E-03 1.33561603922706E-03 1.32542693806222E-03 1.31477899087881E-03 1.30365761511199E-03
1.00765477903088E-03 1.03023947813677E-03 1.05207608897018E-03 1.07318926725271E-03 1.09359017112881E-03 1.11327784724016E-03 1.13223739471148E-03 1.15046973726237E-03 1.16797915104657E-03 1.18477019169463E-03 1.20083650982906E-03 1.21618137679924E-03 1.23082198520108E-03 1.24481419981799E-03 0.001258241887164 1.27119980900716E-03 1.2837767032956E-03 1.29606282192079E-03 1.3081294393175E-03 1.32004566949843E-03 1.33186441160512E-03 1.34361109900283E-03 1.35526107989825E-03 1.36676502978698E-03 1.37801419561987E-03 1.38886942776501E-03 1.39920816940301E-03 1.40895039137299E-03 1.41804252218573E-03 1.42647310219513E-03 1.43425237540827E-03 1.44143766287726E-03 1.44812881840984E-03 1.45446467225481E-03 1.46058160555742E-03 1.46661908543085E-03 1.47267723975574E-03 1.47881470275268E-03 1.48503580637182E-03 1.4913235331708E-03 1.49756560945975E-03 1.50360074867589E-03 1.50912184968067E-03 1.5138838155826E-03 1.51765383540423E-03 1.52029552220244E-03 1.52166694657297E-03 1.52173981222451E-03 1.52052442163345E-03 1.5181014341652E-03 1.51455613327884E-03 1.50999930344759E-03 1.50450975519352E-03 1.49818309422634E-03 1.49108363779116E-03 1.48329443060484E-03 1.47488188934349E-03 1.46592607907374E-03 1.4564766295096E-03 1.44658999905776E-03 1.43627715431873E-03 1.42553769392649E-03 1.4143422987347E-03 1.40266293830424E-03
1.08870571001442E-03 1.11382088730368E-03 1.13812097908541E-03 1.1616118942909E-03 1.18429389401254E-03 1.20615941307956E-03 1.22719675518318E-03 1.24740561911565E-03 1.26679078616397E-03 1.28535974926201E-03 1.30311697429785E-03 1.32007698648845E-03 1.33627231107018E-03 1.35177155008404E-03 1.36666380536465E-03 1.3810427011408E-03 1.39499743070261E-03 1.40860962951581E-03 1.42194425296199E-03 1.43507395307278E-03 1.44805407976308E-03 1.46090724072222E-03 1.47360439565926E-03 1.48607358253008E-03 1.49816139266123E-03 1.50971671114312E-03 1.52062152549993E-03 1.53079862316316E-03 1.54020155489553E-03 1.54882491495104E-03 1.5566790314689E-03 1.56385255293331E-03 1.57047661992634E-03 1.57670646620958E-03 1.58268502172899E-03 1.58854105510794E-03 1.5943437308309E-03 1.60014776125702E-03 1.60595593336458E-03 1.61173817300108E-03 1.61737007516098E-03 1.62270477807614E-03 1.62746034686715E-03 1.63142798572192E-03 1.63440264340964E-03 1.63625792009012E-03 1.63684527784529E-03 1.63613781198933E-03 1.63414990723093E-03 1.63094500768735E-03 1.62659922629073E-03 1.62122729038328E-03 1.61491884314946E-03 1.60778137447329E-03 1.59990775432779E-03 1.59136362715426E-03 1.58219602802609E-03 1.57247569855654E-03 0.001562257883229 1.55159646971891E-03 1.54051724137242E-03 1.52901101025911E-03 1.51704103425607E-03 1.50457503999855E-03
1.17895071099902E-03 1.20689337896532E-03 1.23393482112884E-03 0.001260063086579 1.28526881490261E-03 1.30953984018141E-03 1.33286798239782E-03 1.35525428149633E-03 1.37670695109152E-03 1.39723668593421E-03 1.41686112665768E-03 1.43560546517615E-03 1.45351994142135E-03 1.47068284167076E-03 1.48718087503913E-03 1.50309919418439E-03 1.51851951573786E-03 1.53352138182515E-03 1.54817015622898E-03 1.56253378336175E-03 1.57666119968603E-03 1.59057287804364E-03 1.60422903641876E-03 1.61755495063361E-03 1.63036028741146E-03 1.64245580259729E-03 1.65371490549981E-03 1.66408486687945E-03 1.67354017672126E-03 1.68209964774733E-03 1.68979991924793E-03 1.6967424711978E-03 1.70307142532839E-03 1.70896514851358E-03 1.7145693379814E-03 1.72002369299328E-03 1.72537340423563E-03 1.73063275340122E-03 1.73577114349394E-03 1.74075597244219E-03 1.74546479519992E-03 1.74975651700153E-03 1.75339797576668E-03 1.75620804967883E-03 1.75801836472855E-03 1.75872418157958E-03 1.75820479028038E-03 1.7564140329418E-03 1.75336413791184E-03 1.74912785158823E-03 1.74378931720512E-03 1.73744778831394E-03 1.73019152585488E-03 1.72211264244902E-03 1.71330097039718E-03 1.70382536079091E-03 1.69373362006671E-03 1.68307573462383E-03 1.67190264874532E-03 1.66025844323687E-03 1.6481699214604E-03 1.63564169618742E-03 1.62264727076309E-03 1.6091493295877E-03
1.27911350180466E-03 1.31017757011834E-03 0.001340235984469 1.36925860329824E-03 1.39722881978612E-03 1.42413079622955E-03 1.44996035200484E-03 1.47472166893399E-03 1.49842544545048E-03 1.52108648391431E-03 1.5427357491576E-03 1.56341405780609E-03 1.58319378253681E-03 1.60215608293937E-03 1.62037559171283E-03 1.63792166519003E-03 1.65486667812156E-03 1.6712833648025E-03 1.68723377524829E-03 1.70277891536144E-03 1.71795953870819E-03 1.73279647963867E-03 1.74724648067512E-03 1.76122590174685E-03 1.77449360047576E-03 1.78684071064286E-03 1.79815587731397E-03 1.8084235352669E-03 1.81763747430639E-03 1.82584579025993E-03 1.83311097638294E-03 1.83955003911033E-03 1.84531782077222E-03 0.001850613594271 1.85558680634032E-03 1.8603784107182E-03 1.86499384129077E-03 1.86941440970905E-03 1.87358332797532E-03 1.8774683042647E-03 1.88093823854362E-03 1.88386729975072E-03 1.88607529472225E-03 1.8874165283517E-03 1.8877612341048E-03 1.88702236737026E-03 1.8851063496394E-03 1.88196358909877E-03 1.87762291810737E-03 1.87215819261328E-03 1.86565719296982E-03 1.85819465638364E-03 1.84984948678949E-03 1.84069462406696E-03 1.83080322201643E-03 1.82023640506209E-03 1.80904357444294E-03 1.79725917090688E-03 1.78492583941231E-03 1.77207992144765E-03 1.75875067391051E-03 1.74495029097746E-03 1.73066809549639E-03 1.71586783548735E-03
1.38995603379545E-03 1.42442744675395E-03 1.45776329075189E-03 1.48991799190135E-03 1.52087147688741E-03 1.55060941495061E-03 1.57913530830207E-03 1.60645458473321E-03 1.63257800219311E-03 1.65752366448599E-03 1.68133846005629E-03 1.70407969197988E-03 1.72584014305242E-03 1.74669909649903E-03 1.76670755769761E-03 1.78591648739107E-03 1.80438601497906E-03 1.82217887186427E-03 1.83934535001464E-03 1.85593396845918E-03 1.87197431369985E-03 1.88749451855258E-03 1.90244939982399E-03 1.91674408670853E-03 1.93008086680656E-03 1.94227880558666E-03 1.95328537634209E-03 1.96312372464753E-03 1.97179592234843E-03 1.97936173054468E-03 1.98589335506175E-03 1.99152952899812E-03 1.99644268759602E-03 2.00084703006328E-03 2.0048812349204E-03 2.00868634108484E-03 2.01221284944581E-03 2.01543463705804E-03 2.01830327773862E-03 2.0207892457278E-03 2.02275290756452E-03 2.02406268661873E-03 2.02459468497219E-03 2.02423762337643E-03 2.02290379468535E-03 2.02050879542338E-03 2.01698966713267E-03 2.01229319703736E-03 2.00648789737357E-03 1.99964248014504E-03 1.99182604956193E-03 1.98308094684021E-03 1.97348153365617E-03 1.96308454985242E-03 1.95195031568175E-03 1.94011923123726E-03 1.92763137170644E-03 1.91450529470942E-03 1.90078317755838E-03 1.88649417985684E-03 1.87167666970286E-03 1.85634455084026E-03 1.8404935708831E-03 1.82409154007259E-03
1.51218225580851E-03 1.55031610209783E-03 1.58715373118909E-03 0.001622645967635 1.65677161266406E-03 1.68952325567893E-03 1.7209126253906E-03 1.75094298282824E-03 1.77962419839833E-03 1.80698343805869E-03 1.83307481461107E-03 1.85798095781965E-03 1.88181204012764E-03 1.90462033920138E-03 1.9264282913567E-03 1.94727735411238E-03 1.96721458099296E-03 1.98628476840303E-03 2.0045168900722E-03 2.02193503514348E-03 2.03855324976249E-03 2.05440698120272E-03 2.06947303289296E-03 2.08361951547856E-03 2.0965358943587E-03 2.10814681656629E-03 2.11846753481609E-03 2.12753028871739E-03 2.13533144349418E-03 2.14194210668267E-03 2.14743543262009E-03 2.15196920581944E-03 2.15572391722574E-03 2.15890739507163E-03 2.16165677115014E-03 2.1640884141809E-03 2.16611227279483E-03 2.16774642500614E-03 2.16896900165136E-03 2.16974052996815E-03 2.16989704248833E-03 2.16933744766472E-03 2.16798727871487E-03 2.16575691806044E-03 2.16258178607119E-03 2.15837821406674E-03 2.15310224128041E-03 2.14671224423722E-03 2.13932706101617E-03 2.13097304246255E-03 2.12168765291056E-03 2.1114878107167E-03 2.10045261144998E-03 2.0886163152361E-03 2.07603567009159E-03 2.06272562744577E-03 2.04871225456832E-03 2.03400300314737E-03 2.01864263072472E-03 2.00265261580367E-03 1.98608734635329E-03 1.96894866564516E-03 1.95123298439854E-03 1.93291361004277E-03
