NongDo/Fusa 17.9h.grd
DSAA
463	323
2	464
2	324
0	10
[rows 140 to 167 of 323, columns 192 to 255 of 463]
7.43240466604616E-03 7.53999236750651E-03 7.64728595867765E-03 7.7539242307743E-03 7.8595218947452E-03 7.9636171157191E-03 8.06575212188903E-03 8.16546399366225E-03 8.26231165723934E-03 8.3558500868186E-03 8.44565706393664E-03 8.53132237974711E-03 8.61249170123222E-03 8.68887459476293E-03 8.7602488818148E-03 8.82646808421081E-03 8.88746878230245E-03 8.94328070215982E-03 8.99400999485049E-03 9.03983253362797E-03 9.08097708494451E-03 9.11771277337307E-03 9.15032867295535E-03 9.17912207283232E-03 9.20438331957753E-03 9.22637991295242E-03 9.24534711287347E-03 9.26148372799974E-03 9.27499760243287E-03 9.28611609801398E-03 9.29508514813653E-03 9.30214965851507E-03 9.30754467959803E-03 9.31149642047799E-03 9.31421743042688E-03 9.31590290369903E-03 9.31671917172758E-03 9.31680417967152E-03 9.31626754235625E-03 9.31519141042551E-03 9.31364086850606E-03 9.3116686384848E-03 9.3093212353262E-03 9.30664869204837E-03 9.30371877180555E-03 9.30062269679924E-03 9.29748404518454E-03 9.29166734628515E-03 0 0 0 0 0 0 0 0 0 0 0 0 0 0 0 0
7.53128941583231E-03 7.63868323496784E-03 7.74535616030443E-03 7.85094827754958E-03 7.95507791171683E-03 8.05728825219582E-03 8.15715536527757E-03 8.25425413370589E-03 8.34818108590801E-03 8.43852455625001E-03 8.52489705439597E-03 8.60692336336318E-03 8.6842884363524E-03 8.75674093393631E-03 8.82409554375653E-03 8.88624248730129E-03 8.94315757601761E-03 8.99491246131374E-03 9.04165245018131E-03 9.08359195380461E-03 9.12099258413547E-03 9.15414757027299E-03 9.18336364351277E-03 9.20894945315926E-03 9.23119931186578E-03 9.25037879449874E-03 9.26671850342662E-03 9.28040784669373E-03 9.29165778607909E-03 9.30070771668531E-03 9.30780500435625E-03 9.31319027225822E-03 9.31709310438705E-03 9.31973368892145E-03 9.32131502796183E-03 9.32202006399542E-03 9.32200171087743E-03 9.32138247821656E-03 9.32025494170259E-03 9.31868222230853E-03 9.31671703475856E-03 9.31440715525359E-03 9.31179534110735E-03 9.30893525792337E-03 9.30592182585516E-03 9.30290912421275E-03 9.29748404518454E-03 0 0 0 0 0 0 0 0 0 0 0 0 0 0 0 0 0
7.62903812785718E-03 7.73589684335272E-03 7.84162320772035E-03 7.94585439709822E-03 8.04821060079438E-03 8.14825816057956E-03 8.24561656251802E-03 8.33989717366026E-03 8.43072780474323E-03 8.51772525989904E-03 8.60053248852917E-03 8.6788123927204E-03 8.75228945026352E-03 8.82074981067695E-03 8.88404530506118E-03 8.94210639962929E-03 8.99495119823466E-03 9.04269313611053E-03 9.08551745392222E-03 9.12367694963476E-03 9.15746404872827E-03 9.18719232295337E-03 9.21318135827431E-03 9.23574523413761E-03 9.25517598452765E-03 9.27173223387835E-03 9.28563656903121E-03 9.29707239803365E-03 9.30625613345547E-03 9.31343394110097E-03 9.31884841857721E-03 9.32273403370848E-03 9.32531453583193E-03 9.32680407846687E-03 9.3273970861911E-03 9.32726279369062E-03 9.32653857180997E-03 9.32533179207938E-03 9.32371947430975E-03 9.32174535166133E-03 9.31944923464313E-03 9.3168804905623E-03 9.31408632896622E-03 9.3111337001328E-03 9.30815826659301E-03 9.30290912421275E-03 0 0 0 0 0 0 0 0 0 0 0 0 0 0 0 0 0 0
7.72554129399206E-03 7.83154361698865E-03 7.93601538753166E-03 8.03858753629044E-03 8.13888992412655E-03 0.008236535897468 8.33117502172826E-03 8.42245227145798E-03 8.51001955145023E-03 8.59352260219984E-03 8.67263411191991E-03 8.74706167850463E-03 8.81656569783865E-03 8.88097062162988E-03 8.94016859845253E-03 8.99413528941179E-03 9.04293327532107E-03 9.08671727071335E-03 9.12571421918833E-03 9.16021346928509E-03 9.19053463587965E-03 9.21700576330414E-03 9.2399537271963E-03 9.2596915754456E-03 9.27650286459993E-03 9.29063518280018E-03 9.30230126277859E-03 9.31168205079615E-03 9.31899602434204E-03 9.32449189367369E-03 9.3284050272349E-03 9.33096246426656E-03 9.3323825070295E-03 9.33287244735142E-03 9.3326174758856E-03 9.33177247104064E-03 9.33045844599491E-03 9.32876702123914E-03 9.32676014837455E-03 9.32446686777352E-03 9.32191618099441E-03 9.3191654616522E-03 9.31628104225003E-03 9.31336331797193E-03 9.30815826659301E-03 0 0 0 0 0 0 0 0 0 0 0 0 0 0 0 0 0 0 0
7.82074691170092E-03 7.92558555219114E-03 8.02850182156723E-03 8.1291332559969E-03 8.2271332015299E-03 8.32215786225296E-03 8.41387412265659E-03 8.50195922713075E-03 8.58608828975632E-03 8.66594152416995E-03 8.7412251717059E-03 8.81169024262573E-03 8.87713225163067E-03 8.93741937239172E-03 8.99248949782218E-03 9.04236591190028E-03 9.08715653450846E-03 9.12705873760119E-03 9.16234078294435E-03 9.19332340083174E-03 9.22034655197703E-03 9.24374734278276E-03 9.26385334782026E-03 9.28096937594346E-03 9.29536528782024E-03 9.30727485044237E-03 9.31690072851011E-03 9.32442410641991E-03 9.33006310536286E-03 9.33406231272338E-03 9.33664748040408E-03 9.33804043973316E-03 9.33845497632025E-03 9.33808944383858E-03 9.3371168074947E-03 9.33567846526201E-03 9.33387948770651E-03 9.33179344008757E-03 9.32946571116135E-03 9.32691818330969E-03 9.32417947361728E-03 9.32132526665603E-03 9.31846148732757E-03 9.31336331797193E-03 0 0 0 0 0 0 0 0 0 0 0 0 0 0 0 0 0 0 0 0
7.91462890515657E-03 8.01800913108457E-03 8.11908682516364E-03 8.21751513667476E-03 8.31296809270773E-03 8.4051343645589E-03 8.49370932010406E-03 8.57839840389136E-03 8.6589049720172E-03 8.73494564791401E-03 8.80626400024871E-03 8.87265087479059E-03 8.93394630916008E-03 8.99006610789014E-03 9.04099845902756E-03 9.08681410906484E-03 9.12766694237527E-03 9.16379623864223E-03 9.1955066939514E-03 9.22314363106056E-03 9.24705938993323E-03 9.26759379628896E-03 9.28506670871003E-03 9.29976866940943E-03 9.31195319658547E-03 9.32183834959465E-03 9.32961615956818E-03 9.3354702646037E-03 9.33961657716402E-03 9.3422896562297E-03 9.34370897808424E-03 9.34409222517877E-03 9.34364745053993E-03 9.34256266764786E-03 9.34099808803125E-03 9.33908051231943E-03 9.33689685097862E-03 9.33450066090459E-03 9.33192446884929E-03 9.32918972301452E-03 9.32634115402472E-03 9.32348918914777E-03 9.31846148732757E-03 0 0 0 0 0 0 0 0 0 0 0 0 0 0 0 0 0 0 0 0 0
8.00702449097326E-03 8.10865012821545E-03 8.2076073022279E-03 8.30356752562898E-03 8.3962232082053E-03 8.48529490801269E-03 8.57051161431662E-03 8.65160781208322E-03 8.72831879972744E-03 8.80039836773451E-03 8.86762959694642E-03 8.92984587177082E-03 8.98693848806099E-03 9.03887460590032E-03 9.08569529784773E-03 9.12751681694338E-03 9.16453754862794E-03 9.1970362444575E-03 9.22534753206357E-03 9.24983356694645E-03 9.27085091201284E-03 9.28873354020735E-03 9.30378634335998E-03 9.31628295314124E-03 9.32645888443069E-03 9.33451613614249E-03 9.34063718770712E-03 9.34500467799253E-03 9.3478270810629E-03 9.34933176177258E-03 9.34973697553246E-03 9.34925464470444E-03 9.34808415035454E-03 9.34640351757295E-03 9.34436265961967E-03 9.34207363301479E-03 9.33960045388661E-03 9.33697159879656E-03 9.33421516285887E-03 9.33136683041335E-03 9.32851701627915E-03 9.32348918914777E-03 0 0 0 0 0 0 0 0 0 0 0 0 0 0 0 0 0 0 0 0 0 0
8.09769319434574E-03 8.19725984639789E-03 8.2938060054862E-03 8.38702397685948E-03 8.47662998413824E-03 8.56237964051462E-03 8.64403457730181E-03 8.72135903876216E-03 8.79412219589192E-03 8.86211789378262E-03 8.92517322652581E-03 8.98316759087396E-03 9.03604496891852E-03 9.08382666766475E-03 9.12660657796921E-03 9.16454327485251E-03 9.1978765344872E-03 9.22692047779812E-03 9.25203113743789E-03 9.27357899067278E-03 9.29191689931842E-03 9.3073654814572E-03 9.32021150235813E-03 9.33070964671555E-03 9.33907483477368E-03 9.34549280499209E-03 9.3501368927851E-03 9.35318806673868E-03 9.35484994290426E-03 9.35534224508188E-03 0.009354879501881 9.35366743210658E-03 9.35189618734943E-03 9.34973423548621E-03 9.34732546520387E-03 9.34477209145864E-03 9.34210604258856E-03 9.33931230539801E-03 9.33644296500606E-03 9.33357186502292E-03 9.32851701627915E-03 0 0 0 0 0 0 0 0 0 0 0 0 0 0 0 0 0 0 0 0 0 0 0
8.18635255385827E-03 8.28355429361733E-03 8.37740044977115E-03 8.46760885350996E-03 8.55392515111598E-03 8.63614110836264E-03 8.7140501373433E-03 8.78744796489064E-03 8.85614075971562E-03 8.91996495542408E-03 8.97879502579446E-03 9.03255844247034E-03 9.08125325410301E-03 9.12495451976011E-03 9.16380661665668E-03 9.19800788846122E-03 9.22783513675201E-03 9.25362965670595E-03 9.27575944016337E-03 9.2945948918612E-03 9.31047798563017E-03 9.32371185479372E-03 9.33456292640519E-03 9.34326417361898E-03 9.35000842625186E-03 9.35496623479109E-03 9.35830318302363E-03 9.36019861053886E-03 9.36085260883406E-03 9.36047801561677E-03 9.35928328934644E-03 9.35746611370162E-03 9.35520709584271E-03 9.35266773262643E-03 9.34999628017735E-03 9.34730025457176E-03 9.34456484531143E-03 9.34164190344491E-03 9.33872077362838E-03 9.33357186502292E-03 0 0 0 0 0 0 0 0 0 0 0 0 0 0 0 0 0 0 0 0 0 0 0 0
8.27269892779126E-03 8.36723427495916E-03 8.45810090390291E-03 0.008545047195752 8.62785185732845E-03 8.70634326499866E-03 8.78034823438904E-03 8.84969610035175E-03 8.91423250168416E-03 8.97383880854385E-03 9.02843842953504E-03 9.07800794626981E-03 9.12259977243353E-03 9.16234046216922E-03 9.19742040806684E-03 9.22807326690759E-03 9.25460495550186E-03 9.27737561492228E-03 9.29675726803344E-03 9.31311261811097E-03 9.32676725622451E-03 9.33800356179704E-03 9.34706465405292E-03 9.35416013400756E-03 9.35946214384776E-03 9.36312764107053E-03 9.3653161439484E-03 9.36620560190786E-03 9.36599385705866E-03 9.36488725858196E-03 9.36308581015352E-03 9.36077536543399E-03 9.35812414384801E-03 9.35529406461708E-03 9.35246773856801E-03 9.34980789488433E-03 9.34726680542918E-03 9.3441169493004E-03 9.33872077362838E-03 0 0 0 0 0 0 0 0 0 0 0 0 0 0 0 0 0 0 0 0 0 0 0 0 0
8.35641979745406E-03 8.44800166857157E-03 8.53562872999414E-03 8.61908446463306E-03 8.69818373173265E-03 8.77279069415618E-03 8.84276696669897E-03 8.90797884713042E-03 0.008968314427391 9.02369997530041E-03 9.07410814676507E-03 9.11956609773194E-03 9.16017882456048E-03 9.19611868402797E-03 9.22761588468396E-03 9.2549346529033E-03 9.27840198600828E-03 9.29838744356089E-03 9.31525961721347E-03 9.32936763372535E-03 9.3410163784195E-03 9.35046513714463E-03 9.35793190533249E-03 9.36360236313681E-03 9.36762991476338E-03 9.37016055880793E-03 9.37134954347795E-03 9.37137302121591E-03 9.37042659508486E-03 9.36871179082624E-03 9.36641844335457E-03 9.36371308431177E-03 9.36074036388632E-03 9.35766527071599E-03 9.35476718022401E-03 9.35241602287363E-03 9.35095278474863E-03 9.3441169493004E-03 0 0 0 0 0 0 0 0 0 0 0 0 0 0 0 0 0 0 0 0 0 0 0 0 0 0
8.43720939091658E-03 8.52557354767691E-03 8.60972787572037E-03 8.68949485616866E-03 8.76472814393202E-03 8.83532660841393E-03 8.90118873967078E-03 8.9622210479438E-03 9.01835534419893E-03 9.06956278975041E-03 9.11586492020456E-03 9.15733900452304E-03 9.19413622601646E-03 9.22646863477553E-03 9.25459950257294E-03 9.27881771772363E-03 9.29946226680162E-03 9.31690439866312E-03 9.33150426556095E-03 9.34359195648123E-03 9.35344814025339E-03 9.36130771874264E-03 9.36736352881533E-03 9.37177775817876E-03 9.37468799391309E-03 9.37623134122587E-03 9.37655943295023E-03 9.37584654326081E-03 9.37428796205232E-03 9.37208260821833E-03 9.36940849397133E-03 9.36640126166082E-03 9.36314806034892E-03 9.35977304797342E-03 9.35674062958335E-03 9.35475764318631E-03 9.35452863967335E-03 0 0 0 0 0 0 0 0 0 0 0 0 0 0 0 0 0 0 0 0 0 0 0 0 0 0 0
8.51479069535323E-03 8.59970542621804E-03 8.68019027865922E-03 8.75610835794877E-03 8.82735348243047E-03 8.89386081424896E-03 8.95556755321989E-03 9.01242062710389E-03 9.06439648387961E-03 9.11151199674629E-03 9.15383603042093E-03 9.1914900841664E-03 9.22466483358481E-03 9.25360695535363E-03 9.27860633468807E-03 9.29996690117513E-03 9.31803187398359E-03 9.33317028354728E-03 9.34572844253594E-03 9.35601282550018E-03 9.36427784263709E-03 9.37073319766887E-03 9.37554728117301E-03 9.37886203814146E-03 9.38080223929216E-03 9.38149696231085E-03 9.38109356380297E-03 9.37976401327973E-03 9.37770620689121E-03 9.37512344346047E-03 9.37218781936047E-03 9.36899608687941E-03 9.36549953223896E-03 9.3615392991581E-03 9.35800569799086E-03 9.35600686888256E-03 9.35452863967335E-03 0 0 0 0 0 0 0 0 0 0 0 0 0 0 0 0 0 0 0 0 0 0 0 0 0 0 0
8.58892485143276E-03 8.67019623794121E-03 8.74685391212128E-03 8.81880433908197E-03 8.88598323202386E-03 8.94836248976229E-03 9.00591675097543E-03 9.05863440488591E-03 9.10653787411727E-03 9.14968869050292E-03 9.18819792754116E-03 9.22222418309787E-03 9.25199196027167E-03 9.27777619845293E-03 9.29988600579905E-03 9.31863168111935E-03 9.33435703997573E-03 9.34742488934805E-03 9.35816044781542E-03 9.36684338580719E-03 9.37370194109511E-03 9.37892200217202E-03 9.38265081870346E-03 9.38501305650315E-03 9.38612182173407E-03 9.38609884925684E-03 9.3850863251672E-03 9.38325158134471E-03 9.38079880289759E-03 9.37795095207497E-03 9.37490108926583E-03 9.37175290384711E-03 9.36826607634159E-03 9.36284504955748E-03 9.35800569799086E-03 9.35600686888256E-03 0 0 0 0 0 0 0 0 0 0 0 0 0 0 0 0 0 0 0 0 0 0 0 0 0 0 0 0
8.65943162681461E-03 8.73690588024669E-03 8.80962053777312E-03 8.87752777569536E-03 8.94060598914577E-03 8.99886111757973E-03 9.0523060687592E-03 9.10097271530098E-03 9.14492921793663E-03 9.18427689438635E-03 9.2191631876611E-03 9.24977758863904E-03 9.27637114649579E-03 9.29923901073933E-03 9.31870126190106E-03 9.33507190438385E-03 9.34869147087976E-03 9.35990891324375E-03 9.36902328737591E-03 9.37628778660343E-03 9.38190660669362E-03 9.38604499442321E-03 9.38883237810945E-03 9.39037828719818E-03 9.39078512348675E-03 9.39016775214263E-03 9.38866162773441E-03 9.38642434701942E-03 9.38366676373118E-03 9.38065234250932E-03 9.37765200575052E-03 9.37499757298389E-03 9.37315109061835E-03 9.36284504955748E-03 0 0 0 0 0 0 0 0 0 0 0 0 0 0 0 0 0 0 0 0 0 0 0 0 0 0 0 0 0 0
8.72617933745272E-03 8.79974454861832E-03 8.86844357366916E-03 8.93227501239846E-03 8.99125989142856E-03 9.0454344979079E-03 9.09485382911438E-03 9.13959313431714E-03 9.17976264043028E-03 9.21549675672793E-03 9.2469742418434E-03 9.27440902482937E-03 9.29807007401805E-03 9.31826560891555E-03 9.33531899217647E-03 9.34954631950169E-03 9.36127789868899E-03 9.37084372320662E-03 9.37851753718859E-03 9.38452773493864E-03 9.38905757922688E-03 9.39225452352441E-03 9.39423238941381E-03 9.3950875096791E-03 9.39491335625435E-03 9.39381709272254E-03 9.39192323573194E-03 9.38937298598614E-03 9.38637873210657E-03 9.38324686235545E-03 9.38031292649561E-03 9.37813385552448E-03 9.37784731317555E-03 0 0 0 0 0 0 0 0 0 0 0 0 0 0 0 0 0 0 0 0 0 0 0 0 0 0 0 0 0 0 0
8.78908674093663E-03 8.85867555437125E-03 8.92333273551131E-03 8.98309932184471E-03 9.03803664390569E-03 9.08821546764096E-03 9.13373340676381E-03 9.17470377233667E-03 9.21127246990905E-03 9.24360220790069E-03 9.27189703997804E-03 9.29638890521116E-03 9.31735767969192E-03 9.33511691771645E-03 9.34998801375922E-03 9.36228663383289E-03 9.37232877523774E-03 9.38042203588715E-03 9.3868164354173E-03 9.39171974780819E-03 9.39529777999427E-03 9.39768183121913E-03 9.39897154118137E-03 9.39925276601321E-03 9.39861139783761E-03 9.39714516445649E-03 9.39496268285935E-03 9.39218041616483E-03 9.38899787633556E-03 9.38573889903651E-03 9.38268199258648E-03 9.38005837523428E-03 9.37784731317555E-03 0 0 0 0 0 0 0 0 0 0 0 0 0 0 0 0 0 0 0 0 0 0 0 0 0 0 0 0 0 0 0
8.84812283894581E-03 8.91371152071792E-03 8.97434245697389E-03 9.03009662937842E-03 9.08107603222885E-03 9.12738754682319E-03 9.1691629344611E-03 9.20654940253849E-03 9.23972281746128E-03 9.26886942390989E-03 9.29421048625766E-03 9.31599074604053E-03 9.33449531303758E-03 9.35003703419756E-03 9.36293232997585E-03 9.37349432687137E-03 9.38202386952457E-03 9.3888031115888E-03 9.39406218805299E-03 9.39799134512731E-03 9.40074093158858E-03 9.40242771342273E-03 9.40314025208621E-03 9.40295605485359E-03 9.40195360197278E-03 9.4002186042787E-03 9.39783765331482E-03 9.39489952800051E-03 9.39159396920185E-03 9.3882500847046E-03 9.38511343541649E-03 9.38005837523428E-03 0 0 0 0 0 0 0 0 0 0 0 0 0 0 0 0 0 0 0 0 0 0 0 0 0 0 0 0 0 0 0 0
0.008903343273763 8.96494918824154E-03 9.02160663575211E-03 9.0734373808678E-03 9.1205823136438E-03 9.16317871070235E-03 9.20138707286947E-03 9.23538500958964E-03 9.26537348018662E-03 9.29155611287378E-03 9.3141654885631E-03 9.33345491184869E-03 9.34971000097388E-03 9.36323931693197E-03 9.37435155017782E-03 9.3833530238569E-03 9.39052751141415E-03 9.39613504230047E-03 9.40038952458787E-03 9.40346497485245E-03 9.40549731191811E-03 9.4065911128373E-03 9.40682678813698E-03 9.40627558983019E-03 9.40501010139297E-03 9.40310265466228E-03 9.40060543219231E-03 9.3975643758467E-03 9.39420986974586E-03 9.39089258952842E-03 9.38511343541649E-03 0 0 0 0 0 0 0 0 0 0 0 0 0 0 0 0 0 0 0 0 0 0 0 0 0 0 0 0 0 0 0 0 0
8.95485384959967E-03 9.01253156327918E-03 9.06530356603342E-03 9.11333124184492E-03 9.15678774301182E-03 9.19583451390093E-03 9.2306598844557E-03 9.26146807051089E-03 9.28848010670406E-03 9.31191037487243E-03 9.33199932797938E-03 9.34900507942819E-03 9.36320969852573E-03 9.37491459407281E-03 9.38441811857385E-03 9.39201758067099E-03 9.39798119918794E-03 9.40254905161051E-03 9.40591925377202E-03 9.40825142363443E-03 9.40966919921577E-03 9.41026689543994E-03 9.41011801800631E-03 0.009409290608756 9.40785731186248E-03 9.4058874815757E-03 9.40338968339903E-03 9.40026534264519E-03 9.39692477735833E-03 9.39089258952842E-03 0 0 0 0 0 0 0 0 0 0 0 0 0 0 0 0 0 0 0 0 0 0 0 0 0 0 0 0 0 0 0 0 0 0
9.00279870516824E-03 9.05663172548565E-03 9.10563267445515E-03 9.14999637977071E-03 9.18992222677702E-03 9.22559484202277E-03 9.25722803477316E-03 9.28504706712704E-03 9.30928682137597E-03 9.33016914264356E-03 9.34793896047756E-03 9.36285510720122E-03 9.37519301842665E-03 9.38524493762331E-03 9.39329795114622E-03 9.39963875927988E-03 9.40452058098927E-03 9.40816648730109E-03 9.4107602794858E-03 9.41244901383336E-03 9.41334615187154E-03 9.41353694947158E-03 9.4130883707461E-03 9.41206851309612E-03 9.41056251225054E-03 9.40867714453883E-03 9.40642277643925E-03 9.40308210319845E-03 9.39692477735833E-03 0 0 0 0 0 0 0 0 0 0 0 0 0 0 0 0 0 0 0 0 0 0 0 0 0 0 0 0 0 0 0 0 0 0 0
9.04734751736646E-03 9.09744139992879E-03 9.14280223309561E-03 9.18365257347069E-03 9.22021568299231E-03 9.25269812482148E-03 9.28133341806942E-03 9.3063628195934E-03 9.32802951319946E-03 9.34655993337271E-03 9.36219898380686E-03 9.37520348149871E-03 9.38584077468551E-03 9.39439292888343E-03 9.40113635427671E-03 9.40634617474356E-03 9.41026194037558E-03 9.41309140588906E-03 9.41500554323669E-03 9.41614050254813E-03 9.41660112944973E-03 9.41646564368599E-03 9.41579622042051E-03 0.009414660981651 9.4131659993562E-03 9.41155117754842E-03 9.41035398033081E-03 9.40308210319845E-03 0 0 0 0 0 0 0 0 0 0 0 0 0 0 0 0 0 0 0 0 0 0 0 0 0 0 0 0 0 0 0 0 0 0 0 0
9.08869786337958E-03 9.13517353016787E-03 9.17703586059486E-03 9.21453068481124E-03 9.24790233544631E-03 9.27737807024128E-03 9.30320633020982E-03 9.32563823214197E-03 9.34492026089098E-03 9.36128186776209E-03 9.37496489794426E-03 9.38622075471677E-03 9.39530808254873E-03 9.40249941399188E-03 9.40806104004849E-03 9.41225555866987E-03 9.4153092990535E-03 9.41741679809261E-03 9.41873771515194E-03 9.4193987522811E-03 9.41949797054599E-03 9.41910947948727E-03 9.41829350532876E-03 9.41711147318509E-03 9.41564441176166E-03 9.41415721746425E-03 9.41393989568315E-03 0 0 0 0 0 0 0 0 0 0 0 0 0 0 0 0 0 0 0 0 0 0 0 0 0 0 0 0 0 0 0 0 0 0 0 0 0
9.1270554278157E-03 9.1700433880571E-03 9.20855512005912E-03 9.24285582892075E-03 9.27320771425536E-03 9.29985684498857E-03 9.32306126823883E-03 9.34307733355485E-03 9.36015105488185E-03 9.37451302232205E-03 9.38639906092881E-03 9.39605339904952E-03 9.40372757680223E-03 9.40968442945896E-03 9.41418016957865E-03 9.41746407322102E-03 9.41975044365094E-03 9.42122183783434E-03 9.42202739135607E-03 9.42228570553681E-03 9.42209007930008E-03 9.42151521763141E-03 9.42062857830395E-03 9.41949135169805E-03 9.41807231408028E-03 9.41584249812597E-03 9.41393989568315E-03 0 0 0 0 0 0 0 0 0 0 0 0 0 0 0 0 0 0 0 0 0 0 0 0 0 0 0 0 0 0 0 0 0 0 0 0 0
9.16262135840665E-03 9.20225511211679E-03 9.23756357577131E-03 9.2688294057623E-03 9.29633020533493E-03 9.32032610855695E-03 9.34108045246345E-03 9.35885209055909E-03 9.3738837270824E-03 9.38640280063555E-03 9.39663746507663E-03 9.40482628697859E-03 9.41121395166538E-03 9.41605308907525E-03 9.41958918751488E-03 9.42205853945672E-03 9.4236641618799E-03 9.42457737129255E-03 9.42493777290761E-03 9.42485706336472E-03 9.42442528394798E-03 9.42372314466153E-03 9.42284541513761E-03 9.42193089852577E-03 9.42118011426963E-03 9.41584249812597E-03 0 0 0 0 0 0 0 0 0 0 0 0 0 0 0 0 0 0 0 0 0 0 0 0 0 0 0 0 0 0 0 0 0 0 0 0 0 0
9.19558318208033E-03 9.23199736972767E-03 9.26424984503405E-03 9.29263759661804E-03 9.31745026006702E-03 9.33895784149695E-03 9.35742595407407E-03 9.37311306956313E-03 9.38625578847634E-03 9.39707563165088E-03 9.40579446345401E-03 9.41264582140755E-03 9.41786576728491E-03 9.42169622164439E-03 9.42437169977135E-03 9.42611586394451E-03 9.42712027953965E-03 9.42754589891608E-03 9.42752431680409E-03 9.42716215932685E-03 9.4265480793259E-03 9.42576961656838E-03 9.42494983808592E-03 9.42430488006163E-03 9.42412393487933E-03 0 0 0 0 0 0 0 0 0 0 0 0 0 0 0 0 0 0 0 0 0 0 0 0 0 0 0 0 0 0 0 0 0 0 0 0 0 0 0
9.22610043526501E-03 9.25942886885074E-03 9.28876985097199E-03 9.31443257671224E-03 9.33671563253044E-03 9.35589503661068E-03 9.37223520954537E-03 9.38598989762053E-03 9.39738765596889E-03 9.40664441689216E-03 9.41397645576601E-03 9.41961058168209E-03 9.42377311636717E-03 9.4266956501001E-03 9.42860201997291E-03 9.42970294584504E-03 9.43017832477305E-03 9.43018008427369E-03 9.42983349353661E-03 9.42924226013222E-03 9.42849656813872E-03 9.42769022434704E-03 9.42695686960616E-03 9.42648147486995E-03 9.42412393487933E-03 0 0 0 0 0 0 0 0 0 0 0 0 0 0 0 0 0 0 0 0 0 0 0 0 0 0 0 0 0 0 0 0 0 0 0 0 0 0 0
9.25431469383241E-03 9.28469112620604E-03 9.31126467714811E-03 9.33435393841156E-03 9.35426223793576E-03 9.37126808247943E-03 9.38563119115079E-03 9.39759741353556E-03 9.40738745020126E-03 9.41521127945461E-03 9.4212783574939E-03 9.42580710396002E-03 9.42901491015938E-03 9.43112269246391E-03 9.43234350812996E-03 9.43287501101401E-03 9.43288644630082E-03 9.43252191224532E-03 9.43190163541785E-03 9.43112814813426E-03 9.43029567636183E-03 9.42951034016322E-03 9.42893633161555E-03 9.42878680527985E-03 0 0 0 0 0 0 0 0 0 0 0 0 0 0 0 0 0 0 0 0 0 0 0 0 0 0 0 0 0 0 0 0 0 0 0 0 0 0 0 0
