NongDo/Fusa 14h.grd
DSAA
463	323
2	464
2	324
0	10
[rows 140 to 167 of 323, columns 192 to 255 of 463]
7.03198062702835E-03 7.09503428669551E-03 7.1573419265863E-03 7.21879100017387E-03 7.27924105019121E-03 7.33851601118786E-03 0.007396450145977 7.45287151308141E-03 7.50761374293209E-03 7.56050233232797E-03 7.61137132824837E-03 7.66005987235164E-03 7.70643422568145E-03 7.75038419801722E-03 7.79182435787158E-03 7.83069749347804E-03 7.86697708937796E-03 7.90066973356927E-03 7.93180454344813E-03 7.96043292668155E-03 7.98662185470741E-03 8.01045093489474E-03 8.0320052943157E-03 8.05137485326499E-03 8.06864986130287E-03 8.08391788691759E-03 8.09726557073894E-03 8.10878251725615E-03 8.11858530102437E-03 8.12681192928517E-03 8.13361136384193E-03 8.13912627384129E-03 8.14348577926384E-03 8.14680810877162E-03 8.14919692980779E-03 8.15074040065644E-03 8.15150645824793E-03 8.15154821474135E-03 8.15090757364885E-03 8.14961899184599E-03 8.14771575101739E-03 8.14522254028096E-03 8.14215515741753E-03 8.13852435153954E-03 8.13433765947462E-03 8.12958542727925E-03 8.12424751608137E-03 8.11224752528767E-03 0 0 0 0 0 0 0 0 0 0 0 0 0 0 0 0
7.09514404264017E-03 7.15747241204446E-03 7.21892449947427E-03 7.27939112479731E-03 7.33873505474406E-03 7.39678225247661E-03 7.45338004336655E-03 7.50836790700172E-03 7.56158887289094E-03 7.61287569847513E-03 7.66207001954471E-03 7.70901717633531E-03 7.75359064121749E-03 7.79568710355879E-03 7.8352272026009E-03 7.87216072851348E-03 7.90647081450155E-03 7.93817595245635E-03 7.96731648087132E-03 7.99395581700934E-03 8.01817150521325E-03 8.04005245902418E-03 8.05969372933142E-03 8.07719508228314E-03 8.09265582556664E-03 8.10617276115012E-03 8.11784213382545E-03 8.12776102685065E-03 8.13606020912195E-03 8.14289331910783E-03 8.14841416910908E-03 8.1527644985123E-03 8.15607030556206E-03 8.15844462188045E-03 8.15998329294307E-03 8.16076709625619E-03 8.16085725165824E-03 8.16029848297992E-03 8.15912331990024E-03 8.15735660261332E-03 8.15502809809616E-03 8.15215873779618E-03 8.14875137517032E-03 8.14480310694547E-03 8.1403208470812E-03 8.13532366884392E-03 8.12424751608137E-03 0 0 0 0 0 0 0 0 0 0 0 0 0 0 0 0 0
7.15676726112662E-03 7.21827942757883E-03 7.27879191577397E-03 7.33819524244801E-03 7.39635402087537E-03 7.45310462759332E-03 7.50831146324115E-03 7.56182438703929E-03 7.61349264808467E-03 7.66315360022565E-03 7.71065388255307E-03 7.75584612589828E-03 7.79861063614118E-03 7.83884973739671E-03 7.87648994859486E-03 7.91148952427641E-03 7.94384253097866E-03 7.9735793998721E-03 8.00075273646375E-03 8.02543900641587E-03 8.04772679573701E-03 8.06771415095457E-03 8.08550542166255E-03 8.10120920889957E-03 8.11493273814287E-03 8.1267810388217E-03 8.13685906060583E-03 8.14527436218926E-03 8.15217304246621E-03 8.15771895522315E-03 8.16206483368258E-03 8.16534919597398E-03 8.16769393025852E-03 8.16920772579442E-03 8.16998085218022E-03 8.17008517949198E-03 8.16957288961036E-03 8.16848196706328E-03 8.16683787734396E-03 8.16465147750519E-03 8.16194053562863E-03 8.15872263952762E-03 8.15498585875165E-03 8.15070189131008E-03 8.14587096517675E-03 8.13532366884392E-03 0 0 0 0 0 0 0 0 0 0 0 0 0 0 0 0 0 0
7.21686391654976E-03 7.27747859531831E-03 7.33697665753042E-03 7.39524458786953E-03 7.45215310411085E-03 7.50756095916623E-03 7.56134134625069E-03 7.61335280913011E-03 7.66344638095574E-03 7.71146313222182E-03 7.75725329724378E-03 7.80067958831946E-03 7.84162627532535E-03 7.88000116274894E-03 7.91573792484419E-03 7.94880581255069E-03 7.97921103953168E-03 8.00699632536168E-03 8.03222888072562E-03 8.05499914808427E-03 8.07540727050135E-03 8.09355957109751E-03 8.10956896603807E-03 8.12355153139076E-03 8.13562085471412E-03 8.14588931821775E-03 8.1544705148327E-03 8.16148422904531E-03 8.16708742047852E-03 8.17144975313098E-03 8.17472012547186E-03 8.17703143490853E-03 8.17850131585203E-03 8.17923438548451E-03 8.17931642053758E-03 8.17880973226271E-03 8.1777560838424E-03 8.17618650274675E-03 8.17411992337608E-03 8.17155288213153E-03 8.16848210093405E-03 8.16491669892174E-03 8.16082868976342E-03 8.15616926264721E-03 8.14587096517675E-03 0 0 0 0 0 0 0 0 0 0 0 0 0 0 0 0 0 0 0
7.27549730767971E-03 7.33514078926019E-03 7.39355355562116E-03 7.45062447773915E-03 7.50623861277619E-03 7.56027362697558E-03 7.61260210311694E-03 7.66308878853948E-03 7.71158466046303E-03 7.75793624030619E-03 7.80199837576488E-03 7.84364221801028E-03 7.88275430598068E-03 7.91925025760402E-03 7.95307379720829E-03 7.98420690927951E-03 8.01266928216288E-03 8.03851846517167E-03 8.06183850956951E-03 8.08273356534935E-03 8.10131437816464E-03 8.11769552168288E-03 8.13199741293986E-03 8.14434145181281E-03 0.008154845965468 8.16362983381325E-03 8.17081548299569E-03 8.17653510381768E-03 8.18095254444107E-03 8.1842362006434E-03 8.18652684641399E-03 0.008187953230165 8.18863026698604E-03 8.18865704866542E-03 8.18811166328749E-03 8.1870487547611E-03 8.18550047360207E-03 8.18348503568328E-03 8.1810071642536E-03 8.1780510902878E-03 8.17459489638117E-03 8.17063200313963E-03 8.16612858322321E-03 8.15616926264721E-03 0 0 0 0 0 0 0 0 0 0 0 0 0 0 0 0 0 0 0 0
7.33280229027596E-03 7.39141221046878E-03 7.44868366020236E-03 7.50451262728834E-03 7.55879509565684E-03 7.61141975375418E-03 7.66226228055901E-03 7.71118894360471E-03 7.75805240280573E-03 7.80270462722778E-03 7.84500575917146E-03 7.88483246863206E-03 7.9220787077359E-03 7.95667003054983E-03 7.9885632914235E-03 8.01775455955657E-03 8.04427974473763E-03 8.06821333223827E-03 8.08965606764627E-03 8.10872489868705E-03 8.12553966688639E-03 8.1402223216168E-03 8.15289786993359E-03 8.16369092409203E-03 0.008172723816155 8.18012046597189E-03 8.18601010314841E-03 8.19053666636386E-03 0.008193867940515 8.19616458158197E-03 8.19756025840775E-03 8.1981807188831E-03 8.19813864612585E-03 8.19752756415609E-03 8.19641783604319E-03 8.19485472541361E-03 8.19285504111863E-03 8.19041676169403E-03 8.18752756499669E-03 8.18415603708841E-03 8.18026262416747E-03 8.17583211280233E-03 8.16612858322321E-03 0 0 0 0 0 0 0 0 0 0 0 0 0 0 0 0 0 0 0 0 0
7.38888693651798E-03 7.44640828424217E-03 7.50249028992762E-03 7.55703541714718E-03 7.60994522384612E-03 7.6611165794405E-03 7.71042962079738E-03 7.75775142356455E-03 7.80293767095751E-03 7.84584513291059E-03 7.88633905152177E-03 7.92430313343509E-03 7.95964383385783E-03 7.99230002578458E-03 8.02224470802163E-03 8.04948924009588E-03 8.07408809183789E-03 8.09613411621568E-03 8.11574373437358E-03 8.13304512734545E-03 8.14816525402399E-03 8.16123005583073E-03 8.17236563272989E-03 8.18169939685442E-03 8.18935719627676E-03 8.19546720352417E-03 8.20016444428506E-03 8.20359734789911E-03 8.20592850197314E-03 8.2073143874121E-03 8.2078883481678E-03 8.2077713711799E-03 8.20707147005342E-03 8.2058796530137E-03 8.20426349923862E-03 8.20225509205753E-03 8.19984222493897E-03 8.19698587520556E-03 8.19365729507828E-03 8.18981443302299E-03 0.00818542620811 8.17583211280233E-03 0 0 0 0 0 0 0 0 0 0 0 0 0 0 0 0 0 0 0 0 0 0
7.44381708168732E-03 7.50019290409825E-03 7.55503244002534E-03 7.60824290834361E-03 7.6597305681789E-03 7.70939961078146E-03 7.75713281614536E-03 7.80279793151075E-03 7.84625398649657E-03 7.88736357270841E-03 7.92599939278629E-03 7.96205515247053E-03 7.99545256855866E-03 8.02614791400659E-03 8.05413279544792E-03 8.07943487894006E-03 8.10212870393421E-03 8.12232625563903E-03 8.14015731144338E-03 8.15575869728285E-03 8.16926164257222E-03 8.18079275391069E-03 8.19047828517376E-03 8.19844755611222E-03 8.20482768988452E-03 8.20974909061142E-03 8.21334964319501E-03 8.2157791424384E-03 8.21719567064312E-03 8.2177502257509E-03 8.21757419964375E-03 8.21678468940968E-03 8.21548600820968E-03 8.21376981074583E-03 8.21170695815339E-03 8.20931593040256E-03 8.20652873063101E-03 8.20322378454894E-03 8.19938636353732E-03 8.19498371544358E-03 0.00818542620811 0 0 0 0 0 0 0 0 0 0 0 0 0 0 0 0 0 0 0 0 0 0 0
7.49761912047053E-03 7.55278656411306E-03 7.60632300993017E-03 7.65814035614035E-03 7.70814976284307E-03 7.75626102724407E-03 7.80235769773556E-03 7.8463084786998E-03 7.88797711369979E-03 7.92723380005781E-03 7.9639617181617E-03 7.99806741385145E-03 8.02949105141178E-03 8.05820907227352E-03 8.08423351105482E-03 8.10761030750261E-03 8.12843519635573E-03 8.14683728594232E-03 8.16295615760005E-03 8.17693392277532E-03 8.18890287290588E-03 8.19898914564908E-03 8.2073188520616E-03 0.008214020722172 8.21922020013563E-03 8.22304824439762E-03 8.22564387849574E-03 8.22715691220641E-03 8.22774104665158E-03 8.22754105578798E-03 8.2266837894163E-03 8.22528198830097E-03 8.22343855383273E-03 8.22125082167847E-03 8.21880599949527E-03 8.21612227095856E-03 8.21302971975611E-03 8.20914339120219E-03 8.20465517868946E-03 8.19498371544358E-03 0 0 0 0 0 0 0 0 0 0 0 0 0 0 0 0 0 0 0 0 0 0 0 0
7.55028633888816E-03 7.60417453564009E-03 7.65633931812685E-03 7.7066976809415E-03 7.75516511554806E-03 7.80165549505574E-03 7.84605331962012E-03 7.88822903799388E-03 7.92805255003793E-03 7.96540410491616E-03 8.00018024297508E-03 8.03230326824574E-03 8.06173492398316E-03 8.08847415215947E-03 8.1125547851304E-03 8.1340418177516E-03 8.1530501508414E-03 8.1697234103157E-03 8.18420790634567E-03 8.19664751122054E-03 8.20717315253215E-03 8.21590900567871E-03 8.22297885825156E-03 8.22850865973543E-03 8.23262121515614E-03 8.23544654328419E-03 8.2371237655134E-03 8.23780226887657E-03 8.2376326688459E-03 8.23675217164201E-03 8.23527893428537E-03 8.23331694376748E-03 8.2309652653748E-03 8.22833936177001E-03 8.22559070976788E-03 8.22281043523396E-03 8.2197090390886E-03 8.21477701622336E-03 8.20465517868946E-03 0 0 0 0 0 0 0 0 0 0 0 0 0 0 0 0 0 0 0 0 0 0 0 0 0
7.6017808458177E-03 7.65431207486702E-03 7.70503041692335E-03 7.75385845348615E-03 7.80071551674608E-03 7.84551799429226E-03 7.88815213768308E-03 7.92849225312403E-03 0.007966416744571 8.00181742404716E-03 8.03460692509892E-03 8.06472731301618E-03 8.09216466080891E-03 8.11694095722798E-03 8.13911198227877E-03 8.15876203828885E-03 8.17602255306007E-03 8.19104755844964E-03 8.20398655291012E-03 8.21498234704656E-03 8.22416222893978E-03 8.23164655133521E-03 8.23755434307217E-03 8.24200684465544E-03 8.24512345391972E-03 8.24703317383686E-03 8.24787534294309E-03 8.24779794248819E-03 8.24694784482539E-03 8.24545557060326E-03 8.24342656307895E-03 8.24094235492799E-03 8.23807848708483E-03 8.23497273441442E-03 8.2319526222567E-03 8.22944765681978E-03 8.22776941005281E-03 8.21477701622336E-03 0 0 0 0 0 0 0 0 0 0 0 0 0 0 0 0 0 0 0 0 0 0 0 0 0 0
7.65203710805659E-03 7.70312832238421E-03 7.75232069708291E-03 7.79954304131345E-03 7.84471837765444E-03 7.88776437199235E-03 7.92857087788439E-03 7.96701900954605E-03 8.00299768116154E-03 8.0364122897151E-03 8.06719463730025E-03 8.09531025165358E-03 8.12076964257087E-03 8.14361794649458E-03 8.16393221174362E-03 8.18181511213385E-03 8.19741037943564E-03 8.21087852033033E-03 8.22236994809177E-03 8.23202321890918E-03 8.23995934550301E-03 8.24629295005453E-03 8.25113666178989E-03 8.25460513724684E-03 8.25681428266673E-03 8.25789173126379E-03 8.25797668591629E-03 8.25721642501282E-03 8.25575747497866E-03 8.25372522533205E-03 8.25120544224018E-03 8.24823099088133E-03 8.2447874250014E-03 8.24095285719114E-03 8.23739862890331E-03 8.23513435754099E-03 8.2348060429598E-03 0 0 0 0 0 0 0 0 0 0 0 0 0 0 0 0 0 0 0 0 0 0 0 0 0 0 0
7.70097122222821E-03 7.7505376488549E-03 7.79812411446983E-03 7.84366537001125E-03 7.8870877880038E-03 7.92831133548303E-03 7.96723200174759E-03 8.00373952004832E-03 8.03773573769524E-03 8.06914287656575E-03 8.0979148937386E-03 8.1240412088428E-03 8.14755642423166E-03 8.16852938010033E-03 8.18705752699551E-03 8.20325748945767E-03 8.21728076020088E-03 8.22929275108266E-03 8.23944202722415E-03 8.24785979343974E-03 8.25465850120718E-03 8.25994434892899E-03 0.008263821112266 8.2663974193168E-03 8.26778644168445E-03 8.26811288145733E-03 8.26751400883056E-03 8.26613817095995E-03 8.26413837688617E-03 8.26164361620147E-03 8.25872270778047E-03 8.25532998564381E-03 8.25119868141784E-03 8.24590042392708E-03 8.2409479401122E-03 8.23836726067379E-03 8.2348060429598E-03 0 0 0 0 0 0 0 0 0 0 0 0 0 0 0 0 0 0 0 0 0 0 0 0 0 0 0
7.74848441237418E-03 7.79644295938828E-03 7.84234561399435E-03 7.88613376815214E-03 7.92773789802667E-03 7.96708154089323E-03 8.00406776745087E-03 8.03859761224231E-03 8.07058932812874E-03 8.09998474497806E-03 8.12676053043595E-03 8.15092935724932E-03 8.17255033990815E-03 8.19171536935067E-03 8.2085399102345E-03 8.22314991674326E-03 8.23570318025492E-03 8.24636809894035E-03 8.25528620398162E-03 8.26257792803126E-03 8.26834538441132E-03 8.27268530051115E-03 8.27569301179709E-03 8.27747096385539E-03 8.27812824531304E-03 8.27778527204693E-03 8.27657570018673E-03 8.27464906788303E-03 8.27217477269231E-03 8.26930738843825E-03 8.26613643682533E-03 8.2625955291216E-03 8.25801454710878E-03 8.24928763966584E-03 8.2409479401122E-03 8.23836726067379E-03 0 0 0 0 0 0 0 0 0 0 0 0 0 0 0 0 0 0 0 0 0 0 0 0 0 0 0 0
7.79447854815726E-03 7.84075041412662E-03 7.88489675703285E-03 7.92686684981096E-03 7.96659618634922E-03 8.00401165473413E-03 8.03902581924676E-03 8.07155486063507E-03 8.10153671585593E-03 8.12893350976283E-03 8.15374450912863E-03 8.17600531469168E-03 8.19579854222681E-03 8.21323659337665E-03 8.22844914344579E-03 8.24157132281871E-03 8.25276617307147E-03 8.26219916496952E-03 8.26999890684502E-03 8.27627332576203E-03 8.28111366870623E-03 8.28460822111471E-03 8.28684522859033E-03 8.28791996616817E-03 8.28793518466063E-03 8.28700604913666E-03 8.28526093963063E-03 8.28284503328567E-03 8.27994616087826E-03 8.27677568801141E-03 8.27353791609483E-03 8.27052569701473E-03 8.26824132357321E-03 8.24928763966584E-03 0 0 0 0 0 0 0 0 0 0 0 0 0 0 0 0 0 0 0 0 0 0 0 0 0 0 0 0 0 0
7.83885824270036E-03 7.88337136241539E-03 7.92569674608046E-03 0.007965792536546 8.00360037416721E-03 8.03904981204224E-03 8.0720679842699E-03 8.10258970705371E-03 8.13057423799706E-03 8.15600357347051E-03 8.17890009678126E-03 8.19932127139057E-03 8.21737001029515E-03 8.23317662899302E-03 8.24688145787932E-03 8.25862838622887E-03 8.26857973815898E-03 8.27689327935045E-03 8.28368393653381E-03 8.2890462596559E-03 8.2930612431202E-03 8.29580952870944E-03 8.29737256782323E-03 8.29783777640712E-03 8.29730060201833E-03 8.2958680770579E-03 8.29365633710722E-03 8.29079493090026E-03 8.28748024090271E-03 8.28397409261468E-03 8.28056116643185E-03 8.2778670368402E-03 8.27742430038541E-03 0 0 0 0 0 0 0 0 0 0 0 0 0 0 0 0 0 0 0 0 0 0 0 0 0 0 0 0 0 0 0
7.8815328896846E-03 7.92422561585584E-03 7.96467793950854E-03 8.0028552396648E-03 8.03870536858159E-03 8.07216556560872E-03 8.1031820235138E-03 8.13170895750422E-03 8.15772668028085E-03 8.18123768740392E-03 8.20228716748414E-03 8.2209526527685E-03 8.23735423579892E-03 8.25163586048395E-03 8.26394550047413E-03 0.008274433346908 8.28325566258405E-03 8.29055862578451E-03 8.2964433932952E-03 8.30099364670444E-03 8.30428241285822E-03 8.30638233955361E-03 8.30736645516474E-03 8.30731519701871E-03 8.30631638138916E-03 8.30446444459478E-03 8.30185288894282E-03 8.29857288297676E-03 8.29479163510323E-03 8.29077110101222E-03 8.28667637221586E-03 8.28259409335956E-03 8.27742430038541E-03 0 0 0 0 0 0 0 0 0 0 0 0 0 0 0 0 0 0 0 0 0 0 0 0 0 0 0 0 0 0 0
7.9224107086087E-03 7.96323394975988E-03 8.00177425313605E-03 8.03800372841798E-03 8.07187976832136E-03 8.10335225428331E-03 8.13238482895025E-03 8.15895214950803E-03 8.18305532372942E-03 8.20471741022959E-03 8.22400338354467E-03 8.24100873306317E-03 8.25586703558915E-03 8.26873141241257E-03 8.27975484994238E-03 8.28909156593261E-03 8.29688984508517E-03 8.3032801140345E-03 8.30835228925309E-03 8.31218132082825E-03 8.3148333894485E-03 8.31637368461269E-03 8.31686844137877E-03 8.31639140371227E-03 8.31502014253314E-03 8.31282874154302E-03 8.30987199918878E-03 8.30617975669136E-03 8.30187284391404E-03 8.29719480737231E-03 8.29223750050523E-03 8.28259409335956E-03 0 0 0 0 0 0 0 0 0 0 0 0 0 0 0 0 0 0 0 0 0 0 0 0 0 0 0 0 0 0 0 0
7.9614308683205E-03 8.00035065510127E-03 8.03695513500338E-03 8.07122591540343E-03 0.008103132977476 8.1326390045666E-03 8.15972436540013E-03 8.18438473477082E-03 8.20664159467445E-03 8.22653667464768E-03 8.24415196101939E-03 8.25959849159316E-03 8.27301962353326E-03 8.2845747188587E-03 8.29441938973476E-03 8.30270746213576E-03 8.3095752151079E-03 8.31513960774732E-03 8.31948347543776E-03 8.32267346117748E-03 8.32476835333722E-03 8.32582789699405E-03 8.3259150679432E-03 8.32509768929316E-03 8.32344100960454E-03 8.32098667716111E-03 0.008317711395731 8.3135355664311E-03 8.30861587825499E-03 8.30321331612326E-03 8.29223750050523E-03 0 0 0 0 0 0 0 0 0 0 0 0 0 0 0 0 0 0 0 0 0 0 0 0 0 0 0 0 0 0 0 0 0
7.99856266206764E-03 8.03556352087231E-03 8.07022847671035E-03 8.10255101611505E-03 8.13251293019966E-03 8.16008853040918E-03 8.18527686272164E-03 8.20809459894348E-03 8.22858253175202E-03 8.24679793355104E-03 8.2628382219819E-03 8.27682749617343E-03 8.28891539418383E-03 8.29926438193354E-03 8.3080291817363E-03 8.31536097515861E-03 8.32138562379762E-03 8.32620787814545E-03 8.32990350008877E-03 8.33253229596195E-03 8.33414708920463E-03 8.33480351880023E-03 8.33456278361578E-03 8.33349040916021E-03 8.33164542216241E-03 8.32904137778359E-03 8.32552607396673E-03 8.32067632033945E-03 8.3149698782658E-03 8.30321331612326E-03 0 0 0 0 0 0 0 0 0 0 0 0 0 0 0 0 0 0 0 0 0 0 0 0 0 0 0 0 0 0 0 0 0 0
8.03380551901725E-03 8.06889068010246E-03 8.1016320777607E-03 8.13203380963314E-03 8.16008793401804E-03 8.18578213369706E-03 8.20913534203962E-03 8.23018386068375E-03 8.24898530675107E-03 8.26561139851775E-03 8.2801733726542E-03 8.29280532424266E-03 8.30365994012467E-03 0.008312899910411 8.32067695257787E-03 8.32713817563142E-03 8.33239967702408E-03 8.3365564654314E-03 8.3396782403407E-03 8.3418199932183E-03 8.34303101100316E-03 8.34336254935669E-03 8.34287199502749E-03 8.34162800621432E-03 8.33970671592867E-03 8.33715723545688E-03 8.3337320220934E-03 8.32758660701916E-03 8.3149698782658E-03 0 0 0 0 0 0 0 0 0 0 0 0 0 0 0 0 0 0 0 0 0 0 0 0 0 0 0 0 0 0 0 0 0 0 0
8.0671827567182E-03 8.10037217694554E-03 8.13122080059425E-03 8.15974189210746E-03 8.18593911817673E-03 8.20981501179041E-03 8.23140636839731E-03 8.25076770099149E-03 8.2679713395694E-03 8.28310214011393E-03 8.29628154991737E-03 8.30765116383022E-03 0.008317364463288 8.32558214429869E-03 8.3324524136182E-03 8.33811779441364E-03 8.34268704771928E-03 8.34624716761738E-03 8.34886324899235E-03 8.3505873606128E-03 8.35146675567138E-03 8.35154912400365E-03 8.35088685391817E-03 8.34954876682034E-03 8.34764798126351E-03 8.3454705293791E-03 8.34375351218001E-03 8.32758660701916E-03 0 0 0 0 0 0 0 0 0 0 0 0 0 0 0 0 0 0 0 0 0 0 0 0 0 0 0 0 0 0 0 0 0 0 0 0
8.09874872623621E-03 8.13007623881745E-03 8.15907500689175E-03 8.1857668636508E-03 8.21016819995406E-03 8.2322976326285E-03 8.25220794672912E-03 8.2699689027306E-03 8.28566500304192E-03 8.29939340043038E-03 8.3112828931008E-03 8.32147901998791E-03 8.33013419527999E-03 8.33740694683569E-03 8.34344239401659E-03 8.34837820899588E-03 8.3523170001487E-03 8.35534058390915E-03 8.35751157794071E-03 8.35888106334536E-03 8.35949663858383E-03 8.35940469286965E-03 8.35864995097289E-03 8.35727253126083E-03 8.35530966676185E-03 8.35305295231206E-03 8.35262849117267E-03 0 0 0 0 0 0 0 0 0 0 0 0 0 0 0 0 0 0 0 0 0 0 0 0 0 0 0 0 0 0 0 0 0 0 0 0 0
0.008128583719095 8.1580949121746E-03 8.18529747206764E-03 8.21022137394263E-03 8.2328960921375E-03 8.25335704951422E-03 8.27167030306805E-03 8.28791825552467E-03 8.30219536619213E-03 8.31460974253102E-03 8.32529415887245E-03 8.33439544527498E-03 8.34206569008298E-03 8.34846085571617E-03 8.3537233708713E-03 8.35798610555106E-03 8.36134809879941E-03 8.36388809605121E-03 8.36566727238078E-03 8.3667374561647E-03 8.36714988421081E-03 8.36695687370682E-03 8.36620601869098E-03 8.36489682313285E-03 8.36274970740711E-03 8.35825482553654E-03 8.35262849117267E-03 0 0 0 0 0 0 0 0 0 0 0 0 0 0 0 0 0 0 0 0 0 0 0 0 0 0 0 0 0 0 0 0 0 0 0 0 0
8.1567881752153E-03 8.18453631725707E-03 8.21000201569522E-03 8.23322427044553E-03 8.25424620868685E-03 8.27311835018963E-03 8.28991771561938E-03 8.30473798877082E-03 8.31768181062364E-03 8.32886435969916E-03 8.33841945263905E-03 8.34649591449763E-03 8.35324594402476E-03 8.3588226768938E-03 8.36336556762326E-03 8.36700418898742E-03 8.36983645114794E-03 8.37193926138273E-03 8.37337312756069E-03 8.37419117332444E-03 8.37444957693222E-03 8.37421852817432E-03 8.37359380803341E-03 8.3727020442907E-03 8.37171246196911E-03 8.35825482553654E-03 0 0 0 0 0 0 0 0 0 0 0 0 0 0 0 0 0 0 0 0 0 0 0 0 0 0 0 0 0 0 0 0 0 0 0 0 0 0
8.18347774369945E-03 8.20952125699019E-03 8.23331404968694E-03 8.25490416778455E-03 8.27434749724795E-03 8.29170788413094E-03 8.30707207096858E-03 8.32054345139641E-03 8.33223037281358E-03 8.34225223837995E-03 8.35074483641973E-03 8.35785975363876E-03 8.36374807397976E-03 8.36855992322226E-03 8.37243204579228E-03 8.37549197726728E-03 8.37783702072676E-03 8.37954308439791E-03 8.38067131375729E-03 8.38127722117547E-03 8.38142207626369E-03 8.38119247309423E-03 8.38072764136699E-03 8.38025442503184E-03 8.37987058153004E-03 0 0 0 0 0 0 0 0 0 0 0 0 0 0 0 0 0 0 0 0 0 0 0 0 0 0 0 0 0 0 0 0 0 0 0 0 0 0 0
8.20876842449474E-03 8.23316766842042E-03 8.25535184080742E-03 8.27537854048934E-03 8.29331561988731E-03 8.30923873024389E-03 8.32324276671659E-03 8.33543774705947E-03 8.34593561556346E-03 8.35486049244961E-03 8.36235171891841E-03 8.36856236332669E-03 8.37364104279254E-03 8.37773570608487E-03 8.38098152357034E-03 8.38350380548287E-03 8.38539835414625E-03 8.38674137544519E-03 8.38759650645552E-03 8.38802364462877E-03 8.38809058037246E-03 8.38788635367979E-03 8.38753698733307E-03 8.38717811517468E-03 8.37987058153004E-03 0 0 0 0 0 0 0 0 0 0 0 0 0 0 0 0 0 0 0 0 0 0 0 0 0 0 0 0 0 0 0 0 0 0 0 0 0 0 0
8.23277398932068E-03 8.25559026503832E-03 8.27623097876217E-03 8.29476334106563E-03 8.31126531675587E-03 8.32582287587547E-03 8.33853676818735E-03 8.34952121404242E-03 8.35889217130465E-03 8.36677854812417E-03 8.37332250103631E-03 8.37867734106088E-03 8.38299055943659E-03 8.3864078545508E-03 8.38906318086185E-03 8.39107917049308E-03 8.39255112456296E-03 8.39355602903807E-03 8.39416029365957E-03 8.39442876266147E-03 8.39443431478349E-03 8.39426499923632E-03 8.39404305923011E-03 8.39374018745841E-03 0 0 0 0 0 0 0 0 0 0 0 0 0 0 0 0 0 0 0 0 0 0 0 0 0 0 0 0 0 0 0 0 0 0 0 0 0 0 0 0
