NongDo/Fusa 12.7h.grd
DSAA
463	323
2	464
2	324
0	10
[rows 56 to 83 of 323, columns 256 to 319 of 463]
0 0 0 0 0 0 0 0 0 0 0 0 0 0 0 0 0 0 0 0 0 0 0 0 0 0 0 0 0 0 0 0 0 0 0 0 0 0 0 0 0 0 0 0 0 0 0 0 0 0 0 0 0 0 0 0 0 0 0 0 0 0 0 0
0 0 0 0 0 0 0 0 0 0 0 0 0 0 0 0 0 0 0 0 0 0 0 0 0 0 0 0 0 0 0 0 0 0 0 0 0 0 0 0 0 0 0 0 0 0 0 0 0 0 0 0 0 0 0 0 0 0 0 0 0 0 0 0
0 0 0 0 0 0 0 0 0 0 0 0 0 0 0 0 0 0 0 0 0 0 0 0 0 0 0 0 0 0 0 0 0 0 0 0 0 0 0 0 0 0 0 0 0 0 0 0 0 0 0 0 0 0 0 0 0 0 0 0 0 0 0 0
0 0 0 0 0 0 0 0 0 0 0 0 0 0 0 0 0 0 0 0 0 0 0 0 0 0 0 0 0 0 0 0 0 0 0 0 0 0 0 0 0 0 0 0 0 0 0 0 0 0 0 0 0 0 0 0 0 0 0 0 0 0 0 0
0 0 0 0 0 0 0 0 0 0 0 0 0 0 0 0 0 0 0 0 0 0 0 0 0 0 0 0 0 0 0 0 0 0 0 0 0 0 0 0 0 0 0 0 0 0 0 0 0 0 0 0 0 0 0 0 0 0 0 0 0 0 0 0
0 0 0 0 0 0 0 0 0 0 0 0 0 0 0 0 0 0 0 0 0 0 0 0 0 0 0 0 0 0 0 0 0 0 0 0 0 0 0 0 0 0 0 0 0 0 0 0 0 0 0 0 0 0 0 0 0 0 0 0 0 0 0 0
0 0 0 0 0 0 0 0 0 0 0 0 0 0 0 0 0 0 0 0 0 0 0 0 0 0 0 0 0 0 0 0 0 0 0 0 0 0 0 0 0 0 0 0 0 0 0 0 0 0 0 0 0 0 0 0 0 0 0 0 0 0 0 0
0 0 0 0 0 0 0 0 0 0 0 0 0 0 0 0 0 0 0 0 0 0 0 0 0 0 0 0 0 0 0 0 0 0 0 0 0 0 0 0 0 0 0 0 0 0 0 0 0 0 0 0 0 0 0 0 0 0 0 0 0 0 5.80544060987379E-03 5.80274458772176E-03
0 0 0 0 0 0 0 0 0 0 0 0 0 0 0 0 0 0 0 0 0 0 0 0 0 0 0 0 0 0 0 0 0 0 0 0 0 0 0 0 0 0 0 0 0 0 0 0 0 0 0 0 0 0 0 0 0 0 5.81042188847369E-03 5.81019684883499E-03 5.8106624597287E-03 5.8108137888601E-03 5.80544060987379E-03 5.80274458772176E-03
0 0 0 0 0 0 0 0 0 0 0 0 0 0 0 0 0 0 0 0 0 0 0 0 0 0 0 0 0 0 0 0 0 0 0 0 0 0 0 0 0 0 0 0 0 0 0 0 0 0 0 0 0 0 5.80738693123136E-03 5.8089363110282E-03 5.81121989971535E-03 5.81332587417476E-03 5.81042188847369E-03 5.81019684883499E-03 5.8106624597287E-03 5.8108137888601E-03 5.80968036919527E-03 5.80860129074037E-03
0 0 0 0 0 0 0 0 0 0 0 0 0 0 0 0 0 0 0 0 0 0 0 0 0 0 0 0 0 0 0 0 0 0 0 0 0 0 0 0 0 0 0 0 0 0 0 0 0 0 0 5.80134043724902E-03 5.80478761800149E-03 5.8084581899052E-03 5.80738693123136E-03 5.8089363110282E-03 5.81121989971535E-03 5.81332587417476E-03 5.8143399911362E-03 0.005815535727933 5.81675510591468E-03 5.81768232956269E-03 5.81807509423971E-03 5.81814563435316E-03
0 0 0 0 0 0 0 0 0 0 0 0 0 0 0 0 0 0 0 0 0 0 0 0 0 0 0 0 0 0 0 0 0 0 0 0 0 0 0 0 0 0 0 0 0 5.7649169776131E-03 5.77152482317062E-03 5.77891330160859E-03 5.78638685082355E-03 5.79360250280862E-03 5.80010306624296E-03 5.80134043724902E-03 5.80478761800149E-03 5.8084581899052E-03 5.81116930782542E-03 5.81408582578479E-03 5.81708990719757E-03 5.81991597429452E-03 5.82233400086983E-03 5.82452819495357E-03 5.82646490496793E-03 5.82808633257729E-03 5.82933098387521E-03 5.83021367929198E-03
0 0 0 0 0 0 0 0 0 0 0 0 0 0 0 0 0 0 0 0 0 0 0 0 0 0 0 0 0 0 0 0 0 0 0 0 0 0 0 0 0 0 0 5.75207069666523E-03 5.76057291400707E-03 5.7649169776131E-03 5.77152482317062E-03 5.77891330160859E-03 5.78638685082355E-03 5.79360250280862E-03 5.80010306624296E-03 5.80520966671629E-03 5.81010978095003E-03 5.81472612359891E-03 5.81886289645526E-03 5.82276439901596E-03 5.82646631310608E-03 5.82992902945526E-03 5.83308242273072E-03 5.83594363857853E-03 5.83848896114609E-03 5.84070842030903E-03 5.84258454223271E-03 5.84412295324378E-03
5.00929857717875E-03 5.02928425080054E-03 5.05009881112706E-03 5.07116761676793E-03 5.09220610078969E-03 5.11321965153782E-03 5.1339420560478E-03 5.15433823573065E-03 5.17443115105157E-03 5.19443421257809E-03 5.21435408756774E-03 5.23426906471731E-03 5.2538707085125E-03 5.27304967718872E-03 5.29175363620906E-03 5.31020460443822E-03 5.32840461598597E-03 5.34651431214875E-03 5.36434831612684E-03 5.38194488786457E-03 5.39931581438937E-03 5.41668293867141E-03 5.4340250054146E-03 5.45144080417245E-03 5.46864374007585E-03 5.48554095232375E-03 5.50201959231919E-03 5.51824216693557E-03 5.53413537382796E-03 5.54984617516642E-03 5.56524187427654E-03 5.58050224775877E-03 5.59584473684761E-03 5.61191425120856E-03 5.62952274912446E-03 0 0 0 0 5.70766432321131E-03 5.71955893227979E-03 5.73270651472518E-03 5.74534902513054E-03 5.75207069666523E-03 5.76057291400707E-03 5.76845551360698E-03 5.77644527927175E-03 5.78445424319346E-03 5.79230598966129E-03 5.7998617682602E-03 5.80689276918817E-03 5.81326275585435E-03 5.81913062035685E-03 5.82454843650083E-03 5.82950862155525E-03 5.83410883324522E-03 5.83839466356968E-03 5.84239129795322E-03 5.84608232896477E-03 5.84947151849373E-03 5.85254334599814E-03 5.85529713324544E-03 5.8577294166058E-03 5.85985401330012E-03
5.00929857717875E-03 5.02928425080054E-03 5.05009881112706E-03 5.07116761676793E-03 5.09220610078969E-03 5.11321965153782E-03 5.1339420560478E-03 5.15433823573065E-03 5.17443115105157E-03 5.19443421257809E-03 5.21435408756774E-03 5.23426906471731E-03 5.2538707085125E-03 5.27304967718872E-03 5.29175363620906E-03 5.31020460443822E-03 5.32840461598597E-03 5.34651431214875E-03 5.36434831612684E-03 5.38194488786457E-03 5.39931581438937E-03 5.41668293867141E-03 5.4340250054146E-03 5.45144080417245E-03 5.46864374007585E-03 5.48554095232375E-03 5.50201959231919E-03 5.51824216693557E-03 5.53413537382796E-03 5.54984617516642E-03 5.56524187427654E-03 5.58050224775877E-03 5.59584473684761E-03 5.61191425120856E-03 5.62952274912446E-03 5.65271442267317E-03 5.66886731644517E-03 5.68420628531115E-03 5.69874360030126E-03 5.70766432321131E-03 5.71955893227979E-03 5.73270651472518E-03 5.74534902513054E-03 5.75620023158463E-03 5.76640050296091E-03 5.77594193846979E-03 5.78500325354007E-03 5.79368153894094E-03 5.80200613354168E-03 5.80997164857581E-03 5.81747510338711E-03 5.82448458365611E-03 5.8309797192139E-03 5.83699238192628E-03 5.84253690821178E-03 5.84767859635183E-03 5.85246327531659E-03 5.85693367173576E-03 5.86109361200863E-03 5.86495213678753E-03 5.86850178215143E-03 5.87174905387282E-03 5.87469974596465E-03 5.87737255443946E-03
5.01372544899526E-03 5.03554626518633E-03 5.05712568855187E-03 5.07858544081326E-03 5.09988483189344E-03 5.12108328913414E-03 5.14196479844781E-03 5.16248896052143E-03 5.18271074060911E-03 5.20281095388707E-03 5.22280786439263E-03 5.24279664425111E-03 5.2624519175827E-03 5.2816209320338E-03 5.30032842680115E-03 5.31877882771253E-03 5.33699764610582E-03 5.35510640363973E-03 5.37295597510545E-03 0.005390564740105 5.40797393715843E-03 5.42536196096322E-03 5.44272430561113E-03 5.46015970591268E-03 5.47737708903734E-03 0.005494242078239 5.51069534480032E-03 5.52686959767032E-03 5.54271185521763E-03 5.55831963116433E-03 5.57358339254663E-03 5.58862682224717E-03 5.60363273878602E-03 5.61904029122019E-03 5.63523003537994E-03 5.65271442267317E-03 5.66886731644517E-03 5.68420628531115E-03 5.69874360030126E-03 5.7120710645574E-03 5.72564073468182E-03 5.73945281688954E-03 5.75267027846199E-03 5.76485033599838E-03 5.77613843347981E-03 5.78667481782423E-03 5.79652810986251E-03 5.80581556524571E-03 5.81462620886077E-03 5.82300747280234E-03 5.83092549072918E-03 5.83838221677936E-03 5.84533570262618E-03 5.85180574560856E-03 5.85780726975363E-03 5.8633962365177E-03 5.86861876784286E-03 5.87351983450041E-03 5.87811063280511E-03 5.88240293999881E-03 5.88639594327336E-03 5.89010467072274E-03 5.89354179254297E-03 5.89672614244777E-03
5.02307189763815E-03 5.04600025399762E-03 5.06833051095186E-03 5.09030962652664E-03 5.11200835000901E-03 5.13350795437715E-03 5.15466117847088E-03 5.17543757936037E-03 5.19591719364095E-03 5.21623389449036E-03 5.23640029805921E-03 5.25649211753035E-03 5.27619255270807E-03 5.29536633623792E-03 5.31411825569688E-03 5.33261396569138E-03 5.35089143948486E-03 5.36903082589946E-03 5.38693696013659E-03 5.40461451984177E-03 5.42212884624242E-03 5.43960357556763E-03 5.45703903919537E-03 5.47450061214562E-03 5.49170580250005E-03 5.50851978518687E-03 5.52494155546119E-03 5.5410589126239E-03 5.55683352299939E-03 5.57231421757181E-03 5.58743182903856E-03 5.60226191540298E-03 5.61696483541701E-03 5.63182210770034E-03 5.64702964770918E-03 5.66273424408965E-03 5.67817816575233E-03 5.69325476045169E-03 5.70794413818152E-03 5.72232252004568E-03 5.73659536496567E-03 5.75076757785628E-03 5.7643678122443E-03 5.77715998295404E-03 5.78911974520953E-03 5.80033087720423E-03 5.81079985606079E-03 5.82061503191256E-03 5.82986491773693E-03 5.83862575586525E-03 5.84690148263259E-03 5.85471540214608E-03 5.8620323215585E-03 5.86887146537562E-03 5.87525207132377E-03 5.88122467090668E-03 5.88683598792861E-03 5.8921290799085E-03 5.89711670952922E-03 5.90181255530351E-03 5.90622389475979E-03 5.91036734296601E-03 5.91425943178675E-03 5.9179192646229E-03
5.03563734189942E-03 5.0593569827516E-03 5.08239303791255E-03 5.10496142194236E-03 5.12715938250041E-03 5.14905511830425E-03 5.17056618117858E-03 5.19170353752906E-03 5.21253784893877E-03 5.23315994707277E-03 5.25357480823876E-03 5.27377797585088E-03 5.29353481288611E-03 5.31280050449648E-03 5.33168578156497E-03 5.35031184913238E-03 5.36871855832907E-03 5.38695420767675E-03 5.40496532913996E-03 5.42277779831378E-03 5.44045132859092E-03 5.45806471202508E-03 5.47561533369442E-03 5.49309055606762E-03 5.51026214831176E-03 5.52705410751411E-03 5.54347459280444E-03 5.55956454418767E-03 5.5752916498737E-03 5.59067270379804E-03 5.60566647753933E-03 5.62034649615461E-03 5.63484309650971E-03 5.6493484143254E-03 5.66399878744658E-03 5.67887966615929E-03 5.69371872524321E-03 5.70844394718934E-03 5.72303606162851E-03 5.73755236850835E-03 5.75196240827652E-03 5.76620043584963E-03 5.77994515316946E-03 5.79303882331024E-03 5.8054070879145E-03 5.81706010025222E-03 5.82796739439628E-03 5.83818712733543E-03 5.84779674869628E-03 5.8568740708746E-03 5.86544806692974E-03 5.87354499838367E-03 5.88114707282205E-03 5.88828104677786E-03 5.89497085295561E-03 5.90126955662603E-03 5.90722310610411E-03 5.91286720758592E-03 5.91821370367057E-03 5.92328015365522E-03 5.92807762370038E-03 5.93262499905737E-03 5.9369393682482E-03 5.94103787169187E-03
5.0505535965622E-03 5.07502052413329E-03 5.09877766564691E-03 5.12199243639822E-03 5.14476120371882E-03 5.16714663340935E-03 5.18912743256752E-03 5.21072670540953E-03 5.23198163773775E-03 5.25295092541308E-03 5.2736293709251E-03 5.29398973273532E-03 5.31392331780811E-03 5.33341733522669E-03 0.005352538176378 5.37137937808226E-03 5.38998607197007E-03 5.40839728838487E-03 5.42660140683292E-03 5.44462256736043E-03 5.46249228264592E-03 5.48025676347455E-03 5.49790411862054E-03 5.51539624054687E-03 5.5325970225541E-03 5.54943943548205E-03 5.56590011958832E-03 5.58199287126044E-03 5.59769729999825E-03 5.61301918828608E-03 5.62794874950688E-03 5.64254403190028E-03 5.65689845240397E-03 5.67115466048159E-03 5.68542407889484E-03 5.69978947786263E-03 5.71417480502769E-03 5.72855693624389E-03 5.74291258479179E-03 5.75726327194411E-03 5.77154285440565E-03 5.7856691976058E-03 5.79940869479589E-03 5.81261282317536E-03 5.82517271653118E-03 5.83706092273045E-03 5.84823562109189E-03 5.85871721543018E-03 5.86856820584157E-03 5.87785871685733E-03 5.88663102274292E-03 5.89491973430318E-03 5.90273328663162E-03 5.91009729825276E-03 5.91704326570044E-03 5.92361656516358E-03 5.92986015849387E-03 5.93580742351244E-03 5.94147527045888E-03 5.94687861552411E-03 5.95203141325935E-03 5.95695116845647E-03 5.96165439725414E-03 5.96615590884111E-03
5.06770632713436E-03 5.09294257917315E-03 5.11746579390023E-03 5.14140087138409E-03 5.1648318002414E-03 5.18782254262032E-03 5.21037631849934E-03 5.23251496352796E-03 5.25425856269709E-03 5.27564457027153E-03 5.29666542887555E-03 5.31730796880983E-03 5.33753042088477E-03 5.35733886589154E-03 5.37677782661726E-03 5.39591986166082E-03 5.41480939447804E-03 5.43348818421928E-03 5.45196181475835E-03 5.47024655184258E-03 5.48835432874431E-03 5.50630806245962E-03 5.52409050518649E-03 5.54166691112627E-03 5.55894926480941E-03 5.57587579885478E-03 5.59240322576148E-03 5.60852800884308E-03 5.62423473199973E-03 5.63953223652158E-03 0.00565442504126 5.66895918582526E-03 5.68320399861881E-03 5.69727217309117E-03 5.71126376398491E-03 5.72527022750281E-03 5.73929809037825E-03 5.75335639856819E-03 5.76742689666405E-03 5.78151440797224E-03 5.79555438223054E-03 5.80946920450242E-03 5.82306785948026E-03 5.83620727008361E-03 5.84876622933213E-03 5.86069858759153E-03 5.87195075035085E-03 5.88252754234797E-03 5.89247624126252E-03 5.90185677039582E-03 5.91071747423569E-03 5.91910183088216E-03 5.9270338968792E-03 5.93454477787769E-03 5.94166812805913E-03 5.94844441475566E-03 5.95491237783255E-03 5.96110396197791E-03 5.9670376380955E-03 5.97272805672627E-03 5.97818968639967E-03 5.98343753465629E-03 5.98848562278084E-03 5.99334501277042E-03
5.08705362414283E-03 5.11313629358302E-03 0.005138503378796 5.16325020783139E-03 5.18744603423128E-03 5.21115105344512E-03 5.23437353777123E-03 5.2571337527214E-03 5.27944847323454E-03 5.30134419169524E-03 5.32281657126872E-03 5.34386659602511E-03 5.36448539644044E-03 5.38469293296784E-03 5.40453085268068E-03 5.42405883720601E-03 5.44331815566211E-03 5.46235042291454E-03 5.48116367612374E-03 0.005499767492222 5.51816438975409E-03 5.53636194958197E-03 5.55433954840167E-03 5.57206821411174E-03 5.5894810044793E-03 5.60651739469461E-03 5.6231287781069E-03 5.63930298378004E-03 5.65502795509804E-03 5.67031546952783E-03 5.68517572692005E-03 5.6996481679348E-03 5.7137917825311E-03 5.72770286113667E-03 5.74147504113899E-03 5.75520546936268E-03 5.76893416923152E-03 5.78268791148891E-03 5.79645813218731E-03 5.81024569680743E-03 5.82398972254953E-03 5.83761925091693E-03 5.85096438181382E-03 5.86389245064824E-03 5.87628858501298E-03 5.88810034480995E-03 5.8992695534851E-03 5.90978574077406E-03 5.91968593192656E-03 5.92902708096344E-03 5.93786406685924E-03 5.94624464034373E-03 5.95420297635911E-03 5.9617719647986E-03 5.96898659382766E-03 5.97588559484241E-03 5.98250632961021E-03 5.98887634474775E-03 5.99501431517505E-03 6.00093239315939E-03 6.00664491273436E-03 6.01216552395742E-03 6.0175048625633E-03 6.02266835290805E-03
5.10868406731911E-03 5.1357227206666E-03 5.16203651308777E-03 5.18769920884628E-03 5.21276854809083E-03 5.23729266324518E-03 5.26128284954086E-03 5.28476134813798E-03 5.30774530545884E-03 5.33025457289247E-03 5.35228994572298E-03 5.37386143214486E-03 5.39497919416965E-03 5.4156762160811E-03 5.43599694594044E-03 5.45599292702831E-03 5.47570258206218E-03 5.49516351480253E-03 5.5143818210545E-03 5.5333632597638E-03 5.55210493472216E-03 5.57060364552242E-03 5.58883423441021E-03 5.6067718933161E-03 5.6243540089223E-03 5.64151873845549E-03 5.65821907384319E-03 5.67444276716273E-03 5.6901808065833E-03 5.70544862821554E-03 5.72025987078715E-03 5.73465256602949E-03 5.74868497446517E-03 5.76244705303246E-03 5.77602822203667E-03 5.78952558542388E-03 5.80298951916968E-03 5.81645167792956E-03 5.82991251239649E-03 5.84337368001427E-03 5.8567804557598E-03 5.87005422505241E-03 5.88304207724938E-03 5.89563210359255E-03 5.90772605920503E-03 5.91926925174513E-03 5.93020128223944E-03 5.94051149984622E-03 5.9502316204722E-03 5.95941799871587E-03 5.96812765356788E-03 5.9764097041994E-03 5.9843035353953E-03 5.99184354292357E-03 5.99906602561128E-03 6.00601026993038E-03 6.01271054020365E-03 6.01918916756412E-03 6.02546285636281E-03 6.03154312140195E-03 6.03744464620684E-03 6.0431774470206E-03 6.04874751102693E-03 6.05415364422178E-03
5.13270997121221E-03 5.16083271761362E-03 5.18820976657899E-03 5.21489780853913E-03 5.24094536352634E-03 5.26639081858188E-03 5.29125283624689E-03 5.31555274172685E-03 5.33930719002975E-03 5.36253282470701E-03 5.38523779423737E-03 5.40743703883787E-03 5.42915542014515E-03 5.45043425093032E-03 5.4713198232799E-03 5.49185914323762E-03 5.51208884719843E-03 5.53204212961695E-03 5.55172343964395E-03 5.57113468313859E-03 5.59026889170728E-03 5.60911582880437E-03 5.62764484997238E-03 5.64582870259399E-03 5.66359720805411E-03 5.68088866709757E-03 5.69766357965869E-03 5.71391551784647E-03 5.72963913935053E-03 5.74485423019384E-03 5.75957810924919E-03 5.77385429868776E-03 5.78774830744062E-03 5.80134908480847E-03 5.81474023550474E-03 5.82801470383894E-03 5.84121768033719E-03 5.85437982499424E-03 5.8675067360315E-03 5.88059947494025E-03 5.8936019415267E-03 5.90643759544865E-03 5.91898013416991E-03 5.93113059889378E-03 5.94280970768192E-03 5.95396764659406E-03 5.9645555554972E-03 5.97455645931176E-03 5.98400315586116E-03 5.99294920018093E-03 6.0014506672827E-03 6.00955591505744E-03 6.01731043614696E-03 6.02474926902709E-03 6.03191390656811E-03 6.0388398341415E-03 6.04555538791139E-03 6.05207684214937E-03 6.05842198217533E-03 6.06459956000884E-03 6.07062371388618E-03 6.07650238360831E-03 6.08223601500012E-03 6.08781786405669E-03
5.15937193734045E-03 5.18871238626089E-03 5.21727691573653E-03 5.2451078111037E-03 5.27224541982373E-03 0.005298721894287 5.32456019901883E-03 5.34978227321635E-03 5.37440572143901E-03 5.39844622238361E-03 5.4219178858233E-03 5.44483995266749E-03 5.46724802804943E-03 5.48919078324616E-03 5.51071490527986E-03 5.53186348146759E-03 5.55267096047789E-03 5.57316394100178E-03 5.59334509669427E-03 5.61321638538004E-03 5.63276805822994E-03 5.65198324550894E-03 5.6708260301369E-03 5.68925734461549E-03 5.70719593380603E-03 5.72458556198733E-03 5.74139690330004E-03 5.75763023370586E-03 5.77328873689169E-03 5.7883958054936E-03 5.80297545857801E-03 5.81708550532031E-03 5.8308008639741E-03 5.84420970577132E-03 5.85739198878605E-03 5.87042795726542E-03 5.88335057909088E-03 5.89618877680649E-03 5.90894916090157E-03 5.92162651237813E-03 5.93416500106508E-03 5.94649265402394E-03 5.95850663904402E-03 5.97013121875756E-03 5.98130606618172E-03 5.99198804627308E-03 6.00213609178025E-03 6.01174173498241E-03 6.0208408270347E-03 6.02948040312548E-03 6.03771226574882E-03 6.0455846201637E-03 6.05314382356145E-03 6.06042886178123E-03 6.06748513609757E-03 6.07433848833669E-03 6.08100925564038E-03 6.08751153399319E-03 6.09386320961089E-03 6.10007212427004E-03 6.10615363420137E-03 6.11210876258496E-03 6.11793322571981E-03 6.12361829065374E-03
5.18895208823176E-03 5.21965094424365E-03 5.24953193764905E-03 5.27862496402186E-03 5.30696440746154E-03 5.33457793952129E-03 5.36149245625088E-03 5.38773096519576E-03 5.41331395714049E-03 5.43825697413147E-03 5.46258121532886E-03 5.48630873261789E-03 5.50948513991218E-03 5.5321633056881E-03 5.55438684653205E-03 5.5761928234198E-03 5.59761133056314E-03 5.61866543196428E-03 5.6393594060512E-03 5.65969318399547E-03 5.67965256964661E-03 5.69921525070804E-03 5.71833716585812E-03 5.73697275718587E-03 5.75503446196715E-03 5.77246474813239E-03 5.78924110750729E-03 5.80537832465024E-03 5.82089282837976E-03 5.83581762244668E-03 5.85019236968929E-03 5.86408201312277E-03 5.87756476850946E-03 5.89073033256438E-03 5.90365345620883E-03 5.91640761940179E-03 5.92901537581988E-03 5.9414916713047E-03 5.95383486006715E-03 5.96603893614648E-03 5.97805494148687E-03 5.98981491824071E-03 6.00124520222325E-03 6.01228683284629E-03 6.02289863970127E-03 6.03304596568985E-03 6.04270384923924E-03 6.05186331002348E-03 6.06056180650729E-03 6.06884864389937E-03 6.07677676940506E-03 6.08438808471712E-03 6.09172641142202E-03 6.09882700751567E-03 6.10572996996066E-03 6.11245957686482E-03 6.11903475303096E-03 6.12546398248255E-03 6.13176222346393E-03 6.1379350712733E-03 6.14399537517376E-03 6.14994597018187E-03 6.15578349846882E-03 6.16149636096838E-03
5.2218245630687E-03 5.25401751373295E-03 5.28533877475253E-03 5.31580846644102E-03 5.34545677473521E-03 5.3743086344264E-03 5.40239386218734E-03 5.42973780678537E-03 5.4563626577773E-03 5.48228602209352E-03 5.50753533969884E-03 5.53213799581751E-03 5.55614750436529E-03 5.57961655789444E-03 5.60258148985702E-03 5.62507191404622E-03 5.64711358976197E-03 5.66872642801516E-03 5.68991469734354E-03 5.71067662377267E-03 5.73099553122425E-03 5.75084653172978E-03 5.77017908084704E-03 5.78893808325379E-03 5.80702710209011E-03 5.82439558322915E-03 5.84103776575405E-03 5.85698587459216E-03 5.87226723514569E-03 5.88692784348316E-03 5.90102046930419E-03 5.9146171046754E-03 5.92779950622689E-03 5.94065873986529E-03 5.95326385912838E-03 5.96567818699632E-03 5.97790858531286E-03 5.98995919816633E-03 6.00182337406048E-03 6.01349623479842E-03 6.02493093613802E-03 6.03607180058268E-03 6.04687076998774E-03 6.05728737119441E-03 6.06729596567073E-03 6.07687031038089E-03 6.08599802632236E-03 6.09467450451989E-03 6.10294386161052E-03 0.006110855412196 6.11846012818999E-03 6.12579082672846E-03 6.13288719083576E-03 6.13977737551776E-03 6.14649427861777E-03 6.15305895885912E-03 6.15948949900084E-03 6.16578965706599E-03 6.17197193027274E-03 6.17803954735344E-03 6.18400529802402E-03 6.1898730820912E-03 6.19564230595208E-03 6.20129961166933E-03
5.25842311891273E-03 5.29223779337708E-03 5.32511284599939E-03 5.35706209885591E-03 5.38811429789907E-03 5.41829415573727E-03 5.4476348373353E-03 5.47616270188349E-03 5.50390078103908E-03 5.53086927699322E-03 5.55710301294066E-03 5.58263527225483E-03 5.6075235137858E-03 5.63181559307019E-03 5.65553676435127E-03 5.67870963194273E-03 5.70135543156682E-03 5.72349084725135E-03 5.74511770578922E-03 5.76623179479722E-03 5.78681650088549E-03 5.80684975672242E-03 5.82627525124896E-03 5.84502462028736E-03 5.86299634428673E-03 5.88016613308276E-03 5.8965575338752E-03 5.91221668301829E-03 5.92717661994969E-03 5.94148942615888E-03 5.95521520930421E-03 5.96843521911999E-03 5.98123769134593E-03 5.99371329358642E-03 6.00592107320764E-03 6.01791257532893E-03 6.02967735844687E-03 6.04121961999242E-03 6.05253832814716E-03 6.06362786119888E-03 6.07444363196149E-03 6.08493609417622E-03 6.09508209773665E-03 6.10485716667215E-03 6.11425012545513E-03 6.1232374362336E-03 6.13182024435764E-03 6.13999941910385E-03 6.14783120123054E-03 6.15536061065421E-03 6.16262875786965E-03 6.16965834733307E-03 6.17648685522129E-03 6.1831360725637E-03 6.18963303062358E-03 6.19599179915782E-03 6.20222626352041E-03 6.20833627970265E-03 0.006214335080183 6.22022464205417E-03 6.22601992594047E-03 6.23172420245525E-03 6.23733659277964E-03 6.24284391289362E-03
5.29921196812165E-03 5.33475780704131E-03 5.36928124021133E-03 5.40279639756928E-03 5.43533127692596E-03 5.46691445193141E-03 5.49758030714527E-03 5.52735431488685E-03 5.55626002062227E-03 5.58432320075367E-03 5.61158132779077E-03 5.63807981356054E-03 5.66387380683272E-03 5.68899495076686E-03 5.71345746589399E-03 5.7372817891225E-03 5.76048385123933E-03 5.7830750726867E-03 5.80505212103832E-03 5.8264054318423E-03 5.84712067665556E-03 5.86718270838292E-03 5.88654215251104E-03 5.90510297116717E-03 5.92278285932909E-03 5.9396098885769E-03 5.95563323579351E-03 5.97089804985044E-03 5.98543906936128E-03 5.9993122160366E-03 6.01258212152678E-03 6.02533841269092E-03 6.03767235788923E-03 6.04966814883921E-03 6.06138186934291E-03 6.07284237624918E-03 6.0840329590442E-03 6.09497650151265E-03 6.10568088075928E-03 6.11613165958238E-03 6.12628190264467E-03 6.13610174700158E-03 6.14558645659101E-03 6.15472214240962E-03 6.16350300797041E-03 6.17190874862085E-03 6.17994757382907E-03 6.18763589585839E-03 6.19504044970718E-03 6.20218727983511E-03 6.20910377302468E-03 6.21580834501789E-03 6.22233796081473E-03 6.22870760078552E-03 6.23494056785229E-03 6.24104176876632E-03 6.24701947037739E-03 6.25287299366991E-03 6.2586161397365E-03 6.26425213241158E-03 6.26979880991264E-03 6.27525326716758E-03 6.28061297513517E-03 6.28586774101817E-03
