NongDo/Fusa 19.5h.grd
DSAA
463	323
2	464
2	324
0	10
[rows 56 to 83 of 323, columns 256 to 319 of 463]
0 0 0 0 0 0 0 0 0 0 0 0 0 0 0 0 0 0 0 0 0 0 0 0 0 0 0 0 0 0 0 0 0 0 0 0 0 0 0 0 0 0 0 0 0 0 0 0 0 0 0 0 0 0 0 0 0 0 0 0 0 0 0 0
0 0 0 0 0 0 0 0 0 0 0 0 0 0 0 0 0 0 0 0 0 0 0 0 0 0 0 0 0 0 0 0 0 0 0 0 0 0 0 0 0 0 0 0 0 0 0 0 0 0 0 0 0 0 0 0 0 0 0 0 0 0 0 0
0 0 0 0 0 0 0 0 0 0 0 0 0 0 0 0 0 0 0 0 0 0 0 0 0 0 0 0 0 0 0 0 0 0 0 0 0 0 0 0 0 0 0 0 0 0 0 0 0 0 0 0 0 0 0 0 0 0 0 0 0 0 0 0
0 0 0 0 0 0 0 0 0 0 0 0 0 0 0 0 0 0 0 0 0 0 0 0 0 0 0 0 0 0 0 0 0 0 0 0 0 0 0 0 0 0 0 0 0 0 0 0 0 0 0 0 0 0 0 0 0 0 0 0 0 0 0 0
0 0 0 0 0 0 0 0 0 0 0 0 0 0 0 0 0 0 0 0 0 0 0 0 0 0 0 0 0 0 0 0 0 0 0 0 0 0 0 0 0 0 0 0 0 0 0 0 0 0 0 0 0 0 0 0 0 0 0 0 0 0 0 0
0 0 0 0 0 0 0 0 0 0 0 0 0 0 0 0 0 0 0 0 0 0 0 0 0 0 0 0 0 0 0 0 0 0 0 0 0 0 0 0 0 0 0 0 0 0 0 0 0 0 0 0 0 0 0 0 0 0 0 0 0 0 0 0
0 0 0 0 0 0 0 0 0 0 0 0 0 0 0 0 0 0 0 0 0 0 0 0 0 0 0 0 0 0 0 0 0 0 0 0 0 0 0 0 0 0 0 0 0 0 0 0 0 0 0 0 0 0 0 0 0 0 0 0 0 0 0 0
0 0 0 0 0 0 0 0 0 0 0 0 0 0 0 0 0 0 0 0 0 0 0 0 0 0 0 0 0 0 0 0 0 0 0 0 0 0 0 0 0 0 0 0 0 0 0 0 0 0 0 0 0 0 0 0 0 0 0 0 0 0 7.00402508015851E-03 7.01355875857798E-03
0 0 0 0 0 0 0 0 0 0 0 0 0 0 0 0 0 0 0 0 0 0 0 0 0 0 0 0 0 0 0 0 0 0 0 0 0 0 0 0 0 0 0 0 0 0 0 0 0 0 0 0 0 0 0 0 0 0 6.96631865130951E-03 6.97556165482481E-03 6.98483709757345E-03 6.99422659222931E-03 7.00402508015851E-03 7.01355875857798E-03
0 0 0 0 0 0 0 0 0 0 0 0 0 0 0 0 0 0 0 0 0 0 0 0 0 0 0 0 0 0 0 0 0 0 0 0 0 0 0 0 0 0 0 0 0 0 0 0 0 0 0 0 0 0 6.92846479012129E-03 6.93803880310702E-03 0.006947469108386 6.95688289919954E-03 6.96631865130951E-03 6.97556165482481E-03 6.98483709757345E-03 6.99422659222931E-03 7.00368405611833E-03 7.0131428178721E-03
0 0 0 0 0 0 0 0 0 0 0 0 0 0 0 0 0 0 0 0 0 0 0 0 0 0 0 0 0 0 0 0 0 0 0 0 0 0 0 0 0 0 0 0 0 0 0 0 0 0 0 6.89712548239463E-03 6.90785724551798E-03 6.91836293063835E-03 6.92846479012129E-03 6.93803880310702E-03 0.006947469108386 6.95688289919954E-03 6.96623171989382E-03 6.97558316423575E-03 6.9848548804853E-03 6.99414636105724E-03 7.00342803934384E-03 7.01274308671224E-03
0 0 0 0 0 0 0 0 0 0 0 0 0 0 0 0 0 0 0 0 0 0 0 0 0 0 0 0 0 0 0 0 0 0 0 0 0 0 0 0 0 0 0 0 0 6.82725613744093E-03 6.83977085440885E-03 6.85177370685503E-03 6.86339248695579E-03 6.87483527187661E-03 6.88610105031199E-03 6.89712548239463E-03 6.90785724551798E-03 6.91836293063835E-03 6.92847004372739E-03 6.93823733628369E-03 6.94777589714602E-03 6.95723077728792E-03 6.9665947179698E-03 6.97595457169728E-03 6.9852291030912E-03 6.99448231925941E-03 7.00370285440897E-03 7.01293411359474E-03
0 0 0 0 0 0 0 0 0 0 0 0 0 0 0 0 0 0 0 0 0 0 0 0 0 0 0 0 0 0 0 0 0 0 0 0 0 0 0 0 0 0 0 6.79935437582828E-03 6.81342271752954E-03 6.82725613744093E-03 6.83977085440885E-03 6.85177370685503E-03 6.86339248695579E-03 6.87483527187661E-03 6.88610105031199E-03 6.89724651407489E-03 6.90812478875744E-03 6.9187304508069E-03 6.92898048001332E-03 6.93894241116612E-03 6.94866393810852E-03 6.95825711628892E-03 6.96773724261762E-03 6.97716680553473E-03 6.98651731271821E-03 6.99582945088756E-03 7.00510135528157E-03 7.01436210870863E-03
6.30772827575253E-03 6.31945724471129E-03 6.33110861579125E-03 6.34267863018047E-03 6.35416545932958E-03 6.36566323862931E-03 6.37706942000631E-03 6.38837702507665E-03 6.39960051947436E-03 6.41087431038919E-03 6.42222606959235E-03 6.43373036215648E-03 6.44521303645263E-03 6.45658655378383E-03 6.46778254762864E-03 6.4789120438043E-03 6.48996503915852E-03 6.50104349971114E-03 6.51202781487683E-03 6.52292850459041E-03 6.53374204815349E-03 6.54462159660754E-03 6.55558498402176E-03 6.56674327803497E-03 6.57793971407506E-03 6.58911366590716E-03 6.60016831677763E-03 6.61119963384823E-03 6.62213871520542E-03 6.63306715423527E-03 6.64383545667718E-03 6.65447717250552E-03 6.66501390109259E-03 6.67573094845066E-03 6.68693453421677E-03 0 0 0 0 6.74551532867011E-03 6.75751598279524E-03 6.77101500128255E-03 6.7851559428322E-03 6.79935437582828E-03 6.81342271752954E-03 6.82702852825933E-03 6.83984093888304E-03 6.85206331275289E-03 6.86387487252753E-03 6.87547145279113E-03 6.88687028200327E-03 6.89814090038007E-03 6.90917843192913E-03 6.9199715047052E-03 6.93045745703246E-03 6.94068097649383E-03 6.95066943787117E-03 6.96050759223298E-03 6.97021378245808E-03 6.97983960920865E-03 6.98937906518992E-03 6.99886657420199E-03 7.00830881079538E-03 7.01773633731628E-03
6.30772827575253E-03 6.31945724471129E-03 6.33110861579125E-03 6.34267863018047E-03 6.35416545932958E-03 6.36566323862931E-03 6.37706942000631E-03 6.38837702507665E-03 6.39960051947436E-03 6.41087431038919E-03 6.42222606959235E-03 6.43373036215648E-03 6.44521303645263E-03 6.45658655378383E-03 6.46778254762864E-03 6.4789120438043E-03 6.48996503915852E-03 6.50104349971114E-03 6.51202781487683E-03 6.52292850459041E-03 6.53374204815349E-03 6.54462159660754E-03 6.55558498402176E-03 6.56674327803497E-03 6.57793971407506E-03 6.58911366590716E-03 6.60016831677763E-03 6.61119963384823E-03 6.62213871520542E-03 6.63306715423527E-03 6.64383545667718E-03 6.65447717250552E-03 6.66501390109259E-03 6.67573094845066E-03 6.68693453421677E-03 6.70079948108588E-03 6.71222546414161E-03 6.72363993058269E-03 6.73513233104697E-03 6.74551532867011E-03 6.75751598279524E-03 6.77101500128255E-03 6.7851559428322E-03 6.79946496606111E-03 6.81357268698893E-03 6.82729687098631E-03 6.84042891254678E-03 6.85301451896294E-03 6.86518322117291E-03 6.8770954246016E-03 6.88877856297358E-03 6.90031323894181E-03 6.91162732012408E-03 6.92271984958471E-03 6.93354046275573E-03 6.94411609959069E-03 6.9544672047634E-03 6.96466041668535E-03 6.97471163013752E-03 6.98466383393913E-03 6.99451960898013E-03 7.00431047392181E-03 7.01405367818061E-03 7.02378414688628E-03
6.30826159140336E-03 6.32040466483862E-03 6.33227790397873E-03 6.34399929435351E-03 6.35561330687947E-03 6.3672142680964E-03 6.37871873664225E-03 6.39010975792248E-03 6.40141564927348E-03 6.41275199330268E-03 6.42415703283284E-03 6.43572154386808E-03 6.44726581139406E-03 6.45867137437959E-03 6.46990922737807E-03 6.48107599159421E-03 6.49217686710118E-03 6.50329262059452E-03 6.51432917117753E-03 6.52528013827826E-03 6.5361565849895E-03 6.54708338331316E-03 6.55809315368375E-03 6.56930455300109E-03 6.58056548324168E-03 6.5917848496562E-03 6.60289674012366E-03 6.61397505420021E-03 6.62496772215296E-03 6.63592636625887E-03 6.64672387951183E-03 6.65735583826255E-03 6.6678346014224E-03 6.6783637211169E-03 6.68916376884567E-03 6.70079948108588E-03 6.71222546414161E-03 6.72363993058269E-03 6.73513233104697E-03 6.74682328801343E-03 6.75927662223992E-03 6.77273797488669E-03 6.78673392583073E-03 6.8009249508037E-03 6.81503761943289E-03 6.82894482508932E-03 6.84243900911328E-03 6.85548305366522E-03 6.86813279560443E-03 6.88049922055899E-03 6.89261111405563E-03 0.006904549518239 6.91626708912025E-03 6.92777042806308E-03 6.93902348515475E-03 6.95004492258187E-03 6.96085354577238E-03 6.9715044099039E-03 6.98201056557047E-03 6.99240472214256E-03 0.007002693912595 7.01290965324389E-03 7.02307641374806E-03 7.03323173944781E-03
6.30978896659737E-03 6.32223134362843E-03 6.33438479160418E-03 6.34635379396058E-03 6.3581938906098E-03 6.36998624171047E-03 6.38167470509515E-03 6.39324156812931E-03 6.40472584816096E-03 6.41621533521826E-03 6.4277473658442E-03 6.43941126454255E-03 6.4510395878892E-03 6.46251438098997E-03 6.47384595497534E-03 6.48510575263059E-03 6.49630862866674E-03 6.50751087674147E-03 6.51865335151656E-03 6.52972035198575E-03 6.54073648166345E-03 6.5517904440595E-03 6.5629199541941E-03 6.57423275478987E-03 6.58559140638022E-03 6.59689879542745E-03 6.60812279156307E-03 6.61930596155152E-03 6.63040908347754E-03 6.64145186567341E-03 6.65234090372441E-03 6.66304545232958E-03 6.67357989851312E-03 6.6840742470748E-03 6.69467742883503E-03 6.70569540266483E-03 6.71686880508387E-03 6.72817643628189E-03 6.73967176234892E-03 6.75156843035362E-03 6.76404296973414E-03 6.77728622355272E-03 6.79104045461358E-03 6.80507747527821E-03 6.8191901727145E-03 6.83327619247942E-03 6.84712539156387E-03 6.86064835587864E-03 6.87382881157548E-03 6.88672788528364E-03 6.89936122040799E-03 6.91180179089578E-03 6.9240144560665E-03 6.93601136045937E-03 6.94777079556924E-03 6.95930872766395E-03 6.97064601876303E-03 6.98182979063255E-03 6.99287078559381E-03 7.00379206163861E-03 7.01460607968696E-03 7.02534107963261E-03 7.03602681271165E-03 7.0467004868946E-03
6.31210501485366E-03 6.32488415297319E-03 6.33739111689153E-03 6.34970136279295E-03 6.36186434472934E-03 6.37393910323385E-03 6.38589732465306E-03 6.39773958634354E-03 6.40949899652896E-03 6.42123932164231E-03 6.43299100026749E-03 6.44479917368586E-03 6.45654592463027E-03 6.46816136587012E-03 6.47965931190047E-03 6.49108766859788E-03 6.50246295184594E-03 6.51382180813532E-03 6.52513225469236E-03 6.5363931759457E-03 6.54762815932303E-03 6.55889890112406E-03 6.57023947465039E-03 6.58171027409768E-03 6.59321006614888E-03 6.60467722427545E-03 6.61608774266623E-03 6.62745510025967E-03 6.6387438746155E-03 6.64995101041913E-03 6.66100659626432E-03 6.67188762175093E-03 6.68260361509181E-03 6.69323919766932E-03 6.70389985887833E-03 6.71478101704954E-03 6.72583408659167E-03 6.73708255742903E-03 6.74857969812685E-03 6.76048587964652E-03 6.77289619004141E-03 0.006785942867197 6.79948928175461E-03 6.81340534694649E-03 6.82753222760766E-03 6.84176855327197E-03 6.85592249518531E-03 6.86987403416762E-03 6.88356069242324E-03 6.8969943612561E-03 6.91017365979792E-03 6.9231441897504E-03 6.93588128104201E-03 6.94839938051006E-03 6.96068801053786E-03 6.97276871383275E-03 6.98466419624866E-03 6.99641268573447E-03 7.00802273018108E-03 7.01951374280179E-03 7.03089864698524E-03 7.04220559254255E-03 7.05346517812812E-03 7.06471318382016E-03
6.31522125500847E-03 6.32842404060742E-03 6.34137225685407E-03 6.35411651034034E-03 6.36669732387043E-03 6.37915691736259E-03 6.39149189459555E-03 6.4037136819743E-03 6.41584168150208E-03 6.42792016756532E-03 6.43996916727213E-03 6.45200367609997E-03 6.46396861910083E-03 6.47582754559006E-03 6.48758137893705E-03 6.4992632564367E-03 6.51089229231184E-03 6.52249561123441E-03 6.53406691490314E-03 6.54561361072211E-03 6.55715011521125E-03 6.56871836467471E-03 6.58034346920733E-03 6.59205406191814E-03 6.6037989833682E-03 6.61553467335981E-03 6.62722672697487E-03 6.63886909997475E-03 6.65043137798266E-03 6.66189816825752E-03 6.6732237465049E-03 6.68438910025962E-03 6.6953935670437E-03 6.70629418907586E-03 6.71716787978632E-03 6.7281508393336E-03 6.73928135926845E-03 6.75062000256045E-03 6.76222220547743E-03 6.77421021864149E-03 6.78665895374647E-03 6.79967030360063E-03 6.8131783441704E-03 6.82709874327463E-03 6.84129818487854E-03 6.85568433024767E-03 6.87009789700976E-03 6.88440158733337E-03 6.89851072938831E-03 6.91240117469217E-03 6.92605804094393E-03 6.93950226191032E-03 6.95272482186677E-03 6.96573187117841E-03 6.97852526226809E-03 6.9911243586938E-03 7.00355354719312E-03 7.01584495388725E-03 7.02801279602153E-03 7.04006925230865E-03 7.05202866304318E-03 7.06391637520275E-03 7.07576301653729E-03 7.08760096399459E-03
6.31927885426951E-03 6.33300600103487E-03 6.34649342370126E-03 6.35977480666228E-03 6.3728806393082E-03 6.38584601101378E-03 6.3986758333361E-03 6.41138314382993E-03 6.42398069300764E-03 6.43649881806487E-03 6.4489485436817E-03 6.46133826350227E-03 6.47364455426258E-03 6.48585193904944E-03 6.49796064463421E-03 6.50999651542668E-03 6.5219793695438E-03 6.53393705690542E-03 6.54587638056614E-03 6.55780837009317E-03 6.56974282718905E-03 6.58170846558724E-03 6.59372171598374E-03 6.60579945337003E-03 6.61791409489839E-03 6.6300319757433E-03 6.6421121562544E-03 6.65413624475733E-03 6.66607388780278E-03 6.67790808714154E-03 6.68960608054767E-03 6.70115199588733E-03 6.71254014574318E-03 6.72381190130853E-03 6.73502835100607E-03 6.74629767757613E-03 6.75769077360163E-03 6.76928881650733E-03 6.7811523931803E-03 6.7933849616974E-03 6.80605242097344E-03 6.81924078503061E-03 6.83290699314095E-03 6.84698327827135E-03 6.86134900507014E-03 6.87592256472626E-03 6.89056392901034E-03 6.90514416209254E-03 6.91957147705655E-03 6.93380488338306E-03 6.9478224254855E-03 6.96163564056503E-03 6.97524076538939E-03 6.98864512529657E-03 7.0018548067819E-03 7.01488986468974E-03 7.02777530309478E-03 7.04054153095366E-03 7.05320418053845E-03 7.06577300013448E-03 7.07826177277011E-03 7.09069340021399E-03 7.10309662538412E-03 7.1154988606957E-03
6.32442128264871E-03 6.33879072056086E-03 6.35293052723182E-03 6.36686415248023E-03 6.3806137374072E-03 6.39420887154918E-03 6.40765429323673E-03 6.42096153993268E-03 6.43414141888407E-03 6.44721539141974E-03 6.46018924840981E-03 6.47307002976099E-03 6.48584902196055E-03 6.49852377121045E-03 6.51110138597499E-03 6.52360643276051E-03 6.53606031987624E-03 6.5484935205015E-03 6.56091857430927E-03 6.57334855076805E-03 6.58579309671159E-03 6.59827293441841E-03 6.61079814318611E-03 6.62337997110233E-03 6.6359989482637E-03 6.64862209663152E-03 6.66120543117066E-03 6.67372281270166E-03 6.6861432936149E-03 6.69844999465479E-03 6.71061659446246E-03 6.72262970145457E-03 6.73448468831899E-03 6.74621707533803E-03 6.75788199099347E-03 6.76957658511956E-03 6.78138304228706E-03 6.79339101060501E-03 6.8056653390381E-03 6.81830162153316E-03 6.83135620300087E-03 6.84490318080721E-03 6.85889279168191E-03 6.87325736037401E-03 6.88788282369249E-03 6.90269536640662E-03 6.91756668180254E-03 6.93237345797107E-03 6.94702721662648E-03 6.96148925131096E-03 6.97574548291271E-03 6.98980646243049E-03 7.0036753150208E-03 7.01736038350485E-03 7.03087162187249E-03 7.04423250956069E-03 7.05747346475298E-03 7.0706215165524E-03 7.08369337904855E-03 7.09669453773815E-03 7.10963881880519E-03 7.12254838831996E-03 7.13544983898232E-03 7.14836252923264E-03
6.33083966718163E-03 6.34598170745455E-03 6.36090083511786E-03 6.37561305933707E-03 6.39013462257413E-03 6.40448679532415E-03 6.41867359826889E-03 6.43270586454981E-03 6.44659309355034E-03 6.46035001879955E-03 6.47397973225636E-03 6.48748816253142E-03 6.50087465292134E-03 6.51414715539506E-03 6.52732087746518E-03 6.54042183387636E-03 6.55347449165763E-03 6.56651139511133E-03 6.57954837055097E-03 6.59260108221587E-03 6.60568048775782E-03 6.61880253764992E-03 6.63197172680296E-03 6.64519667363879E-03 6.65845538734507E-03 6.67170838274305E-03 6.68490801969741E-03 6.69802440165323E-03 6.71102550616846E-03 6.72389585876797E-03 6.73661244585507E-03 6.74916456151121E-03 6.76155355595518E-03 6.77381800150567E-03 6.78601410260734E-03 6.79823694550605E-03 6.81057151153845E-03 6.82310567939827E-03 6.83590519413017E-03 6.84906111634058E-03 6.86262254900281E-03 6.87663794210082E-03 6.89103924529156E-03 6.90575857656931E-03 6.92068820453186E-03 6.93575582339332E-03 6.95083565480976E-03 6.96581837422245E-03 6.98062441993753E-03 6.99522684535182E-03 7.00962292656864E-03 7.02382743092263E-03 7.03785174769027E-03 7.05170798635827E-03 7.06541271747652E-03 7.07899765578424E-03 7.09249741965612E-03 7.10593469999426E-03 7.11932550251923E-03 7.13267391727256E-03 7.1459956843007E-03 7.15931079512464E-03 7.17264190789752E-03 7.18599792863252E-03
6.33876214362132E-03 6.35481537789634E-03 6.37064957250223E-03 6.38627364800067E-03 6.40169883346521E-03 6.41693850508948E-03 6.43199816829439E-03 6.44688667412933E-03 6.46161158505659E-03 6.47618249261906E-03 6.49060226389883E-03 6.50487524777334E-03 6.51900750306466E-03 6.53301455580686E-03 6.54691833900077E-03 6.56074767242016E-03 6.57453097398355E-03 6.58830282883482E-03 6.60208211628447E-03 6.61588650666693E-03 6.62972856863128E-03 6.64362211559109E-03 6.6575665698898E-03 6.67156658300616E-03 6.6855876475062E-03 6.69957981150212E-03 6.71349200248166E-03 6.72729342591121E-03 6.74095054981181E-03 6.75445012544439E-03 6.76777051101184E-03 6.78090682196169E-03 6.79387249925778E-03 6.80671570531242E-03 6.81949579871256E-03 6.83231123525224E-03 6.84524125491403E-03 6.8583671026877E-03 6.87175120699876E-03 6.88547776822669E-03 6.89957814603156E-03 6.91407797259304E-03 6.92890288631816E-03 6.94397535795297E-03 6.95919502953995E-03 6.97449061683237E-03 6.98975131107858E-03 7.00486887704686E-03 7.01977943433839E-03 7.03446692524933E-03 7.04893952046802E-03 7.06321584546654E-03 7.07732182108879E-03 7.09127240285816E-03 7.10510055311968E-03 7.11884280303089E-03 7.13253420768555E-03 7.14618983612831E-03 7.15983032229748E-03 7.1734561494217E-03 7.18708513128378E-03 7.20073703321208E-03 7.21442866651365E-03 7.22815831897552E-03
6.34849738805838E-03 6.36560852612035E-03 6.38250240405563E-03 6.3991810118752E-03 6.41565013173643E-03 6.4319169773223E-03 6.44798677435365E-03 6.46386686852962E-03 6.47956347537138E-03 6.49508262398322E-03 6.5104272140725E-03 6.52560092916562E-03 6.54061549988877E-03 6.55549403506072E-03 6.57026406608532E-03 6.58495707516193E-03 6.59960476150415E-03 6.61424166304032E-03 6.62888869687718E-03 6.64356742290562E-03 6.6582923017812E-03 6.67307526812135E-03 6.68791121268644E-03 6.70279503774188E-03 6.71767377448753E-03 6.73248722365518E-03 6.7471802393669E-03 6.76172065399966E-03 6.77607668990967E-03 6.79023631147285E-03 6.80418064951544E-03 6.81791852720467E-03 6.83147832151368E-03 6.84491955393232E-03 6.85830848614293E-03 6.8717438251354E-03 6.88529408728117E-03 6.89903399014525E-03 6.91301830907115E-03 6.92731590654249E-03 0.006941939162691 6.95688910767996E-03 6.97208511376091E-03 6.98745265443593E-03 7.00290265762047E-03 7.01836478381659E-03 7.03373790578583E-03 0.007048928770197 7.06389162738246E-03 7.07861669742627E-03 7.09312025860174E-03 7.10742732203803E-03 7.12157319446363E-03 7.13558126190679E-03 7.14950067192539E-03 7.16336426095449E-03 7.17720341351288E-03 7.19103016144692E-03 7.20486853751727E-03 7.21871805791711E-03 7.2326011627852E-03 7.24653005973794E-03 7.26051584250439E-03 7.27455137110958E-03
6.36042094261029E-03 6.37874738866549E-03 6.39685502485419E-03 6.41473846808984E-03 6.43239839888353E-03 6.44983632350315E-03 6.46705695211143E-03 6.48406600837461E-03 6.50086947557583E-03 6.51747046108556E-03 6.53387368725459E-03 6.55008227186022E-03 6.56611493585926E-03 6.58200164115485E-03 6.59777331107277E-03 6.61346188877023E-03 6.62909986246825E-03 6.64472209847497E-03 6.66035300320528E-03 6.67601606141159E-03 6.6917250933579E-03 6.70749007229272E-03 6.72329810025032E-03 6.73913705470703E-03 6.75493544471917E-03 6.77061544997723E-03 6.78611312090649E-03 6.80140105348214E-03 6.81645364758032E-03 6.83126426875619E-03 6.84582668917838E-03 6.86016056136501E-03 6.87430400581045E-03 6.88833024721105E-03 6.90231063283872E-03 6.91634992573879E-03 6.93050876287366E-03 6.94484467831384E-03 6.95939284443104E-03 6.97420796327307E-03 6.98929085463422E-03 7.00461487861709E-03 7.02010650319081E-03 7.03569155512091E-03 7.05129716245121E-03 7.06685413451884E-03 7.08228377559121E-03 7.09749688547752E-03 7.11246187153935E-03 7.12718302245685E-03 7.14169430607003E-03 7.15602160334984E-03 7.17020557667095E-03 7.18427239495481E-03 7.19827133570229E-03 7.2122362149138E-03 7.22620262719574E-03 7.24017738135721E-03 7.25418251955002E-03 7.26821585960592E-03 7.28229684449028E-03 7.29643826233956E-03 7.31065384256783E-03 7.32493269041074E-03
6.37500609935198E-03 6.39471385885231E-03 6.41419642484961E-03 6.43344124060007E-03 6.45244411952251E-03 6.47120158214275E-03 6.48971729654624E-03 6.50799614224849E-03 6.52604314564616E-03 6.54386007408735E-03 6.56145398312588E-03 6.57883014474784E-03 6.59601511962538E-03 6.61304422961941E-03 6.62994844075906E-03 6.64675789745784E-03 6.66350459130333E-03 6.68022272811565E-03 6.69693783535317E-03 6.71367379131378E-03 6.73044264562735E-03 6.7472529534048E-03 6.76408360530704E-03 6.78091200386649E-03 6.79763905144251E-03 6.81417264618195E-03 6.83045008547617E-03 6.84645558019473E-03 6.86216942969164E-03 6.87759463602087E-03 6.89273692098848E-03 6.9076278833097E-03 6.92231617569348E-03 6.93688942949413E-03 6.95142257090546E-03 6.96602357568324E-03 6.98073505430388E-03 6.99559704851124E-03 7.01062819917986E-03 7.02587270341361E-03 7.04131555888138E-03 7.05691181570188E-03 7.07259845637023E-03 7.08830843634387E-03 7.1039863999313E-03 7.11956467932874E-03 7.13498401775927E-03 7.15016160943423E-03 7.16508877230015E-03 7.17978274541298E-03 7.19429160611946E-03 0.007208636688557 7.2228622614719E-03 7.23699340864564E-03 7.25107578008096E-03 7.26513911313181E-03 7.27922171859617E-03 7.2933246597669E-03 7.30746843937643E-03 7.3216474197281E-03 7.33588158568878E-03 7.35018267400048E-03 7.36456885110812E-03 7.37902678274087E-03
6.3928227704152E-03 6.41408618039286E-03 6.43511040732412E-03 6.45587644157233E-03 6.47637634932493E-03 6.49660296600896E-03 6.5165595803591E-03 6.53624962554094E-03 6.55567673032292E-03 6.57484207529856E-03 6.59375709032025E-03 6.61243118442104E-03 6.63089846332947E-03 6.64919690456154E-03 6.66735329365432E-03 6.6853948114599E-03 6.70335171745894E-03 6.72125645475799E-03 6.73913210938893E-03 6.7569995722153E-03 6.77486738509253E-03 6.79274456444496E-03 6.81059986060294E-03 6.82839300227671E-03 6.84599143708738E-03 6.86330617886156E-03 6.88029434436998E-03 6.89695522114227E-03 6.91327253251086E-03 6.92925545952214E-03 6.94491630329096E-03 6.96030054487403E-03 6.97547117505706E-03 6.99052854900596E-03 7.00554427389669E-03 7.02062569530204E-03 7.03578638548935E-03 7.05105674239593E-03 7.06645435202689E-03 7.08201560779307E-03 7.09771158386709E-03 7.11347681002355E-03 7.12926515219551E-03 7.14501855498875E-03 7.16070247227585E-03 7.17624411117598E-03 7.1916051413731E-03 7.20670645635424E-03 7.22157483467056E-03 7.23623743189659E-03 7.25074390833447E-03 7.26510460741879E-03 7.27937020870018E-03 7.29356266844902E-03 7.30772697255548E-03 7.3218841966032E-03 7.33606858523163E-03 7.35027275769305E-03 7.36452026593614E-03 7.37880096123007E-03 7.39314098821623E-03 7.40755005742111E-03 7.42204501028668E-03 7.43661040706752E-03
6.41453168637109E-03 6.43752786340295E-03 6.46026061464145E-03 6.48270760663727E-03 6.50485729309687E-03 6.52670179841369E-03 6.54824311546193E-03 6.56948208238503E-03 6.59042091247109E-03 6.61106339001237E-03 6.6314235124152E-03 6.65152184868994E-03 6.67139704481886E-03 6.69108023323577E-03 6.71059156483011E-03 6.72995814579919E-03 6.74920695476776E-03 6.76836628988383E-03 6.78745238761009E-03 6.80647710045428E-03 6.82544334149502E-03 6.84436024101874E-03 6.86319351997634E-03 6.88185932283726E-03 6.9002112749438E-03 6.91819920651188E-03 6.93580672966557E-03 6.95303667193305E-03 6.9698738299088E-03 6.98633274879333E-03 7.00243169280676E-03 7.01823119349715E-03 7.03380590807819E-03 7.04925777391858E-03 7.06465966259869E-03 7.08009475339815E-03 7.09555493568631E-03 7.11108483650724E-03 0.007126711158052 7.14245308977947E-03 7.15826417685097E-03 7.17408258311172E-03 7.18987956000974E-03 7.20560596784763E-03 7.22123766061126E-03 7.23669877528122E-03 7.25196218544513E-03 7.2669707210555E-03 7.28178591730188E-03 7.29642394727255E-03 7.31092531199113E-03 7.32529559426706E-03 7.33959255337639E-03 7.35383218937853E-03 7.36806045616555E-03 7.38228722144693E-03 7.39653901616062E-03 7.41080461926636E-03 7.42510948109021E-03 7.4394433279024E-03 7.45383973989541E-03 7.4682990200051E-03 7.48283272806396E-03 7.49742689157096E-03
