NongDo/Fusa 11.5h.grd
DSAA
463	323
2	464
2	324
0	10
[rows 140 to 167 of 323, columns 192 to 255 of 463]
6.59195802152635E-03 6.71713862726137E-03 6.83891289546794E-03 6.95711409662378E-03 7.07155131144251E-03 7.18196840432483E-03 7.28812960788853E-03 7.38979765027958E-03 7.4867539953387E-03 7.57876876347307E-03 7.66562480031527E-03 7.74710664618511E-03 7.82303997339311E-03 7.89329163025046E-03 7.9577722077935E-03 8.01644264319068E-03 8.06931980830175E-03 8.11648217468574E-03 8.15805321700841E-03 8.19419496065555E-03 8.22509327271195E-03 8.25094699413243E-03 8.27195146070125E-03 8.28829135934437E-03 8.30013564248755E-03 8.3076401243595E-03 8.31096204727655E-03 8.31028115148796E-03 8.30580273732579E-03 8.29775041511481E-03 8.28637162522526E-03 8.27193152817518E-03 8.25471907235926E-03 8.23502814383238E-03 8.21316417082913E-03 8.18940159256346E-03 8.16403540606244E-03 8.13733139792992E-03 8.10949564437341E-03 8.08060609693951E-03 8.05079394297086E-03 8.02023785999141E-03 7.98920029156523E-03 7.95805777183757E-03 7.92752909981784E-03 7.89894954466311E-03 7.87455419943094E-03 7.83956538776552E-03 0 0 0 0 0 0 0 0 0 0 0 0 0 0 0 0
6.72486801049397E-03 6.84562152653098E-03 6.9627907651035E-03 7.07623395679613E-03 7.18578256713712E-03 7.29119952117539E-03 7.39228913662461E-03 7.48884975049106E-03 7.5806909072484E-03 7.66760199054833E-03 7.74938194837179E-03 7.82582723449287E-03 7.89677555331815E-03 7.96210349211873E-03 8.02172883708674E-03 8.07562031388071E-03 8.12380627845254E-03 8.16638007669034E-03 8.20347895173261E-03 8.23527907744812E-03 8.26197696961641E-03 8.28377725152399E-03 8.30087822384937E-03 8.31346459113022E-03 8.32170319270664E-03 8.32574968114024E-03 8.32576886368089E-03 8.32195966845897E-03 8.31454652549915E-03 8.30376113786761E-03 8.28986227276394E-03 8.27313080193925E-03 8.25387625342664E-03 8.23240807999756E-03 8.20905226386199E-03 8.18409382411852E-03 8.1578478905488E-03 8.13058978675508E-03 8.10251760263228E-03 8.07366123502005E-03 8.04416728951063E-03 8.01432421292837E-03 7.98451545161329E-03 7.95535661618257E-03 7.92817147928274E-03 7.90540902952605E-03 7.87455419943094E-03 0 0 0 0 0 0 0 0 0 0 0 0 0 0 0 0 0
6.85044128902299E-03 6.9667908676735E-03 7.07942220932658E-03 7.18820542800381E-03 7.29298472795848E-03 7.39355273128575E-03 7.48975540802501E-03 7.58141785176341E-03 7.66836538221302E-03 7.75039665927356E-03 7.82731839383886E-03 7.89893858548331E-03 7.96510518440314E-03 8.02570220284834E-03 8.08065513094652E-03 8.12994460262584E-03 8.17361462175669E-03 8.21177536931725E-03 8.24458085207609E-03 8.27222361592551E-03 8.2949116464075E-03 8.31285508796798E-03 8.32625412640575E-03 8.33529189294263E-03 8.34013193350706E-03 8.34092925101701E-03 8.33785632574027E-03 8.33113491977277E-03 8.32100881176951E-03 8.30771089863238E-03 8.2915119830613E-03 8.27271228290808E-03 8.25164461042251E-03 8.22863476242799E-03 8.20403048029099E-03 8.1781294384209E-03 8.15126630728203E-03 8.12372215681354E-03 8.09568620233554E-03 8.06715194460905E-03 8.03831382165637E-03 8.00964792712898E-03 7.9817824115487E-03 7.95581379569907E-03 7.93396821911424E-03 7.90540902952605E-03 0 0 0 0 0 0 0 0 0 0 0 0 0 0 0 0 0 0
6.96920316739622E-03 7.08121223768859E-03 7.18939993847216E-03 7.29363721658759E-03 7.39378336745036E-03 0.007489677020462 7.58118457147377E-03 7.6681490805889E-03 7.75039987436386E-03 7.82774118738168E-03 7.89998383487388E-03 7.96695127839897E-03 8.02849729960877E-03 8.08451423265206E-03 8.13493916525409E-03 8.17977068550154E-03 8.21907238382434E-03 8.25297343826795E-03 8.28164862957331E-03 8.30530785881174E-03 8.32417023690651E-03 8.3384495216449E-03 8.34834607181473E-03 8.35403944453516E-03 8.35568877275496E-03 8.35344846878982E-03 8.34749915562863E-03 8.33808339841683E-03 8.32546212230685E-03 8.30986678982332E-03 8.29158463092371E-03 8.27094001402127E-03 8.24828971397522E-03 8.22397334777404E-03 8.19835919470666E-03 8.17177535063928E-03 8.14456236874443E-03 8.11699886800027E-03 8.08926262453364E-03 8.06138274066289E-03 8.03364780795271E-03 8.00682598111858E-03 7.98205390058672E-03 7.96125161003247E-03 7.93396821911424E-03 0 0 0 0 0 0 0 0 0 0 0 0 0 0 0 0 0 0 0
7.08173777225506E-03 7.18949057926238E-03 7.29333313202269E-03 7.39314500759174E-03 7.48880999983873E-03 7.58020107443085E-03 7.66718521241356E-03 7.74961684464027E-03 7.8273247414141E-03 7.90012111688853E-03 7.9678225553274E-03 8.03026565907343E-03 8.08730900070317E-03 8.13885894651211E-03 8.18487070003896E-03 8.22536530282968E-03 8.26042932645316E-03 8.29021497182416E-03 8.31492014676969E-03 8.33477036742357E-03 8.3499929243442E-03 8.36080337314486E-03 8.36739981919209E-03 8.3699557380363E-03 8.36862526382879E-03 8.3635627211018E-03 8.35495642168016E-03 8.3430640081149E-03 8.3281613568707E-03 8.3104821555956E-03 8.29033528890464E-03 8.26807100677911E-03 8.24406968997127E-03 8.21868705047907E-03 8.1923148524419E-03 8.16532030213496E-03 8.13804070225838E-03 8.11075254985053E-03 8.08364161029934E-03 8.05685589982338E-03 8.03087999990589E-03 8.00696930841054E-03 7.9870735259099E-03 7.96125161003247E-03 0 0 0 0 0 0 0 0 0 0 0 0 0 0 0 0 0 0 0 0
7.18865912500365E-03 7.29225100554296E-03 7.39185720493993E-03 7.48736967909828E-03 7.57868707307648E-03 7.66570075151547E-03 7.74828447724985E-03 7.8262959109492E-03 7.8995656617517E-03 7.96791388187156E-03 8.03116494997088E-03 8.08916523880658E-03 8.14178764673994E-03 8.1889575782595E-03 8.23065445078881E-03 8.2669246855634E-03 8.29788165014004E-03 8.32370253277562E-03 8.3446065398112E-03 8.36083156176205E-03 8.37260927106459E-03 8.38015403494853E-03 0.008383657912002 8.38328670233349E-03 8.3791903057477E-03 8.37152420173885E-03 8.36048336527382E-03 8.34633180901582E-03 8.32935795651433E-03 8.3098141297248E-03 8.2880309348004E-03 8.26438149553299E-03 8.23926849312627E-03 8.21307465018932E-03 8.18621863581499E-03 8.15910104136345E-03 8.13206825273243E-03 8.10540182837895E-03 8.07935159913191E-03 8.05427691326445E-03 8.03110448742756E-03 8.01179988442034E-03 7.9870735259099E-03 0 0 0 0 0 0 0 0 0 0 0 0 0 0 0 0 0 0 0 0 0
7.29040690863773E-03 7.38992679057496E-03 7.48539559462539E-03 7.57671447205525E-03 7.66378752043629E-03 7.74651887117385E-03 7.82479095282703E-03 7.89846324715883E-03 7.96737031943301E-03 8.03133985094835E-03 8.09020528395723E-03 8.14382610958771E-03 8.19209776757098E-03 8.23497050120536E-03 8.27245295086635E-03 8.30461867028573E-03 8.33160994502874E-03 8.35362917781489E-03 8.37091340531865E-03 8.38370848586889E-03 8.3922462771922E-03 8.39673566745366E-03 8.39735954347864E-03 8.39427584616019E-03 8.38763123459948E-03 8.37758340330027E-03 8.36433403447059E-03 8.3481470157395E-03 8.3293221436315E-03 8.30814050747504E-03 8.28495645337647E-03 8.26016672926003E-03 8.23419655560813E-03 8.20746092320344E-03 8.18041283577478E-03 8.15350086844894E-03 8.12708994826543E-03 8.10148496924695E-03 8.07709999689804E-03 8.05467748571788E-03 8.03591539150521E-03 8.01179988442034E-03 0 0 0 0 0 0 0 0 0 0 0 0 0 0 0 0 0 0 0 0 0 0
7.38728733771932E-03 7.48280359375694E-03 7.57420708225676E-03 7.66140522732464E-03 7.74430734310785E-03 7.82282881009217E-03 7.89685721721727E-03 7.96625324503477E-03 8.03085630611497E-03 8.09050405060054E-03 8.14504368095952E-03 8.19435262034273E-03 8.23835276783337E-03 8.27702482946264E-03 8.31040984914991E-03 8.33860938136035E-03 8.3617950577301E-03 8.38019313859241E-03 8.39405335814748E-03 8.40362435105168E-03 8.40913378707029E-03 8.41078233559952E-03 8.40874360966889E-03 8.40316697020183E-03 8.39419628069222E-03 8.38199173110016E-03 8.36676083230238E-03 8.34876857863705E-03 8.32832707684125E-03 8.30574254626753E-03 8.28139896175207E-03 8.25572178713173E-03 8.22916012908437E-03 8.20215846478063E-03 8.17523482886803E-03 8.14893956209632E-03 8.12365185278302E-03 8.09969315480392E-03 8.07786744269353E-03 8.05954816849461E-03 8.03591539150521E-03 0 0 0 0 0 0 0 0 0 0 0 0 0 0 0 0 0 0 0 0 0 0 0
7.47951733004762E-03 7.57107855881227E-03 7.65846679140655E-03 7.74159590855525E-03 7.82038174953392E-03 7.89474854133357E-03 7.96458614734832E-03 8.0297571103855E-03 8.09010827095357E-03 8.14549027764865E-03 8.19576883905567E-03 8.24084358095723E-03 8.28066703756298E-03 8.31525348277726E-03 8.34467782318702E-03 8.36907086053557E-03 8.38863264387825E-03 8.40360830076007E-03 8.41425420691677E-03 8.4208167193525E-03 0.00842351562851 8.42254249715653E-03 8.41806232609946E-03 8.41021542925551E-03 8.39914357943142E-03 8.38501025410716E-03 8.3680288709148E-03 8.34846544848182E-03 8.32664591065428E-03 8.30290154038906E-03 8.27764668558736E-03 8.25133648589277E-03 8.2244452323072E-03 8.19746558190764E-03 8.17105126247923E-03 8.14596232092273E-03 8.12259485090859E-03 8.1010241542914E-03 8.08301746090541E-03 8.05954816849461E-03 0 0 0 0 0 0 0 0 0 0 0 0 0 0 0 0 0 0 0 0 0 0 0 0
7.56725243269563E-03 7.65488960362622E-03 0.007738295915087 7.81739273891895E-03 7.89210248289652E-03 7.96235631988195E-03 8.02804688436728E-03 8.08904020985167E-03 8.14519315357064E-03 8.19637291169334E-03 8.24246753060088E-03 8.28340275155907E-03 8.31916533543688E-03 8.34980487152071E-03 8.37543002032921E-03 8.39619996284531E-03 8.41233855635626E-03 8.42410445845601E-03 8.43175580178378E-03 8.43553250198212E-03 8.43564435018175E-03 8.43227266645239E-03 8.42557382138013E-03 8.41568064578487E-03 8.40273468407195E-03 8.38690375934003E-03 8.36840657285646E-03 8.34750859959149E-03 8.32455181303656E-03 8.29989839634901E-03 8.27398956761091E-03 8.24730014238655E-03 8.2203253309956E-03 8.19365150228213E-03 8.16821643074715E-03 8.1452627784818E-03 8.12543589447901E-03 8.10692584918575E-03 8.08301746090541E-03 0 0 0 0 0 0 0 0 0 0 0 0 0 0 0 0 0 0 0 0 0 0 0 0 0
7.6506009219987E-03 7.73433395911826E-03 7.81378223171592E-03 7.88887582699485E-03 7.9595439219899E-03 8.02572253891723E-03 8.0873082999875E-03 8.14417426446447E-03 8.1961910468183E-03 8.24324438168344E-03 8.28524788780563E-03 8.32215815381325E-03 8.35399837980754E-03 8.38085234450849E-03 8.40286054738178E-03 8.42020886772015E-03 8.43313981500069E-03 8.44191908694247E-03 8.44680203380099E-03 8.44801958228116E-03 8.44577050065788E-03 8.44022526503492E-03 8.43153226397213E-03 8.41981930838943E-03 8.40522969547501E-03 8.38793571720366E-03 8.36816010100703E-03 8.34616689161948E-03 8.32231874209939E-03 8.29701782311083E-03 8.27072883964945E-03 8.24392548896131E-03 8.21708741548503E-03 8.19091719376504E-03 8.16690601091137E-03 8.14751055596444E-03 8.13574646635615E-03 8.10692584918575E-03 0 0 0 0 0 0 0 0 0 0 0 0 0 0 0 0 0 0 0 0 0 0 0 0 0 0
7.72963855208651E-03 7.80948187374378E-03 7.88499172415444E-03 7.95610829345731E-03 8.02276815483984E-03 8.08491063542673E-03 8.14243891706263E-03 8.19523732402212E-03 8.24319309377522E-03 8.28621303144431E-03 8.32423948720525E-03 8.3572632774009E-03 8.38534231113129E-03 8.40859275769057E-03 8.42718416255686E-03 8.44132602131079E-03 8.45127320743865E-03 8.45729306260729E-03 8.45963552758585E-03 8.4585208556272E-03 8.45413673924431E-03 8.44664308582442E-03 8.43618178497526E-03 8.42287913418712E-03 8.40688144024302E-03 8.38836415423204E-03 8.36755071715698E-03 8.34470473528405E-03 8.32021708824674E-03 8.29454833056484E-03 8.26819781489553E-03 8.2416063231079E-03 8.2151086266202E-03 8.18934528476412E-03 8.16669443362745E-03 8.15142925296758E-03 8.14992858624629E-03 0 0 0 0 0 0 0 0 0 0 0 0 0 0 0 0 0 0 0 0 0 0 0 0 0 0 0
7.80442905111823E-03 7.88039873276603E-03 7.95199334024288E-03 8.01916314379482E-03 8.08185240650869E-03 8.14000550333179E-03 8.19353529326852E-03 8.24233951850968E-03 8.28632515534885E-03 8.32542380870298E-03 8.35960896651653E-03 8.38890450492204E-03 8.4134007995972E-03 8.43324493305606E-03 8.44863233023614E-03 8.45979003562509E-03 8.46697974982693E-03 8.47046741377947E-03 8.47049530334546E-03 8.46727248117354E-03 8.46097702389513E-03 8.45175980797238E-03 8.43975811079007E-03 8.42509905765724E-03 8.40793352290262E-03 8.38843913582318E-03 8.36683505070689E-03 8.3433784391765E-03 8.31850417231098E-03 8.29278040471669E-03 8.26679427006254E-03 8.24096570807458E-03 8.21520352909559E-03 8.18905839738419E-03 8.16655404365547E-03 8.15263658428068E-03 8.14992858624629E-03 0 0 0 0 0 0 0 0 0 0 0 0 0 0 0 0 0 0 0 0 0 0 0 0 0 0 0
7.87503199727708E-03 7.94715011423458E-03 8.01485881923705E-03 8.07812011132193E-03 8.13688754468534E-03 8.19111216972974E-03 8.24071727075583E-03 8.28561727885378E-03 8.3257429191618E-03 0.008361053064811 8.39155148230032E-03 8.41729276969724E-03 8.43839833875653E-03 8.45504313558953E-03 8.46744371967506E-03 8.4758392892303E-03 8.48049621406254E-03 8.48167563011921E-03 8.47960970836337E-03 8.47449723138679E-03 8.46650935581939E-03 8.45579156050341E-03 8.44247960831159E-03 8.4267008708928E-03 8.40861217527233E-03 8.3883932937236E-03 8.36625221168548E-03 8.34242085630183E-03 8.31740338421993E-03 8.29197579494627E-03 8.26697052750118E-03 8.24307147800484E-03 8.21968236000689E-03 8.19048763275021E-03 8.16655404365547E-03 8.15263658428068E-03 0 0 0 0 0 0 0 0 0 0 0 0 0 0 0 0 0 0 0 0 0 0 0 0 0 0 0 0
7.94152387971044E-03 8.00982034305298E-03 8.07368161788263E-03 8.13308362513124E-03 8.18799075978535E-03 8.23836022454569E-03 8.28412869853262E-03 8.32523177524006E-03 8.3616268980106E-03 8.39329951042027E-03 8.42028196537011E-03 8.44265756927338E-03 8.46057563067513E-03 8.47423418842324E-03 8.48386526488105E-03 8.48971813100287E-03 8.49206186225958E-03 8.49114860804197E-03 8.48720001188263E-03 8.48040828912169E-03 8.47094155781792E-03 8.45894279922015E-03 8.44454908728216E-03 8.4278892089818E-03 8.40912513569491E-03 8.38843606535957E-03 8.36600871555961E-03 8.34202839453754E-03 8.31708783547933E-03 8.29230235781405E-03 8.26904489169389E-03 8.24935163870104E-03 8.2363400179534E-03 8.19048763275021E-03 0 0 0 0 0 0 0 0 0 0 0 0 0 0 0 0 0 0 0 0 0 0 0 0 0 0 0 0 0 0
8.00399182674588E-03 8.06850614023112E-03 8.12856959067702E-03 8.18417357437773E-03 8.23529488349799E-03 8.28189586574729E-03 8.32393275857263E-03 8.36136539178412E-03 8.39417799722379E-03 8.42238018043051E-03 8.44603161878763E-03 8.46524140912846E-03 8.48018172542694E-03 8.49106933636384E-03 8.49814695206259E-03 8.50167098812116E-03 8.50190886861959E-03 8.49910371851559E-03 8.49347093562744E-03 8.48520117455934E-03 8.47446360448727E-03 8.46139990922148E-03 8.44615004361935E-03 8.42884862369057E-03 8.40965844728735E-03 8.38875366092669E-03 8.36628621868798E-03 8.34237668404082E-03 8.31768978671266E-03 8.29374327482316E-03 8.27244318826607E-03 8.25731666777135E-03 8.25564969502938E-03 0 0 0 0 0 0 0 0 0 0 0 0 0 0 0 0 0 0 0 0 0 0 0 0 0 0 0 0 0 0 0
8.06253395423523E-03 8.12331862659303E-03 8.17964965165495E-03 8.23153179801749E-03 8.27895436525102E-03 8.32189126252257E-03 8.3603222522836E-03 8.39423010377716E-03 8.42362331973885E-03 8.44853439034662E-03 8.46904779860807E-03 8.48529484586276E-03 8.49746623152885E-03 8.50579242424033E-03 8.51052353545253E-03 8.51191976436817E-03 8.51024466052333E-03 8.50573493490456E-03 8.49860488696037E-03 8.48904895711395E-03 8.47724136787656E-03 8.46332508646233E-03 8.44744402788621E-03 8.42974032551282E-03 8.41037475148441E-03 8.38951067886643E-03 8.36725905858559E-03 8.3436759838444E-03 8.31946588257865E-03 8.29645576130521E-03 8.27647097697567E-03 8.26151713565908E-03 8.25564969502938E-03 0 0 0 0 0 0 0 0 0 0 0 0 0 0 0 0 0 0 0 0 0 0 0 0 0 0 0 0 0 0 0
8.11725616835464E-03 8.17437776654614E-03 8.22705608941197E-03 8.27530888282219E-03 8.31914144290739E-03 8.35854412454773E-03 8.39351594822338E-03 8.42406183366503E-03 8.45021220757627E-03 8.47202058810868E-03 8.48959125963293E-03 8.50307451784021E-03 8.51267579039339E-03 8.5186357380739E-03 8.52121038257326E-03 8.52066154353271E-03 8.51724941514645E-03 8.51120898243071E-03 8.5027587746879E-03 8.49210070403808E-03 8.47941618764742E-03 8.46485459842043E-03 8.44856521635113E-03 8.43069794922889E-03 8.41141484672098E-03 8.3908626190935E-03 8.36911288465531E-03 8.34621790531243E-03 8.32299417685741E-03 8.30152774449745E-03 8.2837511043307E-03 8.26151713565908E-03 0 0 0 0 0 0 0 0 0 0 0 0 0 0 0 0 0 0 0 0 0 0 0 0 0 0 0 0 0 0 0 0
8.16831181327136E-03 8.22185132752507E-03 8.27097011734279E-03 8.31570223433699E-03 8.35607102579218E-03 8.3920816667073E-03 8.42375018506583E-03 8.45110278608373E-03 8.47418963136109E-03 8.49308176724597E-03 8.50789939322087E-03 8.51880881892829E-03 8.52602699044538E-03 8.52980286483218E-03 8.5303978800065E-03 8.52807344687362E-03 8.52308719517049E-03 8.51567865984003E-03 8.50607638319508E-03 8.49449362320799E-03 8.48112069683883E-03 8.46611490463623E-03 8.44963413010061E-03 8.43184525805402E-03 8.41292546714046E-03 8.39302123601298E-03 8.37216567525815E-03 8.35042338765223E-03 8.3289768252043E-03 8.3102686982369E-03 8.2837511043307E-03 0 0 0 0 0 0 0 0 0 0 0 0 0 0 0 0 0 0 0 0 0 0 0 0 0 0 0 0 0 0 0 0 0
8.21587963606488E-03 8.26593281847156E-03 8.31160107372302E-03 8.35293678851963E-03 8.38997865357669E-03 8.42274406421376E-03 8.45126753765526E-03 8.47559518705978E-03 8.49579421161488E-03 8.51194894237335E-03 8.52419328831251E-03 8.53270673784569E-03 8.53771515825914E-03 8.53947419359585E-03 8.53825023116114E-03 8.53430505117718E-03 8.5278980658329E-03 8.51927644381063E-03 8.50868252310099E-03 8.49634620993236E-03 8.48246977690332E-03 8.46721648417604E-03 8.45075852832658E-03 8.43330244116413E-03 8.41507770153811E-03 8.39631131161805E-03 8.37703172777966E-03 8.35699794329343E-03 8.33835216057895E-03 8.3102686982369E-03 0 0 0 0 0 0 0 0 0 0 0 0 0 0 0 0 0 0 0 0 0 0 0 0 0 0 0 0 0 0 0 0 0 0
8.26015500026379E-03 8.30682863181431E-03 8.34916685293332E-03 8.38723779224977E-03 8.42109276030493E-03 8.4507628563869E-03 8.47630129693783E-03 8.49777109050017E-03 8.51525251812996E-03 8.52884124133458E-03 8.53868258020867E-03 8.54496592134637E-03 8.54792407441792E-03 8.54781867923936E-03 8.54492212001962E-03 8.53949816980993E-03 8.53181177741128E-03 8.52212181451966E-03 8.51068745931407E-03 8.4977591907458E-03 8.4835552966906E-03 8.46824828308576E-03 8.4520325414636E-03 8.43518074671593E-03 8.41805391748159E-03 8.40119020909595E-03 8.38490466365319E-03 8.36682272234187E-03 8.33835216057895E-03 0 0 0 0 0 0 0 0 0 0 0 0 0 0 0 0 0 0 0 0 0 0 0 0 0 0 0 0 0 0 0 0 0 0 0
8.30134002780632E-03 8.34474819047656E-03 8.38388163891156E-03 8.41882176449496E-03 8.44963319331949E-03 8.47636171444431E-03 8.49907587743845E-03 8.51785270416022E-03 8.53278216619811E-03 8.54396916327325E-03 8.55156683938712E-03 8.55577227922089E-03 8.55682452461085E-03 8.55499164896084E-03 8.55055394207925E-03 8.54377966498719E-03 8.53494332737028E-03 8.52431916479622E-03 8.51218559635121E-03 8.49881597773553E-03 8.4844493530781E-03 8.46927802319998E-03 8.45353071866974E-03 8.43756387534624E-03 8.42196414328934E-03 8.40810173910626E-03 8.39896148780613E-03 8.36682272234187E-03 0 0 0 0 0 0 0 0 0 0 0 0 0 0 0 0 0 0 0 0 0 0 0 0 0 0 0 0 0 0 0 0 0 0 0 0
8.3396498073256E-03 8.37991020579199E-03 8.41596575914222E-03 8.44790963820634E-03 8.47581993970332E-03 8.49975783175313E-03 8.51980432660793E-03 8.53604631070872E-03 8.54858017767977E-03 8.5575187428466E-03 8.56302050991311E-03 8.56528780388648E-03 8.5645657283187E-03 8.56113019518671E-03 8.55527142880468E-03 8.54726486316165E-03 8.53739784288162E-03 8.52596320022793E-03 8.5132609816457E-03 8.49958938981439E-03 8.48521444691555E-03 8.4703647483503E-03 8.45532222625169E-03 8.44052098553287E-03 8.4266435148445E-03 8.41559709987188E-03 8.41432507322466E-03 0 0 0 0 0 0 0 0 0 0 0 0 0 0 0 0 0 0 0 0 0 0 0 0 0 0 0 0 0 0 0 0 0 0 0 0 0
8.37529985076528E-03 8.4125310770899E-03 8.44563552134528E-03 8.47471686551564E-03 8.49986601309316E-03 8.52115942913045E-03 8.53868703205993E-03 8.55254243337781E-03 8.56282619042402E-03 8.56965748729627E-03 8.57319782527246E-03 8.57365386181241E-03 8.57127810872018E-03 8.56635514100763E-03 8.55918605686948E-03 8.5500564690994E-03 8.53926943699773E-03 8.52713873255097E-03 8.51398922301196E-03 8.50014594247557E-03 8.48590945185974E-03 8.47157075333746E-03 8.45751540904306E-03 8.4443047057833E-03 8.43233001704704E-03 8.42011638677257E-03 8.41432507322466E-03 0 0 0 0 0 0 0 0 0 0 0 0 0 0 0 0 0 0 0 0 0 0 0 0 0 0 0 0 0 0 0 0 0 0 0 0 0
8.40849706900685E-03 8.44281431720919E-03 8.4730894091561E-03 8.49943683103378E-03 8.52195988803898E-03 8.54074751262058E-03 8.55589566397718E-03 8.56750292364485E-03 8.57567240675392E-03 8.58052680899149E-03 8.5822294340139E-03 8.58099212585395E-03 8.57707568061447E-03 8.57077402114827E-03 8.56239968241127E-03 8.55224953165203E-03 8.54064495317908E-03 8.52792420455981E-03 8.51444059347777E-03 8.50055109364427E-03 8.48659966398246E-03 8.47296728243237E-03 8.46025827105158E-03 8.4495940608017E-03 8.44271127777629E-03 8.42011638677257E-03 0 0 0 0 0 0 0 0 0 0 0 0 0 0 0 0 0 0 0 0 0 0 0 0 0 0 0 0 0 0 0 0 0 0 0 0 0 0
8.43943368992148E-03 8.47094776983436E-03 8.49851114669732E-03 8.52224823541909E-03 8.54227302812295E-03 8.55868436695193E-03 8.57158263211919E-03 8.58106945778624E-03 8.58724857213476E-03 8.5902450396346E-03 8.59022567282664E-03 8.58740696949972E-03 8.58205771748618E-03 8.57448164551989E-03 8.56500368918457E-03 8.55393068905473E-03 8.54160464326316E-03 8.52839336672884E-03 8.51468169415504E-03 8.50086708610661E-03 8.48734823393986E-03 8.47460428697299E-03 8.46351049887772E-03 8.45591323872358E-03 8.45485566915966E-03 0 0 0 0 0 0 0 0 0 0 0 0 0 0 0 0 0 0 0 0 0 0 0 0 0 0 0 0 0 0 0 0 0 0 0 0 0 0 0
8.46827338539011E-03 8.4970895268561E-03 8.52205258025061E-03 8.5432966665061E-03 8.56094491325132E-03 8.57510365008233E-03 8.58587565261937E-03 8.59336270261662E-03 8.59766789069628E-03 8.59891935851272E-03 8.59728873359904E-03 8.59299615651498E-03 8.58631763811267E-03 8.57756712613645E-03 8.56708226415929E-03 8.55518031172317E-03 8.54222514619832E-03 8.52861839270942E-03 8.51477978006561E-03 8.5011545083121E-03 8.48821164990315E-03 8.47654836921051E-03 8.46724203358364E-03 8.46203862357056E-03 8.45485566915966E-03 0 0 0 0 0 0 0 0 0 0 0 0 0 0 0 0 0 0 0 0 0 0 0 0 0 0 0 0 0 0 0 0 0 0 0 0 0 0 0
8.49515787991983E-03 8.5213769045844E-03 8.5438473791019E-03 8.56271224461612E-03 8.5781011606056E-03 8.59012572560592E-03 8.59888875557141E-03 8.60449051440503E-03 8.6070342580202E-03 8.60665076065933E-03 8.60351564597724E-03 8.59785292689072E-03 8.58994568886268E-03 8.58011778130438E-03 8.56871834443049E-03 8.55607840380661E-03 8.5425842940012E-03 8.52867553145181E-03 8.51481073947872E-03 8.50148854551936E-03 8.48927175094555E-03 8.47895470525703E-03 8.47205348466751E-03 8.47116029549607E-03 0 0 0 0 0 0 0 0 0 0 0 0 0 0 0 0 0 0 0 0 0 0 0 0 0 0 0 0 0 0 0 0 0 0 0 0 0 0 0 0
