NongDo/Fusa 16.9h.grd
DSAA
463	323
2	464
2	324
0	10
[rows 252 to 279 of 323, columns 0 to 63 of 463]
0 0 0 0 0 0 0 0 0 0 0 0 0 0 0 0 0 0 0 0 0 0 0 0 0 0 0 0 0 0 0 0 0 0 0 0 0 0 4.02124886422416E-03 4.03325793643086E-03 4.03970979156747E-03 4.04496940229625E-03 4.05080533952427E-03 4.05763157764712E-03 4.06562734588592E-03 4.07488100669529E-03 4.08550704978209E-03 4.09757769926845E-03 4.11120057287742E-03 4.12646515768558E-03 4.14346654477059E-03 4.16229290778191E-03 4.18299999118993E-03 4.20563377809056E-03 4.2301949241236E-03 4.25669059739868E-03 4.2850668680126E-03 4.31526663977573E-03 4.3471892391015E-03 4.38075564361846E-03 4.41582947837195E-03 4.45222992802164E-03 4.48975562734085E-03 4.52819117159723E-03
0 0 0 0 0 0 0 0 0 0 0 0 0 0 0 0 0 0 0 0 0 0 0 0 0 0 0 0 0 0 0 0 0 0 0 0 0 4.01083328499924E-03 4.02124886422416E-03 4.02673710866303E-03 4.03257294834222E-03 4.0386155760051E-03 4.04536265862597E-03 4.05308780548301E-03 4.06198962655911E-03 4.0721880204576E-03 4.08381455350373E-03 4.09695929656469E-03 4.11173963911069E-03 4.12825928506115E-03 4.14661691842075E-03 4.16690002350809E-03 4.18915762916302E-03 4.21342577778858E-03 4.23969101384425E-03 4.26794066197733E-03 4.29810101783936E-03 4.33009009383343E-03 4.36378127375828E-03 0.004399064210227 4.4357774553039E-03 4.4737154047742E-03 4.51265462181836E-03 4.55236100489252E-03
0 0 0 0 0 0 0 0 0 0 0 0 0 0 0 0 0 0 0 0 0 0 0 0 0 0 0 0 0 0 0 0 0 0 0 0 4.00200565648376E-03 4.01083328499924E-03 4.01563150096193E-03 4.02085940520068E-03 4.02669987570497E-03 4.03323680866153E-03 4.04069485682414E-03 4.04923175760948E-03 4.05901646274345E-03 4.07017282921716E-03 4.08283781890613E-03 4.09711148894829E-03 4.11311717752432E-03 4.1309683154671E-03 4.15076446284213E-03 4.17258925504056E-03 4.19648177003385E-03 4.22246402030127E-03 4.25050364499446E-03 4.28056817792536E-03 4.31255938989696E-03 4.34636612988371E-03 4.38183245515131E-03 4.41881817940032E-03 4.45713343771456E-03 4.49654836306464E-03 4.53681924395932E-03 4.57769603651902E-03
0 0 0 0 0 0 0 0 0 0 0 0 0 0 0 0 0 0 0 0 0 0 0 0 0 0 0 0 0 0 0 0 0 0 0 3.99756297644257E-03 4.00200565648376E-03 4.00581022851614E-03 4.01019173673035E-03 4.01534840465539E-03 4.02140306416727E-03 4.02843010307482E-03 4.03656564836058E-03 4.04590527255389E-03 4.05659448092672E-03 4.06875607493636E-03 4.08252528655481E-03 4.09800825951889E-03 4.11532850036546E-03 4.13460859052191E-03 4.15594272052628E-03 4.17940809487692E-03 4.20502931148661E-03 4.23281164916548E-03 4.26269762469645E-03 4.29463446635347E-03 4.32849448639044E-03 4.36413246128738E-03 4.40136267462671E-03 4.44001516389985E-03 4.4798750238983E-03 4.52068663421893E-03 4.56218890859553E-03 4.60411891718963E-03
0 0 0 0 0 0 0 0 0 0 0 0 0 0 0 0 0 0 0 0 0 0 0 0 0 0 0 0 0 0 0 0 0 0 0 3.99756297644257E-03 3.99792137221224E-03 4.00052486124331E-03 4.0046041837669E-03 4.00987040914315E-03 4.0162936196833E-03 4.02389078549828E-03 4.03275421473299E-03 4.0429550271926E-03 4.05462027817667E-03 4.06787110195142E-03 4.08283955053767E-03 4.09963711396703E-03 4.11838588631821E-03 4.13921031673674E-03 4.16219694186053E-03 4.18741155938831E-03 4.21486102723121E-03 4.24452982903759E-03 4.27633528839087E-03 4.31019406227923E-03 4.34594421748768E-03 4.38340815787704E-03 4.42237241932978E-03 4.46263767608261E-03 4.50396195560147E-03 4.54606881410388E-03 4.58868339165254E-03 4.63153501246732E-03
0 0 0 0 0 0 0 0 0 0 0 0 0 0 0 0 0 0 0 0 0 0 0 0 0 0 0 0 0 0 0 0 0 0 3.9821153139299E-03 3.99037648127749E-03 3.99151926502768E-03 3.99428156200899E-03 3.99855391849094E-03 4.00419028331213E-03 4.01115357420749E-03 4.01944181734724E-03 4.02912585222449E-03 4.04028422527804E-03 4.0530298456953E-03 4.06748525036725E-03 4.08377327044337E-03 4.10201562639249E-03 4.12232626526424E-03 4.14482792956522E-03 4.16959490951235E-03 4.19667765392997E-03 4.22605999542807E-03 4.25770117657292E-03 4.29149081859617E-03 4.32730277701538E-03 4.36494520242061E-03 4.4042073912103E-03 4.44485090847025E-03 4.48664502625425E-03 4.52932972609874E-03 4.57261004719932E-03 4.61620072604809E-03 4.6598284258893E-03
0 0 0 0 0 0 0 0 0 0 0 0 0 0 0 0 0 0 0 0 0 0 0 0 0 0 0 0 0 0 0 0 0 0 3.9821153139299E-03 3.98253808155706E-03 3.9840475249588E-03 3.98720347172532E-03 3.99194496176957E-03 3.99816647217062E-03 4.00583839816503E-03 4.01495859491427E-03 4.02559446576802E-03 4.03783744463999E-03 4.05179742110962E-03 4.06759750872656E-03 4.08535232459867E-03 4.10518764741483E-03 4.12720904868893E-03 4.15153217204461E-03 4.17821535660976E-03 4.20728785131327E-03 4.23870497324356E-03 4.27239497838727E-03 4.30821315780316E-03 4.34599215808056E-03 4.38550673275443E-03 4.42651574222543E-03 4.46875689516379E-03 4.51197573743542E-03 4.5558964059508E-03 4.60020999393106E-03 4.64462617077567E-03 4.68887620472096E-03
0 0 0 0 0 0 0 0 0 0 0 0 0 0 0 0 0 0 0 0 0 0 0 0 0 0 0 0 0 0 0 0 0 0 3.97358829685143E-03 3.97369158739025E-03 3.97561525567903E-03 3.9793478737574E-03 3.98476030229289E-03 3.99174803985823E-03 4.00028876276335E-03 4.01038993409017E-03 4.02212653756843E-03 4.03560648205008E-03 4.05093740940999E-03 4.06824678527144E-03 4.08763409471997E-03 4.10922888297081E-03 4.13312103583635E-03 4.15941847866275E-03 4.18815761897112E-03 4.21933938267583E-03 4.25288307537337E-03 4.28867994430542E-03 0.004326549310406 4.3662828904984E-03 4.40762361392733E-03 4.45029973015873E-03 4.49403038707158E-03 4.53854290529789E-03 4.58355588366671E-03 4.62874649207505E-03 4.67382658831665E-03 4.71854091332453E-03
0 0 0 0 0 0 0 0 0 0 0 0 0 0 0 0 0 0 0 0 0 0 0 0 0 0 0 0 0 0 0 0 0 0 3.96341920198191E-03 3.96361437594828E-03 3.96617799878452E-03 3.97069897805537E-03 3.97697890722518E-03 3.98491409825639E-03 3.99449376236579E-03 4.0057404076585E-03 4.01874068591375E-03 4.03362852628048E-03 4.05050759236656E-03 4.06950659035004E-03 4.09070715627418E-03 4.11423900057072E-03 4.14016704477833E-03 4.1685946033432E-03 4.19952687017076E-03 4.2329257451151E-03 4.26866798835921E-03 4.30660623258404E-03 4.34652227562586E-03 4.38816943856184E-03 4.4312606889412E-03 4.4754983962264E-03 4.52058699089764E-03 4.56624391933203E-03 0.004612189141654 4.65808707747438E-03 4.70366355311896E-03 4.74868719238989E-03
0 0 0 0 0 0 0 0 0 0 0 0 0 0 0 0 0 0 0 0 0 0 0 0 0 0 0 0 0 0 0 0 0 3.93629381116067E-03 3.95024813531007E-03 3.95197658012082E-03 3.95571849636914E-03 3.96129804444735E-03 3.96864861333197E-03 3.97771107947811E-03 3.98850405514306E-03 4.00107149572858E-03 4.01550761013974E-03 4.03199105379243E-03 4.05060599454465E-03 4.07148951309289E-03 4.09468931998538E-03 4.12034767192516E-03 4.14847825681355E-03 4.17919221155798E-03 0.004212442249654 4.24814374443774E-03 4.28612858517955E-03 4.32621041983549E-03 4.3681362300521E-03 4.41162057208047E-03 4.45635626861546E-03 4.50202272572436E-03 4.5483184287622E-03 4.59494930496247E-03 4.64165470113272E-03 4.68808177211696E-03 4.73399117400114E-03 4.77918248370406E-03
0 0 0 0 0 0 0 0 0 0 0 0 0 0 0 0 0 0 0 0 0 0 0 0 0 0 0 0 0 0 0 0 0 3.93629381116067E-03 3.93699327284098E-03 3.93952625568846E-03 3.94443921568834E-03 3.95127115417534E-03 3.95987474975929E-03 3.97023564770306E-03 3.98241583541136E-03 3.99648834933321E-03 4.01255854837136E-03 4.03082719642353E-03 4.05137434931449E-03 4.07433208159055E-03 4.09972656989783E-03 4.12769003653498E-03 4.15820425777409E-03 4.19134352966797E-03 4.22700557907291E-03 4.26505947920426E-03 4.30529784384631E-03 0.004347491545115 4.3913533538291E-03 4.43656734808214E-03 4.48281077611787E-03 4.52975416016045E-03 4.57709414695978E-03 4.6245312207839E-03 4.67179993014113E-03 4.71858125886865E-03 4.76467895396376E-03 4.80991489462608E-03
0 0 0 0 0 0 0 0 0 0 0 0 0 0 0 0 0 0 0 0 0 0 0 0 0 0 0 0 0 0 0 0 0 3.92261511663098E-03 3.92294128212227E-03 3.92655430306277E-03 3.93274034494976E-03 3.94089240402167E-03 3.95086504061676E-03 3.96266282674075E-03 3.97638850665287E-03 3.99214143513496E-03 4.01005146445566E-03 4.03030707990284E-03 4.05299149599153E-03 4.07822035201233E-03 4.10600417868423E-03 4.13644092033491E-03 4.16949817747961E-03 4.20515782702101E-03 4.2432896594091E-03 4.28370759849565E-03 4.3261750216485E-03 4.37040776486149E-03 4.41609872539963E-03 4.46290322315059E-03 4.51049261181602E-03 4.55853758125881E-03 4.60673915765267E-03 4.65480091486586E-03 4.70245332519373E-03 4.74946165668318E-03 4.79563152679926E-03 4.84080914872207E-03
0 0 0 0 0 0 0 0 0 0 0 0 0 0 0 0 0 0 0 0 0 0 0 0 0 0 0 0 0 0 0 0 3.87668007781816E-03 3.90415490868705E-03 3.9074934161168E-03 3.91308820647226E-03 3.92081662506738E-03 3.93041221738065E-03 3.94185944888615E-03 3.95522514341019E-03 3.97065006035687E-03 3.98826027875511E-03 4.00819511205861E-03 4.0306326903246E-03 4.05564621243853E-03 4.08333142060519E-03 4.1136720122955E-03 4.14672882814041E-03 4.1824280435214E-03 4.2206781599135E-03 4.26130316992931E-03 4.30406976962323E-03 4.34870438068464E-03 4.39488095992242E-03 4.44227107462606E-03 4.49051366798265E-03 4.53928003443319E-03 4.58824833739747E-03 4.63713220144329E-03 4.68564846348125E-03 4.73355260813207E-03 4.78066201694565E-03 4.82679262755555E-03 4.87180422016331E-03
0 0 0 0 0 0 0 0 0 0 0 0 0 0 0 0 0 0 0 0 0 0 0 0 0 0 0 0 0 0 0 3.86665928244315E-03 3.87668007781816E-03 3.88578285708155E-03 3.89237792398759E-03 3.89987035419014E-03 3.9091065576606E-03 3.92015993487739E-03 3.93315035556773E-03 3.94819623202929E-03 3.96546325081722E-03 3.98509201248727E-03 4.00722212677532E-03 4.03201848272109E-03 4.05953499658645E-03 4.08983552517889E-03 4.12286763301076E-03 4.15864381185099E-03 4.19704419524376E-03 4.23791262026407E-03 4.28102126573591E-03 4.3260867538728E-03 4.37280062930617E-03 4.42080410657327E-03 4.46975209526143E-03 4.51927644804037E-03 4.56905332937187E-03 4.61877737683804E-03 4.66818445027797E-03 4.71701582839018E-03 4.76505137446612E-03 4.81213919185539E-03 4.85811509458268E-03 4.9028478609193E-03
0 0 0 0 0 0 0 0 0 0 0 0 0 0 0 0 0 0 0 0 0 0 0 0 0 0 0 0 0 0 0 3.86665928244315E-03 3.86730425009475E-03 3.87208169977525E-03 3.87876174904809E-03 3.88729913878089E-03 3.89784614509634E-03 3.91036542559632E-03 3.92497849257944E-03 3.94182633346043E-03 3.9610803956049E-03 3.9828830188492E-03 4.00736153212043E-03 4.03467024924729E-03 4.06483382918794E-03 4.09787467611249E-03 4.13369435499465E-03 4.17225607436626E-03 4.21338455292527E-03 4.25686434072507E-03 4.30241269997232E-03 4.34969876427348E-03 4.39838062201541E-03 4.44807541017682E-03 4.49843058830898E-03 4.5490742628657E-03 4.59969587555457E-03 4.65001424090379E-03 4.69979391289174E-03 4.74880309627205E-03 4.79684996781257E-03 4.84380318244742E-03 4.88951347330496E-03 4.93385639411966E-03
0 0 0 0 0 0 0 0 0 0 0 0 0 0 0 0 0 0 0 0 0 0 0 0 0 0 0 0 0 0 0 3.85406762624852E-03 3.85437733389817E-03 3.85860517437232E-03 3.86573174616508E-03 3.87529146278653E-03 3.88716301177217E-03 3.90121646616331E-03 0.003917561367449 3.93634647054956E-03 3.95773419998518E-03 3.98186085971644E-03 4.00882897456865E-03 4.03878515997765E-03 4.07171414188713E-03 4.1075864369704E-03 4.14625379229911E-03 4.1876255086052E-03 4.23147396659816E-03 4.27751870963218E-03 4.32542897492588E-03 4.37482635463021E-03 4.4253442480146E-03 4.47657896386081E-03 4.52818230128783E-03 4.57977956762898E-03 4.6310843879007E-03 4.68184523185763E-03 4.73185851020184E-03 4.78092019375352E-03 4.82886227812725E-03 4.87557006840274E-03 4.9209060684943E-03 4.96474788575982E-03
0 0 0 0 0 0 0 0 0 0 0 0 0 0 0 0 0 0 0 0 0 0 0 0 0 0 0 0 0 0 3.81941243907823E-03 3.83692353600126E-03 3.83930175247647E-03 3.8446513682171E-03 3.85286947789694E-03 3.86371091515654E-03 3.87707845434988E-03 3.8928369061968E-03 3.9110780791882E-03 3.9319574598544E-03 3.95562892153572E-03 3.98222377046326E-03 4.01181960362378E-03 4.04453483660356E-03 4.0803114373716E-03 4.11906993173428E-03 4.16061245400858E-03 4.20478957035748E-03 4.25131410416405E-03 4.29984706345053E-03 4.35000970865436E-03 4.40138642507187E-03 4.45358892741558E-03 4.50620237876608E-03 4.55888110045359E-03 4.61126632575771E-03 4.66310159536129E-03 4.71416267995916E-03 4.76427445833879E-03 4.81326301980989E-03 4.86098910291169E-03 4.90734522242978E-03 4.95219811719997E-03 4.99542860751959E-03
0 0 0 0 0 0 0 0 0 0 0 0 0 0 0 0 0 0 0 0 0 0 0 0 0 0 0 0 0 0 3.81941243907823E-03 3.82039375635126E-03 3.82393854866751E-03 3.83065544488677E-03 3.84030511944876E-03 3.85269360359445E-03 3.86775087668422E-03 3.88539348679403E-03 3.90570946621896E-03 3.92885265503222E-03 3.95495787809904E-03 3.98415921692371E-03 4.01650767928894E-03 4.0520700915619E-03 4.09075141343756E-03 4.13241962401006E-03 4.17683055113589E-03 4.22376258144653E-03 4.27288282987044E-03 4.32378989384575E-03 4.37606568489671E-03 4.42926320826859E-03 4.48298174352942E-03 4.53680294900634E-03 4.5903880903868E-03 4.64341094026209E-03 4.69563589565179E-03 4.74686539912737E-03 4.79695210659248E-03 4.84575483575128E-03 4.89315707354062E-03 4.93905107429415E-03 4.98331055080295E-03 5.02581847007282E-03
0 0 0 0 0 0 0 0 0 0 0 0 0 0 0 0 0 0 0 0 0 0 0 0 0 0 0 0 0 3.78108944442737E-03 3.80054693584435E-03 3.80303215937197E-03 3.80841420907938E-03 3.8168088302772E-03 3.82815955212074E-03 3.84233733106975E-03 3.85931363960786E-03 0.003879048029258 3.90163000720322E-03 3.92720870795154E-03 3.95590006238428E-03 3.98783225841207E-03 4.02302655609581E-03 4.06150130345121E-03 4.10311604679587E-03 4.14768866243992E-03 4.19492356794803E-03 4.24453679505589E-03 4.29614190076317E-03 4.34928600737148E-03 4.40351438076292E-03 4.45836048460837E-03 4.51341781934782E-03 4.56827453341521E-03 4.62260763097294E-03 4.67612026428108E-03 4.72859998840329E-03 4.77987230619885E-03 4.82981480477865E-03 4.87831669765274E-03 4.92528273373088E-03 4.97060445949272E-03 5.01415786330718E-03 5.05582982386575E-03
0 0 0 0 0 0 0 0 0 0 0 0 0 0 0 0 0 0 0 0 0 0 0 0 0 0 0 0 0 3.78108944442737E-03 3.78215322340515E-03 3.78600493798499E-03 3.79314898543084E-03 3.80338442225991E-03 3.81664185287674E-03 3.83282610186422E-03 3.85194162832905E-03 3.87397278358182E-03 3.89900864814625E-03 3.92719137405029E-03 3.9586106028272E-03 3.99338339484297E-03 4.03149728569366E-03 4.07292402497762E-03 4.1174772672371E-03 4.1649186094303E-03 4.21490207886529E-03 4.26708420806789E-03 4.32103609054179E-03 4.37625426276044E-03 4.43225565915108E-03 4.48856624934943E-03 4.54478374730856E-03 4.60051155536228E-03 4.65544164691762E-03 4.70930668000488E-03 4.76191362537609E-03 4.81310967499969E-03 4.86279186672498E-03 4.9108799300043E-03 4.9572973940093E-03 5.00193239578527E-03 5.04466201019501E-03 5.08537995062983E-03
0 0 0 0 0 0 0 0 0 0 0 0 0 0 0 0 0 0 0 0 0 0 0 0 0 0 0 0 3.74042139264642E-03 3.76093733087251E-03 3.76350491223859E-03 3.76924849630116E-03 3.77832263976075E-03 3.79057445774433E-03 3.8059408875971E-03 3.82434403927313E-03 3.84581264189297E-03 3.87034191158682E-03 3.89801009879405E-03 3.92895081855767E-03 3.96322166047122E-03 4.00092581691794E-03 4.0420105429887E-03 4.08640672651607E-03 4.13387783831541E-03 4.18412672446405E-03 4.23675658994812E-03 4.29137458861935E-03 4.34751382030428E-03 4.40462343457563E-03 4.4622048869168E-03 4.51979201338042E-03 4.57699391076919E-03 4.63343203546766E-03 4.68881414248082E-03 4.74290034130813E-03 4.79551417714576E-03 4.84651844226171E-03 4.89582457743823E-03 4.94338199944744E-03 4.98913362573779E-03 5.03295848276687E-03 5.07473766508687E-03 5.11437890615159E-03
0 0 0 0 0 0 0 0 0 0 0 0 0 0 0 0 0 0 0 0 0 0 0 0 0 0 0 0 3.74042139264642E-03 3.74144226604379E-03 3.74534054744099E-03 3.7530091722883E-03 3.76419205873663E-03 3.77864670820631E-03 3.79631469636406E-03 3.81712771547802E-03 3.84113628409471E-03 3.86833910564434E-03 3.89879412368171E-03 3.93263113591525E-03 3.96985553184468E-03 4.01056629071967E-03 4.05465461787286E-03 4.10201409213509E-03 4.15235768297562E-03 4.20532292264241E-03 4.26047195372838E-03 4.31735930650035E-03 4.3755036820049E-03 4.43430079684423E-03 4.49326171765095E-03 4.5519405185819E-03 4.60995811782232E-03 4.66695776767059E-03 4.72265329079123E-03 4.77683863795973E-03 4.82934182847278E-03 4.88004124807345E-03 4.92885272787851E-03 4.97575704488031E-03 5.02071866335102E-03 5.06359764337796E-03 5.10429238094364E-03 5.14273285316336E-03
0 0 0 0 0 0 0 0 0 0 0 0 0 0 0 0 0 0 0 0 0 0 0 0 0 0 0 0 3.72086185387777E-03 3.72142337206099E-03 3.72735054688658E-03 3.7373936106149E-03 3.75098196507807E-03 3.76785999550603E-03 3.78801500342225E-03 3.81141040801084E-03 3.83811662418034E-03 3.86813872356066E-03 3.90151442027253E-03 3.9383537119992E-03 3.97861939734665E-03 4.02238527288969E-03 4.06949301313914E-03 4.11978321457238E-03 4.17291661522083E-03 4.22848036538474E-03 4.28600268867285E-03 4.34498734368771E-03 4.40491983754008E-03 4.46519539416342E-03 4.52534612035149E-03 4.58494439031849E-03 4.64361876727928E-03 4.70103343509947E-03 4.75691190286771E-03 4.81107182037364E-03 4.86334302658899E-03 4.91361566877086E-03 4.96181211930227E-03 5.00793659710682E-03 5.05195975535185E-03 5.09374395247922E-03 5.13321723512629E-03 5.17033724518319E-03
0 0 0 0 0 0 0 0 0 0 0 0 0 0 0 0 0 0 0 0 0 0 0 0 0 0 0 3.65480235509953E-03 3.69436683788342E-03 3.7002609678776E-03 3.70990465101101E-03 3.72287917015825E-03 3.73912037080007E-03 3.75858254404616E-03 3.78135727073113E-03 3.80746021658384E-03 3.8369792986827E-03 3.8699317659754E-03 3.90633080510799E-03 3.94625518407281E-03 3.98962128264387E-03 4.03645959529591E-03 4.08657067285866E-03 4.13971687840854E-03 4.19552752492918E-03 4.25353896812372E-03 4.31326222973054E-03 4.37414247330736E-03 4.43565093700345E-03 4.49722498336666E-03 4.55839323792514E-03 4.6187547538733E-03 4.67793471139316E-03 4.73563022459819E-03 4.79155530465336E-03 4.84555839978981E-03 4.89746090741718E-03 4.94717094693892E-03 4.99460754084895E-03 5.03979563153838E-03 5.08272615105299E-03 5.12327252821979E-03 5.16139497665874E-03 5.19708666125044E-03
0 0 0 0 0 0 0 0 0 0 0 0 0 0 0 0 0 0 0 0 0 0 0 0 0 0 3.63031648800722E-03 3.65480235509953E-03 3.66926595639049E-03 3.68099393008401E-03 3.69424106342813E-03 3.71010513412562E-03 3.7290186564381E-03 3.75112684253632E-03 3.7766038254912E-03 3.80550276169368E-03 3.83792050421018E-03 3.87387743013703E-03 3.91336438529965E-03 3.95642029733716E-03 4.00291284710386E-03 4.05281672126536E-03 4.10587286950003E-03 4.16178272373907E-03 4.22013450395078E-03 4.28043239012914E-03 4.34216590960295E-03 4.40474910537018E-03 4.46765261698686E-03 4.53034564631985E-03 4.59237069790708E-03 4.6533380033937E-03 4.71287738775531E-03 4.77070156718745E-03 4.82653314574963E-03 4.88022898914657E-03 4.93161120124504E-03 4.98060045239791E-03 5.02712638871816E-03 5.07122729211087E-03 5.11290068297441E-03 5.15205766201505E-03 5.18870594550117E-03 5.22287623917641E-03
0 0 0 0 0 0 0 0 0 0 0 0 0 0 0 0 0 0 0 0 0 0 0 0 0 3.61910312097424E-03 3.63031648800722E-03 3.6404664985144E-03 3.65239693459898E-03 3.6656478980151E-03 3.68119147312966E-03 3.69952150346093E-03 3.72098468499764E-03 3.74574023963429E-03 3.77396770859881E-03 3.80572689571766E-03 3.84110418113328E-03 3.88011675540099E-03 3.92272933332233E-03 3.96893104133252E-03 4.01853919834552E-03 4.07145393107613E-03 4.12736470820346E-03 4.18591334880847E-03 4.24665432250775E-03 4.30906696066854E-03 4.37262875208092E-03 4.43674157124963E-03 4.50087545575411E-03 4.56453063372869E-03 4.62726089124256E-03 4.68868465966319E-03 4.74843261020868E-03 4.80622811610251E-03 4.86180378604913E-03 4.91501399675284E-03 4.96569674915725E-03 5.01378104816974E-03 5.05921772964858E-03 5.10205019089093E-03 5.14230920993192E-03 5.1799529228479E-03 5.2150298424142E-03 5.24761270997345E-03
0 0 0 0 0 0 0 0 0 0 0 0 0 0 0 0 0 0 0 0 0 0 0 0 0 3.61910312097424E-03 3.62004842069195E-03 3.62717688157795E-03 3.63847082963883E-03 3.65288765927999E-03 3.6703984450504E-03 3.69105957525164E-03 3.71505905224737E-03 3.74251034251003E-03 3.7735600420643E-03 3.80824797126425E-03 3.84663413355888E-03 3.88873195654962E-03 3.93448023694363E-03 3.98381144171219E-03 4.03649120033833E-03 4.09234313561472E-03 4.15099841056354E-03 4.21204868119776E-03 4.2750171960387E-03 4.33937221995558E-03 4.40458493359329E-03 4.47005463119842E-03 4.53525413470663E-03 4.59971313784808E-03 4.66299515884821E-03 4.72471471243679E-03 4.78450147784052E-03 4.8420867536198E-03 4.89721885366146E-03 4.94974902212848E-03 4.99953512716705E-03 5.04652317838337E-03 5.09069461364053E-03 5.13210573012658E-03 5.17081388441843E-03 5.20683495299461E-03 5.24026744435763E-03 5.27122100612963E-03
0 0 0 0 0 0 0 0 0 0 0 0 0 0 0 0 0 0 0 0 0 0 0 0 3.58161196173578E-03 3.60117755730977E-03 3.60479669383134E-03 3.61309405790145E-03 3.62559826940691E-03 3.64176549013138E-03 3.66144691477102E-03 3.68455912614645E-03 3.71120346898501E-03 3.7414641010631E-03 3.77543721376819E-03 3.81314064891147E-03 3.85458729526648E-03 3.89979880847168E-03 3.94868090196267E-03 4.00109783507823E-03 4.05677806608172E-03 4.11545219821112E-03 4.17671764758762E-03 4.24010885555308E-03 4.30513463424504E-03 4.37125771971933E-03 4.4379489323332E-03 4.50461484434565E-03 4.57071813841747E-03 4.6358308266066E-03 4.69950415457774E-03 4.76134515433073E-03 4.82098057969972E-03 4.87815123183482E-03 4.93262987647962E-03 4.98425810973157E-03 5.03293745787181E-03 5.07862750068258E-03 5.12136029382128E-03 5.16119920560971E-03 5.19824889301275E-03 5.23258075058402E-03 5.26433318181225E-03 5.29364817460417E-03
