NongDo/Fusa 19.5h.grd
DSAA
463	323
2	464
2	324
0	10
[rows 252 to 279 of 323, columns 0 to 63 of 463]
0 0 0 0 0 0 0 0 0 0 0 0 0 0 0 0 0 0 0 0 0 0 0 0 0 0 0 0 0 0 0 0 0 0 0 0 0 0 3.9611819960323E-03 3.97347232569588E-03 3.98025323872037E-03 3.98622951520424E-03 3.99308071544048E-03 4.00116428126799E-03 0.00401065256322 4.02163530754626E-03 4.03425390563389E-03 4.04860277135911E-03 4.0648264544583E-03 4.08304785776387E-03 4.1033965466771E-03 4.12599152502844E-03 4.1509077678175E-03 4.17820395442571E-03 4.20787630706859E-03 4.23992497588409E-03 4.27426935157194E-03 4.31082072089449E-03 4.34943229821134E-03 4.38998581623238E-03 4.43229625789091E-03 4.47612451038781E-03 4.5212052578185E-03 4.56725532973942E-03
0 0 0 0 0 0 0 0 0 0 0 0 0 0 0 0 0 0 0 0 0 0 0 0 0 0 0 0 0 0 0 0 0 0 0 0 0 3.95042019539997E-03 3.9611819960323E-03 0.003967056254746 3.97353749061945E-03 3.98050939447536E-03 3.98844286276575E-03 3.99757989474373E-03 4.00812582483279E-03 4.02021403628918E-03 4.03400893783146E-03 4.04962852398384E-03 4.06722868778067E-03 4.08694941802161E-03 4.10892362688137E-03 4.13326858984603E-03 4.16004964141408E-03 4.18931142676003E-03 4.22103058697327E-03 4.25518040224721E-03 4.29165344779296E-03 4.33032758009676E-03 4.37102167053188E-03 4.41357676177462E-03 4.45777560776182E-03 4.50334754846419E-03 4.54999967551299E-03 4.59742607146184E-03
0 0 0 0 0 0 0 0 0 0 0 0 0 0 0 0 0 0 0 0 0 0 0 0 0 0 0 0 0 0 0 0 0 0 0 0 3.94125792934991E-03 3.95042019539997E-03 3.95561471913627E-03 3.96148014790024E-03 3.96820103932578E-03 3.97585271606538E-03 3.9846548585067E-03 3.99475460316593E-03 4.00634056447387E-03 4.01955996682925E-03 4.03458705140886E-03 4.05155320695249E-03 4.07062116621751E-03 4.09194194436136E-03 4.11564857123711E-03 4.14185213356272E-03 4.17060399062679E-03 4.20192923714118E-03 4.23577854598271E-03 4.27209807992312E-03 4.31074753811601E-03 4.3515661381525E-03 4.39433453554807E-03 4.43885562300302E-03 4.48487627419404E-03 4.53209585786397E-03 4.5801970082317E-03 4.62885539285608E-03
0 0 0 0 0 0 0 0 0 0 0 0 0 0 0 0 0 0 0 0 0 0 0 0 0 0 0 0 0 0 0 0 0 0 0 3.93683877722699E-03 3.94125792934991E-03 3.94542074029676E-03 3.95040518650816E-03 3.95639968022761E-03 3.96351767358929E-03 3.97181989521504E-03 3.98145015001623E-03 3.99250725143515E-03 4.0051666923747E-03 4.01958285498156E-03 4.03593068849198E-03 4.05435004837892E-03 4.07500273478501E-03 4.09805003291242E-03 4.12361664110919E-03 4.1518038347344E-03 0.004182642746994 4.21613524331812E-03 4.25219789962516E-03 4.29074872964977E-03 4.33160831243493E-03 4.37457138221845E-03 4.4193805342388E-03 4.46580143377407E-03 4.51355049367304E-03 4.56229616786773E-03 4.61170116820381E-03 4.6614274852612E-03
0 0 0 0 0 0 0 0 0 0 0 0 0 0 0 0 0 0 0 0 0 0 0 0 0 0 0 0 0 0 0 0 0 0 0 3.93683877722699E-03 3.93723305502388E-03 3.94030758538218E-03 0.003945155666244 3.95142329000315E-03 3.95906204066142E-03 0.003968079919259 3.97858668312834E-03 3.99066931937995E-03 4.00449211736318E-03 4.02021278429463E-03 4.03800372385253E-03 4.05801150297484E-03 4.08039527473724E-03 4.10531646503211E-03 4.13288792775333E-03 4.16319414573626E-03 4.19624133427972E-03 4.23200245618837E-03 4.27036001443217E-03 4.31119073067916E-03 4.35426988581581E-03 4.39935068912743E-03 4.44614131505803E-03 4.49437175728645E-03 4.54372632805366E-03 0.004593850071977 4.6443912967165E-03 4.69500553849274E-03
0 0 0 0 0 0 0 0 0 0 0 0 0 0 0 0 0 0 0 0 0 0 0 0 0 0 0 0 0 0 0 0 0 0 3.92120566118221E-03 3.92943867163911E-03 3.93090077503533E-03 3.93430886327679E-03 3.93949936689821E-03 3.9462749061599E-03 3.95458721673751E-03 3.96443538973843E-03 3.97591581612062E-03 3.98913679149976E-03 4.00425074908953E-03 4.02142055706663E-03 4.04080739434479E-03 4.06256962050006E-03 4.08685376380968E-03 4.11381638812338E-03 4.14355216090537E-03 4.17612314064591E-03 4.2115032092494E-03 4.24963023937703E-03 4.29034922230953E-03 4.33348081962726E-03 4.37876134737466E-03 4.42590222363777E-03 4.47458158979983E-03 4.52449256942263E-03 4.57530018702245E-03 4.62662994387091E-03 4.67812070337798E-03 4.72942858375103E-03
0 0 0 0 0 0 0 0 0 0 0 0 0 0 0 0 0 0 0 0 0 0 0 0 0 0 0 0 0 0 0 0 0 0 3.92120566118221E-03 3.9216478420091E-03 3.92359138871049E-03 3.92752102228301E-03 3.93330231121733E-03 3.94078194021331E-03 3.94992808287927E-03 3.96075023885316E-03 3.97334992219734E-03 3.98785786892637E-03 4.00442582035665E-03 4.02321851936895E-03 4.0443859351792E-03 4.06808890042645E-03 4.0944600731538E-03 4.12364334739575E-03 4.15570972302229E-03 4.1906907506035E-03 4.22852050075741E-03 4.26909422612424E-03 4.31221129550834E-03 4.35763926275089E-03 4.4050720547338E-03 4.45418377170688E-03 4.50462505657353E-03 4.55606302147033E-03 4.60814728625406E-03 4.66049054575464E-03 4.71272952868552E-03 4.76453048438953E-03
0 0 0 0 0 0 0 0 0 0 0 0 0 0 0 0 0 0 0 0 0 0 0 0 0 0 0 0 0 0 0 0 0 0 3.91275825962975E-03 3.91289076321337E-03 3.91534285112086E-03 3.91995786010968E-03 3.92651590344043E-03 3.93487296325958E-03 3.94501529594418E-03 3.95697299440646E-03 3.9708621120748E-03 3.98683783037375E-03 4.00505034664076E-03 4.02566955301648E-03 4.04882390225436E-03 4.07467505131774E-03 4.10333115585079E-03 4.13492168110309E-03 4.16948582628227E-03 4.20701486576391E-03 4.24739322199368E-03 4.29046618553586E-03 4.33598629695921E-03 4.38366938560666E-03 4.43317041469179E-03 4.48412731974862E-03 4.53617106107077E-03 4.58895056886794E-03 4.64211402049537E-03 4.69526203350487E-03 4.74803856130971E-03 4.80013127384455E-03
0 0 0 0 0 0 0 0 0 0 0 0 0 0 0 0 0 0 0 0 0 0 0 0 0 0 0 0 0 0 0 0 0 0 3.90257493674969E-03 3.90282757983395E-03 3.90604271611966E-03 3.91156096026906E-03 3.91909409187343E-03 3.92851632827063E-03 3.93983930370532E-03 3.95311847262007E-03 3.96848771910263E-03 3.98613638911056E-03 4.0062100238161E-03 4.02887803717259E-03 4.05424263561592E-03 4.08246067287613E-03 4.11360276996093E-03 4.14778678094176E-03 4.18500769736015E-03 4.22520257430609E-03 4.26819812384033E-03 4.31378853037926E-03 4.36167866508722E-03 4.41153722789932E-03 4.46298412994244E-03 4.51562880399999E-03 4.56908855776699E-03 4.62300508253857E-03 4.6770340279477E-03 4.73076605789247E-03 4.78386714369035E-03 4.83605904288549E-03
0 0 0 0 0 0 0 0 0 0 0 0 0 0 0 0 0 0 0 0 0 0 0 0 0 0 0 0 0 0 0 0 0 3.87443357844393E-03 3.8887993240543E-03 3.89101016744825E-03 3.89563278173837E-03 3.90235124151424E-03 3.91107783437226E-03 3.92176314297782E-03 3.93446518158225E-03 3.94927190143081E-03 3.96632784405294E-03 3.98587861742484E-03 4.00804372822481E-03 4.03299979159404E-03 4.06080153454408E-03 4.09161568436439E-03 4.12544215988765E-03 4.16240104139876E-03 4.20241579407487E-03 4.24535978198311E-03 4.29100034858363E-03 4.33908138994656E-03 4.38926499606802E-03 4.44117377291595E-03 4.49440647793387E-03 4.54854936910565E-03 4.60321829503825E-03 4.65804608920593E-03 4.71271738840837E-03 4.76680798775485E-03 4.82003135852458E-03 4.87215113006005E-03
0 0 0 0 0 0 0 0 0 0 0 0 0 0 0 0 0 0 0 0 0 0 0 0 0 0 0 0 0 0 0 0 0 3.87443357844393E-03 3.8751787607438E-03 3.87835260240941E-03 3.88433328081879E-03 3.8924618803575E-03 3.90258673651512E-03 3.9147324354004E-03 3.9290187554235E-03 3.94557367957965E-03 3.96455887865621E-03 3.98624495944327E-03 4.01074239464718E-03 4.03821686287653E-03 4.06869076352491E-03 4.10231115514664E-03 4.13903186109291E-03 4.17891867217618E-03 4.22181878431037E-03 4.26754403410274E-03 4.31581134102433E-03 4.36631128893912E-03 4.41866515753116E-03 4.47246148153915E-03 4.52728467063956E-03 4.58271657189828E-03 4.63837773528677E-03 4.69390043224647E-03 4.7489672492963E-03 4.80320138224676E-03 4.85637337559499E-03 4.90827616368477E-03
0 0 0 0 0 0 0 0 0 0 0 0 0 0 0 0 0 0 0 0 0 0 0 0 0 0 0 0 0 0 0 0 0 3.86039397878081E-03 3.8607909887829E-03 3.86520525442823E-03 3.87261169936348E-03 3.88221141492033E-03 3.89386922486578E-03 3.90764342650225E-03 3.92370948457659E-03 3.94223095955073E-03 3.96339921105127E-03 3.98746757458287E-03 4.0145465289111E-03 4.04477542201485E-03 4.07814971090033E-03 4.11476559280054E-03 4.15455271680311E-03 4.19745465384375E-03 4.2432788844845E-03 4.29176547841466E-03 4.34259473494168E-03 4.39539043061963E-03 4.44975251806976E-03 4.50523879318619E-03 4.56143201891417E-03 4.61792108394779E-03 4.67433933202205E-03 4.73032980810536E-03 4.78557399211039E-03 4.83980020438477E-03 4.89278448288328E-03 4.94435047697038E-03
0 0 0 0 0 0 0 0 0 0 0 0 0 0 0 0 0 0 0 0 0 0 0 0 0 0 0 0 0 0 0 0 3.8122371881818E-03 3.84091167506586E-03 3.84490472390773E-03 3.85157277759878E-03 3.86069136432242E-03 3.87189794153509E-03 3.88521723881136E-03 3.90078449801609E-03 3.91882372651271E-03 3.93953173526085E-03 3.96311066312692E-03 3.98979775502696E-03 4.01968655099578E-03 4.05288483880795E-03 4.0893467085953E-03 4.12911399088752E-03 4.17205797001345E-03 4.21802696244955E-03 4.26676814277409E-03 4.31796155725444E-03 4.37124255503959E-03 4.42618636667444E-03 4.48237103873809E-03 4.53933988351421E-03 4.59668154882787E-03 4.65400071264467E-03 4.71095301957423E-03 0.004767203856729 4.82246782458151E-03 4.87653707761992E-03 4.92920256734751E-03 4.98030566068946E-03
0 0 0 0 0 0 0 0 0 0 0 0 0 0 0 0 0 0 0 0 0 0 0 0 0 0 0 0 0 0 0 3.80190918544734E-03 3.8122371881818E-03 3.8220039683111E-03 3.8295352909585E-03 3.83829018050179E-03 3.84907078482147E-03 3.86190749844304E-03 3.87698100330458E-03 3.89448837346609E-03 3.91468379311666E-03 3.93778128326413E-03 3.96397989450052E-03 3.99349697371171E-03 4.02639681824728E-03 4.06274050136355E-03 4.10242920660347E-03 4.14543751474421E-03 4.19157538632489E-03 4.24060808962981E-03 4.29221724116519E-03 4.34602099560576E-03 4.40161406154252E-03 4.45853566503369E-03 4.51634879995628E-03 4.57459404696249E-03 4.63287177436853E-03 4.69081280008313E-03 4.74810547507188E-03 4.80444926603184E-03 4.8595901065191E-03 4.91335816915002E-03 4.96557008082706E-03 5.01607932415603E-03
0 0 0 0 0 0 0 0 0 0 0 0 0 0 0 0 0 0 0 0 0 0 0 0 0 0 0 0 0 0 0 3.80190918544734E-03 3.80259815974123E-03 3.80803412104543E-03 3.81580439879418E-03 3.82576002622785E-03 3.83801420646207E-03 3.85251254008696E-03 3.86945098614923E-03 3.88905749101066E-03 3.91159364878843E-03 0.003937273314904 3.96627651008901E-03 3.99880226878318E-03 4.03487302862557E-03 4.07449134947235E-03 4.11749451913774E-03 4.16379065102066E-03 4.2131179909646E-03 4.26516769399297E-03 4.31955391971167E-03 4.37583835099796E-03 4.43357820292951E-03 4.49228837849347E-03 4.55152876552577E-03 4.61084130425189E-03 4.66984780267323E-03 4.7282133465383E-03 4.7856651208663E-03 4.84193826075205E-03 4.89681478982794E-03 4.95015065946475E-03 5.00178165431828E-03 5.0515705061994E-03
0 0 0 0 0 0 0 0 0 0 0 0 0 0 0 0 0 0 0 0 0 0 0 0 0 0 0 0 0 0 0 3.78902493474732E-03 3.78940036809867E-03 3.7944100001891E-03 3.80278164012875E-03 3.81392025610198E-03 3.82768193530299E-03 3.84393960591446E-03 3.86288760350003E-03 3.88476797575203E-03 3.90983002839785E-03 3.93827713469354E-03 3.9702526101918E-03 4.00593987390429E-03 4.04530569075764E-03 4.08828199011035E-03 4.13463916841229E-03 4.18421515248963E-03 4.2366830562359E-03 4.29165438261267E-03 4.3486866006462E-03 4.40728663737717E-03 4.46698644961247E-03 4.52728115181062E-03 4.58774183866236E-03 4.64791290607798E-03 4.70745003767904E-03 4.76605771066631E-03 4.82350393769569E-03 4.87955937953652E-03 4.93403663584361E-03 4.98681311115146E-03 5.03773985657664E-03 5.08668320720089E-03
0 0 0 0 0 0 0 0 0 0 0 0 0 0 0 0 0 0 0 0 0 0 0 0 0 0 0 0 0 0 3.7531176497976E-03 3.77105171662579E-03 3.77399612754294E-03 3.78038880986522E-03 3.79004211211871E-03 3.80264622331461E-03 3.81811669379717E-03 3.83634267919704E-03 3.8575065309838E-03 3.88185793650833E-03 3.90963125498646E-03 3.94101820982433E-03 3.97612609771282E-03 4.01509522068675E-03 4.05783205927686E-03 4.1042018516985E-03 4.15391108057621E-03 4.20672357026513E-03 4.26223966022218E-03 4.32000191548273E-03 4.37951284331281E-03 4.44023920387433E-03 4.50169238613837E-03 4.56336018013059E-03 4.62482209402436E-03 4.68564723483364E-03 4.74553107783993E-03 4.80421279728294E-03 4.86149554130502E-03 4.91718752339742E-03 4.9711379725029E-03 5.02323466160077E-03 5.07333503891481E-03 5.12131057527845E-03
0 0 0 0 0 0 0 0 0 0 0 0 0 0 0 0 0 0 0 0 0 0 0 0 0 0 0 0 0 0 3.7531176497976E-03 3.75417543110985E-03 3.75849325432361E-03 3.7664667188806E-03 3.77774650248758E-03 3.79210455865428E-03 3.80950803517727E-03 3.82992181733355E-03 3.85352272192157E-03 3.8805551343214E-03 3.91122283041356E-03 3.94571317968466E-03 3.98409235913785E-03 4.0264292665848E-03 4.07257881305375E-03 4.12233723249949E-03 4.17535262942379E-03 4.2313006494164E-03 4.28972913201996E-03 4.35010854417525E-03 4.41189868576914E-03 4.47453437085512E-03 4.53751857772264E-03 4.60034128794421E-03 4.6625952153485E-03 4.72389256966148E-03 4.78395622375382E-03 4.84255821259984E-03 4.89953491667035E-03 4.95473431690716E-03 5.00803508501988E-03 5.05932733895617E-03 5.10847840584937E-03 5.15536378645051E-03
0 0 0 0 0 0 0 0 0 0 0 0 0 0 0 0 0 0 0 0 0 0 0 0 0 0 0 0 0 3.71357613083056E-03 3.73341490094743E-03 3.73649801164099E-03 3.74296280953313E-03 3.75283683301611E-03 3.7660288224224E-03 3.78241241057698E-03 3.80201873980492E-03 3.82486976321921E-03 3.85114058250123E-03 3.88106199712201E-03 3.91480505994725E-03 0.003952539308601 3.99428525990172E-03 4.04004477623307E-03 4.08961168308289E-03 4.14271785292886E-03 4.1989486030908E-03 4.25790606649908E-03 4.31907750390323E-03 4.38187699724962E-03 4.4457260888769E-03 4.51004310899485E-03 4.57433090677107E-03 4.63809342318747E-03 4.70094608614141E-03 4.76253878153032E-03 4.82262356311348E-03 4.88100006070875E-03 4.93753364322774E-03 4.99210889493373E-03 5.04463255341265E-03 5.09499700829211E-03 5.14307418353304E-03 5.18874595271937E-03
0 0 0 0 0 0 0 0 0 0 0 0 0 0 0 0 0 0 0 0 0 0 0 0 0 0 0 0 0 3.71357613083056E-03 3.71471204900273E-03 3.7194006551421E-03 3.72786609522101E-03 3.73979745526427E-03 3.75512488009796E-03 3.7737842054205E-03 3.79585552070958E-03 3.82139142119138E-03 3.85055837253862E-03 3.88356913830179E-03 3.92055033586931E-03 3.96164628881211E-03 4.00682663505082E-03 4.05602914872515E-03 4.1089876409674E-03 4.16536342071036E-03 4.22468211045489E-03 4.28647787205018E-03 4.35019368925007E-03 4.41518944042391E-03 4.48085953202253E-03 4.54662095814209E-03 4.61198833203445E-03 4.67648895436277E-03 4.73975861049815E-03 4.80148386923013E-03 4.86144061044333E-03 4.9194538819429E-03 4.97541113715785E-03 5.02923349063626E-03 5.08085316078999E-03 5.13016213080015E-03 5.17703595542244E-03 5.22136678712709E-03
0 0 0 0 0 0 0 0 0 0 0 0 0 0 0 0 0 0 0 0 0 0 0 0 0 0 0 0 3.6721805526133E-03 3.69279316919922E-03 3.69592920317213E-03 3.70277625173579E-03 3.7133920591219E-03 3.72756295794053E-03 3.74525464193806E-03 3.76643931805588E-03 3.79123063068589E-03 3.81969080520795E-03 3.85196443497452E-03 3.88824174427947E-03 3.92859694252954E-03 3.97314514794235E-03 4.02179715215686E-03 4.07443439225794E-03 4.13072675254688E-03 4.19026405515189E-03 4.25251373750147E-03 4.31695607941162E-03 4.38299641380742E-03 4.44994594078479E-03 4.51718823856804E-03 4.58415761150357E-03 4.6503879644199E-03 4.7154319025555E-03 4.77894524770788E-03 4.84064784775461E-03 4.90033556853222E-03 4.95785152544789E-03 5.0130993415168E-03 5.06603564029889E-03 5.11661926329999E-03 5.16473574167528E-03 0.005210268202074 5.25312788362894E-03
0 0 0 0 0 0 0 0 0 0 0 0 0 0 0 0 0 0 0 0 0 0 0 0 0 0 0 0 3.6721805526133E-03 3.67323622804716E-03 3.67789604678632E-03 3.68688099227716E-03 3.69982190868375E-03 3.71643640095119E-03 3.73671710334215E-03 3.7606558803335E-03 3.78839176868323E-03 3.81998529137227E-03 3.8555441220478E-03 3.89524210245238E-03 3.93907578706627E-03 3.98714338667257E-03 4.0392786164927E-03 4.09531119581711E-03 4.15484846124216E-03 4.21740297884762E-03 4.28239857091054E-03 4.34925894764364E-03 4.41738126262641E-03 4.48602197662275E-03 4.55458452257709E-03 4.62253434388307E-03 4.68942327383519E-03 4.75483203130351E-03 4.81842383842506E-03 4.87995874384903E-03 4.9392383326571E-03 4.9961243448651E-03 5.05052571401072E-03 5.10243662725716E-03 5.15184511863052E-03 5.19861984102022E-03 5.24266730690456E-03 5.2839275312651E-03
0 0 0 0 0 0 0 0 0 0 0 0 0 0 0 0 0 0 0 0 0 0 0 0 0 0 0 0 0.003652625408941 3.65328090828382E-03 3.66021096519023E-03 3.67181154364757E-03 3.68740264199944E-03 3.70671615902581E-03 3.72980929062466E-03 3.75671213627221E-03 3.78758172318167E-03 3.82247687768809E-03 3.86147050599544E-03 3.90469879401909E-03 3.95209397241226E-03 4.00371186926923E-03 4.0593181566914E-03 4.11867316183914E-03 4.18132051171447E-03 4.24671708724001E-03 4.31425461793496E-03 4.38330402501634E-03 4.45323009783319E-03 4.52329997863501E-03 4.59295015458191E-03 4.66167229638871E-03 4.72902901393832E-03 4.79462687456755E-03 4.85814047553853E-03 4.91935776518859E-03 4.97808353354909E-03 5.03419480755461E-03 5.0876098116011E-03 5.13835171239383E-03 5.18642026875598E-03 5.23169243376658E-03 5.2741123484662E-03 5.31365448085606E-03
0 0 0 0 0 0 0 0 0 0 0 0 0 0 0 0 0 0 0 0 0 0 0 0 0 0 0 3.58567076929298E-03 3.62548340341127E-03 3.63222958641237E-03 3.64327270949219E-03 3.65808819968568E-03 3.67660893013023E-03 3.69881840587665E-03 3.72489359034609E-03 3.75492019899502E-03 3.78906512786148E-03 3.82739145478739E-03 3.86992915222232E-03 3.91676530151243E-03 3.96776424123697E-03 4.02291924648293E-03 4.08194094699996E-03 4.14449154996923E-03 4.21007934463262E-03 4.27810620963256E-03 4.34795358533119E-03 0.004418932376312 4.49039848174813E-03 4.56167758640779E-03 4.63220727142655E-03 4.70151393344328E-03 4.76915667699952E-03 4.83478105644247E-03 4.89805069328625E-03 4.95879033918343E-03 5.01679720027474E-03 5.07197213972465E-03 5.12423334934187E-03 5.17363128089809E-03 5.22019338613774E-03 5.26381415103071E-03 5.30447781528319E-03 5.34220150305494E-03
0 0 0 0 0 0 0 0 0 0 0 0 0 0 0 0 0 0 0 0 0 0 0 0 0 0 3.56071749208898E-03 3.58567076929298E-03 3.60062696031649E-03 3.61350481462252E-03 3.62842527323892E-03 3.64640218701905E-03 3.66789476192218E-03 3.69309628724075E-03 3.7222709427193E-03 3.75553810634136E-03 3.79306285552766E-03 3.83489915447933E-03 3.88103970187173E-03 3.93151243926569E-03 3.98611439032765E-03 4.04476347030049E-03 4.10709380757775E-03 4.17269474653052E-03 4.24102897432832E-03 4.31146806421952E-03 4.38337839032432E-03 4.45604463825825E-03 4.52882869953151E-03 4.60109925944328E-03 4.67231452086826E-03 4.74201544096772E-03 4.80976649443413E-03 4.87523126351414E-03 4.9380850073537E-03 4.9981638455095E-03 5.05526963516705E-03 5.10932260602895E-03 5.16025913343146E-03 5.20814933491144E-03 5.25303206162905E-03 5.29484898204281E-03 5.33364066862664E-03 5.36946747344828E-03
0 0 0 0 0 0 0 0 0 0 0 0 0 0 0 0 0 0 0 0 0 0 0 0 0 3.5494727412143E-03 3.56071749208898E-03 3.57137884366354E-03 3.58426786632087E-03 3.59898561543753E-03 3.61647870487287E-03 3.63721217876015E-03 0.003661584696572 3.68981626804817E-03 3.72217277583699E-03 3.75877178973797E-03 3.79975147941992E-03 3.84515002289289E-03 3.89491773647007E-03 3.94901448896242E-03 4.00717054732234E-03 4.06920948417547E-03 4.13470349202355E-03 4.20317241703587E-03 4.27404452695624E-03 4.34667047079871E-03 4.42041282485576E-03 4.49455118260106E-03 4.56845149669912E-03 4.64152279404006E-03 4.71323909960445E-03 4.78315157848002E-03 4.85082528128233E-03 4.91593656890226E-03 4.97817536594447E-03 5.03737864740841E-03 5.09337219607265E-03 5.14609235403811E-03 5.19550719808873E-03 0.00524169846258 5.28474554813303E-03 5.32464524105584E-03 5.36148489730771E-03 0.005395371089786
0 0 0 0 0 0 0 0 0 0 0 0 0 0 0 0 0 0 0 0 0 0 0 0 0 3.5494727412143E-03 3.55048521181214E-03 3.55841358302265E-03 3.57104876456095E-03 3.58726484344949E-03 3.60703705304954E-03 3.63043443629265E-03 3.65771787836575E-03 3.68906963183611E-03 3.72471464135989E-03 3.76473671646855E-03 3.80922829977208E-03 3.85821036665869E-03 3.91159442859222E-03 3.96926509322295E-03 4.03088816565307E-03 4.09619407855192E-03 4.16468674917602E-03 4.2358311200192E-03 4.30902497362365E-03 4.38361513286402E-03 4.45896578841623E-03 4.53436138026614E-03 4.60917469684867E-03 4.68285185207672E-03 4.75487993305075E-03 4.82480534886121E-03 4.89219226591628E-03 4.95672799106968E-03 5.01812590958795E-03 5.07622502173557E-03 5.13088113289338E-03 5.18205794154659E-03 5.22976647674038E-03 5.27410842238993E-03 5.31519427438384E-03 5.3530858106726E-03 5.38792504353218E-03 5.41985674363769E-03
0 0 0 0 0 0 0 0 0 0 0 0 0 0 0 0 0 0 0 0 0 0 0 0 3.5114939417465E-03 3.53105446087799E-03 3.53533314655028E-03 3.54486254913772E-03 3.55907938311296E-03 3.57738731228309E-03 3.59967536189368E-03 3.62590161233634E-03 3.65625055732517E-03 3.69087894388858E-03 3.72994656983316E-03 3.77350057056503E-03 3.82156126629168E-03 3.8741471796273E-03 3.93112179737448E-03 3.99228322167712E-03 4.05725345399969E-03 4.12565365459904E-03 4.19695291526168E-03 4.27055454655667E-03 4.34584715439338E-03 4.42217924409628E-03 4.49892182091064E-03 4.57537418293791E-03 4.65089972532614E-03 4.72499558429863E-03 4.79713533884073E-03 4.86685724043049E-03 4.93372409658711E-03 4.99743796089425E-03 5.05774768714851E-03 5.11448908921775E-03 5.16757627381641E-03 5.21699683618293E-03 5.26282641037036E-03 5.30517926519806E-03 5.34421782144092E-03 5.3800631509508E-03 5.41289800878552E-03 5.44289810292338E-03
