NongDo/Fusa 16.8h.grd
DSAA
463	323
2	464
2	324
0	10
[rows 56 to 83 of 323, columns 256 to 319 of 463]
0 0 0 0 0 0 0 0 0 0 0 0 0 0 0 0 0 0 0 0 0 0 0 0 0 0 0 0 0 0 0 0 0 0 0 0 0 0 0 0 0 0 0 0 0 0 0 0 0 0 0 0 0 0 0 0 0 0 0 0 0 0 0 0
0 0 0 0 0 0 0 0 0 0 0 0 0 0 0 0 0 0 0 0 0 0 0 0 0 0 0 0 0 0 0 0 0 0 0 0 0 0 0 0 0 0 0 0 0 0 0 0 0 0 0 0 0 0 0 0 0 0 0 0 0 0 0 0
0 0 0 0 0 0 0 0 0 0 0 0 0 0 0 0 0 0 0 0 0 0 0 0 0 0 0 0 0 0 0 0 0 0 0 0 0 0 0 0 0 0 0 0 0 0 0 0 0 0 0 0 0 0 0 0 0 0 0 0 0 0 0 0
0 0 0 0 0 0 0 0 0 0 0 0 0 0 0 0 0 0 0 0 0 0 0 0 0 0 0 0 0 0 0 0 0 0 0 0 0 0 0 0 0 0 0 0 0 0 0 0 0 0 0 0 0 0 0 0 0 0 0 0 0 0 0 0
0 0 0 0 0 0 0 0 0 0 0 0 0 0 0 0 0 0 0 0 0 0 0 0 0 0 0 0 0 0 0 0 0 0 0 0 0 0 0 0 0 0 0 0 0 0 0 0 0 0 0 0 0 0 0 0 0 0 0 0 0 0 0 0
0 0 0 0 0 0 0 0 0 0 0 0 0 0 0 0 0 0 0 0 0 0 0 0 0 0 0 0 0 0 0 0 0 0 0 0 0 0 0 0 0 0 0 0 0 0 0 0 0 0 0 0 0 0 0 0 0 0 0 0 0 0 0 0
0 0 0 0 0 0 0 0 0 0 0 0 0 0 0 0 0 0 0 0 0 0 0 0 0 0 0 0 0 0 0 0 0 0 0 0 0 0 0 0 0 0 0 0 0 0 0 0 0 0 0 0 0 0 0 0 0 0 0 0 0 0 0 0
0 0 0 0 0 0 0 0 0 0 0 0 0 0 0 0 0 0 0 0 0 0 0 0 0 0 0 0 0 0 0 0 0 0 0 0 0 0 0 0 0 0 0 0 0 0 0 0 0 0 0 0 0 0 0 0 0 0 0 0 0 0 7.10382004549785E-03 7.11150540647704E-03
0 0 0 0 0 0 0 0 0 0 0 0 0 0 0 0 0 0 0 0 0 0 0 0 0 0 0 0 0 0 0 0 0 0 0 0 0 0 0 0 0 0 0 0 0 0 0 0 0 0 0 0 0 0 0 0 0 0 7.07307170320468E-03 7.08073059888348E-03 7.08831867280438E-03 7.09592363296069E-03 7.10382004549785E-03 7.11150540647704E-03
0 0 0 0 0 0 0 0 0 0 0 0 0 0 0 0 0 0 0 0 0 0 0 0 0 0 0 0 0 0 0 0 0 0 0 0 0 0 0 0 0 0 0 0 0 0 0 0 0 0 0 0 0 0 7.0411810524382E-03 7.04936749661065E-03 7.05732681448387E-03 7.06518345868871E-03 7.07307170320468E-03 7.08073059888348E-03 7.08831867280438E-03 7.09592363296069E-03 7.10355377364796E-03 7.11117063398405E-03
0 0 0 0 0 0 0 0 0 0 0 0 0 0 0 0 0 0 0 0 0 0 0 0 0 0 0 0 0 0 0 0 0 0 0 0 0 0 0 0 0 0 0 0 0 0 0 0 0 0 0 7.01432304677429E-03 7.02353462664352E-03 7.03249459533274E-03 7.0411810524382E-03 7.04936749661065E-03 7.05732681448387E-03 7.06518345868871E-03 7.07294514603138E-03 7.08065100488251E-03 7.08824080332133E-03 7.09579419181639E-03 7.10330948075273E-03 7.11083161832064E-03
0 0 0 0 0 0 0 0 0 0 0 0 0 0 0 0 0 0 0 0 0 0 0 0 0 0 0 0 0 0 0 0 0 0 0 0 0 0 0 0 0 0 0 0 0 6.95338389686695E-03 6.96451944701233E-03 6.97510300099985E-03 6.98525222172038E-03 6.99514788641675E-03 7.00482341566391E-03 7.01432304677429E-03 7.02353462664352E-03 7.03249459533274E-03 7.04110670021882E-03 7.04939037535288E-03 7.05741759089306E-03 7.06530615055043E-03 7.07307035868063E-03 7.08078149223216E-03 7.08838382352349E-03 7.09592899765964E-03 7.10341855001044E-03 7.1108955410669E-03
0 0 0 0 0 0 0 0 0 0 0 0 0 0 0 0 0 0 0 0 0 0 0 0 0 0 0 0 0 0 0 0 0 0 0 0 0 0 0 0 0 0 0 6.92861644526636E-03 6.94109778416721E-03 6.95338389686695E-03 6.96451944701233E-03 6.97510300099985E-03 6.98525222172038E-03 6.99514788641675E-03 7.00482341566391E-03 7.01435403861072E-03 7.02363348339211E-03 7.03264536261904E-03 7.0413291310861E-03 7.0497293419449E-03 7.05787914347784E-03 0.007065868367457 7.07371883743689E-03 7.08148564927209E-03 7.08915261673216E-03 7.09675500414753E-03 7.10429728760578E-03 7.1118078306073E-03
6.42304432315195E-03 6.43675260731059E-03 6.45026654870496E-03 6.46356757870484E-03 6.47666431969804E-03 6.48965576502386E-03 6.50246382039746E-03 6.51508946471207E-03 6.52755283808154E-03 6.53998012604999E-03 6.55240569689535E-03 6.56490044720526E-03 6.57731860636548E-03 6.58958190737219E-03 0.00660162907618 6.61355211721743E-03 6.62534450887712E-03 6.63709266029345E-03 6.64869859223825E-03 6.66017105079193E-03 6.67150939482582E-03 6.68284194408549E-03 6.69418608544883E-03 6.7056301237069E-03 6.71704570044703E-03 6.7283805086816E-03 6.73955603820991E-03 6.75064534705474E-03 6.76159372406256E-03 6.77246297551105E-03 6.78313784040382E-03 6.79364557778926E-03 6.80400537128798E-03 6.81443102552056E-03 6.82513969442765E-03 0 0 0 0 6.88002856715136E-03 6.89119894999246E-03 6.90339875579409E-03 6.91601360195134E-03 6.92861644526636E-03 6.94109778416721E-03 6.95315603559418E-03 6.96448885423595E-03 6.97522731209647E-03 6.98551532849506E-03 6.99552354274941E-03 7.00529169536406E-03 7.01489513978147E-03 7.0242634690772E-03 7.03338631675429E-03 7.04221526980313E-03 7.05078365919995E-03 7.05911326531117E-03 7.06727332621029E-03 7.07528418068337E-03 7.0831917561624E-03 7.09099644134814E-03 7.09872905125472E-03 7.10639848250032E-03 7.11403100371176E-03
6.42304432315195E-03 6.43675260731059E-03 6.45026654870496E-03 6.46356757870484E-03 6.47666431969804E-03 6.48965576502386E-03 6.50246382039746E-03 6.51508946471207E-03 6.52755283808154E-03 6.53998012604999E-03 6.55240569689535E-03 6.56490044720526E-03 6.57731860636548E-03 6.58958190737219E-03 0.00660162907618 6.61355211721743E-03 6.62534450887712E-03 6.63709266029345E-03 6.64869859223825E-03 6.66017105079193E-03 6.67150939482582E-03 6.68284194408549E-03 6.69418608544883E-03 6.7056301237069E-03 6.71704570044703E-03 6.7283805086816E-03 6.73955603820991E-03 6.75064534705474E-03 6.76159372406256E-03 6.77246297551105E-03 6.78313784040382E-03 6.79364557778926E-03 6.80400537128798E-03 6.81443102552056E-03 6.82513969442765E-03 6.8376726142385E-03 6.84848086092114E-03 6.85924263325397E-03 6.87002913209331E-03 6.88002856715136E-03 6.89119894999246E-03 6.90339875579409E-03 6.91601360195134E-03 6.92870236604327E-03 6.94118975868674E-03 6.9532990006651E-03 6.96483771750052E-03 6.97582415634041E-03 6.98636218376566E-03 6.99659257621068E-03 7.00655618876432E-03 7.01633236363461E-03 7.02587427540682E-03 7.03518445086404E-03 7.04422553006302E-03 7.05302069628307E-03 7.06158888342698E-03 7.06998594431775E-03 7.07822882282723E-03 7.08635595647532E-03 7.09437399491787E-03 7.10231127705152E-03 7.11018367687004E-03 7.11801845033087E-03
6.42362423560092E-03 6.43770068786162E-03 6.45139994964666E-03 6.46482199555175E-03 6.47801572472464E-03 6.49108407209728E-03 6.50396155297995E-03 6.51663970495642E-03 6.52915113156869E-03 6.54161028933966E-03 6.55406132061671E-03 6.56659414372309E-03 6.57905107081652E-03 6.59132459605584E-03 6.60338618798915E-03 6.61532072614881E-03 6.62713361571997E-03 6.6388974892241E-03 0.006650530714952 6.66202769790265E-03 6.6733989904097E-03 6.68475408824979E-03 6.69612201784818E-03 6.70760157265058E-03 6.71906058087324E-03 6.73042089753564E-03 6.7416270424961E-03 6.75273896553316E-03 6.76371221218873E-03 6.77458795356307E-03 6.78526227102692E-03 6.79573333546287E-03 6.8060145089547E-03 6.81627140445907E-03 6.82667838536308E-03 6.8376726142385E-03 6.84848086092114E-03 6.85924263325397E-03 6.87002913209331E-03 6.88095041916502E-03 6.89243474479329E-03 6.90463395231227E-03 6.91717207565265E-03 6.92978539264009E-03 6.94225531275233E-03 6.95446503693096E-03 6.96623446800686E-03 6.97752664532733E-03 6.98839066256163E-03 6.99892801441511E-03 0.007009176925019 7.01921445295074E-03 7.02901136294491E-03 7.03857804889521E-03 7.0478901265156E-03 7.05696645267752E-03 7.06582632781581E-03 7.07451682108152E-03 7.08305209190028E-03 7.09146205514951E-03 7.09975704446704E-03 7.10796497718714E-03 7.11610665365108E-03 7.12420977067624E-03
6.4254379800299E-03 6.43974849589911E-03 6.45365914886585E-03 6.46726517121474E-03 6.48062508593288E-03 6.49383003291077E-03 6.50683576186865E-03 6.51963168211077E-03 6.53226119691793E-03 6.54481592348045E-03 6.55733974591079E-03 6.56992628136193E-03 6.58242300165585E-03 6.59471892425161E-03 6.60682190281927E-03 6.6187979611997E-03 6.63066143904811E-03 6.64246542711018E-03 6.65415602394535E-03 6.66571860971538E-03 6.67717543777402E-03 6.68860657007941E-03 6.70004548435097E-03 6.71158598127321E-03 6.72310302643497E-03 6.73451029354857E-03 6.74577971080701E-03 6.75694731617464E-03 6.76797811724479E-03 6.77888813071836E-03 6.78959783913256E-03 6.80008412631955E-03 6.81036451429389E-03 6.82055418934264E-03 6.83078356348022E-03 6.84130517351251E-03 6.85191379170121E-03 6.86258907769065E-03 6.87337488314262E-03 6.88444757664448E-03 6.89594101830202E-03 6.90798212705657E-03 6.92034217517275E-03 6.93282894445735E-03 6.94526869805073E-03 6.95756968898483E-03 6.96955446083804E-03 6.98115208915464E-03 6.99235945589872E-03 7.00323981621302E-03 7.01382054495377E-03 7.02417110742501E-03 7.03427163897319E-03 7.04413793268335E-03 7.05375831990517E-03 7.06315065894167E-03 7.07233660499115E-03 7.0813564530216E-03 7.09022249352889E-03 7.09895662035372E-03 7.10757376141849E-03 7.11609923055343E-03 7.12455768813919E-03 7.13297546451921E-03
6.42835410433036E-03 6.44290111404591E-03 6.45706519852847E-03 6.47091739226248E-03 6.4845098748276E-03 6.49791074613359E-03 6.51110027218359E-03 6.52408514917241E-03 6.53690354546266E-03 6.54962501055456E-03 6.56228655294118E-03 6.57494128396979E-03 6.58748117136384E-03 6.59983890167928E-03 6.61202645128786E-03 6.6240899669765E-03 6.63604573144479E-03 6.64792954658431E-03 6.65971167718494E-03 6.67139005144322E-03 6.68298524268194E-03 6.69455337320558E-03 6.70612386161153E-03 6.71775051572556E-03 6.7293399629815E-03 6.74083434447345E-03 6.75221074191189E-03 6.76348092353383E-03 6.77461310070476E-03 6.78560463294269E-03 6.79639602842079E-03 6.80697074694625E-03 6.8173428093063E-03 6.82759300414911E-03 6.8378198647067E-03 6.84819214928817E-03 6.85866876243697E-03 6.86926523010789E-03 6.8800222757437E-03 6.89107022579541E-03 6.90247781629462E-03 6.91433248208093E-03 6.92649763678198E-03 6.93885011826569E-03 6.95124838085512E-03 6.9636013946745E-03 6.97574771116062E-03 6.9875948415914E-03 6.99910684057829E-03 7.01030978787319E-03 7.02121859870975E-03 7.03188132394041E-03 7.04228812379056E-03 7.05245698616676E-03 7.06238683175057E-03 7.07209969070358E-03 7.08161844280073E-03 7.09097548597529E-03 7.1001817060819E-03 7.10925535787102E-03 7.11821219290374E-03 7.12707725486575E-03 7.13587572510556E-03 7.14463241268419E-03
6.4323824516726E-03 6.44722693025391E-03 6.46170544372708E-03 6.47586737759718E-03 6.48975659297239E-03 6.50342300907002E-03 6.51687048100771E-03 6.53011680368646E-03 6.54318716774962E-03 6.55613225907682E-03 6.56897870325685E-03 6.58174847050979E-03 6.59439265854447E-03 6.6068775920947E-03 6.61920459611443E-03 0.006631406518122 6.64350240751969E-03 6.65551865237374E-03 6.66744896336661E-03 6.67929936633008E-03 6.69108183576369E-03 6.70283388812326E-03 6.71457647044985E-03 6.72633310573153E-03 6.73805474860565E-03 6.74970020452409E-03 6.76123734010484E-03 6.77266063176849E-03 0.006783943087531 6.79507149139172E-03 6.80600760296621E-03 6.81673913190825E-03 6.8272719093132E-03 6.83766351150928E-03 6.84798896722329E-03 6.85836821529416E-03 6.8688325944542E-03 6.87942881911363E-03 6.89019767947256E-03 6.90123454428475E-03 6.91259113919289E-03 6.92433211888473E-03 6.93637909026327E-03 6.94864453481098E-03 6.96100597302287E-03 6.97337805513972E-03 6.98562514471217E-03 6.9976414930969E-03 7.00937530073601E-03 7.02082449555893E-03 7.03199445198679E-03 7.04291321221352E-03 7.05358455156342E-03 7.06402067254854E-03 7.07423142850922E-03 7.08423733693408E-03 7.09406229917581E-03 7.10373239416663E-03 7.11326227683336E-03 7.12266407003048E-03 7.13195475614056E-03 7.14115710165658E-03 7.15029614028526E-03 7.15939396263228E-03
6.43766503310421E-03 6.45288358102508E-03 6.46774775463836E-03 6.48229268163254E-03 6.49655320372583E-03 6.51057177253072E-03 6.52436035636009E-03 6.53793866250431E-03 6.55132569572552E-03 6.56455838368426E-03 6.5776540552222E-03 6.5906269512957E-03 6.60345845553413E-03 6.61613628706898E-03 6.62866245242315E-03 6.64106341026649E-03 6.65335904804425E-03 6.66557608485431E-03 6.67771996742207E-03 6.68979978435852E-03 6.70182295762564E-03 6.71381417547358E-03 6.7257858162542E-03 6.73774994086768E-03 6.74967804209036E-03 6.76153789660951E-03 6.77329231946512E-03 6.78492554467377E-03 6.79641136366968E-03 6.80773584612397E-03 6.81887218517718E-03 6.82981089774822E-03 6.84055364370661E-03 6.8511439799905E-03 6.86164208965812E-03 6.8721441724555E-03 6.8827086228631E-03 6.89339884767452E-03 6.90425894008798E-03 6.91536629680691E-03 6.92676374010394E-03 6.9385038568095E-03 6.9505296717089E-03 6.9627693702148E-03 6.9751145518475E-03 6.98749007068138E-03 6.99977753341158E-03 7.01187741993852E-03 7.02373201688246E-03 7.0353251622157E-03 7.04665612147792E-03 7.05774441291659E-03 7.06859793256377E-03 7.07922964869819E-03 7.08965317162245E-03 7.09988937398902E-03 7.10996198709136E-03 7.11989435844914E-03 7.12970124892575E-03 7.13939214033509E-03 7.14898322746088E-03 7.15849516688764E-03 7.16795118085205E-03 7.17736978030417E-03
6.44433712552659E-03 6.4600230319963E-03 6.47535855618196E-03 6.49037108166637E-03 6.50508840092463E-03 6.51954786114191E-03 6.53376158446888E-03 6.54774816667758E-03 6.5615251009599E-03 6.57512053373396E-03 6.58854641987008E-03 6.60181525012526E-03 6.61492287872575E-03 6.6278702992187E-03 6.64066695246933E-03 6.65333841619921E-03 6.66590619007542E-03 6.67839921496261E-03 6.6908278596719E-03 6.70320237294561E-03 6.71552936056485E-03 6.72782531251181E-03 6.7400962990497E-03 6.75234898672067E-03 6.76456171796377E-03 6.77670294542831E-03 6.78873385635105E-03 6.80063303351363E-03 6.8123749059014E-03 6.82394667353339E-03 6.83532758286929E-03 6.84651013335997E-03 6.85749675657154E-03 6.86832494322208E-03 6.87904802663291E-03 6.88975159077958E-03 6.90050222985702E-03 6.91136883540806E-03 6.9223983869496E-03 6.93365964583373E-03 6.94518648282653E-03 6.95702110711007E-03 6.96910597458161E-03 6.98137365183938E-03 6.99372733660583E-03 7.0061017116071E-03 0.007018392116273 7.03050545466739E-03 7.04238696263742E-03 7.05402044208377E-03 7.06540898204817E-03 7.07656906728615E-03 7.08751258438263E-03 7.09825221918395E-03 7.10880430065485E-03 7.11919136442001E-03 7.12943964743742E-03 7.13956866461069E-03 7.14959289726012E-03 7.15951792880204E-03 7.16935931390516E-03 7.17913636892227E-03 7.18886995648051E-03 7.19857295649889E-03
6.45257278228168E-03 6.46882859858369E-03 6.48473226629725E-03 6.50030600110026E-03 6.51557321399192E-03 6.53056355206198E-03 6.54528904877396E-03 6.55976825613999E-03 6.57401791537031E-03 6.58805968034978E-03 6.60190297581451E-03 6.61555929018773E-03 6.62903277622501E-03 6.64233502442268E-03 6.65548367139341E-03 6.66850577409395E-03 6.6814256732636E-03 6.69427385272533E-03 6.70706331800429E-03 6.71980587452344E-03 6.73250834578563E-03 6.74518182211234E-03 6.75782683145081E-03 6.77044744010685E-03 6.78301965976501E-03 6.79550697769713E-03 6.8078689031995E-03 6.82008221929822E-03 6.83212188369214E-03 6.84397744380661E-03 6.85563188038012E-03 6.86708024015722E-03 6.87832976299163E-03 6.88941901010663E-03 6.90040009889208E-03 6.91135466447489E-03 6.92234954314889E-03 6.93345060910094E-03 6.94470504617852E-03 6.95617609171119E-03 6.96789060119195E-03 6.97986964432662E-03 6.99204776507352E-03 7.00436198578502E-03 7.01672664080948E-03 7.02908144099866E-03 7.04133036994184E-03 7.05339371768038E-03 7.06522492461069E-03 7.07681558883313E-03 7.08817503513057E-03 7.09932069095379E-03 7.11026874445159E-03 7.12103297696072E-03 7.13163349032012E-03 7.14209715412556E-03 7.15245116561134E-03 7.16271078441372E-03 7.17288895605738E-03 7.18298943940549E-03 7.19302789946452E-03 7.20302110064047E-03 7.21298607004249E-03 7.22292860446689E-03
6.46256483312816E-03 6.47949751960416E-03 6.49607127108658E-03 6.51230340596148E-03 6.52821393108746E-03 6.54382556041159E-03 6.55915269986891E-03 6.57421271255899E-03 6.58902111142484E-03 6.6035948829812E-03 6.61794362822159E-03 6.63207769128771E-03 6.64600828825342E-03 6.65975480771234E-03 6.67334160085574E-03 6.68679828208031E-03 6.70015266110472E-03 6.71343650091521E-03 6.72666508526383E-03 6.73985123455052E-03 6.75300218330551E-03 6.76612578829641E-03 6.77921739308938E-03 6.79227712441967E-03 6.80527071022317E-03 6.81815432563777E-03 6.83088662653328E-03 6.84344530605358E-03 6.85580577847646E-03 6.86796064917604E-03 6.87989559839265E-03 6.89161126603885E-03 6.90312455777824E-03 6.91447992519296E-03 6.92572994227206E-03 6.93695584012919E-03 6.94821787291862E-03 6.95957520285462E-03 6.97107194687008E-03 6.98276432834675E-03 6.99466564683282E-03 7.00677929043198E-03 7.01904025145424E-03 7.03138306851843E-03 7.04373302907062E-03 7.0560340421394E-03 7.06820631772479E-03 7.08017483569411E-03 7.09190634829516E-03 7.10340021320215E-03 7.11467237837109E-03 7.12574181433883E-03 7.13663323031616E-03 7.14736120578737E-03 7.15795518057786E-03 7.16844328144036E-03 7.17885105304045E-03 7.18918788862519E-03 7.19946867742452E-03 7.20969401173327E-03 7.21987959880051E-03 7.23004066604903E-03 7.2401891748136E-03 7.25032397681078E-03
6.47457371920959E-03 6.49229180800985E-03 6.50964054452253E-03 6.52663230835952E-03 6.54328328063002E-03 6.55961121182228E-03 6.57563132741233E-03 6.59136046403967E-03 6.60681364905093E-03 6.62200503810456E-03 6.63694489011177E-03 6.65164355041842E-03 6.66611828845126E-03 6.6803961091151E-03 6.69450677555713E-03 6.70848222541418E-03 6.72235289191825E-03 6.7361498129835E-03 6.74988959872897E-03 6.76358768950067E-03 6.7772519163419E-03 6.79088709870622E-03 6.80448380769002E-03 6.81803288578274E-03 6.83148581756075E-03 6.8447928339171E-03 6.85791198718364E-03 6.87082186544934E-03 6.88350134494124E-03 6.89594516910887E-03 6.9081433949542E-03 6.92010865587409E-03 6.93186953579338E-03 6.94347741928031E-03 6.95498812948927E-03 6.96647931168554E-03 6.97800115383183E-03 6.98960644427156E-03 7.00133297001294E-03 7.01322430899001E-03 7.02528027242272E-03 7.03748759487328E-03 7.04978149446814E-03 7.06210323510435E-03 7.07438984891806E-03 7.08658917341001E-03 7.09863233183279E-03 7.11045865019846E-03 7.12204876531454E-03 7.13340665434371E-03 7.14455307874805E-03 7.15551088138946E-03 7.16630971693403E-03 7.17696960762114E-03 7.18752817397531E-03 7.19800905245149E-03 7.20843369140241E-03 7.21880928785366E-03 7.22915173317751E-03 7.23946062622195E-03 7.24975313055443E-03 7.26003822227211E-03 7.27032321606827E-03 7.28060349356578E-03
6.48890315761053E-03 6.50751882025675E-03 6.52574999369829E-03 6.54360364422692E-03 6.5610925540045E-03 6.57823026577998E-03 6.59503279597492E-03 6.61151656022393E-03 6.62769737136292E-03 6.64358744772152E-03 6.65919958642819E-03 6.67454441847152E-03 6.68964638054509E-03 6.7045391282377E-03 6.71925557932223E-03 6.73382789407764E-03 6.74828683579966E-03 6.7626630139045E-03 6.77697553246826E-03 6.79124068683622E-03 6.80546487694574E-03 6.81964989067712E-03 6.83377900984648E-03 6.84783595526605E-03 6.86175879136724E-03 6.8754869623233E-03 6.88897517562847E-03 6.90220821167321E-03 6.91517209389941E-03 6.92786721706301E-03 6.94029540256258E-03 6.95247856653042E-03 6.9644530070151E-03 6.97627857377721E-03 6.9880130271192E-03 6.99973447515508E-03 7.01148495836427E-03 7.02330308065543E-03 7.03521240280438E-03 7.04724592509096E-03 7.05939591733849E-03 7.07163204652948E-03 7.08389896531672E-03 7.09614225591414E-03 7.10831294223302E-03 7.12036259861761E-03 7.13224048764821E-03 7.14389171736901E-03 7.15530789570395E-03 7.16650293693728E-03 7.17750806153034E-03 7.1883457873673E-03 7.19904803235166E-03 7.20963600319548E-03 7.22014546286225E-03 7.23059965947723E-03 7.24102125332705E-03 7.25141359747169E-03 7.26179035856759E-03 7.27214977838424E-03 7.28250611648422E-03 7.29286819781541E-03 7.30324407698219E-03 7.31362625924972E-03
6.5059298804702E-03 6.52555477473857E-03 6.54477427157438E-03 6.56359013175005E-03 6.58201213266327E-03 6.60005058630202E-03 6.61772199904536E-03 6.63504331752257E-03 6.65203062943866E-03 6.66869596181178E-03 6.68505524865764E-03 6.70112207675888E-03 6.71692858354865E-03 6.73251334775016E-03 6.74790920285375E-03 6.76314644123249E-03 6.77825496046466E-03 6.79326417399364E-03 6.80819364701987E-03 6.82305931235574E-03 6.83786553503616E-03 6.85261176064194E-03 6.86727382629162E-03 6.8818256814296E-03 6.89618645617149E-03 6.91028886237914E-03 6.92409278826344E-03 6.93759423959658E-03 6.95078600060403E-03 6.96367756111391E-03 6.97628161557108E-03 6.98862975608186E-03 7.00076635409242E-03 7.0127598171662E-03 7.02466850778027E-03 7.03656848945736E-03 7.04848708733012E-03 7.06044949274807E-03 7.07246788591948E-03 7.08456769467525E-03 7.09673096297085E-03 7.10891874610634E-03 7.12108665608729E-03 7.13318900411707E-03 7.14519010129352E-03 7.15704543365508E-03 7.16871909176459E-03 7.18016360477452E-03 0.007191386293882 7.20240942926121E-03 7.21327129546094E-03 7.22399047674436E-03 7.23459997111458E-03 7.2451189745118E-03 7.2555793575875E-03 7.26600130572635E-03 7.27640805378559E-03 7.28679896743212E-03 7.2971862124318E-03 7.3075657363365E-03 7.31795158734222E-03 7.32835173269349E-03 7.33877625485903E-03 7.34921555705338E-03
6.52609385669984E-03 6.54683798336227E-03 6.56714761610936E-03 6.58702022291261E-03 6.60646394678497E-03 6.62548747021704E-03 6.64410864979434E-03 6.66234454311068E-03 6.68021121867975E-03 6.69772137814457E-03 6.71489601963833E-03 6.73175346811803E-03 6.74833295430563E-03 6.76467520610076E-03 6.78080914519494E-03 6.79676213901166E-03 6.8125621603545E-03 6.82823654987064E-03 6.84380248522079E-03 0.006859273039297 6.8746498006188E-03 6.88993192854245E-03 6.90508667745302E-03 6.92007305706046E-03 6.93478938641926E-03 6.94917654504001E-03 6.96321346498075E-03 6.97690890403292E-03 6.99026010042213E-03 7.00328244060407E-03 7.01599533865523E-03 7.02844133537609E-03 7.04067522616651E-03 7.05277223061385E-03 7.06478624600839E-03 7.07678816803395E-03 7.08878483099399E-03 0.007100795261727 7.11283120258644E-03 7.1249117827786E-03 7.13701069150745E-03 7.14907925788872E-03 7.16108776827695E-03 7.17299977144558E-03 7.18479388023816E-03 7.19642455433452E-03 7.20787122790986E-03 7.21909263994804E-03 7.23011839471237E-03 7.24097549155247E-03 7.25170051077196E-03 7.26230468487679E-03 7.27282374779131E-03 7.28327387561277E-03 7.29368473127207E-03 7.30407030682041E-03 7.3144502600625E-03 7.32481910004699E-03 7.3351905836965E-03 7.34555840733529E-03 7.35593968785124E-03 7.36634064112728E-03 7.37676987836922E-03 7.38721655526635E-03
6.54988442443448E-03 6.57185005840954E-03 6.59334183087583E-03 6.61435640784333E-03 6.63490081662782E-03 6.65498519953871E-03 6.67462812251575E-03 6.69384577962981E-03 0.006712654287834 6.73106997621866E-03 6.74911720894491E-03 6.76682503401147E-03 6.78423673456456E-03 6.80138658031494E-03 6.81829754347707E-03 6.83499651888911E-03 6.8515083068718E-03 6.86785622786454E-03 6.88405172173594E-03 6.90010062381265E-03 6.91600093734666E-03 6.93175224356469E-03 6.94731984985659E-03 6.9626296603322E-03 6.97757695625189E-03 6.99213773327258E-03 7.00631329129793E-03 7.02011538456008E-03 7.03354361580108E-03 7.04661809206944E-03 7.05936394293794E-03 7.07183484364186E-03 7.08409325558674E-03 7.09621345391456E-03 7.10824844244432E-03 7.12024838880929E-03 7.13220714005617E-03 7.14415498563625E-03 7.15610935466935E-03 7.16807638975743E-03 7.18001971730416E-03 7.19189757243642E-03 7.2036936491454E-03 7.21537940102954E-03 7.22693984298048E-03 7.23832957186595E-03 7.24953655484102E-03 7.26053763516439E-03 7.27138213535408E-03 7.28208698168209E-03 7.2926805960495E-03 7.30317171887163E-03 7.31359900130478E-03 7.32397425997763E-03 7.3343260245196E-03 7.34466026078612E-03 7.35499105153416E-03 7.36531140587535E-03 7.37563590222195E-03 7.38595915429766E-03 7.39630171113323E-03 7.40666303008482E-03 7.41704821345395E-03 7.42744800879485E-03
