NongDo/Fusa 10.2h.grd
DSAA
463	323
2	464
2	324
0	10
[rows 252 to 279 of 323, columns 126 to 188 of 463]
8.40357324528025E-06 8.46192403651201E-06 8.40165405515673E-06 8.21958018707374E-06 7.9178246929179E-06 7.50444645930879E-06 6.99321211784847E-06 6.40296901670426E-06 5.75637919286067E-06 5.07816646411442E-06 4.39312097604912E-06 3.72396574294071E-06 3.09059830651762E-06 2.50913879475429E-06 1.99109059965064E-06 1.54309481278091E-06 1.16709995977104E-06 8.60949748787543E-07 6.19130360360566E-07 4.33843177048217E-07 2.96164433843632E-07 1.96952734341135E-07 1.27622149817069E-07 8.05969454938752E-08 4.96345219221718E-08 2.9817913021276E-08 1.74900538561949E-08 1.00266397444386E-08 5.62703410499645E-09 3.09570072630128E-09 1.67291377392159E-09 8.89165441667227E-10 4.65513009570666E-10 2.40005505281102E-10 1.21791535588663E-10 6.10178296491193E-11 3.03188826538275E-11 1.53040549591166E-11 8.7535567716657E-12 8.24651517171362E-12 0 0 0 0 0 0 0 0 0 0 0 0 0 0 0 0 0 0 0 0 0 0 0
1.19879799972419E-05 1.20197201891568E-05 1.18830124081131E-05 1.15752866666637E-05 1.11015859362969E-05 1.0475243820474E-05 9.71728979629123E-06 8.85560304346814E-06 7.92291198080064E-06 6.95431787778384E-06 5.98446150143302E-06 5.04475467573006E-06 4.16236561561003E-06 3.35867901422766E-06 2.64832380399353E-06 2.03897983337491E-06 1.53179320804277E-06 1.1223035700664E-06 8.01610673601704E-07 5.57953135007276E-07 3.78395737177487E-07 2.500377772744E-07 1.6102664573812E-07 1.01096728380312E-07 6.19125400568839E-08 3.70001827190657E-08 2.15988156151222E-08 1.23287465569052E-08 6.89298169268863E-09 3.78029381649609E-09 2.03791201251018E-09 1.0814211541457E-09 5.65697703472779E-10 2.91597098453039E-10 1.48001094635672E-10 7.42625356788253E-11 3.71535277276743E-11 1.92598894678338E-11 1.18244468338677E-11 1.10791014624939E-11 0 0 0 0 0 0 0 0 0 0 0 0 0 0 0 0 0 0 0 0 0 0 0
1.6905571495668E-05 1.68784551924339E-05 1.66156312201738E-05 1.61161550447288E-05 1.5389784243944E-05 1.44576897633008E-05 1.33513605037462E-05 1.21112370749286E-05 1.07838781401914E-05 9.41841705336212E-06 8.06270257951102E-06 6.75944819683219E-06 5.5450360966474E-06 4.44741411947976E-06 3.48478910731333E-06 2.66558405329976E-06 1.98925084435676E-06 1.44772857777375E-06 1.0271900910826E-06 7.10302732569237E-07 4.78667823049957E-07 3.14371613286181E-07 2.01286522973177E-07 1.25682405685391E-07 7.65757057904094E-08 4.5546684708752E-08 2.64734251556392E-08 1.50541650182078E-08 8.39026073944347E-09 4.59006278553369E-09 2.47030636749097E-09 1.3099418678735E-09 6.85399112587265E-10 3.53556383162765E-10 1.79561732672955E-10 9.03220610961634E-11 4.57592875164354E-11 2.50513407793681E-11 1.76708280448439E-11 1.10791014624939E-11 0 0 0 0 0 0 0 0 0 0 0 0 0 0 0 0 0 0 0 0 0 0 0
2.35695463589238E-05 2.34320916334227E-05 2.29697819742708E-05 2.21849252478062E-05 2.1094527348362E-05 1.97310698887173E-05 1.8140609920611E-05 1.6380813265459E-05 1.45167603304305E-05 1.26163084961317E-05 1.07446260565494E-05 8.95900498447563E-06 7.30753496100061E-06 5.82607667588961E-06 4.5367199835348E-06 3.44800181887843E-06 2.55633059392628E-06 1.84822527890278E-06 1.30285743209618E-06 8.95218698157995E-07 5.99602661152681E-07 3.91516525948927E-07 2.49320624154482E-07 1.5488923994981E-07 9.39335746018167E-08 5.56353390708131E-08 3.22154369884633E-08 1.82608279433925E-08 1.01520333645924E-08 5.54402850909377E-09 2.98112023084988E-09 1.58124548066852E-09 8.28558736349053E-10 4.28155263442408E-10 2.17662758091446E-10 1.09991712419934E-10 5.71389091307253E-11 3.49053122776593E-11 3.2456669090594E-11 0 0 0 0 0 0 0 0 0 0 0 0 0 0 0 0 0 0 0 0 0 0 0 0
3.24902564138337E-05 3.21639106209642E-05 3.13967296166576E-05 3.01967214075638E-05 2.8591457759365E-05 2.66292001189822E-05 2.43762318531308E-05 2.19131006107062E-05 1.93293244395828E-05 1.67171340994808E-05 1.41643982072906E-05 1.17471258262695E-05 9.52766515175419E-06 7.55127264007431E-06 5.84406525643049E-06 4.41359683846111E-06 3.25121643060985E-06 2.33548912451876E-06 1.63591062775381E-06 1.11716421269178E-06 7.43878920107202E-07 4.83052559275588E-07 3.06048984781477E-07 1.8924968196851E-07 1.14292257295166E-07 6.74439011107435E-08 3.89290221468533E-08 2.20087724718496E-08 1.22123571442122E-08 6.66232931880753E-09 3.58265441300063E-09 1.90296166219243E-09 9.99917404585243E-10 5.18425943777594E-10 2.64204910999747E-10 1.34773064543522E-10 7.35652563419501E-11 5.16412306130974E-11 3.2456669090594E-11 0 0 0 0 0 0 0 0 0 0 0 0 0 0 0 0 0 0 0 0 0 0 0 0
4.42851659005135E-05 4.36551317150512E-05 4.24356261238126E-05 4.06439785059334E-05 3.83235955959821E-05 3.55441883208595E-05 3.23984929527073E-05 2.89972267206554E-05 2.54616543173864E-05 2.19153711414893E-05 1.84748740424753E-05 1.52401844391403E-05 1.22915316171906E-05 9.68485292741585E-06 7.44988853734726E-06 5.59144457672153E-06 4.09301296815833E-06 2.92176638139919E-06 2.03396714682345E-06 1.38074830985735E-06 9.14242927657883E-07 5.90603996835262E-07 3.72427604440249E-07 2.2932574944371E-07 1.37978706763779E-07 8.11630980441103E-08 4.67272405416759E-08 2.63662505118756E-08 1.46117642002349E-08 7.96952873356897E-09 4.29016494627216E-09 2.28485649502932E-09 1.20565121990323E-09 6.28062925634382E-10 3.2112583109761E-10 1.66709713735634E-10 1.00873534685484E-10 9.4004245474712E-11 0 0 0 0 0 0 0 0 0 0 0 0 0 0 0 0 0 0 0 0 0 0 0 0 0
5.96919799422618E-05 5.85961972217146E-05 5.67237614280581E-05 5.41062170074283E-05 5.08090343438165E-05 4.69307141394886E-05 4.25988419153113E-05 3.79628121418212E-05 3.31846330852652E-05 2.84275607747692E-05 2.38445438693006E-05 1.95656396929655E-05 1.56924625182635E-05 1.2292982734274E-05 9.39966920137521E-06 7.01186078855764E-06 5.10130335517557E-06 3.61931272589129E-06 2.50452069436675E-06 1.69045816365858E-06 1.11332264414822E-06 7.15697404431594E-07 4.49348916974472E-07 2.75636579695553E-07 1.65298334367601E-07 9.6971519214553E-08 5.57149384765162E-08 3.13961699240501E-08 1.73904497597522E-08 9.49112063997417E-09 5.12059923611743E-09 2.73926702836567E-09 1.45564206411381E-09 7.64509969266479E-10 3.91616316816885E-10 2.08585045029431E-10 1.43955101658619E-10 9.4004245474712E-11 0 0 0 0 0 0 0 0 0 0 0 0 0 0 0 0 0 0 0 0 0 0 0 0 0
7.95709378659941E-05 7.7788404210399E-05 7.49969857597081E-05 7.12487802870812E-05 6.6639455550464E-05 6.13054690126968E-05 5.54193577667354E-05 4.91798097168005E-05 4.28001558053429E-05 3.64934845618581E-05 3.04578992464629E-05 2.48608033082924E-05 1.98295168577187E-05 1.54448739300701E-05 1.17402359789872E-05 8.70557424318386E-06 6.29572468862896E-06 4.44043917014504E-06 3.0551057799495E-06 2.05080262197575E-06 1.34376304774858E-06 8.59874987944609E-07 5.37719526184819E-07 3.28713931737019E-07 1.96562911124693E-07 1.15053675124355E-07 6.60022515444932E-08 3.71665207347131E-08 2.05915842797539E-08 1.125525515806E-08 6.09329087398849E-09 3.28215795786272E-09 1.76557409532922E-09 9.41868242478352E-10 4.77076751342976E-10 2.64474074112799E-10 2.47473549910945E-10 0 0 0 0 0 0 0 0 0 0 0 0 0 0 0 0 0 0 0 0 0 0 0 0 0 0
1.04910063822323E-04 1.02148906850033E-04 9.80943282141431E-05 9.28270905337908E-05 8.64829266539922E-05 7.92475888507184E-05 7.13514793049487E-05 6.30552908746164E-05 5.46367297771903E-05 4.63705029931311E-05 3.85106059004031E-05 3.12700090931528E-05 2.48055833768893E-05 1.9211388738708E-05 1.45188010367465E-05 1.07030663892549E-05 7.69540345473619E-06 5.39683450854887E-06 3.69278584191733E-06 2.46597954292921E-06 1.60801644107912E-06 1.02456187814682E-06 6.38377833638697E-07 3.89046342182295E-07 2.32058416640848E-07 1.35581414509496E-07 7.76964717347657E-08 4.37451620465758E-08 2.42586557676054E-08 1.32903072877201E-08 7.22860217177656E-09 3.93487195829151E-09 2.16808188840068E-09 1.20528495013631E-09 5.65448445841645E-10 3.03210035519221E-10 2.47473549910945E-10 0 0 0 0 0 0 0 0 0 0 0 0 0 0 0 0 0 0 0 0 0 0 0 0 0 0
1.36816733163581E-04 1.32702765999531E-04 1.26950283530805E-04 1.19678629584435E-04 1.11076299234469E-04 1.01392257793457E-04 9.09303538133993E-05 8.00290332771587E-05 6.90460152470492E-05 5.83317299145179E-05 4.82076593973463E-05 3.89419395347926E-05 3.07249707694493E-05 2.36632298934939E-05 1.77816760204187E-05 1.30337501036468E-05 9.31859325717835E-06 6.49971821129922E-06 4.42441468220208E-06 2.94016323535762E-06 1.90859371009743E-06 1.21124388782132E-06 7.52214898040532E-07 4.57150806789155E-07 2.72092272386075E-07 1.58743854686275E-07 9.09171321485229E-08 5.1208932816583E-08 2.84399709876007E-08 1.56265912693184E-08 8.54489405769639E-09 4.71959119833897E-09 2.72562763194941E-09 1.72903128668569E-09 5.65448445841645E-10 3.03210035519221E-10 0 0 0 0 0 0 0 0 0 0 0 0 0 0 0 0 0 0 0 0 0 0 0 0 0 0 0
1.7651161305687E-04 1.70577595845785E-04 1.62589799751636E-04 1.5271823803059E-04 1.41219603872438E-04 1.28423625175999E-04 1.14726478685569E-04 1.00564196133294E-04 8.63931794151254E-05 7.26564399321125E-05 5.97562124605197E-05 4.80249616985556E-05 3.76905308418223E-05 2.88690698481432E-05 2.15732170848551E-05 1.57253804407226E-05 1.11823191373478E-05 7.75926477499379E-06 5.25618953409475E-06 3.47714450334043E-06 2.24790243499153E-06 1.42135682593894E-06 8.80002065261796E-07 5.33503201091934E-07 3.16969389601201E-07 1.84737964031001E-07 1.05790850875377E-07 5.9637569038471E-08 3.31851142984606E-08 1.82941940231574E-08 1.00608291599745E-08 5.65052152368398E-09 3.53709020656736E-09 3.35615516952611E-09 0 0 0 0 0 0 0 0 0 0 0 0 0 0 0 0 0 0 0 0 0 0 0 0 0 0 0 0 0
2.25312549972432E-04 2.16987181111528E-04 2.06112342570105E-04 1.92923494802929E-04 1.77763009603897E-04 1.61062880983075E-04 1.43335328407755E-04 1.25137905424391E-04 1.07048695134622E-04 8.9622678529855E-05 7.33584645327873E-05 5.8661685312695E-05 4.57997893892508E-05 3.48933496025301E-05 2.59347507896756E-05 1.88035219666266E-05 1.33022060820666E-05 9.18480985926048E-06 6.19383426767515E-06 4.08042969496624E-06 2.62830744322879E-06 1.65654328165582E-06 1.02282301193697E-06 6.18779018398215E-07 3.67114004127083E-07 2.13833060024774E-07 1.22487102618168E-07 6.91359650576733E-08 3.85540708597899E-08 2.1325731830459E-08 1.1789189285995E-08 6.69279457313276E-09 4.29761124740458E-09 4.13720665508881E-09 0 0 0 0 0 0 0 0 0 0 0 0 0 0 0 0 0 0 0 0 0 0 0 0 0 0 0 0 0
2.8461021207092E-04 2.73202739157483E-04 2.58660371125569E-04 2.41300147138948E-04 2.21572628200018E-04 2.00037317794409E-04 1.77350539509303E-04 1.54220795764425E-04 1.3137417213851E-04 1.09500241672872E-04 8.9208885000605E-05 7.09869608925495E-05 5.51428996703465E-05 4.17953453690652E-05 3.09042247363408E-05 2.22923424933301E-05 1.56930528983677E-05 1.07855927448395E-05 7.24272920426186E-06 4.75346067711478E-06 3.05185844516864E-06 1.91812212453853E-06 1.18161251276609E-06 7.13643594410787E-07 4.22985152726354E-07 2.46340947086656E-07 1.41216236521094E-07 7.98454369503494E-08 4.46429750403265E-08 2.4787556116055E-08 1.37824103515832E-08 7.91408535596254E-09 5.19382002268991E-09 5.01269758066768E-09 0 0 0 0 0 0 0 0 0 0 0 0 0 0 0 0 0 0 0 0 0 0 0 0 0 0 0 0 0
3.55839875590685E-04 3.40530055656667E-04 3.21399958404047E-04 2.98868389578529E-04 2.73518224928428E-04 2.46067247853945E-04 2.17350069650275E-04 1.88260400343582E-04 1.59704006540495E-04 1.32529357693588E-04 1.07475501706973E-04 8.51164061437E-05 6.5796959798092E-05 4.96248993471058E-05 3.65137064322461E-05 2.62127752781282E-05 1.83689821552585E-05 1.25713415982267E-05 8.40954577195224E-06 5.50066946845758E-06 3.52151846084899E-06 2.2081261346288E-06 1.35776101494886E-06 8.19028017462122E-07 4.85198864732859E-07 2.82676294014164E-07 1.62255887869231E-07 9.19506973911353E-08 5.15742529220786E-08 2.87700016377987E-08 1.61388356161227E-08 9.4773127102052E-09 6.50985647402248E-09 6.20485519937627E-09 0 0 0 0 0 0 0 0 0 0 0 0 0 0 0 0 0 0 0 0 0 0 0 0 0 0 0 0 0
4.40449623068109E-04 4.20267618104778E-04 3.95473055314279E-04 3.66608163249528E-04 3.34419393287666E-04 2.99817681194615E-04 2.63855317400083E-04 2.27651010350204E-04 1.92324589826642E-04 1.58910226492145E-04 1.28290842821714E-04 1.01132812771605E-04 7.78127941752488E-05 5.84121897778124E-05 4.27806262367508E-05 3.05750433647485E-05 2.13366452099179E-05 1.45463418110247E-05 9.69755015400869E-06 6.32455167113043E-06 4.03921704965175E-06 2.52802106597289E-06 1.55242131604821E-06 9.3581104846048E-07 5.54393556549055E-07 3.23309473635906E-07 1.8596121382489E-07 1.05714520480913E-07 5.95428701908623E-08 3.34489709457524E-08 1.90787122687846E-08 1.17792267866906E-08 8.9858242818773E-09 6.20485519937627E-09 0 0 0 0 0 0 0 0 0 0 0 0 0 0 0 0 0 0 0 0 0 0 0 0 0 0 0 0 0
5.39849742788464E-04 5.13670958162783E-04 4.81970504416917E-04 4.4544188303103E-04 4.05030818360819E-04 3.61883325517821E-04 3.17315313735846E-04 2.72714817295321E-04 2.294545299051E-04 1.88781212630762E-04 1.51737142059844E-04 1.19083065863645E-04 9.12159403862886E-05 6.81710066053812E-05 4.97128156763321E-05 3.53841898184704E-05 2.4600157029098E-05 1.67143015892403E-05 1.11102604606948E-05 7.2282207172478E-06 4.60756766113642E-06 2.87990178110902E-06 1.76714068534387E-06 1.06510662500423E-06 6.31332230729976E-07 3.68791534309191E-07 2.12737395453814E-07 1.2145256644225E-07 6.88069772372923E-08 3.91028176985682E-08 2.30136349094739E-08 1.5669575594962E-08 1.48137902065416E-08 0 0 0 0 0 0 0 0 0 0 0 0 0 0 0 0 0 0 0 0 0 0 0 0 0 0 0 0 0 0
6.55358322386405E-04 6.21888697205269E-04 5.81865728545597E-04 5.36165440643946E-04 4.85977827832382E-04 4.32733998531415E-04 3.7806228037275E-04 3.23669987840282E-04 2.71223690576646E-04 2.22211268719129E-04 1.77843497458414E-04 1.38970222868513E-04 1.05997067674126E-04 7.88910454286623E-05 5.73034126701188E-05 4.06360513317033E-05 2.81565545081136E-05 1.9074244848165E-05 1.26477810931347E-05 8.21280666880897E-06 5.22816748247793E-06 3.26522791061379E-06 2.00309672367176E-06 1.20788043569731E-06 7.1682813741356E-07 4.19716505186426E-07 2.43023407404837E-07 1.3954811233094E-07 7.97968036994826E-08 4.62808977914322E-08 2.87881069572001E-08 2.19790773513052E-08 1.48137902065416E-08 0 0 0 0 0 0 0 0 0 0 0 0 0 0 0 0 0 0 0 0 0 0 0 0 0 0 0 0 0 0
7.88142981712862E-04 7.45915630324108E-04 6.95978396494933E-04 6.39428302812787E-04 5.77743828056137E-04 5.1269992390949E-04 4.46298065192349E-04 3.80617430668718E-04 3.1765966222132E-04 2.5918053888192E-04 2.06569914398668E-04 1.60753357746764E-04 1.22119978761091E-04 9.05440408213381E-05 6.55347235062811E-05 4.63229477128874E-05 3.20043161086151E-05 2.16281098647808E-05 1.43130995625751E-05 9.28131753777643E-06 5.90367447027791E-06 3.68618362323745E-06 2.26179911334824E-06 1.36520169777958E-06 8.11643617996691E-07 4.76659536604459E-07 2.77225944482939E-07 1.60373847695407E-07 9.30310634742402E-08 5.59061170584574E-08 3.84720718615569E-08 3.64356994718874E-08 0 0 0 0 0 0 0 0 0 0 0 0 0 0 0 0 0 0 0 0 0 0 0 0 0 0 0 0 0 0 0
9.39111136413902E-04 8.86489273253302E-04 8.24873054877149E-04 7.55628036382086E-04 6.80579425055734E-04 6.01907988133445E-04 5.22050364423169E-04 4.43513847009757E-04 3.68677141033352E-04 2.99586442031755E-04 2.37811055733294E-04 1.84335771589179E-04 1.39507560283424E-04 1.03073318775953E-04 7.43671905688678E-05 5.24195316567761E-05 3.6130324516752E-05 2.43696884296794E-05 1.61045595237478E-05 1.04340591554075E-05 6.63509031216863E-06 4.1439501523774E-06 2.54455596196993E-06 1.53816366362771E-06 9.16681147422947E-07 5.4034299805446E-07 3.16013925280352E-07 1.84647255232287E-07 1.09524452889526E-07 6.975809593521E-08 5.3911682510558E-08 3.64356994718874E-08 0 0 0 0 0 0 0 0 0 0 0 0 0 0 0 0 0 0 0 0 0 0 0 0 0 0 0 0 0 0 0
1.10887828975822E-03 1.04406207610799E-03 9.68844392853381E-04 8.84914515437804E-04 7.94508619676234E-04 7.00281214192701E-04 6.05171860160318E-04 5.12171565025255E-04 4.24074448429424E-04 3.43234032882894E-04 2.71396233041436E-04 2.09581830684812E-04 1.58058923967798E-04 1.16408346494723E-04 8.37547843087318E-05 5.88992851349107E-05 4.05216283132433E-05 2.72946290741602E-05 1.8021989131212E-05 1.16725806470608E-05 7.4242344976491E-06 4.64006125518316E-06 2.85241770720439E-06 1.72752180470045E-06 1.03254561590988E-06 6.11357148894929E-07 3.60054802440983E-07 2.1331897088807E-07 1.31046484863015E-07 9.20897315738084E-08 8.74687498972144E-08 0 0 0 0 0 0 0 0 0 0 0 0 0 0 0 0 0 0 0 0 0 0 0 0 0 0 0 0 0 0 0 0
1.29761904491145E-03 1.21867918094739E-03 1.12781504758789E-03 1.02710401225172E-03 9.19266017357783E-04 8.07503238250307E-04 6.95322323025749E-04 5.86252677898651E-04 4.83537471616087E-04 3.89849197848493E-04 3.07098017579184E-04 2.36310108646357E-04 1.77639332356958E-04 1.30454707111366E-04 9.36356261950291E-05 6.57245690076527E-05 4.51577537200608E-05 3.03925166838264E-05 2.00607741632688E-05 1.29956059334287E-05 8.27177977014934E-06 5.17582378499125E-06 3.18653653838339E-06 1.93437021432026E-06 1.16018115529754E-06 6.90710007880319E-07 4.10714776789427E-07 2.48560609085228E-07 1.61337979906914E-07 1.26468594513562E-07 8.74687498972144E-08 0 0 0 0 0 0 0 0 0 0 0 0 0 0 0 0 0 0 0 0 0 0 0 0 0 0 0 0 0 0 0 0
1.50508815849324E-03 1.40999140550677E-03 1.30134826620177E-03 1.18169517190661E-03 1.05431272245001E-03 9.23027870399882E-04 7.91979065478745E-04 0.000665282143016 5.46652804450664E-04 4.39086971567439E-04 3.44643629790632E-04 2.64315656767956E-04 1.98102923299295E-04 1.45114246513717E-04 1.03948778976167E-04 7.2861189467236E-05 5.0022074284673E-05 3.36565353111454E-05 2.22185016454023E-05 1.44027684399339E-05 9.17830166569664E-06 5.75232491465231E-06 3.54768971667411E-06 2.15954558473189E-06 1.3002587598932E-06 7.79260277645633E-07 4.69672904640904E-07 2.94124774575858E-07 2.09653019754075E-07 1.99725348671498E-07 0 0 0 0 0 0 0 0 0 0 0 0 0 0 0 0 0 0 0 0 0 0 0 0 0 0 0 0 0 0 0 0 0
1.73049149195482E-03 1.61714306470216E-03 1.48855409857271E-03 1.34779525390918E-03 1.19878551350999E-03 1.04605625270283E-03 8.94432914557732E-04 7.48650460352784E-04 6.12918809018729E-04 4.90549243725721E-04 3.83725747420638E-04 2.93367543468521E-04 2.19279181433142E-04 1.60272176871194E-04 1.14623100950747E-04 8.02669710247773E-05 5.50899386799367E-05 3.70742848063605E-05 2.44887781128472E-05 1.58909875316353E-05 1.01418918395926E-05 6.36929067309442E-06 3.93780979885213E-06 2.40469791697415E-06 1.45441951476391E-06 8.7870346396348E-07 5.39959593207676E-07 3.56611775443606E-07 2.82145483345666E-07 1.99725348671498E-07 0 0 0 0 0 0 0 0 0 0 0 0 0 0 0 0 0 0 0 0 0 0 0 0 0 0 0 0 0 0 0 0 0
1.97252523921162E-03 1.83880819960136E-03 1.68813166026216E-03 1.52416980425315E-03 1.35154479649785E-03 1.17556654233301E-03 1.00180408290233E-03 8.35630781720998E-04 6.81757802356323E-04 5.43794062140453E-04 4.24021892965815E-04 3.23240819752066E-04 2.41014710524179E-04 1.75824844912785E-04 1.25592857299533E-04 8.79051132353828E-05 6.03435002467498E-05 4.06404428061086E-05 2.68709173702138E-05 1.7462289036293E-05 1.11635387995616E-05 7.02677344729358E-06 4.3573709958513E-06 2.6703437203358E-06 1.62367027443013E-06 9.90806490979785E-07 6.26161932501017E-07 4.51166304699068E-07 4.3117005709268E-07 0 0 0 0 0 0 0 0 0 0 0 0 0 0 0 0 0 0 0 0 0 0 0 0 0 0 0 0 0 0 0 0 0 0
2.22919244819641E-03 2.07307773086998E-03 1.89829991225828E-03 1.70919983289659E-03 1.51117020869534E-03 1.31034848493931E-03 1.11308923426189E-03 9.25419595142797E-04 7.5254539206985E-04 5.98350705180773E-04 4.65182677885537E-04 3.53685590892245E-04 2.63139778174431E-04 1.91655951447131E-04 1.36775930624844E-04 9.57183986047626E-05 6.57486211323338E-05 4.43366422381975E-05 2.93621189851314E-05 1.91196078304125E-05 1.22508119931697E-05 7.7327710984562E-06 4.81175613891218E-06 2.96128853967528E-06 1.81214034571442E-06 1.12098068992742E-06 7.36437305441271E-07 5.8265765234177E-07 4.3117005709268E-07 0 0 0 0 0 0 0 0 0 0 0 0 0 0 0 0 0 0 0 0 0 0 0 0 0 0 0 0 0 0 0 0 0 0
2.49797544520379E-03 2.31759671810912E-03 2.11690426888064E-03 1.90096404001069E-03 1.67600085508935E-03 1.44901836743594E-03 1.22717616500154E-03 1.01715464014344E-03 8.24640375824088E-04 6.53764779280348E-04 5.06899911428408E-04 3.84500709030492E-04 2.85526975876972E-04 2.07681111372218E-04 1.48113870500204E-04 1.0366625881221E-04 7.12781631883379E-05 4.8145232752483E-05 3.1952878029471E-05 2.0862238119274E-05 1.34087756108951E-05 8.49484062474007E-06 5.30865717119058E-06 3.28495911238965E-06 2.02741299498009E-06 1.2777475786891E-06 8.88442501809349E-07 8.58166897212093E-07 0 0 0 0 0 0 0 0 0 0 0 0 0 0 0 0 0 0 0 0 0 0 0 0 0 0 0 0 0 0 0 0 0 0 0
2.7759485048845E-03 2.56966788287045E-03 2.34151846548462E-03 2.09733873787068E-03 0.001844226131021 1.59008157689042E-03 1.34288102572555E-03 1.10993260182397E-03 8.9738127579322E-04 7.09574234643706E-04 5.48870032275813E-04 4.15489940419366E-04 3.08052954651542E-04 2.23819934188834E-04 1.59550534445739E-04 1.11709448912067E-04 7.69075555956117E-05 5.20526556089179E-05 3.46357833249284E-05 2.26902377662903E-05 1.46440220890985E-05 9.32322592036802E-06 5.85986292213182E-06 3.65497532797842E-06 2.2856519519145E-06 1.47296395684559E-06 1.03121058193661E-06 9.97989497672878E-07 0 0 0 0 0 0 0 0 0 0 0 0 0 0 0 0 0 0 0 0 0 0 0 0 0 0 0 0 0 0 0 0 0 0 0
3.0598314704848E-03 2.82630166257803E-03 2.56948259444879E-03 2.29601850954787E-03 2.01390678574905E-03 1.73196259927086E-03 1.45897912688536E-03 1.20285048168831E-03 9.70145978645325E-04 7.65382081590015E-04 5.90865099718549E-04 4.46528784197124E-04 3.30660937116118E-04 2.40043848341524E-04 1.71072555969093E-04 1.19835775491417E-04 8.26263273361749E-05 5.60465602986056E-05 3.73991289560482E-05 2.45984033070158E-05 1.59579147462477E-05 1.02266554550839E-05 6.47970897202988E-06 4.0937237482072E-06 2.62393566127785E-06 1.77542010563124E-06 1.16753666923997E-06 9.97989497672878E-07 0 0 0 0 0 0 0 0 0 0 0 0 0 0 0 0 0 0 0 0 0 0 0 0 0 0 0 0 0 0 0 0 0 0 0
