NongDo/Fusa 12.2h.grd
DSAA
463	323
2	464
2	324
0	10
[rows 252 to 279 of 323, columns 0 to 63 of 463]
0 0 0 0 0 0 0 0 0 0 0 0 0 0 0 0 0 0 0 0 0 0 0 0 0 0 0 0 0 0 0 0 0 0 0 0 0 0 4.00318144678223E-03 4.01285763295259E-03 4.0185628607323E-03 4.02346295678177E-03 4.02891366736662E-03 4.03512094315486E-03 4.04214491483311E-03 4.04999015257713E-03 4.05870594791293E-03 4.0683112152706E-03 4.07886485542425E-03 4.09041455319661E-03 4.10302056200857E-03 4.11674385302749E-03 4.13162820302581E-03 4.14771908557768E-03 4.1650380276968E-03 4.1836197683662E-03 4.2034605692217E-03 4.22456165736603E-03 4.24689724897778E-03 4.27045699671632E-03 4.29518351076996E-03 4.3209870354893E-03 4.34776488252679E-03 4.37540504575024E-03
0 0 0 0 0 0 0 0 0 0 0 0 0 0 0 0 0 0 0 0 0 0 0 0 0 0 0 0 0 0 0 0 0 0 0 0 0 3.99491551772902E-03 4.00318144678223E-03 4.00811536576709E-03 4.01353309655449E-03 4.01917332438967E-03 4.02535817807839E-03 4.03222124020868E-03 4.03986446570755E-03 4.04833293763299E-03 4.05769530369486E-03 4.06798936240205E-03 4.07928369860345E-03 4.09163911774086E-03 4.10511931047405E-03 4.11978598115071E-03 4.1356803479872E-03 4.15284396323371E-03 4.17129219075609E-03 4.19104975048753E-03 4.21210370280022E-03 4.23444247597044E-03 4.25802635022387E-03 4.28282651356523E-03 4.30877122641803E-03 4.33575581055938E-03 4.36366361736627E-03 4.39237001443288E-03
0 0 0 0 0 0 0 0 0 0 0 0 0 0 0 0 0 0 0 0 0 0 0 0 0 0 0 0 0 0 0 0 0 0 0 0 3.98814568382044E-03 3.99491551772902E-03 3.99921508588192E-03 4.00413099006764E-03 4.00965444391981E-03 4.01572073685035E-03 4.02243386348193E-03 4.02985329148341E-03 4.03807258639011E-03 4.04715125556889E-03 4.05716732213092E-03 4.06817070785878E-03 4.08023708390495E-03 4.09343702169345E-03 4.10783646055426E-03 4.12349634756316E-03 4.14045367322098E-03 4.15874369906841E-03 4.17837286476733E-03 4.19935651143157E-03 4.22166916735653E-03 4.24528330006525E-03 4.27014247051618E-03 4.2961999179476E-03 4.32336631005457E-03 4.35152139585306E-03 4.38053474911269E-03 4.41026985223291E-03
0 0 0 0 0 0 0 0 0 0 0 0 0 0 0 0 0 0 0 0 0 0 0 0 0 0 0 0 0 0 0 0 0 0 0 3.9853692089526E-03 3.98814568382044E-03 3.99153074403257E-03 3.99571046224419E-03 4.00067945900189E-03 4.00640149455478E-03 4.01282502430374E-03 4.01999326201338E-03 4.02792700289219E-03 4.03670997826044E-03 4.04640835390602E-03 4.05710252101435E-03 4.06885114549463E-03 4.08173289828798E-03 4.09582844778771E-03 4.1112022110017E-03 4.12791358440132E-03 4.14599294225071E-03 4.16546799866095E-03 4.18633235291894E-03 4.20859232192312E-03 4.23220638525722E-03 4.25712710433787E-03 4.2832802174696E-03 4.31060002956076E-03 4.33898076844334E-03 4.36828420014735E-03 4.39836690531453E-03 4.42908128588794E-03
0 0 0 0 0 0 0 0 0 0 0 0 0 0 0 0 0 0 0 0 0 0 0 0 0 0 0 0 0 0 0 0 0 0 0 3.9853692089526E-03 3.98567312817327E-03 3.98831475410235E-03 3.99238781260606E-03 3.99748600298102E-03 4.00346940188017E-03 4.01026139197948E-03 4.01788122582599E-03 4.0263395079355E-03 4.03571008035084E-03 4.04606245094711E-03 4.0574779628718E-03 4.07002342991165E-03 4.0837799753083E-03 4.09883363618627E-03 4.11524696310515E-03 4.13307532281141E-03 4.15234121584951E-03 4.17306267328696E-03 4.19522071291531E-03 4.2188056706176E-03 4.24375656487005E-03 4.27000640611415E-03 4.29746332754099E-03 4.32604174277569E-03 4.35561643069592E-03 4.3860329363095E-03 4.4171359259868E-03 4.44876910974461E-03
0 0 0 0 0 0 0 0 0 0 0 0 0 0 0 0 0 0 0 0 0 0 0 0 0 0 0 0 0 0 0 0 0 0 3.9753712929792E-03 3.98046794572792E-03 3.9817695733959E-03 3.98469283056099E-03 3.98897472002905E-03 3.99434377772136E-03 4.0006717927241E-03 4.00788320932575E-03 4.01598843604549E-03 4.02501243106675E-03 4.03501874248161E-03 4.0460815365398E-03 4.05827861300167E-03 4.07168974395911E-03 4.08639417475573E-03 4.10248161074375E-03 4.12001066076895E-03 4.13903112059586E-03 4.15955501676722E-03 4.18158844947019E-03 4.20509832931982E-03 4.23004958495728E-03 4.25636439334132E-03 4.28395487292317E-03 4.31271220995262E-03 4.3425274310769E-03 4.37326049163842E-03 4.40474072519492E-03 4.43680186413548E-03 4.46928128037826E-03
0 0 0 0 0 0 0 0 0 0 0 0 0 0 0 0 0 0 0 0 0 0 0 0 0 0 0 0 0 0 0 0 0 0 3.9753712929792E-03 3.97567876890999E-03 3.97740356565875E-03 3.98070582731577E-03 3.98534864193316E-03 3.9911055399812E-03 3.99786787912558E-03 4.00557160490353E-03 4.01423077427561E-03 4.02388522400246E-03 4.0345973565123E-03 4.04644471672838E-03 4.05950344628528E-03 4.0738623294426E-03 4.08960025411839E-03 4.10680770233869E-03 4.12553798841853E-03 4.14583235090577E-03 4.16768945938779E-03 4.19109995787985E-03 4.21601175190043E-03 4.24236462543975E-03 4.27006030005305E-03 4.29899063039896E-03 4.32902903321788E-03 4.36004684060598E-03 4.39188875425137E-03 4.42436941996031E-03 4.45731413363479E-03 4.49055813178905E-03
0 0 0 0 0 0 0 0 0 0 0 0 0 0 0 0 0 0 0 0 0 0 0 0 0 0 0 0 0 0 0 0 0 0 3.97033804677413E-03 3.97045754363166E-03 3.97256265108574E-03 3.97632518946966E-03 3.98143702326986E-03 3.98768303849922E-03 3.99497044376278E-03 4.00325130624866E-03 4.01254902184937E-03 4.02291934379624E-03 4.03442476555483E-03 4.04714989370312E-03 4.06116515245134E-03 4.0765693733221E-03 4.0934375515047E-03 4.11186185586053E-03 4.13188720062434E-03 4.15354240832988E-03 4.17680817090568E-03 4.20165537218297E-03 4.22801106809815E-03 4.25578895380287E-03 4.28486965974654E-03 4.31512281937518E-03 4.34640616418261E-03 4.37857355183821E-03 4.41146000563359E-03 4.44486383061924E-03 4.47860608736606E-03 4.51252558470171E-03
0 0 0 0 0 0 0 0 0 0 0 0 0 0 0 0 0 0 0 0 0 0 0 0 0 0 0 0 0 0 0 0 0 0 3.96422906003126E-03 3.96444531577394E-03 3.96709991780157E-03 3.97145847136458E-03 3.97715924301716E-03 3.98400480375387E-03 3.99192125461299E-03 4.00087818170735E-03 4.0109110846828E-03 4.02209821022348E-03 4.03450179530472E-03 4.04821187814481E-03 4.06329298202355E-03 4.07985235495608E-03 4.09795647372983E-03 4.11770305168681E-03 4.13912311017103E-03 4.16222629336722E-03 4.18697082990238E-03 4.21330609479131E-03 4.24113601419824E-03 4.27034839161786E-03 4.30080191161135E-03 4.33234504512479E-03 4.36482070050076E-03 4.39807010900453E-03 4.43192226384691E-03 4.46615825993038E-03 4.50060278216527E-03 4.53510583319388E-03
0 0 0 0 0 0 0 0 0 0 0 0 0 0 0 0 0 0 0 0 0 0 0 0 0 0 0 0 0 0 0 0 0 3.94616983555357E-03 3.95535403483866E-03 3.9571892115854E-03 3.9608908142984E-03 3.96604846786259E-03 3.97247539552801E-03 3.98003851764686E-03 3.98869630029626E-03 3.99844000199402E-03 4.00931352366165E-03 4.02143374362144E-03 4.03485117926493E-03 4.04966849593664E-03 4.06593391193987E-03 4.08377367824653E-03 4.10322774538368E-03 4.1244110038563E-03 4.14732621058389E-03 4.17195884326233E-03 4.19824210194496E-03 4.22610241974358E-03 4.25542088248959E-03 4.28605708779074E-03 4.3178525259654E-03 4.35063397053839E-03 4.38423386010954E-03 4.41847831094651E-03 4.45320377343037E-03 4.48816878001296E-03 4.52321715699666E-03 4.55821631714713E-03
0 0 0 0 0 0 0 0 0 0 0 0 0 0 0 0 0 0 0 0 0 0 0 0 0 0 0 0 0 0 0 0 0 3.94616983555357E-03 3.94669228720526E-03 3.94931799539235E-03 3.95400939724253E-03 3.96010154131734E-03 3.96738372997246E-03 3.97578202725902E-03 3.98529753611647E-03 3.99594818279339E-03 4.00779117217837E-03 4.02096487769289E-03 4.03552276138176E-03 4.05157183123247E-03 4.06915493525068E-03 4.08840216357457E-03 4.10934147195165E-03 4.13207438867155E-03 4.15657525166742E-03 4.18280430562564E-03 4.21067195292194E-03 4.24007725363431E-03 4.2708771327972E-03 4.30290667361009E-03 4.33599137385779E-03 4.36994428292365E-03 4.40458831161825E-03 4.43973757349181E-03 4.4752179661513E-03 4.51080390330828E-03 4.54636532920955E-03 4.58178260907923E-03
0 0 0 0 0 0 0 0 0 0 0 0 0 0 0 0 0 0 0 0 0 0 0 0 0 0 0 0 0 0 0 0 0 3.93711660882213E-03 3.93744304555129E-03 3.94099449075422E-03 3.94668561808729E-03 3.95374090690351E-03 3.96195752436682E-03 3.97128642760545E-03 3.98176724853244E-03 3.99344303879733E-03 4.00639414306116E-03 4.02075555013246E-03 4.03659300831208E-03 4.05401182440632E-03 4.07305594667218E-03 4.09384300585501E-03 4.11640231844947E-03 4.14078071409779E-03 4.1669431108699E-03 4.19481743340111E-03 4.22429697637104E-03 4.25524209713752E-03 4.28749385069129E-03 4.32086194177394E-03 4.35516130130854E-03 4.39019647130039E-03 4.42578371585126E-03 4.46172965818647E-03 4.49785010460762E-03 4.53397900361731E-03 4.56998141181396E-03 4.6057535395117E-03
0 0 0 0 0 0 0 0 0 0 0 0 0 0 0 0 0 0 0 0 0 0 0 0 0 0 0 0 0 0 0 0 3.90294023903132E-03 3.9236857172249E-03 3.92689507175704E-03 3.93212389258673E-03 3.93899813474031E-03 3.94708737085936E-03 3.95630344755357E-03 3.96664957739261E-03 3.97819906556093E-03 3.99102043742658E-03 4.0052074226855E-03 4.02089464493466E-03 4.03815200206925E-03 4.05708262423553E-03 4.07772486819038E-03 4.10018259753261E-03 4.12446698960478E-03 4.15058135490098E-03 4.1784668692731E-03 4.20802334648232E-03 4.23911974777181E-03 4.27158472784406E-03 4.30524033467408E-03 4.33987817110221E-03 4.37530568009677E-03 4.41132363502612E-03 4.44774741043074E-03 4.48438402480072E-03 4.5210631084331E-03 4.55765618336107E-03 4.59403103009696E-03 4.63009116518265E-03
0 0 0 0 0 0 0 0 0 0 0 0 0 0 0 0 0 0 0 0 0 0 0 0 0 0 0 0 0 0 0 3.89574922883405E-03 3.90294023903132E-03 3.91050690672151E-03 3.91646072996308E-03 3.92322493236287E-03 3.9312224409955E-03 3.94033212820997E-03 3.95057965263992E-03 3.96201119259798E-03 3.97472273323175E-03 3.98880018590654E-03 4.00434531748595E-03 4.02149181706516E-03 4.04030766921808E-03 4.06088623553253E-03 4.0832539768884E-03 4.10749235443076E-03 4.13358944151619E-03 4.16150996771584E-03 4.19116441422825E-03 4.22242041288507E-03 4.25512193245465E-03 4.28907064375232E-03 4.32407104170134E-03 4.35990240176978E-03 4.39636776215141E-03 4.43327097249003E-03 4.47043483487829E-03 4.50767715646196E-03 4.54484192515392E-03 4.58182157574373E-03 4.61849544189636E-03 4.65477085870648E-03
0 0 0 0 0 0 0 0 0 0 0 0 0 0 0 0 0 0 0 0 0 0 0 0 0 0 0 0 0 0 0 3.89574922883405E-03 3.89627627206309E-03 3.90074821718335E-03 3.90694994893425E-03 3.91456092792921E-03 3.92350543272011E-03 3.93361403395394E-03 3.9449269589781E-03 3.95751402275182E-03 3.97148063144843E-03 3.98692160032633E-03 4.00393916722038E-03 4.02266936114171E-03 4.04317080423386E-03 4.06552003204988E-03 4.08972353399716E-03 4.11583838397351E-03 4.14382131985139E-03 4.17360029759086E-03 4.20505022576213E-03 4.23800568091408E-03 4.27228455780374E-03 4.3076661782056E-03 4.34394284767858E-03 4.38088332397975E-03 4.41829263299758E-03 4.45598454756128E-03 4.49379591620331E-03 4.53155863110652E-03 4.56913420225464E-03 4.60642809550159E-03 4.64332817357736E-03 4.67974409397276E-03
0 0 0 0 0 0 0 0 0 0 0 0 0 0 0 0 0 0 0 0 0 0 0 0 0 0 0 0 0 0 0 3.8867008292899E-03 3.88702011864243E-03 3.89115206795737E-03 3.89773977918097E-03 3.9060960923118E-03 3.91594354499154E-03 3.92705988090095E-03 3.93948589508883E-03 3.95330409947136E-03 3.96861881260191E-03 3.98552878638447E-03 4.00412875321175E-03 4.02456022073769E-03 4.04686424431143E-03 4.07109186753358E-03 4.09722490737382E-03 4.12529064426252E-03 4.15521406562535E-03 4.18688019701353E-03 4.2201305193985E-03 4.25476383548616E-03 4.29057621140545E-03 4.32732569257995E-03 4.36480057233107E-03 4.40275918664613E-03 4.44101743623538E-03 4.47940483576982E-03 4.5177768103344E-03 4.55598132511704E-03 4.59389385822915E-03 4.6314295017922E-03 4.66848247148709E-03 4.70496092083605E-03
0 0 0 0 0 0 0 0 0 0 0 0 0 0 0 0 0 0 0 0 0 0 0 0 0 0 0 0 0 0 3.86023062441316E-03 3.87348640149889E-03 3.87595883768297E-03 3.88108969680799E-03 3.88849218740625E-03 3.89772041964749E-03 3.90854392156692E-03 3.92075233903227E-03 3.9343786372821E-03 3.9495186749529E-03 3.96627887287744E-03 3.98476348883168E-03 4.00505875020042E-03 4.02729792674652E-03 4.05150261111678E-03 4.07769741001739E-03 4.10583640207388E-03 4.13591140332627E-03 4.16780831584445E-03 4.20137070205208E-03 4.23640406587887E-03 4.27267623091473E-03 4.30996173961717E-03 4.34800323155834E-03 4.38658354204182E-03 4.42546476354581E-03 4.46447919185693E-03 4.50347248642532E-03 4.54231798610542E-03 4.58088251243552E-03 4.61905939338459E-03 4.65676564836932E-03 4.69389558658171E-03 4.73035649731466E-03
0 0 0 0 0 0 0 0 0 0 0 0 0 0 0 0 0 0 0 0 0 0 0 0 0 0 0 0 0 0 3.86023062441316E-03 3.86107009583466E-03 3.86462267882448E-03 3.87085284072348E-03 3.87927105349117E-03 3.88951758794898E-03 3.90141151991524E-03 3.91480386789989E-03 3.92973072494324E-03 3.9462957754869E-03 3.96460230426017E-03 3.98476777279028E-03 4.00686918305571E-03 4.03101315419407E-03 4.05720459580876E-03 4.08543834416169E-03 4.11564052800558E-03 4.14775435305336E-03 4.18163305366078E-03 4.21707334898917E-03 4.25384851926063E-03 4.29169752988322E-03 4.33037848916141E-03 4.36962339168406E-03 4.40921318401909E-03 4.4489281956728E-03 4.48861159836922E-03 4.52812619719529E-03 4.56736434384446E-03 4.60621518577207E-03 4.64458510130735E-03 4.68238581976462E-03 4.71951366978291E-03 4.75587382078767E-03
0 0 0 0 0 0 0 0 0 0 0 0 0 0 0 0 0 0 0 0 0 0 0 0 0 0 0 0 0 3.83002918400197E-03 3.84524165963337E-03 3.84785502973672E-03 3.85301913510432E-03 3.86052897972698E-03 3.87011921993008E-03 3.88152486323422E-03 3.89462431546952E-03 3.90932246708795E-03 3.9256668919968E-03 3.94376958881839E-03 3.96373298724216E-03 3.98568305463802E-03 4.00968549002233E-03 4.03582100893668E-03 4.06406999900103E-03 4.09439706471898E-03 4.12669403994058E-03 4.16085917784925E-03 4.19670456551342E-03 4.23398480824784E-03 4.2724407516038E-03 4.31178930665048E-03 4.35177604494225E-03 4.3921296101131E-03 4.43263672198738E-03 4.47309529450651E-03 4.51336247755439E-03 4.55331683527757E-03 4.59286891649904E-03 4.63192909254961E-03 4.67041522380858E-03 4.70823268040859E-03 4.74527537472716E-03 4.78144715858183E-03
0 0 0 0 0 0 0 0 0 0 0 0 0 0 0 0 0 0 0 0 0 0 0 0 0 0 0 0 0 3.83002918400197E-03 3.83095455400575E-03 3.83482958626292E-03 3.84142453779846E-03 3.85027476587142E-03 3.86114851843638E-03 3.87384309359491E-03 3.88828576363487E-03 3.90441980671011E-03 3.92230723457845E-03 3.94206855604071E-03 3.96380195254704E-03 3.98763862502001E-03 4.0136301782917E-03 4.04183156526171E-03 4.07219586792519E-03 4.10465092494135E-03 4.13905237090424E-03 4.17525242269915E-03 4.21302638270066E-03 4.25208515971388E-03 4.29214127459431E-03 4.33289712012275E-03 4.37409281605478E-03 4.41546118334538E-03 4.45679547926131E-03 4.49791268838617E-03 4.53868228382973E-03 4.57899864022461E-03 4.61878710475829E-03 4.65798001860422E-03 4.69650431115757E-03 4.73425589633329E-03 4.77112431245312E-03 4.8070134303526E-03
0 0 0 0 0 0 0 0 0 0 0 0 0 0 0 0 0 0 0 0 0 0 0 0 0 0 0 0 3.79734829514093E-03 3.81371400365566E-03 3.81638277322333E-03 3.82185767462578E-03 3.82991408696611E-03 3.84017648703615E-03 3.85244890826002E-03 3.86656798920778E-03 3.88249910392972E-03 3.90021160573471E-03 3.91977467061168E-03 3.94131820082671E-03 3.96493275232979E-03 3.99075308956985E-03 4.01881195092208E-03 4.04914177825249E-03 4.08166315349498E-03 4.1162626621996E-03 4.15275671101941E-03 4.19095633628062E-03 4.23060077295172E-03 4.2713567778393E-03 4.31291638663248E-03 4.35497822365144E-03 4.39728303940198E-03 4.43957123926032E-03 4.48164470275684E-03 4.5233391303953E-03 4.56453501138162E-03 4.60513832957713E-03 4.64508565212118E-03 4.68433104518016E-03 4.72281046258734E-03 4.76040430842268E-03 4.79699891768558E-03 4.83250310022726E-03
0 0 0 0 0 0 0 0 0 0 0 0 0 0 0 0 0 0 0 0 0 0 0 0 0 0 0 0 3.79734829514093E-03 3.79823162021609E-03 3.80206920721659E-03 3.80904464644239E-03 3.81861944549278E-03 3.83038301369882E-03 3.84416893559788E-03 3.85984038140874E-03 3.87739575959092E-03 3.89682214834553E-03 3.91818974427188E-03 3.9416405791468E-03 3.9672428824511E-03 3.99514197923486E-03 4.0253394026623E-03 4.05784772724027E-03 4.09255262004057E-03 4.12929172975258E-03 4.16784609669703E-03 4.2079810447406E-03 0.004249415382457 4.29176444068961E-03 4.33471747712964E-03 4.37797932129345E-03 4.42129342202127E-03 4.46441247176727E-03 4.50714063150659E-03 4.54933852104986E-03 4.59088818820126E-03 4.63170701547342E-03 4.67173393268831E-03 4.71094638071839E-03 4.74929096094205E-03 4.78662192271394E-03 4.82283247547467E-03 4.85784254847968E-03
0 0 0 0 0 0 0 0 0 0 0 0 0 0 0 0 0 0 0 0 0 0 0 0 0 0 0 0 3.78157564469225E-03 3.78211152568777E-03 3.78760943479871E-03 3.79636802903373E-03 3.80763519026361E-03 3.82103192468766E-03 3.83645267926153E-03 3.85380290597452E-03 3.8731100343185E-03 3.89437972660855E-03 3.91767923004444E-03 3.9431513362694E-03 3.97084764498018E-03 4.00090894339856E-03 4.0333098822553E-03 4.06803084971825E-03 4.1049202620841E-03 4.1437736746531E-03 4.18433838500484E-03 4.22633329164341E-03 4.26944310115787E-03 4.31326861409474E-03 0.004357505027509 4.40186444191259E-03 4.44609208434579E-03 4.4899536856139E-03 4.53325930298245E-03 4.57588709164057E-03 4.61771800548825E-03 4.65867644683726E-03 4.69870401637959E-03 4.7377943708865E-03 4.77589047467104E-03 4.81283676762004E-03 4.84854329331973E-03 4.88294596458633E-03
0 0 0 0 0 0 0 0 0 0 0 0 0 0 0 0 0 0 0 0 0 0 0 0 0 0 0 3.72426653787921E-03 3.75910459664319E-03 3.76465156616138E-03 3.77319761384252E-03 3.7841339672024E-03 3.79724514637629E-03 3.81237303715121E-03 3.8295186856943E-03 3.84864504784807E-03 3.86980621039191E-03 3.89302902410801E-03 3.91837488124336E-03 3.94597551724665E-03 3.97586214071029E-03 4.00815628943197E-03 4.04280995201645E-03 4.07975106392359E-03 4.11880335878916E-03 4.15971822992258E-03 4.20221903835974E-03 4.24596889024678E-03 4.29063169853725E-03 4.3358295501578E-03 4.38124679540457E-03 4.42661088484584E-03 4.4716616043822E-03 4.51618883059683E-03 4.55999296280855E-03 4.6029751212806E-03 4.64500528801801E-03 4.68601833056585E-03 4.72594709208633E-03 4.76479684603862E-03 4.80251894191848E-03 4.83895592273104E-03 4.8740365412761E-03 4.90772011604865E-03
0 0 0 0 0 0 0 0 0 0 0 0 0 0 0 0 0 0 0 0 0 0 0 0 0 0 3.70214319861643E-03 3.72426653787921E-03 3.7377664088224E-03 3.74834383077299E-03 3.75974607264369E-03 3.77278752563038E-03 3.78773721418127E-03 3.8046336566947E-03 3.82356694782694E-03 3.84454800076534E-03 3.86765153030095E-03 3.89291953030903E-03 3.92040562099143E-03 3.95022308456641E-03 3.9823776662056E-03 4.01696064953269E-03 4.05388731178601E-03 4.0930417653903E-03 4.13421428228618E-03 4.1771233204071E-03 4.22146387375873E-03 4.26686227034558E-03 4.3129732261386E-03 4.35943574772624E-03 4.40593815083924E-03 4.45221315913999E-03 4.49800240943742E-03 4.54310687964808E-03 4.58733061130511E-03 4.63057861969247E-03 4.67271520803034E-03 4.71367829364909E-03 4.75340053648563E-03 4.79189081009092E-03 4.82909645883962E-03 4.86488160253476E-03 4.89920857345864E-03 4.93206404213028E-03
0 0 0 0 0 0 0 0 0 0 0 0 0 0 0 0 0 0 0 0 0 0 0 0 0 3.69261672678767E-03 3.70214319861643E-03 3.71191423069901E-03 3.72309848416085E-03 3.73486753459699E-03 0.00374796549687 3.76272795888194E-03 3.77939410432491E-03 3.79804644413251E-03 3.81880113220912E-03 3.84169398034986E-03 3.86680815158631E-03 3.8941950673784E-03 3.92389794740639E-03 3.95600053868771E-03 3.9904789766817E-03 4.02737642947569E-03 4.06657292103016E-03 4.10790794512282E-03 4.1511411898063E-03 4.19596272606823E-03 4.2420459341368E-03 4.28899608096474E-03 4.33646056340017E-03 4.38409673891001E-03 4.43159697486314E-03 4.47869815854236E-03 4.52514138372187E-03 4.57073428046356E-03 4.61528391690519E-03 4.65868711006322E-03 4.7008125677999E-03 4.74159451713869E-03 4.78097142409145E-03 4.81894533202722E-03 4.85548431366983E-03 4.89048596696486E-03 4.92394254118889E-03 4.95587516383581E-03
0 0 0 0 0 0 0 0 0 0 0 0 0 0 0 0 0 0 0 0 0 0 0 0 0 3.69261672678767E-03 3.69350303630062E-03 3.70043711302456E-03 3.71080444714572E-03 3.7232779329819E-03 3.73768304391868E-03 3.75398902628081E-03 3.77232014892745E-03 3.79274310982903E-03 3.81536620702901E-03 3.84022934279236E-03 3.86741255089687E-03 3.89697699050478E-03 3.92895180184274E-03 3.96338445526015E-03 4.00021581791286E-03 4.03943549733502E-03 4.08088074171185E-03 4.12434991030894E-03 4.16957274674168E-03 4.21622049113142E-03 4.26395046683793E-03 4.31235564668852E-03 4.36108022047897E-03 4.40980048115377E-03 4.4582131042119E-03 4.50605054316574E-03 4.55305123451909E-03 4.5990255042364E-03 4.64378516249842E-03 4.68721515245213E-03 4.72918891027826E-03 4.76964134682332E-03 4.80852280177556E-03 4.84583490391613E-03 4.88156225699469E-03 4.91564858523217E-03 4.94812836110338E-03 4.97905621484674E-03
0 0 0 0 0 0 0 0 0 0 0 0 0 0 0 0 0 0 0 0 0 0 0 0 3.66047678978202E-03 3.67704227018121E-03 3.68063490095447E-03 3.68835851552409E-03 3.6993700480319E-03 3.71289177032539E-03 3.72865856430125E-03 3.74652802796871E-03 3.76656104277205E-03 3.78881438845407E-03 3.81337141500906E-03 3.84027296037571E-03 3.86958091903374E-03 3.90137526610627E-03 3.9356656535902E-03 3.9724510360911E-03 4.0116437374703E-03 4.05316232260966E-03 4.0968149321697E-03 4.14235098447537E-03 4.18948153576976E-03 4.23786427335594E-03 4.2871469920814E-03 4.33691988694433E-03 4.38681500526016E-03 4.43653966033198E-03 4.48577826853914E-03 4.53425518147693E-03 4.58170236836081E-03 4.62793139203558E-03 4.67276293422456E-03 4.7160602591585E-03 4.75771935016145E-03 4.79767045383852E-03 4.83589343034178E-03 4.87238391658984E-03 4.90716542483124E-03 4.9402310062515E-03 4.97165249484146E-03 5.00151782820451E-03
