NongDo/Fusa 17h.grd
DSAA
463	323
2	464
2	324
0	10
[rows 56 to 83 of 323, columns 256 to 319 of 463]
0 0 0 0 0 0 0 0 0 0 0 0 0 0 0 0 0 0 0 0 0 0 0 0 0 0 0 0 0 0 0 0 0 0 0 0 0 0 0 0 0 0 0 0 0 0 0 0 0 0 0 0 0 0 0 0 0 0 0 0 0 0 0 0
0 0 0 0 0 0 0 0 0 0 0 0 0 0 0 0 0 0 0 0 0 0 0 0 0 0 0 0 0 0 0 0 0 0 0 0 0 0 0 0 0 0 0 0 0 0 0 0 0 0 0 0 0 0 0 0 0 0 0 0 0 0 0 0
0 0 0 0 0 0 0 0 0 0 0 0 0 0 0 0 0 0 0 0 0 0 0 0 0 0 0 0 0 0 0 0 0 0 0 0 0 0 0 0 0 0 0 0 0 0 0 0 0 0 0 0 0 0 0 0 0 0 0 0 0 0 0 0
0 0 0 0 0 0 0 0 0 0 0 0 0 0 0 0 0 0 0 0 0 0 0 0 0 0 0 0 0 0 0 0 0 0 0 0 0 0 0 0 0 0 0 0 0 0 0 0 0 0 0 0 0 0 0 0 0 0 0 0 0 0 0 0
0 0 0 0 0 0 0 0 0 0 0 0 0 0 0 0 0 0 0 0 0 0 0 0 0 0 0 0 0 0 0 0 0 0 0 0 0 0 0 0 0 0 0 0 0 0 0 0 0 0 0 0 0 0 0 0 0 0 0 0 0 0 0 0
0 0 0 0 0 0 0 0 0 0 0 0 0 0 0 0 0 0 0 0 0 0 0 0 0 0 0 0 0 0 0 0 0 0 0 0 0 0 0 0 0 0 0 0 0 0 0 0 0 0 0 0 0 0 0 0 0 0 0 0 0 0 0 0
0 0 0 0 0 0 0 0 0 0 0 0 0 0 0 0 0 0 0 0 0 0 0 0 0 0 0 0 0 0 0 0 0 0 0 0 0 0 0 0 0 0 0 0 0 0 0 0 0 0 0 0 0 0 0 0 0 0 0 0 0 0 0 0
0 0 0 0 0 0 0 0 0 0 0 0 0 0 0 0 0 0 0 0 0 0 0 0 0 0 0 0 0 0 0 0 0 0 0 0 0 0 0 0 0 0 0 0 0 0 0 0 0 0 0 0 0 0 0 0 0 0 0 0 0 0 7.09042878986763E-03 7.09843055339678E-03
0 0 0 0 0 0 0 0 0 0 0 0 0 0 0 0 0 0 0 0 0 0 0 0 0 0 0 0 0 0 0 0 0 0 0 0 0 0 0 0 0 0 0 0 0 0 0 0 0 0 0 0 0 0 0 0 0 0 7.05842798169282E-03 7.06638672508467E-03 7.07425539189013E-03 7.08214387561719E-03 7.09042878986763E-03 7.09843055339678E-03
0 0 0 0 0 0 0 0 0 0 0 0 0 0 0 0 0 0 0 0 0 0 0 0 0 0 0 0 0 0 0 0 0 0 0 0 0 0 0 0 0 0 0 0 0 0 0 0 0 0 0 0 0 0 7.02531816596617E-03 7.03380530942676E-03 7.04203648252658E-03 7.05016319071053E-03 7.05842798169282E-03 7.06638672508467E-03 7.07425539189013E-03 7.08214387561719E-03 7.09007441326467E-03 7.09797871840468E-03
0 0 0 0 0 0 0 0 0 0 0 0 0 0 0 0 0 0 0 0 0 0 0 0 0 0 0 0 0 0 0 0 0 0 0 0 0 0 0 0 0 0 0 0 0 0 0 0 0 0 0 6.99743094673413E-03 0.007006971492024 7.01623063227632E-03 7.02531816596617E-03 7.03380530942676E-03 7.04203648252658E-03 7.05016319071053E-03 7.0582107083105E-03 7.06619112531412E-03 7.07404631597896E-03 7.08186561933132E-03 7.08964917166302E-03 7.09743745148271E-03
0 0 0 0 0 0 0 0 0 0 0 0 0 0 0 0 0 0 0 0 0 0 0 0 0 0 0 0 0 0 0 0 0 0 0 0 0 0 0 0 0 0 0 0 0 6.93455705119193E-03 6.94605277066979E-03 6.95694121261017E-03 6.96737028043536E-03 6.97754089794318E-03 6.98749828447731E-03 6.99743094673413E-03 0.007006971492024 7.01623063227632E-03 7.02514176016273E-03 7.03369847551092E-03 7.04198380133358E-03 7.0501279432119E-03 7.05814909866642E-03 7.06611691657295E-03 7.07397358344751E-03 7.08177389246432E-03 7.08951904465295E-03 7.09725196639812E-03
0 0 0 0 0 0 0 0 0 0 0 0 0 0 0 0 0 0 0 0 0 0 0 0 0 0 0 0 0 0 0 0 0 0 0 0 0 0 0 0 0 0 0 6.90889045420342E-03 6.92176106645939E-03 6.93455705119193E-03 6.94605277066979E-03 6.95694121261017E-03 6.96737028043536E-03 6.97754089794318E-03 6.98749828447731E-03 6.9973395496419E-03 7.00691045980834E-03 7.0161998781517E-03 7.02515200677604E-03 7.03381049201859E-03 7.04221162259453E-03 7.05045086920726E-03 0.007058551464457 7.06656969441102E-03 7.07448849302315E-03 7.08234434958884E-03 7.09014128204113E-03 7.09790775425038E-03
6.40291459131945E-03 6.41661769433262E-03 6.43006128323159E-03 6.44326845602928E-03 6.45626449415749E-03 6.46915621860837E-03 6.48186769609796E-03 6.49440197530581E-03 6.50678049340355E-03 6.51913088958825E-03 6.53148717994412E-03 6.54392004860927E-03 6.55628129446862E-03 6.5684929042313E-03 6.58049414395803E-03 6.59237864967033E-03 6.60413914709291E-03 6.61586243412378E-03 6.62744795611212E-03 6.63890403733611E-03 6.65022932005182E-03 6.66155343309256E-03 6.67289313283612E-03 6.68433767389784E-03 6.69575624889035E-03 6.70709665845897E-03 6.71828011119413E-03 6.72938192579745E-03 6.74034669083372E-03 6.75123751632445E-03 6.76193590365206E-03 6.77246718595655E-03 6.78284483370182E-03 6.79327367884283E-03 6.80394521105181E-03 0 0 0 0 6.85909840437262E-03 6.87048374384036E-03 6.88292139347864E-03 6.89580760697383E-03 6.90889045420342E-03 6.92176106645939E-03 6.93419377115358E-03 6.94584887803378E-03 6.95687585914601E-03 6.96743554161602E-03 6.97771188493198E-03 6.98775029112661E-03 6.99763089173013E-03 7.0072720874324E-03 7.01666278326355E-03 7.02575401049022E-03 7.03458044439263E-03 7.04316525730284E-03 7.05158063825484E-03 7.05984744670627E-03 7.06801276367182E-03 7.07607660525703E-03 7.08407061540029E-03 7.09200354721979E-03 7.09990208224218E-03
6.40291459131945E-03 6.41661769433262E-03 6.43006128323159E-03 6.44326845602928E-03 6.45626449415749E-03 6.46915621860837E-03 6.48186769609796E-03 6.49440197530581E-03 6.50678049340355E-03 6.51913088958825E-03 6.53148717994412E-03 6.54392004860927E-03 6.55628129446862E-03 6.5684929042313E-03 6.58049414395803E-03 6.59237864967033E-03 6.60413914709291E-03 6.61586243412378E-03 6.62744795611212E-03 6.63890403733611E-03 6.65022932005182E-03 6.66155343309256E-03 6.67289313283612E-03 6.68433767389784E-03 6.69575624889035E-03 6.70709665845897E-03 6.71828011119413E-03 6.72938192579745E-03 6.74034669083372E-03 6.75123751632445E-03 6.76193590365206E-03 6.77246718595655E-03 6.78284483370182E-03 6.79327367884283E-03 6.80394521105181E-03 6.81633319186694E-03 6.82716212694047E-03 6.83797493419283E-03 6.84884636933101E-03 6.85909840437262E-03 6.87048374384036E-03 6.88292139347864E-03 6.89580760697383E-03 6.90882489758834E-03 6.92163685230118E-03 6.93406200823405E-03 6.94589563060141E-03 6.95715980004299E-03 6.96796645349005E-03 6.97846418973408E-03 6.98869669958375E-03 6.99874576637334E-03 7.00856067298856E-03 7.01814344595073E-03 7.02745535671358E-03 7.03652036739771E-03 7.0453580271057E-03 7.05402589528407E-03 7.0625410072893E-03 7.0709426288808E-03 7.07923720277036E-03 7.08745370890342E-03 7.09560827094629E-03 7.10372891465106E-03
6.40322568674358E-03 6.41721005606895E-03 6.43080479877632E-03 6.44411893279499E-03 6.45720712121989E-03 6.47017551847287E-03 6.48295928939736E-03 6.49555063983789E-03 0.006507982677272 6.52037050098862E-03 6.53275819559913E-03 6.54523549452424E-03 6.55764250673142E-03 6.56987194903814E-03 6.58189614249743E-03 6.59380074388319E-03 6.60559047751434E-03 6.61733802871492E-03 6.62895985206387E-03 6.64044937744858E-03 6.65181639242402E-03 6.66317106651376E-03 6.67454232691828E-03 6.68602999070985E-03 6.69749989970729E-03 6.70887377525369E-03 6.72009634866635E-03 6.73122921091063E-03 6.74222769018851E-03 6.75313403189832E-03 6.76384222567127E-03 6.77434857634885E-03 6.78466243847925E-03 6.79494405158202E-03 6.80535688911102E-03 6.81633319186694E-03 6.82716212694047E-03 6.83797493419283E-03 6.84884636933101E-03 6.85991123457838E-03 6.8715660295328E-03 6.88396994992428E-03 6.89674513691612E-03 6.90962600109554E-03 6.92237666218629E-03 6.93487234491125E-03 6.94692395433582E-03 6.9584930358516E-03 6.96963125164502E-03 6.98044439586089E-03 6.99097212783948E-03 7.00129345747724E-03 7.01137711823982E-03 7.02123317936373E-03 7.03083589017061E-03 7.04020415117786E-03 7.04935735115871E-03 7.05834359289502E-03 7.06717689393306E-03 7.07588763142663E-03 7.08448601658493E-03 7.09300048284423E-03 7.10145232370531E-03 7.10987028547422E-03
6.40444243801876E-03 6.41861397311712E-03 6.43239640599244E-03 6.44588390968319E-03 6.45913536776992E-03 6.47224220557618E-03 6.48515978211267E-03 6.49787683546268E-03 6.51043595442683E-03 6.52292829707541E-03 6.53539785832752E-03 6.54793894528714E-03 6.56039838094327E-03 6.57266483987532E-03 6.58474594305087E-03 6.59670740950997E-03 6.60856301530028E-03 6.62036566753928E-03 6.63206018198337E-03 6.6436306160676E-03 6.65509812693562E-03 6.66654264696193E-03 6.67799791177566E-03 6.68955927843161E-03 6.70110107031719E-03 6.71253661197409E-03 6.72383782558491E-03 6.73504160386628E-03 6.74611317160006E-03 6.75706938390098E-03 6.76782964407076E-03 6.77836909887839E-03 6.78870239037931E-03 6.7989412479987E-03 6.80921126186119E-03 6.81976621298351E-03 6.83041951515319E-03 6.8411568029968E-03 6.85202630963696E-03 6.86321253069206E-03 6.87484759344365E-03 6.88706350945614E-03 6.89963014284218E-03 6.91235173564621E-03 6.92504696460475E-03 6.93761896662382E-03 6.94988308737485E-03 6.96176495109162E-03 6.97326048812405E-03 6.98443421938992E-03 6.99531366467065E-03 7.00596963605163E-03 7.01638078997846E-03 7.02656257669511E-03 7.0365020111898E-03 7.0462165091609E-03 7.05572747426366E-03 7.06507577413858E-03 7.07427342537395E-03 7.08334239120665E-03 7.09229752237406E-03 7.10116452639931E-03 7.10996873804263E-03 7.11873761476624E-03
6.40650880566866E-03 6.42090176343619E-03 6.43492959505873E-03 6.44866104666094E-03 6.46214711541733E-03 6.47545548503867E-03 6.48856596709941E-03 6.50148336336539E-03 6.51424378262901E-03 6.52691575143952E-03 6.53953600034128E-03 6.55215944745077E-03 6.56467950793971E-03 6.5770273265763E-03 6.58921301557561E-03 6.60128199862396E-03 6.61324991975751E-03 6.62515239785053E-03 6.63695893983193E-03 6.64866579620784E-03 6.66029192354016E-03 6.67189298514916E-03 6.68349852920768E-03 6.69516441521042E-03 6.7067982816339E-03 6.71834159774745E-03 6.72977078741866E-03 6.74109816498309E-03 6.75229228467162E-03 6.7633512079364E-03 6.77421495391788E-03 6.78486537074148E-03 6.79531401455373E-03 6.8056392958812E-03 6.81593709719891E-03 6.82637750757206E-03 6.83692643221113E-03 6.84760446679683E-03 6.85845606834547E-03 6.86961677055616E-03 6.88115882803208E-03 6.89317560567759E-03 6.90553219915612E-03 6.91810458542362E-03 6.93074780093082E-03 6.94336829940935E-03 6.95579966499698E-03 6.96794515060528E-03 6.97976584967131E-03 6.99128680900905E-03 7.00252177118557E-03 7.0135190949672E-03 7.02426762651015E-03 7.03478469925794E-03 7.04506797106473E-03 7.0551388089003E-03 7.06501963039701E-03 7.0747430760883E-03 7.08431965301619E-03 7.09376743229365E-03 7.10310198082602E-03 7.11234869337089E-03 7.12153346316929E-03 7.13068224783774E-03
6.40950384112732E-03 6.42419281076168E-03 6.43853693834496E-03 6.45258335546601E-03 6.4663743895219E-03 6.47995881224882E-03 6.49333946818177E-03 6.50653248623072E-03 6.51956115209457E-03 6.53247482520293E-03 6.54529969573746E-03 6.55805853558052E-03 6.57070350714561E-03 6.58320028727426E-03 6.59554858339416E-03 6.60778002001047E-03 6.6199127075422E-03 6.63197236214998E-03 6.64395181670193E-03 6.65585577823691E-03 6.66769479588647E-03 6.67950572212788E-03 6.69130959156139E-03 6.70313117302029E-03 6.71492258065422E-03 0.006726642784093 6.73825927934197E-03 6.74976673493403E-03 6.76113835911762E-03 6.77236124207263E-03 6.78339673888368E-03 6.79423138575257E-03 6.80486904680426E-03 6.81536546241451E-03 6.82579397871013E-03 6.83627508753714E-03 6.84684319769365E-03 6.85754857975139E-03 6.86843508887431E-03 6.87960226712575E-03 6.89110600260543E-03 6.90301673650328E-03 6.91525951203573E-03 6.92774844324164E-03 6.94036032214106E-03 6.95300907637632E-03 6.9655560511952E-03 6.97789142653152E-03 6.98995967226039E-03 7.00175620843046E-03 7.01328433126334E-03 7.02457118058011E-03 7.03561922227549E-03 7.04643957401027E-03 7.05704093770136E-03 7.06744306092851E-03 7.0776693671171E-03 7.08774588996608E-03 7.09768696325507E-03 7.10750425080836E-03 7.11721448634752E-03 7.12684069017812E-03 7.13640861984777E-03 7.14594141684202E-03
6.41359727836688E-03 6.42866711947352E-03 6.44340559955441E-03 6.45784597634649E-03 6.47202147931644E-03 6.48597307459426E-03 6.4997113777045E-03 6.51325470062793E-03 6.52662052168736E-03 6.53984443360439E-03 6.55294304115006E-03 6.56593052894898E-03 6.57878857524924E-03 6.59150458178249E-03 6.60407945120547E-03 6.61653838461103E-03 6.62890010844806E-03 6.64119033799313E-03 6.65341341451948E-03 6.66557733898167E-03 6.67768842609057E-03 6.68977073379454E-03 6.70183655706723E-03 6.71389865414625E-03 6.72592932152853E-03 6.7378968436998E-03 6.74976406024862E-03 6.76151534820199E-03 6.77312449426754E-03 6.78457757783625E-03 6.79584727334026E-03 6.80692316551054E-03 6.81780537048146E-03 6.82853604674008E-03 6.83917417348247E-03 6.84981621503836E-03 6.86052212678728E-03 6.87135794191393E-03 6.88237035624087E-03 6.89364048003968E-03 6.90521505963953E-03 6.91715213674391E-03 6.92939852956276E-03 6.94188499929168E-03 6.95450361570373E-03 6.96717961289584E-03 6.97979272773847E-03 6.99223995502669E-03 7.0044597472139E-03 7.01643293352672E-03 7.02815626514013E-03 7.03964783571613E-03 7.05091403437718E-03 7.0619666011153E-03 7.07281796963099E-03 7.08348829643971E-03 7.09400090797521E-03 7.1043790742781E-03 7.11463722000729E-03 7.12478424657848E-03 7.13483601342334E-03 7.14481337142735E-03 7.15474023436317E-03 7.16463600268761E-03
6.41894621664692E-03 6.43449570631909E-03 6.44971940012607E-03 6.46464303770935E-03 6.47929287468093E-03 6.49370474092631E-03 6.50788939999617E-03 6.52186408168978E-03 6.5356448672959E-03 6.54925858808131E-03 6.56271628771586E-03 6.57602994880787E-03 6.5891951922101E-03 6.60221254467109E-03 6.61509049473252E-03 6.62785343234077E-03 6.6405216639613E-03 6.65312305820348E-03 6.66566681399511E-03 6.67816214611746E-03 6.69061473114015E-03 6.70304051548579E-03 6.71544540914916E-03 6.72783648913374E-03 6.74019253430653E-03 6.75248244246365E-03 6.76466754839089E-03 6.77672656015306E-03 6.78863373923759E-03 6.80037611144943E-03 6.81193227856955E-03 6.82329385054714E-03 6.83446198004582E-03 6.84547310548727E-03 6.8563797494104E-03 6.86726786601674E-03 6.87820519593083E-03 6.88926283117358E-03 6.90049010971193E-03 6.91195933103721E-03 6.92370800659164E-03 6.93578343443633E-03 6.94813133764981E-03 6.96068664016864E-03 6.97335302837426E-03 6.98606585856682E-03 6.99871893588936E-03 7.01121601099825E-03 7.02349866708328E-03 7.0355478209135E-03 7.04736427777523E-03 7.05896309458122E-03 7.07035474443921E-03 7.08155069256889E-03 7.09256617550728E-03 7.10342319199359E-03 7.11414787441604E-03 7.12475966914607E-03 7.13527278021124E-03 7.14569207252959E-03 7.15603275463526E-03 7.16631434201761E-03 7.17655837321797E-03 7.18677833827042E-03
6.42574123204577E-03 6.44187721460398E-03 6.4576873549792E-03 6.47319229657103E-03 6.48841393224939E-03 6.50338053244522E-03 6.51810290948768E-03 6.53259814562669E-03 6.54688149930858E-03 6.56097331649455E-03 6.57488202732534E-03 6.58861833350913E-03 6.60218584692631E-03 6.61559540975053E-03 6.62886359653175E-03 6.6420163154737E-03 6.65507676758082E-03 6.66807443135173E-03 6.68102121722003E-03 6.69392792637381E-03 6.70680051641554E-03 6.71964960947522E-03 6.73247555548352E-03 6.74528270944027E-03 6.75804720860906E-03 6.77073275056462E-03 6.78329885063388E-03 6.79572229456463E-03 6.80797768697167E-03 6.8200542562512E-03 6.83193420196655E-03 6.8436116338552E-03 6.85509265983124E-03 6.8664150987729E-03 6.87763063614361E-03 6.88882166392534E-03 6.90005624483849E-03 6.91140235125814E-03 6.92290942384583E-03 6.93464421854581E-03 6.94663699672873E-03 6.95891329607664E-03 6.97140990606123E-03 6.98406546933892E-03 6.99679427695041E-03 7.00953638055203E-03 7.02219391429617E-03 7.03468412507473E-03 7.04695702678826E-03 7.05900180102116E-03 7.07082601154411E-03 7.08244597231964E-03 7.09387681147484E-03 7.10513128584524E-03 7.11622870578846E-03 7.12719583279529E-03 7.13806011335519E-03 0.007148836742429 7.15953845505347E-03 7.17016826961173E-03 7.18074161110374E-03 7.19127545353987E-03 7.20178743885062E-03 7.21228358875928E-03
6.43419556883132E-03 6.45102860018516E-03 6.46753123024256E-03 6.48371911347378E-03 6.49961073760383E-03 6.51522736780034E-03 6.53058214147796E-03 6.54569097912825E-03 6.56056792007712E-03 6.5752285471449E-03 6.58968134448263E-03 6.60393565473457E-03 6.61800193224195E-03 6.63189864557826E-03 6.64564898084451E-03 6.65928135206366E-03 6.67282248566969E-03 6.68630322576718E-03 6.69973788683316E-03 6.7131383934099E-03 6.72651116645269E-03 6.73986359878825E-03 6.75319081147822E-03 6.76649319363972E-03 6.77973635124667E-03 6.79287631088789E-03 6.80587137608158E-03 6.81869899719603E-03 6.83133398785927E-03 6.84376848606329E-03 6.85598723290076E-03 6.86798985261183E-03 6.87979223967359E-03 6.89143843557204E-03 6.90298096734065E-03 6.91450236723456E-03 6.92606434279456E-03 6.93772817666829E-03 6.9495402033751E-03 6.96156015129624E-03 6.97380430314348E-03 6.98627960934151E-03 6.99892234158751E-03 7.01166764600666E-03 7.02444015516684E-03 7.03718347817623E-03 7.04981575463672E-03 7.0622585983778E-03 7.07447567088828E-03 7.08646437101272E-03 7.09823946464276E-03 7.10981913153789E-03 7.12122767757761E-03 7.13247886947919E-03 7.14360209192398E-03 7.15462579356494E-03 7.16557605476563E-03 7.17646207105516E-03 7.18729879778282E-03 7.19808602488764E-03 7.20883938750884E-03 7.21957440576929E-03 7.23030352635296E-03 7.24102540202473E-03
6.44458850236609E-03 6.46223123720494E-03 6.47953561930161E-03 6.49651231499944E-03 6.51317592549852E-03 6.52954268352015E-03 6.54562644574197E-03 6.56144257128411E-03 6.57700457981651E-03 6.59232512789785E-03 6.60741321199798E-03 6.62227796488676E-03 6.6369357224899E-03 6.65141243680988E-03 6.66573662448588E-03 6.67993902787295E-03 6.69404904191379E-03 6.70809693005478E-03 6.72209851114121E-03 6.73606842803365E-03 6.75001373584558E-03 6.76393879153443E-03 6.77783382718673E-03 6.79168984503821E-03 6.80545795633114E-03 6.81908777138773E-03 6.83253648790642E-03 6.84578211851828E-03 6.85880265873401E-03 6.87159215162816E-03 6.88413958033903E-03 6.89645655679227E-03 6.90857080721646E-03 6.92053368605976E-03 6.93240138357304E-03 6.94425337483595E-03 6.95614151596166E-03 6.96812078976917E-03 6.98023111078783E-03 6.99251935380633E-03 7.0049877431177E-03 7.01762544057789E-03 7.03036791711433E-03 7.04315624043748E-03 7.05592633657652E-03 7.06862508865767E-03 7.0811812307778E-03 7.09353067809449E-03 7.10565140851389E-03 7.11754578513867E-03 7.1292339147357E-03 7.14073825656313E-03 7.15208861092464E-03 7.1633046229503E-03 7.1744246674456E-03 7.1854728765955E-03 7.19647137035325E-03 7.20742714271353E-03 7.21835640068939E-03 7.2292579783814E-03 7.24014924258046E-03 7.25103929186614E-03 7.26193577902381E-03 7.27283364550455E-03
6.45724832179841E-03 6.47581749508212E-03 6.49403593327658E-03 6.51190883481293E-03 6.52944732610488E-03 6.54666330581083E-03 6.56357128755416E-03 6.5801860991911E-03 6.59652196152838E-03 6.61258947710815E-03 6.62840001493982E-03 6.64396277278037E-03 6.65930108501204E-03 6.67444747313656E-03 6.68943361962317E-03 6.70429057279438E-03 6.71904818052985E-03 6.73373635661182E-03 6.7483735461772E-03 6.76297540418219E-03 6.7775476408288E-03 6.79209155491603E-03 6.80658990104797E-03 6.82102620695559E-03 6.83533768238224E-03 6.84946267440399E-03 6.86335450717062E-03 6.87699699685032E-03 6.89037498621912E-03 6.90348787791805E-03 6.91633635718428E-03 6.92894145343259E-03 6.94133881323122E-03 6.95358868578863E-03 6.9657495723067E-03 6.97790191063732E-03 6.99008958151846E-03 7.00235332730462E-03 7.01471850351083E-03 7.02722102839913E-03 7.03985505196925E-03 7.05259129443743E-03 7.06537399553356E-03 7.07814778407779E-03 7.09086241969582E-03 7.10346787747435E-03 7.11591117880357E-03 7.12813381115094E-03 7.14012510760855E-03 7.15189786603269E-03 7.16348350093813E-03 7.17490443406425E-03 7.1861931677763E-03 7.19737090229522E-03 7.20847443413647E-03 7.21952769006779E-03 7.23055434650001E-03 7.24155751415387E-03 7.25255122608094E-03 7.26353299258567E-03 7.27451725942912E-03 7.28551299967459E-03 7.29652874984315E-03 7.30755645092813E-03
6.47258057402053E-03 6.49219364673694E-03 6.51143795187238E-03 6.53031346285535E-03 0.006548828186341 6.56699064948617E-03 6.58481567832631E-03 6.60231849156529E-03 6.61951346962058E-03 6.6364109166711E-03 6.65302516930161E-03 6.66936816195073E-03 6.68547071533547E-03 6.70137026819936E-03 6.71709850367572E-03 6.73268475549917E-03 6.7481581365491E-03 6.76354748774779E-03 6.77887181562213E-03 6.79414653847268E-03 6.80937539963623E-03 6.82455731114687E-03 6.83966723426825E-03 6.85467843107162E-03 6.86950840523674E-03 6.88408810447414E-03 6.89837555421575E-03 0.006912365515247 6.92604930167151E-03 6.9394352245203E-03 6.95253479745332E-03 6.96537892658514E-03 6.97801164402401E-03 6.99050228930902E-03 7.00291027642483E-03 7.01531445513382E-03 7.02774379754286E-03 7.04022537612711E-03 7.05277279406271E-03 7.06541404275581E-03 7.07813233525561E-03 7.09088852534214E-03 7.10363734835283E-03 7.11633169712577E-03 7.12893468989271E-03 7.14139968481033E-03 7.1536887560655E-03 7.16575067549457E-03 7.17759126355958E-03 7.18923226116177E-03 7.20071293368497E-03 7.21205184318457E-03 7.22328296776725E-03 7.23442573100848E-03 7.2455131762386E-03 7.25656613782843E-03 0.007267609112364 7.27864109927138E-03 7.28967468756853E-03 7.30070501907734E-03 7.31174643318058E-03 7.32280701398283E-03 7.33389752506302E-03 7.34500772007197E-03
0.006491061596624 6.51183567127304E-03 6.53221484913274E-03 6.55219476081092E-03 6.57178161423518E-03 6.59098209394692E-03 6.60981213695005E-03 6.62828692973388E-03 6.64642073711638E-03 6.66422445293398E-03 6.68171732872695E-03 6.69891588186168E-03 6.71585784571355E-03 6.73258280013709E-03 6.74911866009163E-03 6.76549200492163E-03 6.7817301522073E-03 6.79785998346872E-03 6.81389818987209E-03 6.82985738275493E-03 6.84573855018707E-03 6.86154024191269E-03 6.87722835124483E-03 6.89276034787583E-03 6.9080318678744E-03 6.92298138873744E-03 6.93758567969285E-03 6.95185211339456E-03 6.96577622487045E-03 6.97937213958669E-03 6.99265806688315E-03 7.00567612990076E-03 7.01848122678954E-03 7.03115007852278E-03 7.04373780792147E-03 7.05631835767304E-03 7.06889954366588E-03 7.0815019815405E-03 7.09413873482903E-03 7.10683117742471E-03 7.11955344799597E-03 7.13225544421032E-03 7.14490645962185E-03 7.15746835464342E-03 7.1699188890851E-03 7.1822097690601E-03 7.19431880619255E-03 7.2062008014437E-03 7.21788521246046E-03 7.22939911320748E-03 7.24078046294092E-03 7.25204023794167E-03 7.26321563589794E-03 7.27432314395444E-03 7.28539382965575E-03 7.29644215481667E-03 7.30748900831734E-03 7.31852822420161E-03 7.32957418515567E-03 7.34061961328994E-03 7.35168226096381E-03 7.36276842508046E-03 7.37388737114636E-03 7.38502749134006E-03
6.51322679256878E-03 6.53527271814768E-03 6.55688735521095E-03 6.5780653373533E-03 6.59881152468866E-03 6.61913383339373E-03 6.63904862859715E-03 6.65857011164377E-03 6.67771251531314E-03 6.69649027883696E-03 6.71492594312609E-03 6.73304672306625E-03 6.75089420662951E-03 6.76850159376291E-03 0.006785891001577 6.80308868095989E-03 6.82011883272979E-03 6.83700441955812E-03 6.85375638951838E-03 6.87038005004892E-03 6.88687274326895E-03 6.90323332076024E-03 6.91942517815751E-03 6.93537101570612E-03 6.9509625061287E-03 6.96617308503904E-03 6.98100178534215E-03 6.99545875348973E-03 7.00954176999689E-03 7.02326962131511E-03 7.03666634831312E-03 7.04978562795536E-03 7.06269050854171E-03 7.07545708497667E-03 7.08813984110876E-03 7.10079137366208E-03 7.11340586930872E-03 7.12601539282479E-03 7.13863886316573E-03 7.15128397639144E-03 7.16391399850618E-03 7.17648524548487E-03 7.18898053434169E-03 7.20136959210338E-03 7.21363672948257E-03 7.22573332873357E-03 7.23764588441979E-03 7.24934794879345E-03 7.26089013472358E-03 7.27228941005088E-03 7.28357551788666E-03 7.29475688961263E-03 7.30587409357565E-03 7.31693920112919E-03 7.32798237327154E-03 7.33900975767554E-03 7.35003645593612E-03 7.36105464769545E-03 7.37207966560226E-03 7.38310516745838E-03 7.39415273140722E-03 7.40522159707898E-03 7.41631730683494E-03 7.42742986752685E-03
