NongDo/Fusa 14.9h.grd
DSAA
463	323
2	464
2	324
0	10
[rows 56 to 83 of 323, columns 256 to 319 of 463]
0 0 0 0 0 0 0 0 0 0 0 0 0 0 0 0 0 0 0 0 0 0 0 0 0 0 0 0 0 0 0 0 0 0 0 0 0 0 0 0 0 0 0 0 0 0 0 0 0 0 0 0 0 0 0 0 0 0 0 0 0 0 0 0
0 0 0 0 0 0 0 0 0 0 0 0 0 0 0 0 0 0 0 0 0 0 0 0 0 0 0 0 0 0 0 0 0 0 0 0 0 0 0 0 0 0 0 0 0 0 0 0 0 0 0 0 0 0 0 0 0 0 0 0 0 0 0 0
0 0 0 0 0 0 0 0 0 0 0 0 0 0 0 0 0 0 0 0 0 0 0 0 0 0 0 0 0 0 0 0 0 0 0 0 0 0 0 0 0 0 0 0 0 0 0 0 0 0 0 0 0 0 0 0 0 0 0 0 0 0 0 0
0 0 0 0 0 0 0 0 0 0 0 0 0 0 0 0 0 0 0 0 0 0 0 0 0 0 0 0 0 0 0 0 0 0 0 0 0 0 0 0 0 0 0 0 0 0 0 0 0 0 0 0 0 0 0 0 0 0 0 0 0 0 0 0
0 0 0 0 0 0 0 0 0 0 0 0 0 0 0 0 0 0 0 0 0 0 0 0 0 0 0 0 0 0 0 0 0 0 0 0 0 0 0 0 0 0 0 0 0 0 0 0 0 0 0 0 0 0 0 0 0 0 0 0 0 0 0 0
0 0 0 0 0 0 0 0 0 0 0 0 0 0 0 0 0 0 0 0 0 0 0 0 0 0 0 0 0 0 0 0 0 0 0 0 0 0 0 0 0 0 0 0 0 0 0 0 0 0 0 0 0 0 0 0 0 0 0 0 0 0 0 0
0 0 0 0 0 0 0 0 0 0 0 0 0 0 0 0 0 0 0 0 0 0 0 0 0 0 0 0 0 0 0 0 0 0 0 0 0 0 0 0 0 0 0 0 0 0 0 0 0 0 0 0 0 0 0 0 0 0 0 0 0 0 0 0
0 0 0 0 0 0 0 0 0 0 0 0 0 0 0 0 0 0 0 0 0 0 0 0 0 0 0 0 0 0 0 0 0 0 0 0 0 0 0 0 0 0 0 0 0 0 0 0 0 0 0 0 0 0 0 0 0 0 0 0 0 0 6.69723185447392E-03 6.70325168747477E-03
0 0 0 0 0 0 0 0 0 0 0 0 0 0 0 0 0 0 0 0 0 0 0 0 0 0 0 0 0 0 0 0 0 0 0 0 0 0 0 0 0 0 0 0 0 0 0 0 0 0 0 0 0 0 0 0 0 0 6.67288049419539E-03 6.6789908066797E-03 6.68483776174401E-03 6.69062884090938E-03 6.69723185447392E-03 6.70325168747477E-03
0 0 0 0 0 0 0 0 0 0 0 0 0 0 0 0 0 0 0 0 0 0 0 0 0 0 0 0 0 0 0 0 0 0 0 0 0 0 0 0 0 0 0 0 0 0 0 0 0 0 0 0 0 0 6.64722267384447E-03 6.65382514562522E-03 6.66003748594049E-03 6.6661078219162E-03 6.67288049419539E-03 6.6789908066797E-03 6.68483776174401E-03 6.69062884090938E-03 6.69650835878426E-03 6.70228868295909E-03
0 0 0 0 0 0 0 0 0 0 0 0 0 0 0 0 0 0 0 0 0 0 0 0 0 0 0 0 0 0 0 0 0 0 0 0 0 0 0 0 0 0 0 0 0 0 0 0 0 0 0 6.6253277621248E-03 6.63268920833044E-03 6.63970981248348E-03 6.64722267384447E-03 6.65382514562522E-03 6.66003748594049E-03 6.6661078219162E-03 6.67219163687353E-03 6.67812853669905E-03 6.68388383873795E-03 6.68955941114342E-03 6.69519103428846E-03 6.7007917523416E-03
0 0 0 0 0 0 0 0 0 0 0 0 0 0 0 0 0 0 0 0 0 0 0 0 0 0 0 0 0 0 0 0 0 0 0 0 0 0 0 0 0 0 0 0 0 6.57730636487158E-03 6.5863617820352E-03 6.59464412827467E-03 6.60241447749553E-03 6.60991549779084E-03 6.61726746789045E-03 6.6253277621248E-03 6.63268920833044E-03 6.63970981248348E-03 6.64652492732403E-03 0.006652967934239 6.65911490065275E-03 6.66510416569182E-03 6.67098595997121E-03 6.67678971195741E-03 6.68247268527828E-03 6.68807992900892E-03 6.69362095764576E-03 6.6991282121412E-03
0 0 0 0 0 0 0 0 0 0 0 0 0 0 0 0 0 0 0 0 0 0 0 0 0 0 0 0 0 0 0 0 0 0 0 0 0 0 0 0 0 0 0 6.55620546766034E-03 6.56664523694558E-03 6.57730636487158E-03 6.5863617820352E-03 6.59464412827467E-03 6.60241447749553E-03 6.60991549779084E-03 6.61726746789045E-03 6.62466562577359E-03 6.63181035875271E-03 6.63869633851892E-03 6.6453140005099E-03 6.65167046546218E-03 6.65779162382983E-03 6.66375833194529E-03 6.66959967046139E-03 6.67535678469225E-03 6.68101873173324E-03 6.68661207251991E-03 6.69214062684934E-03 6.69762348616253E-03
6.01582593350304E-03 6.03370204089134E-03 6.05092121231908E-03 6.06761051648166E-03 6.08385560962491E-03 6.09981482608511E-03 6.11541993397131E-03 6.13069052687112E-03 6.14566386536169E-03 6.16049169092802E-03 6.17521141899596E-03 6.18989408997643E-03 6.20436938838969E-03 0.006218558936393 6.23240978292662E-03 6.24603167438603E-03 6.25941804816832E-03 6.27265772834711E-03 6.28564001546037E-03 6.29837579324495E-03 6.31086574310354E-03 6.32323853051269E-03 6.33549625910602E-03 6.34770649319573E-03 6.35972071642437E-03 6.3714891948391E-03 6.38294711672888E-03 6.39417565259509E-03 6.40512720120553E-03 6.41586342846673E-03 6.42627775096693E-03 6.4363947949882E-03 6.44620458224268E-03 6.45580383260875E-03 6.46513916767695E-03 0 0 0 0 6.51344451823616E-03 6.52369380021444E-03 6.53428890835886E-03 6.54489942535011E-03 6.55620546766034E-03 6.56664523694558E-03 6.57649569232457E-03 6.58546433548815E-03 6.59374569021442E-03 0.006601541610084 6.60905208354242E-03 6.61636358715533E-03 6.62357016014299E-03 6.63058513346178E-03 6.63739254076438E-03 6.64395986389957E-03 6.65030849406422E-03 6.65645581246499E-03 6.66245683859338E-03 6.66833079047319E-03 6.67411320833382E-03 6.67980569090604E-03 6.68543072737725E-03 6.69099290734366E-03 6.69650624658256E-03
6.01582593350304E-03 6.03370204089134E-03 6.05092121231908E-03 6.06761051648166E-03 6.08385560962491E-03 6.09981482608511E-03 6.11541993397131E-03 6.13069052687112E-03 6.14566386536169E-03 6.16049169092802E-03 6.17521141899596E-03 6.18989408997643E-03 6.20436938838969E-03 0.006218558936393 6.23240978292662E-03 6.24603167438603E-03 6.25941804816832E-03 6.27265772834711E-03 6.28564001546037E-03 6.29837579324495E-03 6.31086574310354E-03 6.32323853051269E-03 6.33549625910602E-03 6.34770649319573E-03 6.35972071642437E-03 6.3714891948391E-03 6.38294711672888E-03 6.39417565259509E-03 6.40512720120553E-03 6.41586342846673E-03 6.42627775096693E-03 6.4363947949882E-03 6.44620458224268E-03 6.45580383260875E-03 6.46513916767695E-03 6.47467278769895E-03 6.48415181652016E-03 6.49365780009859E-03 6.50325555676323E-03 6.51344451823616E-03 6.52369380021444E-03 6.53428890835886E-03 6.54489942535011E-03 6.55547718116481E-03 6.56559613049479E-03 6.5751783117743E-03 6.58410159622848E-03 6.59243371104521E-03 6.60031078921521E-03 6.60788652070545E-03 6.61522879204249E-03 6.6224161878395E-03 6.6294138601998E-03 6.63622271493274E-03 6.64281643338051E-03 6.6492133218311E-03 6.65542932671282E-03 6.66150619922158E-03 6.66745758526133E-03 6.67331256676889E-03 6.67907734550092E-03 6.6847718901916E-03 6.69040461436836E-03 6.69598791525108E-03
6.01550741804832E-03 6.03342602961989E-03 6.05066666169087E-03 6.06737918373077E-03 6.08365447814383E-03 6.09963952892832E-03 6.11527329687392E-03 6.13055962517047E-03 6.14554751742142E-03 6.16037515043081E-03 6.17509287110946E-03 6.18979328089021E-03 6.20428942692033E-03 6.21847144111381E-03 6.2323229491212E-03 6.24594434617274E-03 6.25934074270956E-03 6.27258629785736E-03 6.28558677996239E-03 6.2983359178905E-03 6.3108454000548E-03 6.32322522562062E-03 6.33549194147507E-03 6.34772324186106E-03 6.35976328751233E-03 6.37153784748147E-03 6.38300623280433E-03 6.39423701121893E-03 6.40519309293632E-03 6.41591956185354E-03 6.42632492219154E-03 6.43641581890567E-03 6.44619808928771E-03 6.45577504790955E-03 6.46518915613463E-03 6.47467278769895E-03 6.48415181652016E-03 6.49365780009859E-03 6.50325555676323E-03 6.51316596994891E-03 6.52331624706946E-03 6.53375508082627E-03 6.54418251106584E-03 6.55443912813205E-03 6.56434086113927E-03 6.57381976328691E-03 6.58276840034441E-03 6.5912027626721E-03 6.59920639765184E-03 6.60689580469935E-03 6.61432990197095E-03 6.62158189473129E-03 6.62863727564788E-03 6.63550708733284E-03 6.64217664349942E-03 6.64866196778275E-03 6.65497931014599E-03 6.66116251601933E-03 6.66722223357824E-03 6.67318103645406E-03 6.67904849300812E-03 6.68484313676747E-03 6.69057605342891E-03 6.69625889682397E-03
6.01559580761559E-03 6.03346339454427E-03 6.05071364026838E-03 6.06745868775984E-03 6.08377989399995E-03 6.0997991107748E-03 6.1154743456308E-03 6.13080112073172E-03 6.14583568643403E-03 6.16068726417157E-03 6.17540822357023E-03 6.19010195952561E-03 6.20459173747654E-03 6.2187596044234E-03 6.23262267363588E-03 6.24625652395137E-03 6.25967572425925E-03 6.27293322450023E-03 6.28596400822222E-03 6.29874915538326E-03 6.31130945436422E-03 6.32372244498852E-03 6.33601259725851E-03 6.34825787237025E-03 6.36031361149303E-03 6.37209533562761E-03 6.38358533717445E-03 6.39482693613238E-03 6.40579449337431E-03 6.41651201216823E-03 6.42691523347231E-03 6.43699676255054E-03 6.44677940068075E-03 6.45635148337693E-03 6.46578189080106E-03 6.47523681389268E-03 6.48468692689967E-03 6.49415503549099E-03 6.50369243805497E-03 6.51344070543275E-03 6.52339503359045E-03 6.53357925582986E-03 6.54376680846136E-03 6.55380608801682E-03 6.56356752204828E-03 6.57299802161911E-03 6.58199130446393E-03 6.59053764911287E-03 6.59868080725381E-03 6.60650585659431E-03 6.61406291042932E-03 6.62141914210332E-03 6.62857083024449E-03 6.6355354709145E-03 6.64230912714531E-03 6.64890721419058E-03 6.6553469516093E-03 6.66165574777494E-03 6.66784308799281E-03 6.6739254690346E-03 6.6799161579981E-03 6.68583188280533E-03 6.69168620036571E-03 6.69748896664318E-03
6.01626694883668E-03 6.03411759044461E-03 6.0514036800239E-03 6.06820624621124E-03 6.08459265435574E-03 6.10065407671056E-03 6.11637672567276E-03 6.13177041547261E-03 6.14687932621291E-03 6.16178520188496E-03 6.1765314612758E-03 6.19118520612439E-03 6.20563171893331E-03 6.21979251224608E-03 6.23367804676893E-03 6.24733965256179E-03 6.26079279327768E-03 6.27407223738194E-03 6.28714014135658E-03 6.29998525763709E-03 6.31262058247414E-03 6.32509711294992E-03 6.33743480449941E-03 6.34968031298346E-03 6.36173335588728E-03 6.3735306062861E-03 6.38505108337472E-03 6.39631466351425E-03 6.40730092517483E-03 6.41801931163581E-03 6.42842905514149E-03 6.4385283467836E-03 6.44833998728439E-03 6.45793692457722E-03 6.46738800037484E-03 6.47681416355182E-03 6.48621794552536E-03 6.49563361702792E-03 6.5050997884811E-03 6.51470989070812E-03 6.52447223060695E-03 6.53440396649754E-03 6.54435314984034E-03 6.55420404207324E-03 6.56384581684673E-03 6.57322378320123E-03 6.58224259698686E-03 6.59087339449612E-03 6.59913587332466E-03 6.60708771593736E-03 6.61477006206193E-03 6.62223682379563E-03 6.62949567090166E-03 6.63656602650648E-03 6.64345351671201E-03 6.65017461933847E-03 6.65674596856805E-03 6.66318856555664E-03 6.66951184776693E-03 6.67572875015366E-03 6.68185381863223E-03 6.68790339303449E-03 6.69389144113527E-03 6.69982692092453E-03
6.01779071911723E-03 6.03566281018863E-03 6.05301032322316E-03 6.06989010899922E-03 6.08635827198399E-03 6.10248055907398E-03 6.1182681962781E-03 6.13374473226878E-03 6.14893992078261E-03 6.16391255270161E-03 6.1786945730471E-03 6.19331518269482E-03 6.20772561163826E-03 6.22188865813438E-03 6.23580248888054E-03 6.24949957518696E-03 6.26299538456966E-03 6.2763106606234E-03 6.28942966643965E-03 6.30234867381381E-03 6.31507014381264E-03 6.3276235231231E-03 6.34002062773597E-03 6.35227618586894E-03 6.3643366941816E-03 6.3761595905753E-03 6.38771585833192E-03 6.39900760136528E-03 6.41001947516382E-03 6.42075086793833E-03 6.4311811314001E-03 6.44131438807543E-03 6.45116921247964E-03 6.46080404900104E-03 6.47028115910425E-03 6.47968854453742E-03 6.48905664030008E-03 6.49842755137029E-03 6.50783083394856E-03 6.51732881288038E-03 6.52693392939165E-03 6.53665728141073E-03 6.54640091739871E-03 6.55607937790312E-03 6.56559690280402E-03 6.57489843473291E-03 6.58390366544845E-03 6.59257159691167E-03 6.60090922244606E-03 6.60895209465154E-03 6.61673444140925E-03 6.62429459701521E-03 6.63165100246637E-03 6.63882043144692E-03 6.64581733222114E-03 6.6526574099424E-03 6.65935718943601E-03 6.66593111717735E-03 6.67239043108916E-03 6.67874383345207E-03 6.68500711114101E-03 6.69119531071245E-03 6.69732246454085E-03 6.70339609455749E-03
6.02042841454735E-03 6.03835301430439E-03 6.05578077218901E-03 6.07275430631572E-03 6.08931897113011E-03 6.10552971473012E-03 6.12140574429984E-03 6.13697398429529E-03 6.15225881948839E-03 6.16730332683028E-03 6.18212859763543E-03 6.19675266425181E-03 6.21115841910248E-03 6.22533411813617E-03 6.23928004018222E-03 6.2530194568532E-03 6.26656560422393E-03 6.27993545217364E-03 6.29312151707778E-03 6.30612146408163E-03 6.3189321872803E-03 6.33156847137527E-03 6.34403264967804E-03 6.35632711122077E-03 6.3684181446243E-03 6.38027513277175E-03 6.39186853483274E-03 6.40319257522868E-03 6.41423332147281E-03 6.42498921841503E-03 6.43544894636897E-03 6.4456196448469E-03 6.45551822687877E-03 6.46519344584883E-03 6.47469963699004E-03 6.4841095903328E-03 6.49346347188444E-03 6.50280577650586E-03 6.51216240682536E-03 6.52157899234638E-03 6.53106552938581E-03 6.54063172710948E-03 6.55020622755731E-03 6.55972352596716E-03 6.56910547765134E-03 6.57830429801158E-03 6.58725084393883E-03 6.59590336105541E-03 6.60426078568939E-03 6.61234558457342E-03 6.62018499853936E-03 6.62780862996414E-03 6.63523680990816E-03 6.64248641452763E-03 6.64957490207628E-03 6.65651816200264E-03 6.66333179589385E-03 6.6700266339471E-03 6.67661291924124E-03 6.68309704309908E-03 6.68949422128849E-03 6.69581841578125E-03 6.70208266533281E-03 6.70829305584024E-03
6.02438903219133E-03 6.04240128216432E-03 6.05993308221291E-03 6.07702003914071E-03 6.09370004076707E-03 6.11002178532009E-03 6.12600501209971E-03 6.14167560702496E-03 6.1570567723991E-03 6.17218178668695E-03 6.18706589885061E-03 6.2017247111458E-03 6.21615627313706E-03 6.23036282442103E-03 6.24435213894996E-03 6.25814464138984E-03 6.27175285752993E-03 6.28519293622245E-03 6.29845917861982E-03 6.31154732964887E-03 6.32445137739127E-03 6.33717624170306E-03 6.34971756895076E-03 6.3620724561468E-03 6.37421348762201E-03 6.38611328025982E-03 6.39774540972572E-03 6.40910217240539E-03 6.42017184167745E-03 6.43095442756805E-03 6.44144332731707E-03 6.45164662760309E-03 6.46158214354504E-03 6.47129320023154E-03 6.48082899824016E-03 6.49025456907144E-03 6.49961112345633E-03 6.50894060183937E-03 6.51826764975188E-03 6.52762847712073E-03 6.53702849783693E-03 6.54647437543106E-03 6.5559069919699E-03 6.56527344968717E-03 6.57451285315839E-03 6.58358697738769E-03 6.59243790196822E-03 6.60102669931634E-03 6.6093504854727E-03 6.61742562160603E-03 6.62527621048054E-03 6.63292540784799E-03 6.64039344408811E-03 6.64769558449781E-03 6.65485066666427E-03 6.66187435583449E-03 6.66878201147687E-03 6.67558083298541E-03 6.68227982538959E-03 6.68888250106492E-03 6.69540326750743E-03 6.70185473301494E-03 6.70824844262419E-03 6.71458823003474E-03
6.02988332481116E-03 0.006048018328082 6.06568191902484E-03 6.08290533652451E-03 6.0997221943204E-03 6.11617322647647E-03 6.13227930208565E-03 6.14806602196495E-03 6.16355549221109E-03 6.17877403940295E-03 6.19373488435858E-03 6.20845282055187E-03 6.22293508932888E-03 6.23719386284825E-03 6.25124342279185E-03 6.26510363908774E-03 6.27878782273843E-03 6.29231108883661E-03 6.30566802871313E-03 6.31885257135535E-03 6.33185582230797E-03 6.34467550745718E-03 6.35730191950043E-03 6.36973005574344E-03 6.38193130880146E-03 6.39387762659637E-03 6.40554581982209E-03 6.41693000337021E-03 6.42802112754138E-03 6.43882213838473E-03 6.44932968783331E-03 6.45955309233922E-03 6.46951260979003E-03 0.006479249687965 6.48881028331948E-03 6.49825482425181E-03 6.50762131883494E-03 6.51694637320953E-03 6.52625329429861E-03 6.53557226755639E-03 6.54490434546805E-03 6.55424628611519E-03 6.56354784887044E-03 6.57276663414364E-03 6.58185681403887E-03 6.59078701912512E-03 6.59951074373283E-03 6.60799570060181E-03 6.61624149538336E-03 6.62426375888991E-03 6.63208453842819E-03 6.6397228582353E-03 6.64719805816194E-03 6.65452330067973E-03 6.66171815825232E-03 6.66879857601984E-03 6.67577835930729E-03 6.68266133923365E-03 6.68945478358994E-03 6.69616020765928E-03 6.70279076661332E-03 6.70935707916529E-03 6.71586826002529E-03 6.72232538460764E-03
6.03712194972485E-03 6.05541236056706E-03 6.07323527459282E-03 6.09061779310221E-03 6.10759077497266E-03 6.1241876452775E-03 6.14043232392999E-03 6.15634959725709E-03 6.17196057644043E-03 6.18728650456545E-03 6.2023411982811E-03 6.21713864005547E-03 6.23169361119063E-03 6.24602533335193E-03 6.26015285135829E-03 6.27409596528956E-03 6.28786921124086E-03 6.30148638752535E-03 6.31494236055652E-03 6.32822945624798E-03 6.34133609630167E-03 6.35425424203056E-03 6.36696909487939E-03 6.37947302946855E-03 6.39173225696709E-03 6.40371779922825E-03 6.41541018840697E-03 6.42680715900895E-03 6.43790246830084E-03 6.44870258777617E-03 6.45920753148957E-03 6.46942989383746E-03 6.47939412331971E-03 6.48914139097193E-03 6.49871462877089E-03 6.50817050069673E-03 6.5175409480958E-03 6.52685673711419E-03 6.53613904665376E-03 6.54541242404032E-03 6.5546720858508E-03 6.56390606548918E-03 6.57307475953551E-03 6.58214171985656E-03 6.59107426461454E-03 6.59984585424785E-03 6.60842372185661E-03 6.61677975471647E-03 6.62491949231317E-03 6.63285910038817E-03 6.64062009632866E-03 6.64821846034835E-03 6.65567436332036E-03 6.66299840210651E-03 6.6702118975222E-03 6.67732912777855E-03 6.68436147638277E-03 6.69130924535997E-03 6.69817927909077E-03 6.70497061196474E-03 6.71169484999015E-03 6.71836050079466E-03 6.72497369682412E-03 6.73153281525653E-03
6.04634948483749E-03 6.06482414228506E-03 6.08283140729903E-03 6.10039465010167E-03 6.11754168381734E-03 6.13430136146724E-03 6.15069896515869E-03 6.16675915404052E-03 6.18250282157272E-03 6.19794840063544E-03 6.21311057449855E-03 6.22800348629622E-03 6.24264783627892E-03 6.25706896658798E-03 6.27128897148799E-03 6.28532767429651E-03 6.29919980520788E-03 6.3129167392518E-03 6.32647354897676E-03 6.33986245656686E-03 6.35306947958855E-03 6.36608130859299E-03 6.37887812478898E-03 6.39144543717735E-03 6.40374459136849E-03 6.41574818849119E-03 6.42744069824138E-03 6.43882330594603E-03 6.44989451670609E-03 6.46066300379366E-03 6.47113417654364E-03 6.48132739395721E-03 6.49127125974677E-03 6.50100647520665E-03 0.006510573784311 6.52002309961632E-03 6.52937991985498E-03 6.53867050593962E-03 6.54791252971153E-03 6.55712331439622E-03 6.56629356090786E-03 0.006575405187794 6.58442665356795E-03 6.59333039741891E-03 6.60209368943653E-03 6.61069454145618E-03 6.61910972894293E-03 6.62731999738419E-03 6.63533608291426E-03 6.6431743602809E-03 6.65085601486827E-03 6.65839626305594E-03 6.66581458527664E-03 6.67312218115157E-03 6.68033994480104E-03 6.68747817332343E-03 6.69454526826719E-03 6.70154021516879E-03 6.7084686970839E-03 6.71532860050168E-03 6.72212993529896E-03 6.72887720072033E-03 6.73557386194837E-03 6.74221692021721E-03
6.0578287407184E-03 6.07651491609713E-03 6.0947294425265E-03 6.11249190472377E-03 6.12982791468315E-03 6.14676297415928E-03 6.16332377726399E-03 6.17953494091044E-03 6.19541836715007E-03 6.21099080073323E-03 6.22626925450798E-03 6.24126797280054E-03 0.006256013477486 6.27053547744715E-03 6.28485711452468E-03 6.29899695162741E-03 6.31296872277355E-03 6.32678167937757E-03 6.34043197572792E-03 6.35391116176139E-03 6.36720252892808E-03 6.3802880301492E-03 6.39314164938478E-03 0.006405742587451 6.4180489523603E-03 6.43003421773288E-03 6.44168645532808E-03 6.4530128992177E-03 6.46401840046326E-03 6.47471520148087E-03 6.48511709808823E-03 6.49524856836959E-03 6.50514053651996E-03 6.51483355205736E-03 6.52436539777957E-03 6.53378029324863E-03 6.54309809817492E-03 6.55233784653438E-03 6.56151149569292E-03 6.57063111955362E-03 6.57968625614779E-03 6.58865374687088E-03 6.59751242133746E-03 6.60624083922793E-03 6.61482537528859E-03 6.62324742005361E-03 6.63149448040065E-03 6.6395522276259E-03 6.64743584813184E-03 6.65516404134899E-03 6.66275972149953E-03 6.67023606474231E-03 6.6776112090038E-03 6.68489576101077E-03 6.69210687808336E-03 6.69925281497438E-03 6.70634089253569E-03 6.71336832028066E-03 6.72033858679941E-03 6.72724859866359E-03 6.73410548552282E-03 6.74091227394638E-03 6.74767148709066E-03 6.75437861687998E-03
6.07186216442395E-03 6.09078215755019E-03 6.10922129835789E-03 6.1271961062884E-03 6.14473064313899E-03 6.16184847540325E-03 6.17857740070874E-03 6.19494298698293E-03 6.21096770148059E-03 6.2266685509638E-03 6.24206510792602E-03 6.25717372002005E-03 6.27202553305247E-03 6.28665240290701E-03 6.30107593024196E-03 6.31531236767175E-03 6.32937386596256E-03 6.34326789254307E-03 6.35699048652131E-03 6.37053236354895E-03 6.38387495862932E-03 6.39699683191173E-03 6.40986565752835E-03 6.42245320862589E-03 6.43471342833472E-03 6.44662384601702E-03 6.4581809613916E-03 6.46939966510069E-03 6.48029013466085E-03 6.49087024442877E-03 6.50116052405334E-03 6.51119004946942E-03 6.52099234500253E-03 6.53060774246421E-03 6.54006996929676E-03 6.5494165112989E-03 6.55865930121788E-03 6.56781122337717E-03 6.57688042525055E-03 6.58587568399861E-03 6.59478423516477E-03 6.60358334685242E-03 6.61226037313221E-03 6.62080085794742E-03 6.6291977382234E-03 6.63743594071583E-03 6.64551071673152E-03 6.65341302788742E-03 6.66116362600166E-03 6.66878296748109E-03 6.67629379710833E-03 6.68370624310372E-03 6.69103712075915E-03 6.69829462364459E-03 0.006705492495549 6.71263669181621E-03 6.71973334728461E-03 6.72677772325061E-03 6.73377204723876E-03 6.74071173582633E-03 6.74760265929713E-03 6.75444647340277E-03 6.76124511133579E-03 6.7679925011342E-03
6.0887817575598E-03 6.1079519267519E-03 6.12662566431037E-03 6.14481771791624E-03 6.16255215617359E-03 6.17985227230016E-03 6.19674754318895E-03 6.21326413145181E-03 6.22942496006596E-03 6.24524823078885E-03 6.26075739603273E-03 6.27597202485793E-03 6.29092614247931E-03 6.30565065723951E-03 6.32016316784456E-03 6.33447726489514E-03 6.34860315307409E-03 6.36254644533704E-03 6.37630185743989E-03 6.38985864864644E-03 6.40319772361472E-03 6.41629675000254E-03 6.42911699367634E-03 6.44162001963006E-03 6.45375809896509E-03 6.46552128073674E-03 6.47691955780465E-03 6.48797409952714E-03 6.49869851124494E-03 6.50911426495891E-03 6.51924647073859E-03 6.52912912277763E-03 6.53879921383125E-03 6.54829590182277E-03 0.006557646814036 6.56688111446405E-03 6.57600252443569E-03 6.58502210159261E-03 6.5939482837306E-03 6.60278620783788E-03 6.61152195771136E-03 6.62013314913093E-03 6.62861589802982E-03 6.63696155535826E-03 6.64516862772711E-03 6.65322312145199E-03 6.66112781220159E-03 6.66887865392483E-03 6.67650302181591E-03 6.68402067163223E-03 6.69145087455256E-03 6.69880031146791E-03 6.70608523058748E-03 6.71331115222419E-03 6.72048914736253E-03 6.72762196544032E-03 6.73471328979726E-03 6.74175670107122E-03 6.74875454586012E-03 6.75570121654685E-03 6.76260240471224E-03 6.76945809346889E-03 6.77626848783758E-03 6.78302662111404E-03
6.10893322818793E-03 6.12835982989202E-03 6.14726710504773E-03 6.16567135961842E-03 6.18359732769958E-03 6.20107086782081E-03 6.21812237930553E-03 6.2347778224206E-03 6.25106064719039E-03 6.26699235242018E-03 6.28259867042273E-03 6.29790654351359E-03 6.31294924207996E-03 6.32775054298679E-03 6.3423233119634E-03 6.35668030528329E-03 6.37082897633011E-03 6.38477233931143E-03 6.3985024717359E-03 6.41200581462317E-03 6.42526424062052E-03 6.43825698146936E-03 6.45094429726572E-03 6.46326839527068E-03 6.47519268748754E-03 6.48673158162119E-03 6.49790648491853E-03 6.50873805376764E-03 6.51924230372523E-03 0.006529442683462 6.53936817939943E-03 6.54905740987215E-03 6.55854915977769E-03 6.56787858352949E-03 6.57707010119677E-03 6.58613785278323E-03 6.59508359556167E-03 6.60392417943462E-03 6.61266934280271E-03 6.62131671949255E-03 6.6298512483361E-03 6.63825771276148E-03 6.64653825360191E-03 6.65468846936764E-03 6.66270805854537E-03 6.67058471455529E-03 6.67832511648703E-03 6.68593579412159E-03 6.69344714817355E-03 6.70087183097218E-03 6.70822385599778E-03 6.71550959994176E-03 6.72274434642835E-03 6.72993115925017E-03 6.73707864251262E-03 6.74418561760557E-03 6.7512529171466E-03 6.75827431877155E-03 6.76525175581496E-03 6.77218053796801E-03 6.77906573580152E-03 6.78590370258329E-03 6.79269265577493E-03 6.79942644351978E-03
