NongDo/Fusa 14.4h.grd
DSAA
463	323
2	464
2	324
0	10
[rows 56 to 83 of 323, columns 256 to 319 of 463]
0 0 0 0 0 0 0 0 0 0 0 0 0 0 0 0 0 0 0 0 0 0 0 0 0 0 0 0 0 0 0 0 0 0 0 0 0 0 0 0 0 0 0 0 0 0 0 0 0 0 0 0 0 0 0 0 0 0 0 0 0 0 0 0
0 0 0 0 0 0 0 0 0 0 0 0 0 0 0 0 0 0 0 0 0 0 0 0 0 0 0 0 0 0 0 0 0 0 0 0 0 0 0 0 0 0 0 0 0 0 0 0 0 0 0 0 0 0 0 0 0 0 0 0 0 0 0 0
0 0 0 0 0 0 0 0 0 0 0 0 0 0 0 0 0 0 0 0 0 0 0 0 0 0 0 0 0 0 0 0 0 0 0 0 0 0 0 0 0 0 0 0 0 0 0 0 0 0 0 0 0 0 0 0 0 0 0 0 0 0 0 0
0 0 0 0 0 0 0 0 0 0 0 0 0 0 0 0 0 0 0 0 0 0 0 0 0 0 0 0 0 0 0 0 0 0 0 0 0 0 0 0 0 0 0 0 0 0 0 0 0 0 0 0 0 0 0 0 0 0 0 0 0 0 0 0
0 0 0 0 0 0 0 0 0 0 0 0 0 0 0 0 0 0 0 0 0 0 0 0 0 0 0 0 0 0 0 0 0 0 0 0 0 0 0 0 0 0 0 0 0 0 0 0 0 0 0 0 0 0 0 0 0 0 0 0 0 0 0 0
0 0 0 0 0 0 0 0 0 0 0 0 0 0 0 0 0 0 0 0 0 0 0 0 0 0 0 0 0 0 0 0 0 0 0 0 0 0 0 0 0 0 0 0 0 0 0 0 0 0 0 0 0 0 0 0 0 0 0 0 0 0 0 0
0 0 0 0 0 0 0 0 0 0 0 0 0 0 0 0 0 0 0 0 0 0 0 0 0 0 0 0 0 0 0 0 0 0 0 0 0 0 0 0 0 0 0 0 0 0 0 0 0 0 0 0 0 0 0 0 0 0 0 0 0 0 0 0
0 0 0 0 0 0 0 0 0 0 0 0 0 0 0 0 0 0 0 0 0 0 0 0 0 0 0 0 0 0 0 0 0 0 0 0 0 0 0 0 0 0 0 0 0 0 0 0 0 0 0 0 0 0 0 0 0 0 0 0 0 0 6.74825253220699E-03 6.75095204265372E-03
0 0 0 0 0 0 0 0 0 0 0 0 0 0 0 0 0 0 0 0 0 0 0 0 0 0 0 0 0 0 0 0 0 0 0 0 0 0 0 0 0 0 0 0 0 0 0 0 0 0 0 0 0 0 0 0 0 0 6.73602410281793E-03 6.73928500066761E-03 6.74247332584105E-03 6.74556351776213E-03 6.74825253220699E-03 6.75095204265372E-03
0 0 0 0 0 0 0 0 0 0 0 0 0 0 0 0 0 0 0 0 0 0 0 0 0 0 0 0 0 0 0 0 0 0 0 0 0 0 0 0 0 0 0 0 0 0 0 0 0 0 0 0 0 0 6.72139577740191E-03 6.72531072315164E-03 6.72907997333859E-03 6.73272352395181E-03 6.73602410281793E-03 6.73928500066761E-03 6.74247332584105E-03 6.74556351776213E-03 6.74848195952703E-03 6.75131335178662E-03
0 0 0 0 0 0 0 0 0 0 0 0 0 0 0 0 0 0 0 0 0 0 0 0 0 0 0 0 0 0 0 0 0 0 0 0 0 0 0 0 0 0 0 0 0 0 0 0 0 0 0 6.70802942633619E-03 6.71274620118623E-03 6.7172701193025E-03 6.72139577740191E-03 6.72531072315164E-03 6.72907997333859E-03 6.73272352395181E-03 6.73619420678083E-03 6.73957861317705E-03 6.7428417148956E-03 6.74599617932182E-03 6.74902209163327E-03 6.75195048022348E-03
0 0 0 0 0 0 0 0 0 0 0 0 0 0 0 0 0 0 0 0 0 0 0 0 0 0 0 0 0 0 0 0 0 0 0 0 0 0 0 0 0 0 0 0 0 6.67466387654411E-03 6.6810136304826E-03 6.68695631312269E-03 6.69257236687552E-03 6.6979688831922E-03 6.70315988895428E-03 6.70802942633619E-03 6.71274620118623E-03 6.7172701193025E-03 6.72151524467349E-03 6.72554454543141E-03 6.72939246229435E-03 6.73310448148437E-03 6.73667631371123E-03 6.74014868303195E-03 6.74349359544958E-03 6.74672690302168E-03 6.74984228333835E-03 6.75285436976399E-03
0 0 0 0 0 0 0 0 0 0 0 0 0 0 0 0 0 0 0 0 0 0 0 0 0 0 0 0 0 0 0 0 0 0 0 0 0 0 0 0 0 0 0 6.65998858989973E-03 6.66755794864928E-03 6.67466387654411E-03 6.6810136304826E-03 6.68695631312269E-03 6.69257236687552E-03 6.6979688831922E-03 6.70315988895428E-03 6.70816460848289E-03 0.006712967012693 6.71755678825905E-03 6.72190105679275E-03 6.72603619717582E-03 6.72998383331097E-03 6.73378666835716E-03 6.73745243935464E-03 6.74100596598027E-03 6.74443691763196E-03 6.74775697057196E-03 6.75096310518475E-03 6.75406211149001E-03
6.19980414657319E-03 6.21463226643412E-03 6.22902621179497E-03 6.24306830693717E-03 6.2568093065595E-03 6.27036849155209E-03 6.28367095524081E-03 6.29672657716629E-03 6.30956286409781E-03 6.32230729396275E-03 6.3349827080267E-03 6.34764214819048E-03 0.006360126392886 6.37236541559373E-03 6.3843144448176E-03 6.39607335391615E-03 6.40763492812812E-03 6.41907645524265E-03 6.43029646067417E-03 6.44130490513336E-03 6.45210208124739E-03 6.46280113793854E-03 6.47339905396001E-03 6.4839514618444E-03 6.49432140928614E-03 6.50446387649227E-03 6.51432221482266E-03 6.52397131642375E-03 6.53337129947754E-03 6.5425820610882E-03 6.55151790614643E-03 6.56021862797136E-03 6.56870578271881E-03 6.57712180258055E-03 6.58552778122015E-03 0 0 0 0 6.62713134246554E-03 6.63525615178454E-03 0.006643692360788 6.65202241280961E-03 6.65998858989973E-03 6.66755794864928E-03 6.67462429894239E-03 6.68111689131988E-03 6.68715657606893E-03 6.69285160423761E-03 6.69831032420988E-03 6.70355831953713E-03 6.70863375452515E-03 6.71350646736036E-03 6.71817365864301E-03 6.72261458510714E-03 6.72685385235028E-03 6.73090802771982E-03 6.73481302317052E-03 6.73857843637937E-03 6.7422246072304E-03 6.74574929870032E-03 6.74916305798094E-03 6.75246512574268E-03 6.75566090570765E-03
6.19980414657319E-03 6.21463226643412E-03 6.22902621179497E-03 6.24306830693717E-03 6.2568093065595E-03 6.27036849155209E-03 6.28367095524081E-03 6.29672657716629E-03 6.30956286409781E-03 6.32230729396275E-03 6.3349827080267E-03 6.34764214819048E-03 0.006360126392886 6.37236541559373E-03 6.3843144448176E-03 6.39607335391615E-03 6.40763492812812E-03 6.41907645524265E-03 6.43029646067417E-03 6.44130490513336E-03 6.45210208124739E-03 6.46280113793854E-03 6.47339905396001E-03 6.4839514618444E-03 6.49432140928614E-03 6.50446387649227E-03 6.51432221482266E-03 6.52397131642375E-03 6.53337129947754E-03 6.5425820610882E-03 6.55151790614643E-03 6.56021862797136E-03 6.56870578271881E-03 6.57712180258055E-03 6.58552778122015E-03 6.59468979569003E-03 6.60299359003531E-03 6.61118982570275E-03 6.61931627057128E-03 6.62713134246554E-03 6.63525615178454E-03 0.006643692360788 6.65202241280961E-03 6.66005138610622E-03 6.66765713444863E-03 6.67479688342858E-03 6.68142582016638E-03 6.68760536337747E-03 6.69342895921683E-03 6.69899476233312E-03 6.70433476525945E-03 6.70949388150929E-03 6.7144491020392E-03 6.71920433004817E-03 6.72374518537304E-03 6.72809023484516E-03 6.73225475766813E-03 6.73626886201917E-03 6.74014139772961E-03 6.74388991685954E-03 6.74751596176982E-03 6.75102968963782E-03 6.7544336617949E-03 6.75773320028453E-03
6.19985062597106E-03 6.2148748191812E-03 6.2293717287348E-03 6.24348654945585E-03 6.25729327704842E-03 6.27090760579738E-03 6.28426404524093E-03 6.29736049285395E-03 6.3102362478804E-03 6.32300630127211E-03 6.33570430762606E-03 6.3484005345715E-03 6.36092093172899E-03 6.37316818222075E-03 6.38513171026119E-03 6.39690297953829E-03 6.4084854293636E-03 6.4199419436304E-03 6.43118618333409E-03 6.44221368657656E-03 6.45303575435819E-03 6.46374819217968E-03 6.47436021390799E-03 6.48493485240919E-03 6.49532884749184E-03 6.50547550737333E-03 6.51534076422342E-03 6.52498789542383E-03 6.53438640807083E-03 6.54357969139916E-03 6.55249456184318E-03 6.56115230595529E-03 6.56958133672882E-03 6.57790623789588E-03 6.58620402857987E-03 6.59468979569003E-03 6.60299359003531E-03 6.61118982570275E-03 6.61931627057128E-03 6.62745842432974E-03 6.63573126275306E-03 6.64416709376209E-03 6.65247299961314E-03 6.66049165267185E-03 6.66812609667465E-03 6.67535429945054E-03 6.68212270205743E-03 6.68846148413702E-03 6.69443914685017E-03 6.70013833215026E-03 6.70559492008921E-03 6.71085579679969E-03 6.71590782842974E-03 6.72075973824723E-03 6.72540417561782E-03 6.72985728353548E-03 6.73413439582698E-03 6.73826104254818E-03 6.74224501482844E-03 6.74610054016567E-03 6.74983199622741E-03 6.75344991169663E-03 6.75695928326123E-03 6.76036521419377E-03
6.20039415191718E-03 6.21552142711918E-03 6.23014084455506E-03 6.24437241602368E-03 6.25829153284286E-03 6.2719979151817E-03 6.28544653618549E-03 6.29863044332063E-03 6.31159704439017E-03 6.3244362589542E-03 6.33718323551611E-03 6.34991463971033E-03 6.36246380066157E-03 6.37472846479695E-03 6.38673021093094E-03 6.39853861895915E-03 6.41016523015199E-03 6.42165332390398E-03 6.43294283513749E-03 6.44401869826436E-03 6.45490142866232E-03 6.46565820754607E-03 6.47630471308577E-03 6.48690096433602E-03 6.49731205393836E-03 6.50746381261371E-03 6.51734471349665E-03 6.52699586043408E-03 6.53639649293935E-03 6.5455702759576E-03 6.55446714961155E-03 6.56309346886613E-03 6.57148663956632E-03 6.57974290817397E-03 6.58793480659317E-03 6.5961902964432E-03 6.60439137340304E-03 6.61253418846061E-03 6.62064451593831E-03 6.62881741521704E-03 6.63706742127182E-03 6.64540677435502E-03 6.65362996387981E-03 6.66160992241818E-03 6.66926149785612E-03 6.67656316949756E-03 6.68345243832456E-03 6.68993907267157E-03 6.6960667098415E-03 6.7019023801463E-03 6.7074814888803E-03 6.71285033356306E-03 6.71800351134943E-03 6.72295402038933E-03 6.72770166152995E-03 6.73226165999398E-03 6.73664991391025E-03 6.74088778273765E-03 6.74498236465101E-03 6.74894464209695E-03 6.75278218116625E-03 6.75650477963064E-03 6.76011937230144E-03 6.76363028307031E-03
6.20133397952254E-03 6.21658845493712E-03 6.23136702804885E-03 6.24576008926078E-03 6.25983383107515E-03 6.27366493268335E-03 6.28723571011814E-03 6.30055338341493E-03 6.31365567508125E-03 6.32660884941171E-03 6.33944112475448E-03 6.35219599416823E-03 6.36476048979939E-03 6.37706870356925E-03 6.38913711099385E-03 6.40101317826764E-03 0.006412709194294 6.4242519816545E-03 6.43560527170365E-03 6.44676136064174E-03 6.45773445968228E-03 6.46856825974239E-03 6.47927511652219E-03 6.48988504081947E-03 6.50030062221041E-03 6.51046863774265E-03 6.52037627080192E-03 6.53004354609745E-03 6.53945433192576E-03 6.54861899036294E-03 6.55750702088046E-03 6.5661283412586E-03 6.57451676552325E-03 6.58274745689237E-03 6.59088511564796E-03 6.59902055129943E-03 6.60711806044467E-03 6.6151862914166E-03 6.62324318187084E-03 6.63135170247497E-03 6.6395075604979E-03 6.64770878832588E-03 6.65581395978017E-03 6.66372704357135E-03 6.67136748164755E-03 6.6787027200735E-03 6.68567139686163E-03 6.69226690281328E-03 6.69851627814251E-03 6.70446972780549E-03 6.71016016484429E-03 6.7156264238316E-03 6.72087238674978E-03 6.72591347997005E-03 6.73075600504865E-03 6.73541609942184E-03 6.73990909876422E-03 6.74425159493208E-03 6.74845043597812E-03 6.75251499717239E-03 6.75645415572712E-03 6.76027782333855E-03 6.76399334638084E-03 6.76760448804238E-03
6.20271093655782E-03 6.21813286646214E-03 6.23310655941934E-03 6.24769731358746E-03 6.26196152413933E-03 6.27595634603872E-03 6.28968840047324E-03 6.3031765660731E-03 6.31644493883186E-03 6.32953999439408E-03 6.34248083236991E-03 6.35528134142259E-03 6.36788981191287E-03 6.38027367947496E-03 6.39243528092635E-03 6.40440490732302E-03 6.41619496742477E-03 6.42782078887795E-03 6.43926618655044E-03 6.45052847802472E-03 6.46161113379902E-03 6.47253895232592E-03 6.48331771312593E-03 6.49395229485546E-03 6.50438890989857E-03 6.51459038559035E-03 6.5245350879332E-03 6.53422793283158E-03 6.54365799747332E-03 6.55282772538734E-03 6.56172427882561E-03 6.57036007491243E-03 6.5787617571428E-03 6.58698854433149E-03 6.59509733933805E-03 6.60315653896323E-03 6.61117420075908E-03 6.61917123261168E-03 6.62715972765766E-03 6.63517840887712E-03 6.64322189577825E-03 6.65128182980723E-03 6.65926151515347E-03 6.66708487286858E-03 6.67467599611667E-03 6.68199658363122E-03 6.6889924398453E-03 6.69564415860309E-03 6.70196861265424E-03 6.70800097630874E-03 6.71377122941101E-03 6.71930961325393E-03 6.72462983279512E-03 6.72974578931478E-03 6.73467009538888E-03 6.73941740554083E-03 6.74400239851885E-03 6.7484373549244E-03 6.75273068055052E-03 6.75688901683958E-03 6.76092239947963E-03 6.76483991934917E-03 6.76864899979015E-03 6.7723525343465E-03
6.20461389805947E-03 6.22024324076632E-03 6.23544486499303E-03 6.25026767434396E-03 6.26475760836942E-03 6.27896342541746E-03 6.29289979490894E-03 6.30658824107296E-03 6.32004735688681E-03 6.33331001548519E-03 6.34638727783749E-03 6.35928663633211E-03 6.37198674718858E-03 6.38447568313856E-03 6.3967545829523E-03 6.40884412969299E-03 0.006420754373163 6.43249760093807E-03 6.44406488034035E-03 6.4554533985211E-03 6.46666033636545E-03 6.47769745902387E-03 6.48856339508931E-03 6.49925504349259E-03 6.50973846638601E-03 6.51998619168394E-03 6.52997464952411E-03 6.53970179948586E-03 6.54915862134007E-03 6.55834750475535E-03 6.56726382581473E-03 6.57592084806677E-03 6.58434128966285E-03 6.59257403347113E-03 6.60066893511748E-03 6.60868517091069E-03 6.61664776710938E-03 6.62458384940548E-03 6.63250425030834E-03 6.64043501729658E-03 6.64836969916281E-03 6.65629979529488E-03 6.66415114993132E-03 6.67186131792984E-03 6.67936410234846E-03 6.68662300852443E-03 6.69358885186006E-03 6.70023910198444E-03 6.70658316680433E-03 6.71264625838311E-03 6.71845422956185E-03 6.72403259977325E-03 6.72939800905728E-03 6.73456502356789E-03 6.73954833087813E-03 6.74436191667658E-03 6.74901912805597E-03 6.75352966729559E-03 6.75790145937363E-03 6.76213976778859E-03 6.76625445707658E-03 6.77025378666718E-03 6.77414446055837E-03 6.77792837501244E-03
6.20711504996878E-03 6.22299929502637E-03 6.23846795171943E-03 6.25356042643834E-03 6.26831466331691E-03 6.2827739721146E-03 6.29695371074345E-03 6.31087429117148E-03 6.32455289884686E-03 6.33801406124298E-03 6.35126506559565E-03 6.36431351780369E-03 6.37715290420873E-03 6.38978283322051E-03 6.40220904228873E-03 6.41444804030463E-03 6.42650832000166E-03 6.43840089968675E-03 6.45011772971367E-03 6.46165338399032E-03 6.47300165156039E-03 6.48416555675328E-03 6.49513887925205E-03 6.50591590058327E-03 6.5164700756458E-03 6.52677725512909E-03 6.53681637626414E-03 6.54658375200789E-03 6.55607268085797E-03 6.56528722457163E-03 6.57422674492056E-03 6.58290442046387E-03 6.59134230294207E-03 6.59958337704517E-03 6.60767293756161E-03 6.61566542776615E-03 6.62359064629912E-03 6.63147647163938E-03 6.63933451060192E-03 6.64718438456485E-03 6.65501753984686E-03 0.006662824859612 6.6705436569526E-03 6.67812154792941E-03 6.68550459991801E-03 6.69266152389569E-03 6.6995494028751E-03 6.70614513476165E-03 6.71245506088927E-03 6.71849929974347E-03 6.72430166297529E-03 6.72988352791929E-03 6.73526230533742E-03 6.74045157465703E-03 6.74546685505729E-03 6.75032146979408E-03 6.75502807439427E-03 6.75959345051336E-03 6.76402468919519E-03 6.7683250978456E-03 6.77250410061611E-03 6.77656907729358E-03 6.78052564203515E-03 6.78437410161261E-03
6.21030700923156E-03 6.22649660025151E-03 6.24227671651949E-03 6.25768018710735E-03 6.27273968806457E-03 6.28749123748745E-03 6.30195127300196E-03 6.3161395972839E-03 6.33007208592143E-03 6.34376739398275E-03 6.3572320604741E-03 6.37047435396074E-03 6.38349676489671E-03 6.39630714520402E-03 6.40891548405912E-03 6.42133627783323E-03 6.43357758746174E-03 6.44564859228822E-03 6.45754057680555E-03 6.46924572269268E-03 6.48075471960553E-03 6.4920642640478E-03 6.50316423123033E-03 6.51404847550864E-03 6.52469084245832E-03 6.53506773234104E-03 6.54516160707213E-03 6.55497078251122E-03 6.56449119049453E-03 6.57372956393903E-03 6.58268792549019E-03 6.59138002801031E-03 6.59982922398116E-03 6.60807602880134E-03 6.61616262190547E-03 6.62414006785618E-03 6.63203711746919E-03 6.63987891361906E-03 6.64767761598928E-03 6.6554492374504E-03 6.6631835544471E-03 6.6708651369891E-03 6.67844072474019E-03 6.68586797585523E-03 6.69310524925941E-03 6.70012559761917E-03 6.7068933141113E-03 6.71338887531923E-03 6.71961886628286E-03 6.72560180341308E-03 6.73135943741381E-03 6.73690991873238E-03 6.74227014019982E-03 6.74745215790367E-03 6.75247175350535E-03 6.75734200618985E-03 6.76207388323431E-03 6.76667134962531E-03 6.77114010849102E-03 6.77548216896246E-03 6.77970622580259E-03 6.7838181636584E-03 6.7878218768548E-03 6.79171577482847E-03
6.21430083474551E-03 6.23084493787381E-03 6.2469815907986E-03 6.26273751843555E-03 6.27814159789679E-03 6.29322281833339E-03 6.30800026741195E-03 6.32249267890832E-03 6.3367147145888E-03 6.35068058269262E-03 6.36439800854836E-03 6.37787528687055E-03 6.39112209323442E-03 6.40415192297006E-03 6.41697761654255E-03 6.42961223496436E-03 6.4420638256753E-03 6.45433946388727E-03 6.46642983044004E-03 6.47832490413923E-03 6.49001247631241E-03 6.50148420529535E-03 6.51272616880999E-03 6.52373093977884E-03 6.53446907463965E-03 6.54491771065898E-03 6.55506377825881E-03 6.56490943416253E-03 6.57445337500528E-03 6.58370544811191E-03 6.59267043854777E-03 6.60136465039681E-03 6.60981451445313E-03 6.61805955316388E-03 6.6261387642464E-03 6.63409985170226E-03 6.64196693414091E-03 6.64976139650762E-03 6.65749498832904E-03 6.66518031093091E-03 6.67280399336602E-03 6.68034611364233E-03 6.68776500359343E-03 6.69502478278307E-03 6.70209522081962E-03 6.70895330854687E-03 6.71557363475922E-03 6.72193842003129E-03 6.72805741190022E-03 6.73394814118133E-03 6.73963091098358E-03 6.74512103383891E-03 6.75043581103468E-03 6.75558525650992E-03 6.76058617897424E-03 6.76544976435037E-03 6.77018453287185E-03 6.77479153807528E-03 6.77927610128716E-03 6.78363842596652E-03 6.78788614787453E-03 6.79202373418771E-03 6.79605300012871E-03 6.79997065559573E-03
6.21924331171263E-03 6.23618923350898E-03 6.25272636608063E-03 6.26887616736283E-03 6.28466359738459E-03 6.30011302269885E-03 6.31524449332259E-03 6.33007622067738E-03 6.34462227174617E-03 6.35889418740139E-03 6.37290067615847E-03 6.3866503910073E-03 6.40015838538776E-03 6.41344285339161E-03 6.42651802799319E-03 6.43939577291177E-03 6.45208330930979E-03 6.46458477777269E-03 6.47689038104891E-03 6.4889893069413E-03 6.50086668840788E-03 6.51250949877984E-03 6.52389998406146E-03 6.53502563979884E-03 6.54585425076227E-03 6.55636612156045E-03 6.56655293760086E-03 6.57642057143702E-03 6.58597220361491E-03 6.59521966684071E-03 6.6041722900543E-03 6.61285195689157E-03 6.62128809617733E-03 6.62951900312508E-03 6.63758118023815E-03 6.64551607422184E-03 6.65334245670329E-03 6.66107880484813E-03 6.66873510512699E-03 6.67631910165447E-03 6.68381551396435E-03 6.69120206935982E-03 6.69844650981797E-03 6.70552219035306E-03 6.71240801729696E-03 6.71908507659957E-03 6.7255353128473E-03 6.73174724317428E-03 6.7377334881676E-03 6.74351020110524E-03 6.74909613967087E-03 6.75450527960783E-03 6.75975382622131E-03 6.76485190900853E-03 6.7698157334693E-03 6.77465273476263E-03 6.77936856692073E-03 6.78396309707059E-03 6.7884407211764E-03 6.79280077173105E-03 6.79704990984333E-03 6.80118970445974E-03 6.80522018636341E-03 6.80913743231162E-03
6.22530729956121E-03 6.24270123435251E-03 6.25968147537067E-03 6.27626449329687E-03 6.29247224101807E-03 6.30832537040633E-03 6.32384476450955E-03 6.33904800811676E-03 6.35394953908599E-03 6.36855896454489E-03 6.38288685464534E-03 6.39694163250856E-03 6.41074322122631E-03 6.42431278702199E-03 6.43766431137567E-03 6.45080756677784E-03 6.46374813111935E-03 6.47648766931622E-03 6.48901688144073E-03 6.50132377519004E-03 6.51339060529283E-03 6.52520006702855E-03 6.53672944690555E-03 6.54796181084715E-03 6.55886408597676E-03 6.56941912434755E-03 6.5796228871684E-03 6.58948713341233E-03 6.59902083941335E-03 6.60823908492076E-03 6.61715841402545E-03 6.6258045041467E-03 6.63420796688159E-03 6.6424061595095E-03 6.65043242482723E-03 6.65832311213114E-03 6.66609248275045E-03 6.67375341255462E-03 6.68131203170148E-03 6.68877312140883E-03 6.69612237648059E-03 6.70333587632654E-03 6.71039242369528E-03 6.71727199866184E-03 6.72396190750074E-03 6.73044672848838E-03 6.73671715736521E-03 6.74276485031663E-03 6.74860480923397E-03 6.75425400117576E-03 6.75973142806337E-03 6.76504849109591E-03 6.77021962448747E-03 6.77525365373041E-03 6.78016342854618E-03 6.78495464837522E-03 6.78963187474293E-03 6.79419325242571E-03 6.79864142924343E-03 6.80297486103811E-03 6.8071982235432E-03 6.81131248742874E-03 6.81531735187805E-03 6.81920805107136E-03
6.23270303268408E-03 6.25058825001578E-03 6.26805063835214E-03 6.28510280527059E-03 6.30176429565337E-03 6.31805320154423E-03 6.33399068247189E-03 6.34959442973568E-03 6.36487868048596E-03 6.37985268889621E-03 6.39452864533899E-03 6.40891600606722E-03 6.42303781484168E-03 6.43691617587235E-03 6.45056280158021E-03 6.46398484730813E-03 6.47718599259956E-03 6.4901659755588E-03 6.50291507419833E-03 6.51542020381881E-03 6.52766172982689E-03 6.53961922555292E-03 6.55126481051819E-03 6.56257611349339E-03 6.57351888313308E-03 6.58408145645413E-03 6.59426801058532E-03 6.60409713191337E-03 6.61358251454405E-03 6.62274413982231E-03 6.6316042235043E-03 6.64019179598403E-03 0.006648538893638 6.65668183341933E-03 6.66465000223889E-03 6.67247378859913E-03 6.68016125830299E-03 6.68772085288778E-03 6.6951565001873E-03 6.70247152209172E-03 6.70965146964188E-03 6.7166751558311E-03 6.7235304055028E-03 6.73020428484929E-03 6.73669024871753E-03 6.74297649230558E-03 6.74906009578765E-03 6.75493657766312E-03 6.76062438615265E-03 6.76614081540609E-03 6.77150372317596E-03 6.77672127741252E-03 6.78180609518658E-03 6.78676437780848E-03 6.79160580168079E-03 6.79633415773079E-03 6.80095298543095E-03 6.80545880934623E-03 6.80985317693571E-03 6.81413344891983E-03 6.81830348067877E-03 6.82236365348788E-03 6.82631369815978E-03 6.83014809885726E-03
6.2416730636488E-03 6.26008892121363E-03 6.27806762100948E-03 6.29561937019884E-03 6.31276260113403E-03 6.32951397068979E-03 6.34589498106227E-03 6.36192297467894E-03 6.37761186078067E-03 6.39297124711338E-03 6.40801571861502E-03 6.42275630461423E-03 6.4372169551731E-03 6.45141786562223E-03 6.46536682931076E-03 6.47906848190292E-03 6.49252452511117E-03 6.50573290808821E-03 6.51868266544496E-03 6.53135937719903E-03 6.54374302651185E-03 6.55581222841804E-03 6.56753367358763E-03 6.57887706293487E-03 6.58980980942765E-03 6.60033280836379E-03 6.61046214671275E-03 6.6202215552728E-03 6.6296277311381E-03 6.63870365200929E-03 6.6474753366246E-03 6.65597551852482E-03 6.66423847850876E-03 6.67229871979937E-03 6.68018010007626E-03 6.68790594161564E-03 6.69547832482419E-03 6.70290511924823E-03 6.71019147418363E-03 6.71733877486828E-03 6.7243332538115E-03 6.73115585083312E-03 6.73780307249095E-03 6.74426780283391E-03 6.75054866758399E-03 6.75663543299815E-03 6.76253139424514E-03 6.76823585787072E-03 6.77377160839712E-03 6.77915441210769E-03 6.78439848544432E-03 6.78950870960426E-03 6.79449659300608E-03 6.79936578323183E-03 6.80412344348362E-03 6.80877071897879E-03 6.81330923668112E-03 6.81773430030216E-03 6.82204748878805E-03 6.82624553388566E-03 6.83033226103454E-03 0.00683430717423 6.83816920679865E-03 6.84191268903607E-03
6.25248536910765E-03 6.27146385371444E-03 6.28998522020482E-03 6.30805998543654E-03 6.32570575763715E-03 6.34294009375008E-03 6.35978358145838E-03 6.37625247791926E-03 6.39236039070882E-03 6.40811887499656E-03 6.42354326315687E-03 6.43864957229485E-03 6.45345859520109E-03 6.46798364963104E-03 6.48222858371158E-03 6.49619728284721E-03 6.50988881186645E-03 6.52329895961469E-03 6.53641466775862E-03 6.54921938343706E-03 6.56169441070446E-03 6.5738196391403E-03 6.58556080615803E-03 6.59687171704745E-03 6.60773289555238E-03 6.61816686516503E-03 6.62819898746797E-03 6.63785219079141E-03 6.64714547325699E-03 6.65610340424377E-03 6.66475526319952E-03 6.67313723647637E-03 6.68128451351633E-03 6.68922764245271E-03 6.69698770855386E-03 6.70457575682146E-03 6.71199346491881E-03 6.71925442485591E-03 6.72636563103068E-03 6.73332330742199E-03 6.74011414646617E-03 6.74672649727264E-03 6.75316275688402E-03 6.75941996470857E-03 6.76549821598535E-03 6.7713892856061E-03 6.7770997319131E-03 6.78263687613398E-03 6.78802519418481E-03 6.79327396747181E-03 6.79839267894276E-03 6.80338553294599E-03 6.8082629270843E-03 6.81302624314555E-03 6.81768056234334E-03 6.82222392240772E-03 6.82665584954292E-03 6.83097188151907E-03 6.83517339762989E-03 6.83925782978015E-03 6.84322885116772E-03 6.84708362286565E-03 6.85082013877141E-03 6.85443374296118E-03
