NongDo/Fusa 15.8h.grd
DSAA
463	323
2	464
2	324
0	10
[rows 140 to 167 of 323, columns 192 to 255 of 463]
7.57753615813819E-03 7.65308914011263E-03 7.7277310714894E-03 7.80127280408368E-03 7.87350656874444E-03 7.9441811563072E-03 8.01305699085844E-03 8.07989331107659E-03 8.14446268189213E-03 8.20653286160558E-03 8.26588384656206E-03 8.32230131772134E-03 8.37560379431024E-03 8.42564312966783E-03 8.47230650622693E-03 8.51552144670256E-03 8.5552603887351E-03 8.59154575860493E-03 8.62443877628282E-03 8.65403645409102E-03 8.68046191772906E-03 8.70385795433942E-03 8.72437553889159E-03 8.74216865069243E-03 8.75738738767926E-03 8.77017297502986E-03 8.78065888012889E-03 8.78897664471782E-03 8.79527789814732E-03 8.79973425550929E-03 8.80253474757463E-03 8.80387131510112E-03 8.80393259661549E-03 8.80289949036379E-03 8.80094223589522E-03 8.79821069111129E-03 8.79483647134506E-03 8.79092738383147E-03 8.78656574144172E-03 8.78180292788579E-03 8.77669152550625E-03 8.77128542152774E-03 8.76564754357041E-03 8.75985951009061E-03 8.75405153961118E-03 8.74842079047213E-03 8.74324150951693E-03 8.73463092262737E-03 0 0 0 0 0 0 0 0 0 0 0 0 0 0 0 0
7.6450060491166E-03 7.71999786099364E-03 7.79384494581083E-03 7.8663665495171E-03 7.93736384088399E-03 8.00659428253323E-03 8.07384260058041E-03 8.13889141884513E-03 8.20153392235114E-03 8.26155433407165E-03 0.008318748582052 8.3729166019757E-03 8.42389231084846E-03 8.47154203033878E-03 8.51576594205676E-03 8.55650508475234E-03 8.59374808206181E-03 8.62753624437259E-03 8.65794901258563E-03 8.68510222911365E-03 8.70913527685433E-03 8.7302034200706E-03 8.74846790794426E-03 8.76409056555451E-03 8.77722657401897E-03 8.78802117601444E-03 8.79661296653501E-03 8.80313910143706E-03 8.80776310259677E-03 8.81066948955025E-03 8.81205373079818E-03 8.81211043241753E-03 8.81102948808246E-03 8.80899017356626E-03 8.80615870700498E-03 8.8026776376861E-03 8.79867190912622E-03 8.79423971410849E-03 8.78945081281948E-03 8.78433909298143E-03 8.77895384439106E-03 8.77336189646394E-03 8.76764087608948E-03 8.76190545434153E-03 8.75636420984055E-03 8.75133735069041E-03 8.74324150951693E-03 0 0 0 0 0 0 0 0 0 0 0 0 0 0 0 0 0
7.71155532088079E-03 7.78580081899505E-03 7.85868251276625E-03 7.93002385090706E-03 7.99963317540486E-03 8.06728689733567E-03 8.13279831191059E-03 8.19597113624546E-03 8.25661406540079E-03 8.31452364402884E-03 8.36950805148184E-03 8.42138248723647E-03 8.46999560745219E-03 8.5152267647089E-03 8.55698919554966E-03 8.59523972970676E-03 8.6299853123655E-03 8.66128666768572E-03 8.68924283680836E-03 8.71398946834544E-03 8.73568215104664E-03 8.75448758107789E-03 8.77057556526706E-03 8.78411345729202E-03 8.79525915309281E-03 8.80416010087503E-03 8.81095888690951E-03 8.81580096643207E-03 8.81886295545001E-03 8.8203376058585E-03 8.82042265640328E-03 8.81931402120919E-03 8.81720213149616E-03 8.81426438245083E-03 8.81066370505382E-03 8.80653436616294E-03 8.80199280856625E-03 8.79712765228943E-03 8.79199766468522E-03 8.78662080845002E-03 8.78104701032808E-03 8.77537084502245E-03 8.76970431326853E-03 8.76422049877524E-03 8.75922149002067E-03 8.75133735069041E-03 0 0 0 0 0 0 0 0 0 0 0 0 0 0 0 0 0 0
7.77712371033817E-03 7.85045450795201E-03 7.92221556720992E-03 7.99223051882047E-03 8.06031916934795E-03 8.12629091768066E-03 8.18997711363475E-03 8.2511995266053E-03 8.30977646685403E-03 8.36551567916722E-03 8.41823589948921E-03 8.46777087773438E-03 8.51398093326614E-03 8.55675865256497E-03 8.59603236034218E-03 8.63177819889474E-03 8.66402342710024E-03 8.69284886559846E-03 8.7183755468558E-03 8.74075920643391E-03 8.76017095940657E-03 8.77678675566962E-03 8.79078288502295E-03 8.80232957523544E-03 8.81158495540296E-03 8.81869727465015E-03 8.82381274301997E-03 8.82708629961615E-03 8.8287046654619E-03 8.82886541383855E-03 8.82776708625276E-03 8.82560584109676E-03 8.82257211897461E-03 8.81884024139871E-03 8.81456939739111E-03 8.80988775617946E-03 8.80490050203351E-03 8.79968557019219E-03 8.79429183904973E-03 8.78873484346517E-03 8.7830727887498E-03 8.77744414773946E-03 8.77202732861851E-03 8.76707915742532E-03 8.75922149002067E-03 0 0 0 0 0 0 0 0 0 0 0 0 0 0 0 0 0 0 0
7.84169864440594E-03 7.91395884854811E-03 7.98445148598274E-03 8.0530076834334E-03 8.11946665791292E-03 8.18366630927897E-03 8.24544564604807E-03 8.30464175569047E-03 8.36108051734537E-03 8.41458305262919E-03 8.46497987132257E-03 8.51212162200862E-03 8.55587916269878E-03 8.59616164484411E-03 8.63291628110669E-03 8.66614092221981E-03 8.69588489416678E-03 8.72225154384962E-03 8.74538538644436E-03 8.76546066843434E-03 8.78266141726603E-03 8.79717101595169E-03 8.80916955240803E-03 8.8188268669841E-03 8.82629919364962E-03 8.8317346295389E-03 8.83528295419362E-03 8.83710831073656E-03 8.8374048521426E-03 8.83637098089727E-03 8.83420412813005E-03 8.83110143228666E-03 8.82725347716737E-03 8.82283034050335E-03 8.81798568451934E-03 8.81284375358928E-03 8.80749784644543E-03 8.80201349139944E-03 8.79643165776321E-03 8.79078312898206E-03 8.78515528409852E-03 8.77975309348431E-03 8.7748466482358E-03 8.76707915742532E-03 0 0 0 0 0 0 0 0 0 0 0 0 0 0 0 0 0 0 0 0
7.90530827604773E-03 7.97635498644957E-03 8.04544719079571E-03 8.11242860994488E-03 8.17715402366503E-03 8.23948079164955E-03 8.29926073347609E-03 8.35634144644071E-03 8.41055837888735E-03 8.4617461602345E-03 8.50974831841999E-03 8.55442940283015E-03 8.59567695366226E-03 8.63341956258399E-03 8.66762707918927E-03 8.69832042029586E-03 8.72557336955246E-03 8.74951319755667E-03 8.77030653045397E-03 8.78814352373873E-03 8.8032177442563E-03 8.81571733762494E-03 8.82582198899864E-03 8.83369835391306E-03 8.83949993309408E-03 8.84337392616476E-03 8.84547264757326E-03 8.84596811448797E-03 8.84505946749034E-03 8.84294454528754E-03 8.83982046487659E-03 8.8358848641956E-03 8.83132750185614E-03 8.82631535046775E-03 8.82099706524985E-03 8.81549149262757E-03 8.80987985301979E-03 8.8042143556632E-03 8.79853909727605E-03 8.7929173047374E-03 8.78750085328046E-03 8.78257780898996E-03 8.7748466482358E-03 0 0 0 0 0 0 0 0 0 0 0 0 0 0 0 0 0 0 0 0 0
7.96790816215229E-03 8.03760337112382E-03 8.10516871758698E-03 8.1704604588645E-03 8.23334449081499E-03 8.29369496727362E-03 8.35137813823003E-03 8.40625122472342E-03 8.4581605480345E-03 8.50695372409737E-03 8.55248772668645E-03 8.59464267262624E-03 8.63332799194855E-03 8.6684952855273E-03 8.70014017024047E-03 8.72830731206258E-03 8.75309633794095E-03 8.7746588207857E-03 8.79318101142655E-03 8.80886556176915E-03 8.82191179674697E-03 8.83250816012158E-03 8.8408299589721E-03 8.84703963700191E-03 8.85128749282938E-03 8.85371968097298E-03 8.85449107978003E-03 8.85377686569002E-03 8.85177570121589E-03 8.8486879004099E-03 8.84471390530944E-03 8.84005038524933E-03 8.83488417450457E-03 8.82938115318925E-03 8.82368936906072E-03 8.81792438924365E-03 8.81215151645564E-03 8.80640583964333E-03 8.80075489422891E-03 8.7953240682962E-03 8.79037087047142E-03 8.78257780898996E-03 0 0 0 0 0 0 0 0 0 0 0 0 0 0 0 0 0 0 0 0 0 0
8.02940047066378E-03 8.09760331916789E-03 8.16351050687284E-03 8.22699013994935E-03 8.28792003618048E-03 8.34619093502488E-03 8.40168123994661E-03 8.45425719196154E-03 8.50377621613591E-03 8.55010008573472E-03 8.59310189265859E-03 8.63268010377552E-03 8.6687682277145E-03 8.70134450942344E-03 8.73043229515893E-03 8.75610015562821E-03 8.77847387241839E-03 8.79772865619457E-03 8.81406646321308E-03 8.82769821927024E-03 8.83882484753498E-03 8.84763116914404E-03 8.85428678914476E-03 8.85894881083347E-03 8.86176281973891E-03 8.86287318712237E-03 8.86243621234634E-03 8.86062915778554E-03 8.85765103369563E-03 8.85370250315309E-03 8.84898630661371E-03 8.84369864973098E-03 8.83802361447319E-03 8.83212726959144E-03 8.8261671261674E-03 8.82026742559063E-03 8.81446591504305E-03 8.80875597120776E-03 8.8032811633792E-03 8.79826590983399E-03 8.79037087047142E-03 0 0 0 0 0 0 0 0 0 0 0 0 0 0 0 0 0 0 0 0 0 0 0
8.08965474963573E-03 8.15622249535195E-03 8.22033814663038E-03 8.28188266482428E-03 8.34074720107218E-03 8.3968377355579E-03 8.45004273458516E-03 8.50023751938919E-03 8.5472918994482E-03 8.59108330791292E-03 8.63150366537975E-03 8.66847214270232E-03 8.70194883388546E-03 8.73194051202475E-03 8.75849912181646E-03 8.78171791227532E-03 8.80174831569246E-03 8.81878559235268E-03 8.83304250837015E-03 8.84473373882311E-03 8.85405778344327E-03 8.86119387987249E-03 8.86630517110199E-03 8.8695415858833E-03 8.87104257903412E-03 8.87095054125582E-03 8.86942287020382E-03 8.86663819752513E-03 8.86279625505286E-03 8.85809749961022E-03 8.85274487919282E-03 8.84693301088321E-03 8.84084395665762E-03 8.83465072500532E-03 8.82854256181449E-03 8.82268220762186E-03 8.81706061433491E-03 8.81148812161235E-03 8.80636417601751E-03 8.79826590983399E-03 0 0 0 0 0 0 0 0 0 0 0 0 0 0 0 0 0 0 0 0 0 0 0 0
8.14852085489442E-03 8.21331054100134E-03 8.27550249631983E-03 8.33499185578461E-03 8.39168335603283E-03 8.44549677376834E-03 8.49633062661759E-03 8.54406993457992E-03 8.58859810283883E-03 8.62981008905104E-03 8.66761872890806E-03 8.70196607534646E-03 8.7328410308889E-03 8.76027992602075E-03 8.78436314592484E-03 8.80520805599585E-03 8.82298833257919E-03 8.83791526055542E-03 8.85020823320891E-03 8.86008138439169E-03 8.86772776531118E-03 8.87331906296807E-03 8.87701007874447E-03 8.8789424923003E-03 8.87924994514575E-03 8.87807285754924E-03 8.87556949528968E-03 8.87191911550214E-03 8.86732312758052E-03 8.86198238093783E-03 8.85609707443264E-03 8.84985544730894E-03 8.84343478993839E-03 8.83703019675399E-03 8.83091680884861E-03 8.82538448437411E-03 8.82041111898028E-03 8.81490626295872E-03 8.80636417601751E-03 0 0 0 0 0 0 0 0 0 0 0 0 0 0 0 0 0 0 0 0 0 0 0 0 0
8.2058358110797E-03 8.26870882984505E-03 8.32885094817516E-03 8.38617262640662E-03 8.44059227063624E-03 8.49204156120179E-03 8.54042938728265E-03 8.5856523630112E-03 8.62760950281643E-03 8.66621395721255E-03 8.70140119036495E-03 8.73313913996433E-03 8.76144686030968E-03 8.78638916290022E-03 8.80807344317258E-03 8.82664017391293E-03 8.84228142716722E-03 8.85521929122073E-03 8.86567553909268E-03 8.87386044526201E-03 8.87995912491233E-03 8.88413398148954E-03 8.88652993808953E-03 8.88727985218824E-03 8.88651204515457E-03 8.88436547824116E-03 8.88099927651044E-03 8.87659235207356E-03 8.87134832089587E-03 8.86547115856221E-03 8.85915633130917E-03 8.85257531934078E-03 8.84588358615779E-03 8.83930400007486E-03 8.83330409415087E-03 0.008828554235178 8.82571843959731E-03 8.81490626295872E-03 0 0 0 0 0 0 0 0 0 0 0 0 0 0 0 0 0 0 0 0 0 0 0 0 0 0
8.26143199039716E-03 8.32225806095262E-03 8.38023367527442E-03 8.43528562082238E-03 8.48734612014712E-03 8.5363570053262E-03 8.58223871918791E-03 8.6249018767213E-03 8.66426248665404E-03 8.70025300334958E-03 8.73283327293757E-03 8.76199935071148E-03 8.78779883713445E-03 8.81032357113276E-03 8.82970587117081E-03 8.84610723971565E-03 8.85973311048811E-03 8.8708118036136E-03 8.87956465609774E-03 8.8861948399389E-03 8.89087731556498E-03 8.89376393963293E-03 8.89498916742284E-03 8.89467693042348E-03 8.89295105114443E-03 8.88994889724502E-03 8.88582942443181E-03 8.88077125641337E-03 8.87498350465848E-03 8.86867876090411E-03 8.86204856164696E-03 8.85523105036134E-03 8.84830347260849E-03 8.84144055581151E-03 8.83545071741087E-03 8.83157435316129E-03 8.83116557398157E-03 0 0 0 0 0 0 0 0 0 0 0 0 0 0 0 0 0 0 0 0 0 0 0 0 0 0 0
8.31515054412549E-03 8.37381296440124E-03 8.42952038644711E-03 8.48221564081496E-03 8.53184446799315E-03 0.008578359374066 8.62169386315301E-03 8.66177336953744E-03 8.69853254777455E-03 8.73192534530597E-03 8.76193733269674E-03 8.78859138149081E-03 8.81196176416907E-03 8.8321664186929E-03 8.84936035752474E-03 8.86372104900011E-03 8.8754626372757E-03 8.88481739736085E-03 8.89200306499249E-03 8.89721290471436E-03 8.90061034846103E-03 8.90233563865097E-03 8.90251227305723E-03 8.9012565265129E-03 0.008898688833057 8.8949441012478E-03 8.89017886215046E-03 8.88457040456814E-03 8.8783398633917E-03 8.87172418367345E-03 8.86492644311971E-03 8.8580449778049E-03 8.8509503324158E-03 8.84335184249882E-03 8.83681415868083E-03 8.8330669093269E-03 8.83116557398157E-03 0 0 0 0 0 0 0 0 0 0 0 0 0 0 0 0 0 0 0 0 0 0 0 0 0 0 0
8.36684682460216E-03 8.42324566273446E-03 8.47659991171701E-03 8.52686915280166E-03 8.57401310780333E-03 8.61799532846015E-03 8.65876210204652E-03 8.69625538908768E-03 8.73043094671146E-03 8.76126562598306E-03 8.78876965742541E-03 8.81299049968905E-03 8.83402796920455E-03 8.85202402353443E-03 8.86715290759733E-03 0.008879603171942 8.88959590435861E-03 8.89736472925746E-03 8.90311907063208E-03 8.90704005201183E-03 8.9092792773561E-03 8.90996599082629E-03 8.90921433748098E-03 8.9071333292724E-03 8.90383974197431E-03 8.89946532418887E-03 8.89416160724594E-03 8.88810014279036E-03 8.88152397413013E-03 8.87472676664989E-03 8.86797661973397E-03 8.86142289013678E-03 8.85465061506149E-03 8.84493987507354E-03 8.83681415868083E-03 8.8330669093269E-03 0 0 0 0 0 0 0 0 0 0 0 0 0 0 0 0 0 0 0 0 0 0 0 0 0 0 0 0
8.41640549894785E-03 8.47045902286614E-03 8.52139381692854E-03 8.56918717728444E-03 8.6138131377841E-03 8.65524489231528E-03 8.69344298404327E-03 8.72836870817039E-03 8.76000078220134E-03 8.78833800694013E-03 8.81341373348927E-03 8.83529826684225E-03 8.85411444875363E-03 8.87002457678419E-03 8.8832176188129E-03 8.89389209690403E-03 8.90227412576949E-03 8.90859342015997E-03 8.91304726154269E-03 8.91580468901686E-03 8.91700654398356E-03 8.91677275121983E-03 8.91520994706168E-03 8.9124202290441E-03 8.90851569207706E-03 8.90362369922746E-03 8.89788747957712E-03 8.89146603220344E-03 8.88463041009338E-03 8.87777292996403E-03 8.87133016458415E-03 8.86589399502225E-03 0.008862318903302 8.84493987507354E-03 0 0 0 0 0 0 0 0 0 0 0 0 0 0 0 0 0 0 0 0 0 0 0 0 0 0 0 0 0 0
8.46373643892445E-03 8.51538223286287E-03 8.56385107353488E-03 8.60913832930119E-03 8.65123266328617E-03 8.69011506840985E-03 8.72576444844736E-03 8.75816336459871E-03 0.008787313306392 8.81323285562275E-03 8.83597754786907E-03 8.85563829010129E-03 8.87235679631835E-03 8.88631221475684E-03 8.89770400618871E-03 8.90673948415028E-03 8.91364459016641E-03 8.91864181993705E-03 8.92191706769761E-03 8.92362844054284E-03 8.92390791449085E-03 8.92286728574925E-03 8.92060655383282E-03 8.91722202642969E-03 8.91282017282664E-03 8.90752143539798E-03 8.90145449573514E-03 0.008894758468639 8.88772794318242E-03 8.88086296960587E-03 8.87474328056766E-03 8.87038646034485E-03 8.86986738023868E-03 0 0 0 0 0 0 0 0 0 0 0 0 0 0 0 0 0 0 0 0 0 0 0 0 0 0 0 0 0 0 0
8.50877513292996E-03 8.55797220234333E-03 8.60395132599058E-03 8.64672336440181E-03 8.68629080862629E-03 8.72264660253208E-03 0.008755790555442 8.78572513475688E-03 8.81247248767593E-03 8.83606999060567E-03 8.85659353805984E-03 8.87415196785793E-03 8.88890228759962E-03 8.90103599861459E-03 8.9107599281159E-03 8.91828795205765E-03 8.92384220375606E-03 8.92763598880022E-03 8.92984522432602E-03 8.93062020403492E-03 8.93008659631211E-03 8.92834894169526E-03 8.92550067165418E-03 8.92163366703378E-03 8.91684835009106E-03 8.9112548201871E-03 8.90496124206917E-03 8.89808012213511E-03 8.89091380054212E-03 8.88402642432656E-03 8.87791593873813E-03 8.87302794486927E-03 8.86986738023868E-03 0 0 0 0 0 0 0 0 0 0 0 0 0 0 0 0 0 0 0 0 0 0 0 0 0 0 0 0 0 0 0
8.55147985865232E-03 8.59820864472744E-03 8.64169508087224E-03 8.68196421433793E-03 8.71903425962941E-03 8.7529133924895E-03 8.78361848276347E-03 8.81117113535877E-03 0.008835612279635 8.85699680683058E-03 8.87541700828707E-03 8.89099728064866E-03 8.90390662504082E-03 8.91434513630524E-03 8.92252506144896E-03 8.92866503480275E-03 8.9329824799956E-03 8.93568005036902E-03 8.93692672752665E-03 8.93686727828832E-03 8.93562233105718E-03 8.93329090390541E-03 8.92996175410064E-03 8.92572333887911E-03 8.9206703234258E-03 8.91489835539453E-03 8.90848845099814E-03 8.90153128389353E-03 8.89435215401018E-03 8.88755710416043E-03 8.88160322109847E-03 8.87302794486927E-03 0 0 0 0 0 0 0 0 0 0 0 0 0 0 0 0 0 0 0 0 0 0 0 0 0 0 0 0 0 0 0 0
8.59186131854548E-03 8.63612330228819E-03 8.67713342858622E-03 8.71493270125489E-03 8.74955596607041E-03 8.78102474204776E-03 8.80937086866951E-03 8.83463442557359E-03 8.85687352424294E-03 8.87615787071077E-03 8.89259318789634E-03 8.90631729103286E-03 8.91750827236083E-03 8.92637261960996E-03 8.93312638507965E-03 8.93798980405748E-03 8.9411737945393E-03 8.94287326113179E-03 8.94325379591563E-03 8.94245590629518E-03 8.94059559376129E-03 8.9377679485024E-03 8.93405991654311E-03 8.92956006366512E-03 8.92436147393365E-03 8.9185466428514E-03 8.91215367611379E-03 8.90522824823201E-03 8.89820857110132E-03 8.89176345054151E-03 8.88160322109847E-03 0 0 0 0 0 0 0 0 0 0 0 0 0 0 0 0 0 0 0 0 0 0 0 0 0 0 0 0 0 0 0 0 0
8.62996553368972E-03 8.67178272228267E-03 0.008710353390219 8.74573541645328E-03 8.77797750015947E-03 8.80711182207029E-03 8.83318627247419E-03 8.85625842049754E-03 8.87640163811042E-03 8.8936970223993E-03 8.90826229448726E-03 8.92024666340388E-03 8.92983477121932E-03 8.9372374820771E-03 8.94267265965842E-03 8.94636087371123E-03 8.94850844883352E-03 8.9493040431553E-03 8.94891055564419E-03 8.94746633719119E-03 8.94508456834488E-03 8.94185700872996E-03 8.93787110638039E-03 8.93322344065135E-03 8.92801974168521E-03 8.92235528837056E-03 8.91621269953593E-03 8.90939692804571E-03 8.90271449380289E-03 8.89176345054151E-03 0 0 0 0 0 0 0 0 0 0 0 0 0 0 0 0 0 0 0 0 0 0 0 0 0 0 0 0 0 0 0 0 0 0
8.66586611344108E-03 8.70527717014061E-03 8.7414614771963E-03 8.77449103752117E-03 8.80442568962736E-03 8.83130917114545E-03 8.85520557606547E-03 8.87618766066985E-03 8.89434101824152E-03 8.90975690053632E-03 8.92256348846655E-03 8.9329188624547E-03 8.94101211298812E-03 8.94705699237878E-03 8.95127250856495E-03 8.95387886215719E-03 8.95507886372196E-03 8.95505737026185E-03 8.95397583237912E-03 8.95197240874593E-03 8.94915986743709E-03 8.94562803641588E-03 8.94146668431956E-03 8.93678966316203E-03 8.93174602494525E-03 8.92653266607729E-03 8.92116713273987E-03 8.91427423024633E-03 8.90271449380289E-03 0 0 0 0 0 0 0 0 0 0 0 0 0 0 0 0 0 0 0 0 0 0 0 0 0 0 0 0 0 0 0 0 0 0 0
8.69965535504083E-03 8.73671156347053E-03 8.77057248262361E-03 8.80132163475335E-03 8.82903021996958E-03 8.85375430387261E-03 8.87557144526149E-03 8.89456742251938E-03 8.91083741657771E-03 8.92448159518015E-03 8.93563566049335E-03 8.94446479215744E-03 8.95116147011937E-03 8.95594159775387E-03 8.95902582992595E-03 8.96063392906926E-03 8.96096709082098E-03 8.96020810727677E-03 8.9585182809691E-03 8.95603715245045E-03 8.95287937594433E-03 8.9491369428303E-03 8.9449059452295E-03 8.94032061244058E-03 8.93560074436989E-03 8.93125149264715E-03 8.92836904825227E-03 8.91427423024633E-03 0 0 0 0 0 0 0 0 0 0 0 0 0 0 0 0 0 0 0 0 0 0 0 0 0 0 0 0 0 0 0 0 0 0 0 0
8.73144781758651E-03 8.76620919657811E-03 8.79781618135712E-03 8.82636215649943E-03 8.8519296038466E-03 8.87458760577989E-03 8.89442493543784E-03 8.91153707143762E-03 8.92602615787575E-03 8.93800075932826E-03 8.94760207585017E-03 8.95499993419857E-03 8.9603896238562E-03 8.96398979802864E-03 8.96602350591403E-03 8.96671007383296E-03 8.96625008117864E-03 8.96482634665041E-03 8.9626015823391E-03 8.9597182764648E-03 8.95629623081471E-03 8.9524364407426E-03 8.94824800791009E-03 8.94387359453905E-03 8.93951404277478E-03 8.93577234159516E-03 8.93529721745144E-03 0 0 0 0 0 0 0 0 0 0 0 0 0 0 0 0 0 0 0 0 0 0 0 0 0 0 0 0 0 0 0 0 0 0 0 0 0
8.76136891181931E-03 8.7939011300868E-03 8.82332799585218E-03 8.84975140520419E-03 8.8732644764732E-03 8.89394948040037E-03 8.91190354381978E-03 8.92722933755381E-03 8.94003405615145E-03 8.95043382777683E-03 8.9585731616458E-03 8.96462523116831E-03 8.96878944254628E-03 8.97128723305419E-03 8.97234422646933E-03 8.97217948213377E-03 8.97099452572952E-03 8.96897357284137E-03 8.96628200178339E-03 8.96306685961583E-03 8.95945724288724E-03 8.95557487382767E-03 8.95156362407509E-03 8.94758896942739E-03 8.94363775809097E-03 8.93866669678019E-03 8.93529721745144E-03 0 0 0 0 0 0 0 0 0 0 0 0 0 0 0 0 0 0 0 0 0 0 0 0 0 0 0 0 0 0 0 0 0 0 0 0 0
8.78954602925909E-03 8.81991605701461E-03 8.84723611883561E-03 8.87161672072936E-03 8.89316132828655E-03 8.91196320256671E-03 0.008928125564474 8.94175710343464E-03 8.95296871372384E-03 8.96188133397339E-03 8.96864147569757E-03 8.9734268745267E-03 8.97644161955578E-03 8.97790976498601E-03 8.97805907839729E-03 8.97710873837613E-03 8.97526248099811E-03 8.97270724246555E-03 8.96961256596287E-03 8.96613224644718E-03 8.96240856724236E-03 8.95859748454293E-03 8.95492738890924E-03 8.95176680499208E-03 8.94962306518345E-03 8.93866669678019E-03 0 0 0 0 0 0 0 0 0 0 0 0 0 0 0 0 0 0 0 0 0 0 0 0 0 0 0 0 0 0 0 0 0 0 0 0 0 0
8.81610213733417E-03 8.84437674175565E-03 8.86966297924104E-03 8.89207918045845E-03 8.91173781902082E-03 8.92874112100302E-03 8.94319717617401E-03 8.95521934641237E-03 8.9649205321628E-03 8.97242492897486E-03 8.97788271899282E-03 8.98147671717012E-03 8.98341463345062E-03 8.98392283314498E-03 8.98323115310514E-03 8.98155855773263E-03 8.97911131199134E-03 8.97608085135411E-03 8.97264278301696E-03 8.96896130417372E-03 8.9651962823772E-03 8.96154074905846E-03 8.95831640825426E-03 8.95610610707462E-03 8.95568124348929E-03 0 0 0 0 0 0 0 0 0 0 0 0 0 0 0 0 0 0 0 0 0 0 0 0 0 0 0 0 0 0 0 0 0 0 0 0 0 0 0
8.84114258110899E-03 8.86738655895269E-03 8.89070909202242E-03 8.91123620716925E-03 8.92908823950964E-03 8.9443745690893E-03 8.95720652887812E-03 8.96769955909569E-03 8.97596742892702E-03 8.98213846648282E-03 8.98636792591575E-03 8.98884261262169E-03 8.98977273597338E-03 8.98938717378624E-03 8.98791797042444E-03 8.98558344644552E-03 8.98259213511158E-03 8.9791419985711E-03 8.9754171401309E-03 8.97159614587947E-03 8.96786283392834E-03 8.96444857106594E-03 8.96172585154952E-03 8.96019390089759E-03 8.95568124348929E-03 0 0 0 0 0 0 0 0 0 0 0 0 0 0 0 0 0 0 0 0 0 0 0 0 0 0 0 0 0 0 0 0 0 0 0 0 0 0 0
8.86475923280611E-03 8.88903582395158E-03 8.91046366618587E-03 8.92917587071249E-03 8.94529853256345E-03 8.95894653941162E-03 8.97023246876904E-03 8.97927210025656E-03 8.98618096630395E-03 8.99109164562173E-03 8.99416374860599E-03 8.99558721890591E-03 8.99557522016039E-03 8.9943585609775E-03 8.99217079894996E-03 8.98923004619134E-03 8.98574781243234E-03 8.98193052685545E-03 8.9779731510302E-03 8.97407214069436E-03 8.97044271073865E-03 8.96737317991583E-03 8.96534396953214E-03 8.96498225265852E-03 0 0 0 0 0 0 0 0 0 0 0 0 0 0 0 0 0 0 0 0 0 0 0 0 0 0 0 0 0 0 0 0 0 0 0 0 0 0 0 0
