NongDo/Fusa 13.4h.grd
DSAA
463	323
2	464
2	324
0	10
[rows 140 to 167 of 323, columns 192 to 255 of 463]
6.98338448347664E-03 7.05373825480184E-03 7.12336627129992E-03 7.19214639867641E-03 7.25992472934594E-03 7.32650503255103E-03 7.39170009493458E-03 7.45531343688367E-03 7.51715252514311E-03 7.57701303387066E-03 7.63469761587189E-03 7.69001208085315E-03 7.74279124308082E-03 7.79289606995572E-03 7.84021591359362E-03 7.88467337624789E-03 7.92622800217977E-03 0.007964879763877 8.00065712901739E-03 8.03361659138189E-03 8.0638346200834E-03 8.09140390408972E-03 8.11642448154033E-03 8.13900204510977E-03 8.15924197428507E-03 8.17724508755071E-03 8.19310920294263E-03 8.20693373409625E-03 8.21884922892417E-03 8.22901071519953E-03 8.23758540433462E-03 8.24473344090515E-03 8.25059936226628E-03 8.25531588250601E-03 8.25899919123059E-03 8.26174933643639E-03 8.26364232262358E-03 8.26473809253708E-03 8.26508481585115E-03 8.2647243178501E-03 8.26369323864697E-03 8.26201736715307E-03 8.25971106782143E-03 8.25678138934844E-03 8.25322644629777E-03 8.24901759484566E-03 8.24410378658504E-03 8.23259109877316E-03 0 0 0 0 0 0 0 0 0 0 0 0 0 0 0 0
7.05293832935262E-03 7.12250253760068E-03 7.19119477033387E-03 7.25889556428401E-03 7.32545367460923E-03 7.39067436959606E-03 7.45438475311617E-03 7.51640109801577E-03 7.57654151256724E-03 7.63460991980432E-03 7.69041769049222E-03 7.7437779254578E-03 7.79453403477978E-03 7.84255528497633E-03 7.8877384616816E-03 7.93001470215789E-03 7.96935518896024E-03 8.00577424047128E-03 8.03931392845977E-03 8.07004520968032E-03 8.09805714984877E-03 8.1234532284352E-03 8.14634466094087E-03 8.16684797650221E-03 8.18507817111215E-03 0.008201145498547 8.21515726711748E-03 8.22721973364123E-03 8.2374789607327E-03 8.24610775433728E-03 8.25327811644843E-03 8.25914836680279E-03 8.26385877437106E-03 8.26753587751651E-03 8.27028658132419E-03 8.27220243882044E-03 8.27335139513625E-03 8.27378409181672E-03 8.27353896134398E-03 8.27264885982811E-03 8.27114614785641E-03 8.26905054679046E-03 8.26636152575676E-03 8.26306821604485E-03 8.25915813573674E-03 8.25461637628079E-03 8.24410378658504E-03 0 0 0 0 0 0 0 0 0 0 0 0 0 0 0 0 0
7.12063296298946E-03 7.18931594260844E-03 7.25698804064745E-03 7.32352834951377E-03 7.38878674906166E-03 7.45257945378388E-03 7.51475238663113E-03 7.57513337076359E-03 7.63354748519134E-03 7.68980383148889E-03 7.74371954353213E-03 7.79511625322319E-03 7.84384553572386E-03 7.88978360973567E-03 7.9328345816196E-03 7.97293992426455E-03 8.01008404656373E-03 8.04429576566062E-03 8.07563203654397E-03 8.10417949090639E-03 8.13004029712575E-03 8.1533284415491E-03 8.17416551110164E-03 8.19267760663246E-03 8.20898795433298E-03 8.22321511873596E-03 8.23547495291386E-03 8.24588382585421E-03 8.25460446099685E-03 8.26182156045955E-03 8.26770519865515E-03 8.27240919888328E-03 8.2760684127677E-03 8.27880402097126E-03 8.28071598668998E-03 8.28188577234946E-03 8.28237096626737E-03 8.2822147867472E-03 8.28144844320067E-03 8.28009125497815E-03 8.27816211517185E-03 8.27567355627171E-03 8.27260546973742E-03 8.26891125169272E-03 0.008264555136074 8.25461637628079E-03 0 0 0 0 0 0 0 0 0 0 0 0 0 0 0 0 0 0
7.18651552662803E-03 7.25423572425216E-03 7.32081279719999E-03 7.38612018557243E-03 7.4500136121819E-03 7.51233378331086E-03 7.57293611622258E-03 7.63165804865877E-03 7.68832657132876E-03 7.74275497016551E-03 7.79476455697025E-03 7.8441887551208E-03 7.89088413241185E-03 7.93473379876437E-03 7.97565078367127E-03 8.01358995767464E-03 8.04855049439969E-03 8.08057617975825E-03 8.1097415584246E-03 8.13614994772902E-03 8.15991709819626E-03 8.18116638933655E-03 8.20002882157899E-03 8.21663839119601E-03 8.23112468730965E-03 8.24361358903585E-03 8.25422947851996E-03 8.26310109368037E-03 8.27040262619535E-03 8.27632566948565E-03 8.28103510813084E-03 8.28467754282924E-03 8.28738231467599E-03 8.28926559891471E-03 8.29042156893285E-03 0.008290920353294 8.29080851164801E-03 8.29012196972131E-03 8.28888541166264E-03 8.28710252616549E-03 8.28476871297535E-03 8.28188168440083E-03 8.27839406815566E-03 8.27422074767145E-03 0.008264555136074 0 0 0 0 0 0 0 0 0 0 0 0 0 0 0 0 0 0 0
7.25068532306156E-03 7.31736856389036E-03 7.38277888251539E-03 7.44679118132956E-03 7.50927606879469E-03 7.57009498082125E-03 7.62910242945512E-03 7.68614271395769E-03 7.74104269822549E-03 7.79362184038654E-03 7.8437068061448E-03 7.89114109518646E-03 7.9357845830949E-03 7.97753007763614E-03 8.01630296402572E-03 8.05207365525478E-03 8.08485775951974E-03 8.11471692811684E-03 8.14174574447169E-03 8.1660637849849E-03 8.18779915142986E-03 8.20708440169992E-03 8.22405852871172E-03 8.23886085183255E-03 8.25162540612364E-03 8.26248443796974E-03 8.27157122030162E-03 8.27902745003007E-03 8.28503408934545E-03 8.28978137757028E-03 8.29342434773758E-03 8.29610403738089E-03 8.2979459251166E-03 8.29905954795934E-03 8.29952996489458E-03 8.29941783377914E-03 8.29876007891334E-03 8.29757958846561E-03 8.29588621849908E-03 8.29366781502887E-03 8.29089584966403E-03 8.2875404968849E-03 8.28353024644753E-03 8.27422074767145E-03 0 0 0 0 0 0 0 0 0 0 0 0 0 0 0 0 0 0 0 0
7.31331423790529E-03 7.37889724385539E-03 7.44308360154759E-03 7.50575503617714E-03 7.56679331613001E-03 7.6260717771026E-03 7.68344831467567E-03 7.73876890728103E-03 7.79186232787888E-03 7.84255431847226E-03 7.8906778295455E-03 7.93608323276719E-03 7.97863972022861E-03 8.01825239058728E-03 8.05486264241821E-03 8.08845801667964E-03 8.1190737144056E-03 8.1467916402639E-03 8.17172613193315E-03 8.19401178177108E-03 8.21378710505744E-03 8.23119272209355E-03 8.24637214788686E-03 8.25946751485989E-03 8.27061643558265E-03 8.27995591458411E-03 8.28762615263023E-03 8.29378165101536E-03 8.29860656464843E-03 8.3022815618684E-03 8.30495338873219E-03 8.30675895572616E-03 8.30782029178048E-03 8.30823972113564E-03 8.30809317521789E-03 8.30743058385012E-03 8.30627331328798E-03 8.30462386582161E-03 8.30247282355158E-03 8.29978588802389E-03 8.29650455561729E-03 8.29257279373636E-03 8.28353024644753E-03 0 0 0 0 0 0 0 0 0 0 0 0 0 0 0 0 0 0 0 0 0
7.37453628829743E-03 7.43896158690811E-03 7.50187310140446E-03 7.56315886994382E-03 7.62270611525677E-03 7.68039698797021E-03 7.7360943518981E-03 7.78964511551006E-03 7.84088153557055E-03 7.88963507727384E-03 7.93574498370373E-03 7.97907030607847E-03 8.01949539311024E-03 8.05694159481483E-03 8.09136982428032E-03 8.12278609650183E-03 8.15124780098083E-03 8.17685867446548E-03 0.008199751497907 8.22007387387121E-03 8.23797221703101E-03 8.25359126236603E-03 8.26707508566739E-03 8.27856811761964E-03 8.28821092177627E-03 8.29614438762809E-03 8.30251463258348E-03 8.30748146781412E-03 8.31122242604876E-03 8.31391179944966E-03 8.31569521046634E-03 8.3167035899832E-03 8.31705286651902E-03 8.3168409621874E-03 8.31613948947315E-03 8.31498366956812E-03 8.3133657958999E-03 8.31125117177642E-03 8.30860833688939E-03 8.30537997519378E-03 8.30149603826133E-03 8.29257279373636E-03 0 0 0 0 0 0 0 0 0 0 0 0 0 0 0 0 0 0 0 0 0 0
7.43443294368362E-03 7.49763853912977E-03 7.55921664809019E-03 7.61905994904962E-03 7.67706043410453E-03 7.73310831260092E-03 7.78706945491616E-03 7.83879160909893E-03 7.88811098208337E-03 7.93486603529398E-03 7.97890510031946E-03 8.02009935365007E-03 8.05835147423967E-03 8.09360373632597E-03 8.12583935804778E-03 8.15508387461563E-03 8.18141847266003E-03 8.20496947351245E-03 8.22588528760791E-03 8.24432340943969E-03 8.26043473725463E-03 8.27436414045272E-03 8.28625516621542E-03 8.29625364383445E-03 8.30450054782099E-03 8.31113852821155E-03 8.31631654440148E-03 8.32019615239969E-03 8.32294910990476E-03 8.32474220764596E-03 8.32571777579398E-03 8.3260014407598E-03 8.32570391881595E-03 8.32492185043617E-03 8.3237274389276E-03 8.32213951481199E-03 8.32009565561066E-03 8.31748000706031E-03 8.31426126078668E-03 8.31037013356321E-03 8.30149603826133E-03 0 0 0 0 0 0 0 0 0 0 0 0 0 0 0 0 0 0 0 0 0 0 0
7.49303831447769E-03 7.55495372019364E-03 7.61512970584208E-03 7.67346376829111E-03 7.72985315536702E-03 7.7841944363814E-03 7.83635453549273E-03 7.88618244848359E-03 7.93351996453115E-03 7.97821462672434E-03 8.02012732542843E-03 0.008059144618245 8.09519114460594E-03 8.1282332318086E-03 8.15827842476056E-03 8.18537382813882E-03 8.20962546627039E-03 8.23117982076004E-03 8.25019675275685E-03 8.26683970184672E-03 8.28126030436063E-03 8.29360209616276E-03 8.30400761819879E-03 8.31262140325281E-03 8.3195816658521E-03 8.32503108036625E-03 8.32911962151857E-03 8.33200903843962E-03 8.3338655049403E-03 8.33484772037034E-03 8.33509195215904E-03 8.33471796185487E-03 8.33383342881659E-03 8.33253777522779E-03 8.33091401992234E-03 8.32897472903156E-03 8.32655830019903E-03 8.32329908190346E-03 8.31933633110127E-03 8.31037013356321E-03 0 0 0 0 0 0 0 0 0 0 0 0 0 0 0 0 0 0 0 0 0 0 0 0
7.55034728749318E-03 7.61089169569576E-03 7.66958683914481E-03 7.72633578486578E-03 7.78104066941024E-03 7.83360289189899E-03 7.88389075968801E-03 7.93175551037168E-03 7.97704622299704E-03 8.0196223138085E-03 8.05936049248553E-03 8.09616598697903E-03 8.12998890990107E-03 8.16082218498707E-03 8.18869908695566E-03 8.21368903629397E-03 8.23592042142915E-03 8.25555673227697E-03 8.27276561328629E-03 8.28771231572642E-03 8.30054637286051E-03 8.31140830380949E-03 8.32043713749804E-03 8.32777363447997E-03 8.33355232699968E-03 8.33791437125452E-03 8.34100970941825E-03 8.34299979218558E-03 8.34404653257374E-03 8.34429910395512E-03 8.34388375229092E-03 8.34291039579578E-03 8.34148136415222E-03 8.33970934067297E-03 8.33772990589656E-03 8.33561300298697E-03 8.3330750426395E-03 8.32870432269962E-03 8.31933633110127E-03 0 0 0 0 0 0 0 0 0 0 0 0 0 0 0 0 0 0 0 0 0 0 0 0 0
7.60631870937079E-03 7.66540282581734E-03 7.7225309265196E-03 7.7776124795125E-03 7.83055421416191E-03 7.88126074889393E-03 7.92960276673978E-03 7.97543620436184E-03 8.01862011939141E-03 8.05902750188219E-03 8.09655394946259E-03 8.13112781219228E-03 8.1627276454217E-03 8.19137343288529E-03 8.21712419734994E-03 8.24007181776234E-03 8.26036386655303E-03 8.27817601723807E-03 8.29367954885062E-03 8.30703819033929E-03 8.31839674257354E-03 8.32789070196946E-03 8.33565287279216E-03 8.34181806459344E-03 8.34651642439122E-03 8.34988763362495E-03 8.35208175515563E-03 8.35325884143294E-03 8.3535757472074E-03 8.35317292335952E-03 8.35216296399166E-03 8.35063333968271E-03 8.34866308607741E-03 8.34638139749327E-03 8.34407629038329E-03 8.34211458867143E-03 8.34074010186372E-03 8.32870432269962E-03 0 0 0 0 0 0 0 0 0 0 0 0 0 0 0 0 0 0 0 0 0 0 0 0 0 0
7.66088028794617E-03 7.71840857106512E-03 7.77387810601239E-03 7.82720573940335E-03 7.87830284074014E-03 7.92707595315029E-03 7.97340025779745E-03 8.0171397513889E-03 8.05816574248813E-03 8.09636700650863E-03 8.13166138663057E-03 8.16400443240814E-03 8.19340309382263E-03 8.21990433347002E-03 8.24359196015623E-03 8.26457915553969E-03 8.28302776952227E-03 8.29912107372711E-03 8.3130312628294E-03 8.32491680832157E-03 8.33491481586724E-03 8.34315376906021E-03 8.34975847986837E-03 8.35485567315112E-03 8.35857123448603E-03 8.3610431726994E-03 8.36242136792575E-03 8.36286495083547E-03 8.36252893435332E-03 8.36154612270379E-03 8.36000837991009E-03 8.35795652678104E-03 8.35538623628213E-03 8.35236896141661E-03 8.34949495651806E-03 8.34765757300919E-03 8.34737001222632E-03 0 0 0 0 0 0 0 0 0 0 0 0 0 0 0 0 0 0 0 0 0 0 0 0 0 0 0
7.71393972571741E-03 7.76981487787094E-03 7.8235342651109E-03 7.87502202279546E-03 7.92419397448303E-03 7.97095977968199E-03 8.01520191939317E-03 8.05679448134154E-03 8.09562374669265E-03 8.13159780797239E-03 8.16465990806758E-03 8.19479311893374E-03 8.22203227154279E-03 8.24645173276494E-03 8.26815885924862E-03 8.2872830006643E-03 8.30399519181882E-03 8.31848446070825E-03 8.3309205827089E-03 8.34145315823961E-03 8.3502090205207E-03 8.35730681915937E-03 8.36286091823512E-03 8.36699067068743E-03 8.36981857169126E-03 8.3714794400323E-03 8.37212126031033E-03 8.3719040782197E-03 8.37098719302236E-03 8.36950271951666E-03 8.36752273200551E-03 8.36501212131666E-03 8.36173470659734E-03 8.3573005153102E-03 8.35304285224046E-03 8.35085605789747E-03 8.34737001222632E-03 0 0 0 0 0 0 0 0 0 0 0 0 0 0 0 0 0 0 0 0 0 0 0 0 0 0 0
7.7653894153865E-03 7.81951649571255E-03 7.87139711884194E-03 7.92096366337385E-03 7.96813734266091E-03 8.01283237442935E-03 8.05493956852388E-03 8.09434605493806E-03 8.13095690969416E-03 8.16470254074705E-03 8.19555202639114E-03 8.22351498593157E-03 8.2486544212679E-03 8.27107123901066E-03 8.29089348630783E-03 8.30826118155967E-03 8.32335281419681E-03 8.33636107728264E-03 8.34744728560516E-03 8.35674832319049E-03 8.36437885410749E-03 8.37044658802206E-03 8.37505610223926E-03 8.37831960439493E-03 8.38035475495981E-03 8.38129182493074E-03 8.38127545498299E-03 8.38046726023085E-03 8.37903938212726E-03 8.3771413225679E-03 8.37485660142891E-03 8.37212102848707E-03 8.36832248643885E-03 8.3606433976563E-03 8.35304285224046E-03 8.35085605789747E-03 0 0 0 0 0 0 0 0 0 0 0 0 0 0 0 0 0 0 0 0 0 0 0 0 0 0 0 0
7.81512393472985E-03 7.8674134738193E-03 7.91737355647608E-03 7.96494630922738E-03 8.01005939282461E-03 8.05263129198435E-03 8.09256384215975E-03 8.12976145208835E-03 8.16415152650687E-03 8.19568737721871E-03 8.22436361608759E-03 8.2502157692258E-03 8.27333360685479E-03 8.29384160673869E-03 8.31188417449506E-03 8.32761161825082E-03 8.34120829244316E-03 8.35286391023006E-03 8.36272482522939E-03 8.37091332159785E-03 8.3775314642403E-03 8.38267730263537E-03 8.38644719012055E-03 8.38894537163361E-03 8.39028254550405E-03 8.39058366183999E-03 8.38998876357646E-03 8.38865601291619E-03 8.38677126033819E-03 8.38452771828471E-03 8.38210228996689E-03 8.37973635791089E-03 8.37784495161894E-03 8.3606433976563E-03 0 0 0 0 0 0 0 0 0 0 0 0 0 0 0 0 0 0 0 0 0 0 0 0 0 0 0 0 0 0
7.86304230298429E-03 7.91341317958721E-03 7.96138061427985E-03 8.00689765326244E-03 8.0498996732903E-03 8.09030854872924E-03 8.12804278994077E-03 8.16302788475615E-03 8.1952152420569E-03 8.22458035277153E-03 8.2511437288193E-03 8.27496535874195E-03 8.29615791351783E-03 8.31486635200932E-03 8.33124729431159E-03 8.34546108503609E-03 8.35769100307224E-03 8.3681181474591E-03 8.37687308346064E-03 8.38406260424936E-03 8.38977705861574E-03 8.39410602708415E-03 8.39713808239197E-03 8.39896872316087E-03 8.39970127428631E-03 8.39945280899906E-03 8.39835242460397E-03 8.39654404393189E-03 8.39421785441047E-03 8.39160355432328E-03 8.38894020523811E-03 8.38675334096028E-03 8.38636541362216E-03 0 0 0 0 0 0 0 0 0 0 0 0 0 0 0 0 0 0 0 0 0 0 0 0 0 0 0 0 0 0 0
7.90905045428727E-03 7.95743405868466E-03 8.00335160637139E-03 8.04676525285524E-03 8.08761821273322E-03 8.12584126170951E-03 0.008161374380285 8.19416485020703E-03 8.22418765064967E-03 8.25144094390345E-03 8.27597052626016E-03 8.2978586215348E-03 8.31723702313362E-03 8.33426617327636E-03 8.34911147369687E-03 8.36194081398638E-03 8.37293037860197E-03 8.38224794623209E-03 8.39000825678023E-03 8.39630546536901E-03 8.40122075477534E-03 8.40483500922604E-03 8.40722757336911E-03 8.40848628544279E-03 8.40870722592399E-03 8.40799569167955E-03 8.4064600747908E-03 8.40420733584795E-03 8.40139461950443E-03 8.39824172793852E-03 8.39487285563709E-03 8.39132632829801E-03 8.38636541362216E-03 0 0 0 0 0 0 0 0 0 0 0 0 0 0 0 0 0 0 0 0 0 0 0 0 0 0 0 0 0 0 0
7.95305558970956E-03 7.99939814986808E-03 8.04322403715199E-03 8.08450385080422E-03 8.12319221492118E-03 8.15923429223996E-03 8.19258956219292E-03 8.22322811828723E-03 8.25114803801105E-03 8.27637010996063E-03 0.008298961855564 8.31902525104981E-03 8.33670691052854E-03 8.35217755479382E-03 8.36560845899084E-03 8.37717271442919E-03 8.38703721492821E-03 8.39535126795513E-03 8.40221674275177E-03 8.40771765735561E-03 8.41192733442367E-03 8.41491829590471E-03 8.41676262078264E-03 8.4175410704521E-03 8.41733990186106E-03 8.4162456738325E-03 8.41433077852584E-03 8.41164070179045E-03 8.40827763706488E-03 8.40443128938076E-03 8.40014750543242E-03 8.39132632829801E-03 0 0 0 0 0 0 0 0 0 0 0 0 0 0 0 0 0 0 0 0 0 0 0 0 0 0 0 0 0 0 0 0
7.9950012807909E-03 8.03926644027687E-03 8.08097618800021E-03 8.12011252651884E-03 8.15664461684356E-03 8.1905320538708E-03 8.22175298629694E-03 8.25030090039653E-03 8.27619638180407E-03 8.29948062307942E-03 8.32023971963778E-03 8.33859266128461E-03 8.35469661487995E-03 8.36872910179954E-03 8.3808644106191E-03 8.39127603687813E-03 8.40011734574483E-03 8.40752142748077E-03 8.41358160453101E-03 8.4183722555842E-03 8.42195842754289E-03 8.42440641317043E-03 8.42578456341356E-03 8.4261669766541E-03 8.42562754466041E-03 8.42422186154816E-03 8.4219483160289E-03 8.41874450525874E-03 8.41472677663257E-03 8.41008387734188E-03 8.40014750543242E-03 0 0 0 0 0 0 0 0 0 0 0 0 0 0 0 0 0 0 0 0 0 0 0 0 0 0 0 0 0 0 0 0 0
8.03486521167539E-03 8.07703733705365E-03 8.11662870100114E-03 8.15363527890903E-03 8.18803972173169E-03 8.21981456450144E-03 8.24895883211316E-03 8.27548938144528E-03 8.29944809463174E-03 8.3208929716439E-03 0.008339926937366 8.35668319759975E-03 8.37132543028501E-03 8.3840343661271E-03 8.39498322825213E-03 8.4043432054825E-03 8.41225577060329E-03 8.41883938027755E-03 8.4241786222144E-03 8.42833959759459E-03 8.43138063756243E-03 8.43336353318632E-03 8.43435393650826E-03 8.43442155574619E-03 8.43363217326505E-03 8.43201145106223E-03 8.42943476987121E-03 8.42552055673918E-03 8.42064649301535E-03 8.41008387734188E-03 0 0 0 0 0 0 0 0 0 0 0 0 0 0 0 0 0 0 0 0 0 0 0 0 0 0 0 0 0 0 0 0 0 0
8.07265809711684E-03 8.11274202675526E-03 8.15023410180898E-03 8.18514275093724E-03 8.2174623737015E-03 8.24718032137958E-03 8.27431777089067E-03 8.29891345592887E-03 8.32102782906657E-03 8.34073447796632E-03 8.35815129092424E-03 8.37342226814246E-03 8.38671388903352E-03 8.39820675066742E-03 8.40807045216002E-03 8.41647202849051E-03 8.42354170965495E-03 8.42938608349069E-03 8.43408201908849E-03 8.43768928146531E-03 8.44026184666813E-03 8.44185666253432E-03 8.44253410185497E-03 8.44236318517023E-03 0.008441420068595 8.43975146535754E-03 8.4371321975977E-03 8.43190616824376E-03 8.42064649301535E-03 0 0 0 0 0 0 0 0 0 0 0 0 0 0 0 0 0 0 0 0 0 0 0 0 0 0 0 0 0 0 0 0 0 0 0
8.10841645668457E-03 8.1464349360175E-03 8.18186255270198E-03 8.21471840928641E-03 8.24501007755103E-03 8.27274143930821E-03 8.29795355213772E-03 8.32070545575709E-03 8.34107382066166E-03 8.3591465207354E-03 8.37505239408207E-03 8.3889434570645E-03 8.40098639877847E-03 8.41135903545575E-03 8.42022660976446E-03 8.42775105093938E-03 8.43405381380161E-03 8.43923146284829E-03 8.44335466748983E-03 8.44647873045482E-03 8.44865449066739E-03 8.44993429760657E-03 8.45037158896744E-03 8.45003089148779E-03 8.4490127531113E-03 8.4475539692367E-03 8.44626473466495E-03 8.43190616824376E-03 0 0 0 0 0 0 0 0 0 0 0 0 0 0 0 0 0 0 0 0 0 0 0 0 0 0 0 0 0 0 0 0 0 0 0 0
8.14220974895641E-03 8.1781999965797E-03 8.21161047100843E-03 8.24247014293648E-03 8.27080093210746E-03 8.29662470914899E-03 8.32000032895335E-03 8.34100385516047E-03 8.3597254212888E-03 8.37626645075647E-03 8.39076354253666E-03 8.40337275299705E-03 8.41425893644778E-03 8.42359677647758E-03 8.4315473541253E-03 8.43826677613583E-03 8.44386884129722E-03 8.4484430695445E-03 8.45205605406733E-03 8.4547604788496E-03 8.45660593056243E-03 8.4576414293568E-03 8.4579102954054E-03 8.45744589956449E-03 8.45627243147004E-03 8.45461158924371E-03 8.45425588500298E-03 0 0 0 0 0 0 0 0 0 0 0 0 0 0 0 0 0 0 0 0 0 0 0 0 0 0 0 0 0 0 0 0 0 0 0 0 0
8.17413391335881E-03 8.2081450247957E-03 8.2395964018366E-03 8.26852631455831E-03 8.29497139707678E-03 8.31897242013514E-03 8.34060303407078E-03 8.35995343876956E-03 0.008377124800251 8.39223085912503E-03 8.40541228071315E-03 8.4168261426531E-03 8.42663632825021E-03 8.43501380707006E-03 8.44211574514375E-03 8.44809194018003E-03 8.45305111615025E-03 8.45707788994381E-03 8.46023557935416E-03 8.46257582649594E-03 8.46414952001831E-03 8.46500763736804E-03 8.46519100922066E-03 8.46468891404686E-03 8.46323883092926E-03 8.45948875271747E-03 8.45425588500298E-03 0 0 0 0 0 0 0 0 0 0 0 0 0 0 0 0 0 0 0 0 0 0 0 0 0 0 0 0 0 0 0 0 0 0 0 0 0
8.20430436102125E-03 8.23639266652756E-03 8.26594812900429E-03 8.29301926539168E-03 8.31765801498881E-03 8.33992219913856E-03 8.35989777944834E-03 8.37768762471163E-03 8.39340189868872E-03 8.40716240922304E-03 8.41911086808172E-03 8.42940625628369E-03 8.43821183646076E-03 8.4456944211339E-03 8.45200678619436E-03 8.45729379671199E-03 8.46166132815046E-03 8.46519006573032E-03 8.46794055337562E-03 8.46996351110476E-03 8.47131156709877E-03 8.47204712256353E-03 8.47224510350805E-03 8.47198789779065E-03 8.47137765218745E-03 8.45948875271747E-03 0 0 0 0 0 0 0 0 0 0 0 0 0 0 0 0 0 0 0 0 0 0 0 0 0 0 0 0 0 0 0 0 0 0 0 0 0 0
8.23285023567163E-03 8.2630765764195E-03 8.29080330412753E-03 8.31608924652348E-03 8.33900072039931E-03 8.35961060957965E-03 8.37801584784854E-03 8.39433033237483E-03 8.40867047124736E-03 8.42116279153799E-03 8.4319511840629E-03 8.44119764968243E-03 8.44906324242251E-03 8.45571027255584E-03 8.46128720599212E-03 8.46593540564505E-03 8.46975801565053E-03 8.47283215980694E-03 8.47521673320124E-03 8.47696201348305E-03 8.47812182162196E-03 8.47876804308512E-03 8.47900238548799E-03 8.47896904935939E-03 8.47865466768984E-03 0 0 0 0 0 0 0 0 0 0 0 0 0 0 0 0 0 0 0 0 0 0 0 0 0 0 0 0 0 0 0 0 0 0 0 0 0 0 0
8.25989822399201E-03 8.28832462744895E-03 8.3142893653368E-03 8.33786222220063E-03 8.35912306187273E-03 8.37815815901111E-03 8.39507361849468E-03 8.40999094206863E-03 8.42303053618993E-03 8.43432412374271E-03 8.44401938194777E-03 8.45227992441076E-03 8.4592631524205E-03 8.46512767212392E-03 8.47001871252078E-03 8.47407377218559E-03 8.47739213153184E-03 8.48004829615253E-03 8.48210111932056E-03 8.48360196680997E-03 8.48460656755658E-03 8.48518197022084E-03 8.4854058038724E-03 8.48534149103651E-03 8.47865466768984E-03 0 0 0 0 0 0 0 0 0 0 0 0 0 0 0 0 0 0 0 0 0 0 0 0 0 0 0 0 0 0 0 0 0 0 0 0 0 0 0
8.28557045580231E-03 8.31225931298101E-03 8.33652918533891E-03 8.35846098674848E-03 8.37814612320603E-03 8.39568267421082E-03 8.41118333225196E-03 8.42477436683984E-03 8.43658069676141E-03 8.44673942196783E-03 8.45540111356759E-03 8.46272933948499E-03 8.46887945590695E-03 8.4740062290852E-03 8.47825205329491E-03 8.48174959583192E-03 8.48459529140317E-03 8.48686115834622E-03 8.48860592697573E-03 8.48988219847409E-03 8.49074477878898E-03 8.49124832616751E-03 8.49144308940548E-03 8.49120108807444E-03 0 0 0 0 0 0 0 0 0 0 0 0 0 0 0 0 0 0 0 0 0 0 0 0 0 0 0 0 0 0 0 0 0 0 0 0 0 0 0 0
