NongDo/Fusa 16.2h.grd
DSAA
463	323
2	464
2	324
0	10
[rows 140 to 167 of 323, columns 192 to 255 of 463]
7.49759425644094E-03 7.58349030987309E-03 7.6686464571131E-03 7.75282707012535E-03 7.83577713411909E-03 7.91718996575537E-03 7.99677030824734E-03 8.07422161441929E-03 8.14926355573527E-03 8.22161076696476E-03 8.29099220480616E-03 8.35714268650671E-03 8.41983477917949E-03 0.008478880582764 8.53413409354175E-03 8.58549712202191E-03 8.63292518161023E-03 8.67643469657251E-03 8.71609050626765E-03 8.75200256331581E-03 8.78431454568111E-03 8.81319613549984E-03 8.8388288727311E-03 8.86139901684651E-03 8.88108757829512E-03 8.89806136887722E-03 8.91247076748661E-03 8.92445369491679E-03 8.93416846850015E-03 8.94179688043389E-03 8.94754143386555E-03 8.95160817998708E-03 8.95419898532333E-03 8.95550930423743E-03 8.95572396611485E-03 8.95500964492033E-03 8.9535108119639E-03 8.95134716455683E-03 8.94861258336733E-03 8.94537206035143E-03 8.94168472043905E-03 8.9376059779835E-03 8.93319468769709E-03 8.92852325539055E-03 8.92370196929191E-03 8.91889321792185E-03 8.91432245282299E-03 8.90644241722778E-03 0 0 0 0 0 0 0 0 0 0 0 0 0 0 0 0
7.57571143770409E-03 7.66113197081214E-03 7.74552050552303E-03 7.82864950328852E-03 7.91027308047226E-03 7.9900938093968E-03 8.06784500250467E-03 8.1432587516743E-03 8.21608090024851E-03 8.28604763804963E-03 8.35290909328291E-03 8.4164195937937E-03 8.47637280064551E-03 8.53260077666181E-03 8.58497548458001E-03 8.63341690987847E-03 8.67790151999374E-03 8.71846973275976E-03 8.75520945739709E-03 8.78825444213903E-03 8.81776897736346E-03 8.84393838147175E-03 8.86695668330714E-03 8.88701925330472E-03 8.90431212834962E-03 8.9190047161091E-03 8.93124998161398E-03 8.94118725244158E-03 8.94898585770599E-03 8.95484281619623E-03 8.95896708112732E-03 8.96156632383327E-03 0.008962842514713 8.96298903907134E-03 8.96218549030013E-03 8.96059023967587E-03 8.95833924023196E-03 8.95554096804509E-03 8.95227555413895E-03 8.94859035267927E-03 8.94453797890373E-03 8.94018015691305E-03 8.93558384297134E-03 8.93084421038499E-03 8.92613228223214E-03 8.92171361624033E-03 8.91432245282299E-03 0 0 0 0 0 0 0 0 0 0 0 0 0 0 0 0 0
7.65285296490175E-03 7.73756045767175E-03 7.8209604241883E-03 7.9028290859933E-03 7.98292783728695E-03 8.06098097884422E-03 8.13675603529919E-03 8.21001145996019E-03 8.28051348636532E-03 8.34801511815613E-03 8.41228338798336E-03 8.47309340756189E-03 8.53025918801258E-03 8.58363096813757E-03 8.63309859834023E-03 8.6786028300689E-03 8.72014353788614E-03 8.75778560728305E-03 8.7916414987056E-03 8.8218697492129E-03 8.84865497541234E-03 8.87219657236707E-03 8.89269865249262E-03 8.91036246179459E-03 8.92537566540509E-03 8.93790765939124E-03 8.94811241868613E-03 8.95613398477213E-03 8.96215449367666E-03 8.96638118923044E-03 8.9690242100337E-03 8.97029106780981E-03 8.97038306932805E-03 8.96949130023307E-03 8.96779095581047E-03 8.9654307740019E-03 8.96253602751626E-03 8.95920403506163E-03 8.95550264688759E-03 8.95146214554352E-03 8.94713058142647E-03 8.94258778766368E-03 8.93792455316349E-03 8.93327879188369E-03 8.92889740645804E-03 8.92171361624033E-03 0 0 0 0 0 0 0 0 0 0 0 0 0 0 0 0 0 0
7.7289334260973E-03 7.81270986672946E-03 7.8949181623634E-03 7.97533429242224E-03 8.05373220584166E-03 8.12987476391431E-03 8.20355198920445E-03 8.27454538324491E-03 8.34263488209861E-03 8.40758922099091E-03 8.46919049220757E-03 8.52723853435853E-03 8.58156409373385E-03 8.63203572243013E-03 8.67856341487314E-03 8.72111270399041E-03 8.75970908574454E-03 8.79444249482234E-03 8.82545257728175E-03 8.85292272796237E-03 0.00887705673831 8.89806507417229E-03 8.9161590414862E-03 8.93154209656114E-03 8.94440001063859E-03 8.95490009559658E-03 8.9631967855663E-03 8.96944121742477E-03 8.97382494165861E-03 8.97656147251294E-03 8.97786001592006E-03 8.97792651012074E-03 8.97696131616474E-03 8.97515212467629E-03 8.97266917917897E-03 8.96965243201317E-03 8.96621441000399E-03 8.96244019548162E-03 8.9583860784868E-03 8.95407514884559E-03 8.94955646002878E-03 8.94494071149629E-03 8.94036849048688E-03 0.008936044595028 8.92889740645804E-03 0 0 0 0 0 0 0 0 0 0 0 0 0 0 0 0 0 0 0
7.80392125309584E-03 7.88656331244043E-03 7.96738579330155E-03 8.04617333760931E-03 8.12272212569348E-03 8.19682891938624E-03 8.26829461725963E-03 8.33692098914926E-03 8.40249951519681E-03 8.46481744714567E-03 8.52367352920844E-03 8.5788904229785E-03 8.63031425062262E-03 8.67783569964859E-03 8.72138921381407E-03 8.76096767881999E-03 8.79662400873345E-03 8.82847575777311E-03 8.85669120689879E-03 8.88147637185148E-03 8.90305068068208E-03 8.92163307965219E-03 8.93743837874396E-03 8.95066784625971E-03 8.96150234410571E-03 8.97010570627664E-03 8.97663299472571E-03 8.98124345462032E-03 8.98413510948154E-03 8.98552219745598E-03 8.98561054860073E-03 8.98460579041303E-03 8.9827077685999E-03 8.9800991253113E-03 8.97694272055079E-03 8.97337135727394E-03 8.96948454797346E-03 0.008965352797551 8.96102113265533E-03 8.95651939765372E-03 8.95191521239894E-03 8.94736861891854E-03 8.94309417168646E-03 0.008936044595028 0 0 0 0 0 0 0 0 0 0 0 0 0 0 0 0 0 0 0 0
7.87782538685404E-03 7.95914444870393E-03 8.03840517768797E-03 8.11540703715182E-03 8.18996455379394E-03 8.26189854200432E-03 8.33102731070315E-03 8.39716778679383E-03 8.46012550199651E-03 8.51970651587076E-03 8.5757278323451E-03 8.62803139526176E-03 8.67648573879777E-03 8.72100686740661E-03 8.76155783662974E-03 8.7981600692258E-03 8.8308962586008E-03 8.85991288690972E-03 8.88540491500752E-03 8.90759749358239E-03 8.92672119561287E-03 8.94299990993393E-03 8.95664648289569E-03 0.008967856216647 8.97680375612842E-03 8.98364839090122E-03 8.98854501421006E-03 8.99166111246018E-03 8.99319859571233E-03 8.99336854737648E-03 8.99237523154977E-03 8.99042408644283E-03 8.98771332074692E-03 8.98442054946553E-03 8.98070137446496E-03 8.97668003139953E-03 8.97244151567795E-03 8.96803994163569E-03 8.96351724209253E-03 8.95892362673661E-03 8.95437412414117E-03 8.95009559951928E-03 8.94309417168646E-03 0 0 0 0 0 0 0 0 0 0 0 0 0 0 0 0 0 0 0 0 0
7.95056437560119E-03 8.03037652820127E-03 8.10790540592055E-03 8.18296578798925E-03 8.25538620224204E-03 8.32500900910645E-03 8.39167222082786E-03 8.45520715166597E-03 8.51543504126078E-03 8.57218023844913E-03 8.6252785896903E-03 8.6745930849233E-03 8.72002039652843E-03 8.76150564349442E-03 8.79904378226196E-03 8.83268505018457E-03 8.86254301562486E-03 8.88879319793171E-03 8.91165397740426E-03 8.93136523616303E-03 8.94816376207455E-03 8.96227269212832E-03 8.97389787789653E-03 8.98322723615679E-03 8.99042842419198E-03 8.99565602032917E-03 8.99906514042216E-03 9.00082695914322E-03 9.00114125927349E-03 9.00021878252101E-03 8.99826665306986E-03 8.99548843126599E-03 8.99207807581291E-03 8.98820961669665E-03 8.98403527348143E-03 8.97967173421103E-03 8.97518443414771E-03 8.9706057821244E-03 8.96599083681253E-03 8.96143524584561E-03 8.95713926966904E-03 8.95009559951928E-03 0 0 0 0 0 0 0 0 0 0 0 0 0 0 0 0 0 0 0 0 0 0
8.0219953949685E-03 8.10011339915447E-03 8.17573517435431E-03 8.24869071127097E-03 8.31882426555865E-03 8.38600006667115E-03 8.45007351620183E-03 8.51088973272689E-03 0.008568286030906 8.62210642083433E-03 8.67220860577146E-03 8.71847954350916E-03 8.76084611479323E-03 8.79928626320432E-03 8.83382862935321E-03 8.86455187149706E-03 8.89160028562727E-03 8.91517729238852E-03 8.93551972250968E-03 8.95287688936216E-03 8.96748655917537E-03 8.97956601087803E-03 8.98931227260643E-03 8.99690456534536E-03 9.00250162420631E-03 9.00625269849926E-03 9.00831232334338E-03 9.00885413669243E-03 9.00807724050093E-03 9.00619038753463E-03 9.00340163578275E-03 8.99991267724626E-03 8.99591307344041E-03 8.99157441226463E-03 8.98705362920795E-03 8.98246905394476E-03 8.97785455345426E-03 8.97319600695141E-03 8.96860721389018E-03 8.96426326753712E-03 8.95713926966904E-03 0 0 0 0 0 0 0 0 0 0 0 0 0 0 0 0 0 0 0 0 0 0 0
8.09193993094058E-03 8.1681755591852E-03 8.24171442938084E-03 8.31240350428331E-03 8.38010502963837E-03 8.44470403500964E-03 8.50607115362829E-03 8.56406549263528E-03 8.61854195388928E-03 8.66936580058489E-03 8.71641943491074E-03 8.7596160944921E-03 8.79891525775535E-03 8.83432928039181E-03 8.86592090466292E-03 8.8937975422416E-03 8.91813312171434E-03 8.93915439961691E-03 8.95711059407437E-03 8.97225484453958E-03 8.98482089282616E-03 8.99501754267553E-03 9.00303182178477E-03 9.00903206101839E-03 9.01316647608093E-03 9.01557911139118E-03 9.01642401122059E-03 9.01587664744332E-03 9.0141361030267E-03 9.01140893816173E-03 9.00790163089665E-03 9.00381236323221E-03 8.9993265440425E-03 8.99461864185486E-03 8.98986878169376E-03 8.98522201198153E-03 8.98066119792916E-03 8.97599521386669E-03 8.97156069717457E-03 8.96426326753712E-03 0 0 0 0 0 0 0 0 0 0 0 0 0 0 0 0 0 0 0 0 0 0 0 0
8.16019929696222E-03 8.23436609343946E-03 8.30565024562679E-03 8.37391772496971E-03 8.43904959383966E-03 8.50095037966903E-03 8.55950606926843E-03 8.61459051235861E-03 8.66607753604431E-03 8.71385554232218E-03 8.7578335972512E-03 8.79795322032238E-03 8.8342084752979E-03 8.86664664609504E-03 8.89536369285756E-03 8.92049461044134E-03 8.9422386031533E-03 8.96084074189007E-03 8.97655745605272E-03 8.98964039405642E-03 9.00031545817316E-03 9.00878059990209E-03 9.01521049046066E-03 9.01976114389246E-03 9.02257086625192E-03 9.02377889610964E-03 9.02353907651493E-03 9.02202819988397E-03 9.0194463852257E-03 9.01599833404028E-03 9.01188590583802E-03 9.00729893958199E-03 9.00241540411688E-03 8.99742502731006E-03 8.99257841630067E-03 8.9881248664739E-03 8.98402194718517E-03 8.97925110122001E-03 8.97156069717457E-03 0 0 0 0 0 0 0 0 0 0 0 0 0 0 0 0 0 0 0 0 0 0 0 0 0
8.22656318150688E-03 8.29848247314652E-03 8.3673502700031E-03 8.43305331899806E-03 8.49549204040123E-03 8.55458848740249E-03 8.61024434880328E-03 8.66235032985157E-03 8.71080134631092E-03 8.75550934609866E-03 8.79641148690239E-03 8.83348042949858E-03 8.86674568094712E-03 8.89628747688973E-03 8.92223267272368E-03 8.94474224777871E-03 8.96403589877675E-03 8.98037066681256E-03 8.99400500451459E-03 9.0051849176022E-03 9.01412532969824E-03 9.02101135676719E-03 9.02600350060297E-03 9.02924468325315E-03 9.0308641815455E-03 9.03099759101603E-03 9.02979907555615E-03 9.02744581203312E-03 9.02413916987716E-03 9.02008429674768E-03 9.01547634820042E-03 9.01048673044985E-03 9.00526974298156E-03 9.0000343500588E-03 8.9951962814489E-03 8.99133410235884E-03 8.98900013535757E-03 8.97925110122001E-03 0 0 0 0 0 0 0 0 0 0 0 0 0 0 0 0 0 0 0 0 0 0 0 0 0 0
8.29082000728936E-03 8.36032606543209E-03 8.42663050956302E-03 8.48964233536862E-03 8.54928180491511E-03 8.60548658255756E-03 8.65817528583561E-03 8.7072580235384E-03 8.75265211143212E-03 8.79429388727592E-03 8.8321499749362E-03 8.86622603741947E-03 8.89658442354401E-03 8.92333596122797E-03 8.94663539265691E-03 8.96666690819742E-03 8.98366462025724E-03 8.99789207353071E-03 9.00960628575203E-03 9.01904354231516E-03 9.02640500597665E-03 9.03186159127424E-03 9.03555906635303E-03 9.03762706524086E-03 9.03818730755339E-03 9.03737227865939E-03 9.03533590790246E-03 9.03225562902977E-03 9.02833693354536E-03 9.02378969412622E-03 9.01880194921621E-03 9.01351085737487E-03 9.00799587861265E-03 9.00241694864847E-03 8.9974887038315E-03 8.99429173441705E-03 8.99394399658887E-03 0 0 0 0 0 0 0 0 0 0 0 0 0 0 0 0 0 0 0 0 0 0 0 0 0 0 0
8.35277309252522E-03 8.41971958496122E-03 8.48333492884308E-03 8.54355025969331E-03 8.60030550663686E-03 8.65355451518403E-03 8.70323431078417E-03 8.74927499919051E-03 8.79161779992084E-03 8.83022543505765E-03 8.86509483091722E-03 8.89626238033321E-03 8.92382040866035E-03 8.9479086868096E-03 8.96870678408778E-03 8.98641586241314E-03 9.00127895623253E-03 9.01356348411242E-03 9.02352108291508E-03 9.03137474470257E-03 9.03731008087232E-03 9.04148262331827E-03 9.04402312612624E-03 9.04504980800934E-03 9.04467851224286E-03 9.04303815781173E-03 9.04028058092082E-03 9.03658266476097E-03 9.03215932330089E-03 9.02723775397959E-03 9.02201093884697E-03 9.01657382483643E-03 9.01081511667158E-03 9.00447584656194E-03 8.99894556249813E-03 8.9957991480737E-03 8.99394399658887E-03 0 0 0 0 0 0 0 0 0 0 0 0 0 0 0 0 0 0 0 0 0 0 0 0 0 0 0
8.41224732489766E-03 8.47651104093076E-03 8.53733468616829E-03 8.59467248875371E-03 8.64848460281091E-03 8.69874127558862E-03 8.74539728256093E-03 8.78840428712539E-03 8.82772973966438E-03 8.8633637448275E-03 8.89533161469098E-03 8.9236971554095E-03 8.94858067028392E-03 8.97014797638678E-03 8.98859915956845E-03 9.00414638332003E-03 9.01703943928233E-03 9.02754668328532E-03 9.03590852392125E-03 9.04233183400349E-03 9.04698630126545E-03 9.05001278286731E-03 9.05152918340462E-03 9.05164357139208E-03 9.05046588504065E-03 9.04812103866766E-03 9.04475667850976E-03 9.04054558276664E-03 9.03571967534484E-03 9.03054967635833E-03 9.02527832572516E-03 9.02003477150618E-03 9.01444255039451E-03 9.0060837837571E-03 8.99894556249813E-03 8.9957991480737E-03 0 0 0 0 0 0 0 0 0 0 0 0 0 0 0 0 0 0 0 0 0 0 0 0 0 0 0 0
8.4691062938279E-03 8.53058869899347E-03 8.58854330882009E-03 8.64294853664745E-03 8.69378502803721E-03 8.74103752651606E-03 8.78467985689467E-03 8.82468799255428E-03 8.8610571623832E-03 8.89380308032685E-03 8.9229770152933E-03 8.94866751860677E-03 8.97101932574327E-03 8.99021962598827E-03 9.00648358333631E-03 9.02003304099596E-03 9.03112208380578E-03 9.04001373078081E-03 0.009046932509808 9.05206909051013E-03 9.05557854100638E-03 9.05758923778707E-03 9.05820859562855E-03 9.05753538070261E-03 9.05567307193315E-03 9.05274178931808E-03 9.04888220404023E-03 9.04425659854189E-03 9.03911749406219E-03 9.03381324777302E-03 9.02872478830992E-03 9.02435502132677E-03 9.0214237294303E-03 9.0060837837571E-03 0 0 0 0 0 0 0 0 0 0 0 0 0 0 0 0 0 0 0 0 0 0 0 0 0 0 0 0 0 0
8.52324654126604E-03 8.58187489921149E-03 8.63690941709372E-03 8.68835294591557E-03 8.73620672537166E-03 8.78046754429177E-03 8.8211324815617E-03 8.85820343779463E-03 8.89170255481587E-03 8.92166799006183E-03 8.94817525401718E-03 8.97133452627073E-03 8.99130972566792E-03 9.00830504543391E-03 9.02254554439158E-03 9.03426170870396E-03 9.04370584629714E-03 9.05113135597022E-03 9.05674750831276E-03 9.06072992328996E-03 9.06322134250627E-03 9.06433947521968E-03 9.06418252100176E-03 9.06284113241634E-03 9.0604123173052E-03 9.05700922920375E-03 9.05275969901428E-03 9.04780787518935E-03 9.04242163992877E-03 9.03703213476026E-03 9.03213518852726E-03 9.0285898246365E-03 9.02815092718646E-03 0 0 0 0 0 0 0 0 0 0 0 0 0 0 0 0 0 0 0 0 0 0 0 0 0 0 0 0 0 0 0
8.5745981031725E-03 8.63032760362764E-03 8.6824202206792E-03 8.73090007340335E-03 8.77578769891932E-03 8.81709621583249E-03 8.85484821150157E-03 8.88906928216083E-03 8.91980542752222E-03 8.94711551319665E-03 8.97109661973332E-03 8.99187709184393E-03 9.00963561064919E-03 9.02458794712099E-03 9.03696531401211E-03 9.04700461702826E-03 9.05495228909703E-03 9.06104922477857E-03 9.06549077904881E-03 9.06844106088503E-03 9.07003342011373E-03 9.07037595230521E-03 9.06955803985504E-03 9.06766400274644E-03 9.06478453342268E-03 9.06102268518942E-03 9.05648714915288E-03 9.05129540442099E-03 9.04571442296669E-03 9.0402199084499E-03 9.03523198635594E-03 9.03111937345009E-03 9.02815092718646E-03 0 0 0 0 0 0 0 0 0 0 0 0 0 0 0 0 0 0 0 0 0 0 0 0 0 0 0 0 0 0 0
8.62312206413221E-03 8.67593544287651E-03 8.72509080768921E-03 8.77063181205636E-03 8.81259988341213E-03 8.85102754163261E-03 0.008885957867089 8.9174386811061E-03 8.9455371417033E-03 8.97033086650251E-03 8.99193356416347E-03 9.01048879265935E-03 9.02618608753795E-03 9.03924829744223E-03 9.0499105109288E-03 9.05841419393158E-03 9.06499889469806E-03 9.06989048541886E-03 9.07327378649056E-03 9.07530402678882E-03 9.07610667265983E-03 9.07578172497057E-03 9.07441210975675E-03 9.07207717706126E-03 9.06886125156052E-03 9.06485329395856E-03 9.06013523520978E-03 9.05479785538385E-03 9.04911789158971E-03 9.0435983723874E-03 9.03861980567851E-03 9.03111937345009E-03 0 0 0 0 0 0 0 0 0 0 0 0 0 0 0 0 0 0 0 0 0 0 0 0 0 0 0 0 0 0 0 0
8.66884301976239E-03 8.71874952285263E-03 8.76499640324221E-03 8.80764842903426E-03 8.84676827142718E-03 8.88240504957083E-03 8.91461946158395E-03 8.94348034178482E-03 8.96907374787054E-03 8.99149259749145E-03 9.0108636189507E-03 9.02734304452231E-03 9.04112788936406E-03 9.05244546306264E-03 9.06153268142984E-03 9.06863188606015E-03 9.07397365821879E-03 9.07777181573738E-03 9.08020430910512E-03 9.08141867407089E-03 9.08153300435496E-03 9.08064103731187E-03 9.07882213171589E-03 9.07615345682677E-03 9.07271583301567E-03 9.06858370369611E-03 9.06379576880718E-03 9.05839327009689E-03 9.05274125275908E-03 9.04739204934152E-03 9.03861980567851E-03 0 0 0 0 0 0 0 0 0 0 0 0 0 0 0 0 0 0 0 0 0 0 0 0 0 0 0 0 0 0 0 0 0
8.7118263958361E-03 8.75886031995419E-03 8.8022519953043E-03 8.84208777471016E-03 8.87844781827194E-03 8.91139427754834E-03 8.94100624572488E-03 8.96737204653116E-03 8.99059409686952E-03 9.01077643835221E-03 9.02805705257878E-03 9.04260250469225E-03 9.05461433683714E-03 9.06432201928576E-03 9.0719619163867E-03 9.0777754860249E-03 9.08198613383794E-03 9.08479735150427E-03 9.08638062689838E-03 9.08687767992615E-03 9.08640110663087E-03 9.08503947237998E-03 9.08287023985551E-03 9.07997410843029E-03 9.07643933503907E-03 9.07234555311287E-03 9.06767482494985E-03 9.06225074825354E-03 9.05674937395853E-03 9.04739204934152E-03 0 0 0 0 0 0 0 0 0 0 0 0 0 0 0 0 0 0 0 0 0 0 0 0 0 0 0 0 0 0 0 0 0 0
8.7521689679525E-03 8.79638446645931E-03 8.83699311984881E-03 8.87409924017137E-03 8.90779692143443E-03 8.93816192259374E-03 8.96529144636366E-03 8.9892903002768E-03 9.01027350771663E-03 9.02835465149307E-03 9.0436811016527E-03 9.05642689526072E-03 9.0667957119086E-03 9.07501746980789E-03 9.08132708853732E-03 9.08596396197605E-03 9.08914514585223E-03 9.09106644930195E-03 9.09189410593515E-03 9.09176583094358E-03 9.09079094198919E-03 9.08905396107681E-03 9.08663128648552E-03 9.08361369299119E-03 9.08012049407558E-03 9.07630799258984E-03 9.07217618840764E-03 9.0665380235073E-03 9.05674937395853E-03 0 0 0 0 0 0 0 0 0 0 0 0 0 0 0 0 0 0 0 0 0 0 0 0 0 0 0 0 0 0 0 0 0 0 0
8.78998850530243E-03 8.83145465136157E-03 8.86936388784335E-03 8.90383510925083E-03 8.93497606154741E-03 8.96287656737146E-03 8.98764850427164E-03 9.00941037425698E-03 9.02828651659434E-03 9.04439857480661E-03 9.05789998324588E-03 9.06897028749467E-03 9.0778141440716E-03 9.08466102485132E-03 9.08974488349782E-03 9.09330250427693E-03 9.09554629095893E-03 9.09666604027785E-03 9.09682400666054E-03 9.09615539761819E-03 9.0947680874297E-03 9.09274558544154E-03 9.09016597996217E-03 9.08713122689893E-03 9.08381069087552E-03 9.08060473357583E-03 9.07840680960333E-03 9.0665380235073E-03 0 0 0 0 0 0 0 0 0 0 0 0 0 0 0 0 0 0 0 0 0 0 0 0 0 0 0 0 0 0 0 0 0 0 0 0
8.82542707007465E-03 8.86422316815005E-03 8.89952394059447E-03 8.93146055684594E-03 8.96015379510869E-03 8.98570795325134E-03 9.00824678110702E-03 9.02789847088757E-03 9.04479349699671E-03 9.05906097788406E-03 9.07085816975452E-03 9.0803673847495E-03 9.08779369478328E-03 9.09336677220675E-03 9.09732026717574E-03 9.09988784401294E-03 9.10127795409151E-03 9.10167645720149E-03 9.10124307639643E-03 9.10011190314084E-03 9.09839188624288E-03 9.09617057740777E-03 9.09353257218058E-03 9.09057969695322E-03 9.08745368978791E-03 9.08461672810299E-03 9.08423723924371E-03 0 0 0 0 0 0 0 0 0 0 0 0 0 0 0 0 0 0 0 0 0 0 0 0 0 0 0 0 0 0 0 0 0 0 0 0 0
8.85863704811641E-03 8.89484880369574E-03 8.9276367031594E-03 8.9571422712255E-03 8.98349814813053E-03 9.00682295637847E-03 9.02724888869823E-03 9.04491082888921E-03 9.05994304650465E-03 9.07248120532304E-03 9.08268399786451E-03 9.0907350611563E-03 9.09684145407309E-03 9.10123302696526E-03 9.10414323436548E-03 9.1058022366422E-03 9.10641591946106E-03 9.10616743898963E-03 9.10521485324192E-03 9.10369247691301E-03 9.10171344698602E-03 9.09937813832521E-03 9.09679448871504E-03 9.09407520161534E-03 9.09117667396512E-03 9.08719947182413E-03 9.08423723924371E-03 0 0 0 0 0 0 0 0 0 0 0 0 0 0 0 0 0 0 0 0 0 0 0 0 0 0 0 0 0 0 0 0 0 0 0 0 0
8.88977091770185E-03 8.92348538267837E-03 8.95385509988124E-03 8.98103167572701E-03 9.0051589177644E-03 9.02636701896439E-03 9.04479390204245E-03 9.06057969558585E-03 9.07386079423562E-03 9.08477622505128E-03 9.09348476109346E-03 9.1001728848015E-03 9.10505021775552E-03 9.10834649195902E-03 9.11029436551747E-03 9.11112076652454E-03 9.11102997236483E-03 9.11020333318354E-03 9.10879830184747E-03 9.10695093703146E-03 9.1047811992714E-03 9.10241249439904E-03 9.10001454268389E-03 9.09785398386865E-03 9.0963041780839E-03 9.08719947182413E-03 0 0 0 0 0 0 0 0 0 0 0 0 0 0 0 0 0 0 0 0 0 0 0 0 0 0 0 0 0 0 0 0 0 0 0 0 0 0
8.9189739170302E-03 8.95027785304753E-03 8.97832345820512E-03 0.009003271160762 9.02527417945003E-03 9.04447177646014E-03 9.06100602673802E-03 9.07502068105923E-03 9.08665232280752E-03 9.09604143918609E-03 9.10334870756753E-03 9.10876426419205E-03 9.11249895932456E-03 9.11478198061432E-03 9.11584494236629E-03 9.11591138082786E-03 9.11518383704431E-03 9.11384301567408E-03 9.11204732155991E-03 9.10993721669469E-03 9.10764254325038E-03 9.1053113453051E-03 9.10317941783689E-03 9.10166973153164E-03 9.10133576854174E-03 0 0 0 0 0 0 0 0 0 0 0 0 0 0 0 0 0 0 0 0 0 0 0 0 0 0 0 0 0 0 0 0 0 0 0 0 0 0 0
8.94637001464627E-03 8.97534801294581E-03 9.00116028810791E-03 9.02397559629835E-03 9.04395504359624E-03 9.06124472314774E-03 9.07598883887046E-03 9.08833172598635E-03 9.09840887637976E-03 9.10636314614998E-03 9.11235852911941E-03 9.11658758140779E-03 9.11926121381992E-03 9.12060830504537E-03 9.12085953562592E-03 9.12023443838882E-03 9.11893326390287E-03 9.11713761199495E-03 9.11500881999198E-03 9.11269482470586E-03 9.11034006884853E-03 9.10811691493088E-03 9.10629348130549E-03 9.10522957521473E-03 9.10133576854174E-03 0 0 0 0 0 0 0 0 0 0 0 0 0 0 0 0 0 0 0 0 0 0 0 0 0 0 0 0 0 0 0 0 0 0 0 0 0 0 0
8.9720677299477E-03 8.9988027508084E-03 9.02247118543262E-03 9.04324907958648E-03 9.06130285734387E-03 9.07678341497993E-03 9.08983474028421E-03 9.10059964575568E-03 9.10921343003138E-03 9.11582149143579E-03 9.12059033758202E-03 9.12371376581408E-03 9.12540342244992E-03 9.12588727492637E-03 9.12539445792722E-03 9.12414040973651E-03 9.12232375509533E-03 9.1201284080762E-03 9.11772036691198E-03 9.11525764914173E-03 9.11290430574722E-03 9.11086951909274E-03 9.10949399716641E-03 9.10921179758637E-03 0 0 0 0 0 0 0 0 0 0 0 0 0 0 0 0 0 0 0 0 0 0 0 0 0 0 0 0 0 0 0 0 0 0 0 0 0 0 0 0
