NongDo/Fusa 18.3h.grd
DSAA
463	323
2	464
2	324
0	10
[rows 140 to 167 of 323, columns 192 to 255 of 463]
7.43330191735669E-03 7.54410275031324E-03 7.65472936181226E-03 7.76479627441057E-03 7.87389197714784E-03 7.98152311464391E-03 8.08719792730944E-03 8.19041788023889E-03 8.29070658265436E-03 8.38758363258485E-03 8.48059303569459E-03 8.56929247559113E-03 8.65329953081665E-03 8.7323011862664E-03 8.80605885051213E-03 8.87441618129597E-03 8.93730661380234E-03 8.99476366715434E-03 9.04690325994604E-03 9.09391602453889E-03 9.1360492457268E-03 9.17359315500032E-03 9.2068592916838E-03 9.23616787351833E-03 9.26183190863315E-03 9.28414047906129E-03 9.30334858890024E-03 9.31967176720729E-03 9.3333321140825E-03 9.34456943671243E-03 9.35364048057929E-03 9.36079922823978E-03 9.36628809697656E-03 9.37033919793461E-03 9.37316961761877E-03 9.3749781266804E-03 9.37593339757725E-03 9.37617475375977E-03 9.37581248391992E-03 9.3749292809887E-03 9.37358961659915E-03 9.3718445850384E-03 9.36973793353479E-03 9.36731553705202E-03 9.36463813556264E-03 9.36178552582546E-03 9.35886439158039E-03 9.3533636188734E-03 0 0 0 0 0 0 0 0 0 0 0 0 0 0 0 0
7.53533937425524E-03 7.64604762941459E-03 7.75612892121129E-03 7.86519667142887E-03 7.9728409072297E-03 8.07857155442039E-03 8.18193074900452E-03 8.28245876048872E-03 8.37971849761537E-03 8.47326499103246E-03 8.56267963987179E-03 8.64755842087438E-03 8.72756224600765E-03 8.80242164442288E-03 8.87193948758284E-03 8.93600077048227E-03 8.9945827443741E-03 9.04776523732998E-03 9.09570719025061E-03 9.13864112237633E-03 9.17684983554949E-03 9.21064949684668E-03 9.24037038512667E-03 9.26634452428036E-03 9.28888872731536E-03 9.30828941745358E-03 9.32479579509441E-03 9.33861243485948E-03 9.34996291445556E-03 9.35909761157411E-03 9.36627315347997E-03 9.37173765935853E-03 9.37572656440828E-03 9.37846459874423E-03 9.38015800626103E-03 9.38099209765499E-03 9.38112096854414E-03 9.38066753568342E-03 9.37972430841843E-03 9.37835458181786E-03 9.37660977566333E-03 9.37453476807354E-03 9.37216809344439E-03 9.36955674421913E-03 9.36678371629593E-03 9.3639846966943E-03 9.35886439158039E-03 0 0 0 0 0 0 0 0 0 0 0 0 0 0 0 0 0
7.6362888905851E-03 7.74654116564448E-03 7.85572768282645E-03 7.96345677753451E-03 8.06931846581831E-03 8.17284524813523E-03 8.27362366891774E-03 8.37123191030323E-03 8.4652660207137E-03 8.55531178808854E-03 8.64098393943605E-03 8.72192038477098E-03 8.79782595153287E-03 8.8684732732859E-03 8.93370710774534E-03 8.99345751305437E-03 9.04774867871096E-03 9.0967063933021E-03 9.14053310604102E-03 9.17950266075793E-03 9.21393082243084E-03 9.24415536118781E-03 9.27051992304545E-03 9.29336184042544E-03 9.31299494343553E-03 9.32969751068064E-03 9.34370920424329E-03 9.35522687870242E-03 9.36447782258564E-03 9.37171760915934E-03 9.37719650260145E-03 9.38115491794423E-03 9.38382100580589E-03 9.38541212820663E-03 9.38612467123476E-03 9.38612909999485E-03 9.3855629376932E-03 9.38453311557215E-03 9.3831159444801E-03 9.38135500677716E-03 9.37928799127966E-03 9.37695944594411E-03 9.37440975640979E-03 9.37169476862602E-03 9.36893192314189E-03 9.3639846966943E-03 0 0 0 0 0 0 0 0 0 0 0 0 0 0 0 0 0 0
7.73602800559072E-03 7.84547999903004E-03 7.9534394577017E-03 8.05950660407587E-03 8.16327987594295E-03 8.2643396119891E-03 8.36230340916116E-03 8.45678479568982E-03 8.5474059193487E-03 8.63378427883518E-03 8.71556764055869E-03 8.79244304014642E-03 8.86415577074446E-03 8.9305216029405E-03 8.99143055843704E-03 9.04686283250046E-03 9.09689163160199E-03 9.14168786481185E-03 9.18149887894835E-03 9.21663743878924E-03 9.24744799263516E-03 9.27428337942124E-03 9.29749444871094E-03 9.31741682371273E-03 9.33435467029859E-03 9.34857366336844E-03 9.36030179516557E-03 9.36973166491306E-03 9.37709085576834E-03 9.38263587590947E-03 9.38660819457907E-03 9.38923932377042E-03 9.39075058404629E-03 9.39135117961248E-03 9.39122701170986E-03 9.39053303990618E-03 9.38938960504962E-03 9.38788723228863E-03 9.38608664363119E-03 9.38401596353314E-03 9.38170079464207E-03 9.37919079730182E-03 9.37654092033486E-03 9.37383427918916E-03 9.36893192314189E-03 0 0 0 0 0 0 0 0 0 0 0 0 0 0 0 0 0 0 0
7.83449218558167E-03 7.94281283257939E-03 8.04921932750311E-03 8.15331746638212E-03 8.25472884222275E-03 8.35307781181239E-03 8.44800030319741E-03 8.53914433537442E-03 8.62615770844791E-03 8.70869583904024E-03 8.78644392159827E-03 8.85913710160714E-03 8.92656055393837E-03 8.98857893421235E-03 9.04513313683383E-03 9.09625581756662E-03 9.14206974222302E-03 9.18279188603953E-03 9.21871352610909E-03 9.25018043791786E-03 9.27755814382995E-03 9.30120848890106E-03 9.32148234383364E-03 9.33870590645029E-03 9.35316807802361E-03 9.36511888376702E-03 9.37477426969281E-03 9.38232528850045E-03 9.38799745530121E-03 9.39204156415984E-03 9.39468800239499E-03 9.39616167227554E-03 9.39667802309872E-03 9.39643604283451E-03 9.39560820806826E-03 9.39433486187808E-03 9.39271974701462E-03 9.39083490089124E-03 9.38872395021609E-03 9.38640634544711E-03 9.38390484450127E-03 9.38128290809435E-03 9.3786289437252E-03 9.37383427918916E-03 0 0 0 0 0 0 0 0 0 0 0 0 0 0 0 0 0 0 0 0
7.93164051508975E-03 8.03851047203893E-03 8.14305558876631E-03 8.24489689815658E-03 8.34367674433138E-03 8.43905325706762E-03 8.53069287130238E-03 8.61827444179555E-03 8.70147709279207E-03 8.77999655856907E-03 8.85355976927999E-03 8.92194655283447E-03 8.98499183311501E-03 9.04261318349516E-03 9.09480690334707E-03 9.14165759076506E-03 9.18333767663989E-03 9.22010881992649E-03 9.25230057376512E-03 9.28028414526233E-03 9.30443741274408E-03 9.32512427059485E-03 9.34268667038338E-03 9.35743497525896E-03 9.36963992625233E-03 9.37953386730818E-03 9.38732010343507E-03 9.39319041419175E-03 9.39736649073702E-03 9.40008755788501E-03 9.40157635560366E-03 9.40205229332491E-03 9.40172375196255E-03 9.4007780548395E-03 9.39937371100772E-03 9.39763546069408E-03 9.39564842980186E-03 9.39346444987667E-03 9.39111330165115E-03 9.38861146011262E-03 9.38599323447631E-03 9.38335103734293E-03 9.3786289437252E-03 0 0 0 0 0 0 0 0 0 0 0 0 0 0 0 0 0 0 0 0 0
8.0272879910898E-03 8.13238510272494E-03 8.23476060071883E-03 8.33405408696245E-03 8.42992693381847E-03 8.52207102262215E-03 8.61018913824402E-03 8.69399229278645E-03 8.77319517778738E-03 8.84753498802804E-03 8.91678298521982E-03 8.98076664070222E-03 9.03937754450227E-03 9.09258983139761E-03 9.14045752725642E-03 9.18311465638157E-03 9.22078115814179E-03 9.25376020244485E-03 9.28241230106056E-03 9.30712555711275E-03 9.32828138014253E-03 9.34623661207162E-03 9.3613166619694E-03 9.37381316530727E-03 9.38397687514829E-03 9.39202203944001E-03 9.39814044746872E-03 9.40252127530469E-03 9.40537736842635E-03 9.40693925321057E-03 9.40742704408488E-03 9.40705311663915E-03 9.40601591349364E-03 9.40449138403036E-03 9.4026263761527E-03 9.40052988315156E-03 9.39826405841326E-03 9.39585587419597E-03 9.39332858862348E-03 9.39070847086114E-03 9.38806888072571E-03 9.38335103734293E-03 0 0 0 0 0 0 0 0 0 0 0 0 0 0 0 0 0 0 0 0 0 0
8.12116939775456E-03 8.22416231260994E-03 8.32405087438776E-03 8.42049632156609E-03 8.51318533339617E-03 8.60184741430119E-03 8.68622115823992E-03 8.76605086420422E-03 8.84108916001865E-03 8.91111798779724E-03 8.97595778531328E-03 9.03548726918974E-03 9.08965597917203E-03 9.13849711485801E-03 9.18212184600788E-03 9.22070974537936E-03 9.25452436866326E-03 9.28390548635073E-03 9.30923521743559E-03 9.33090934615132E-03 9.34930435472835E-03 9.36476214300117E-03 9.37758817034652E-03 9.38805314246472E-03 9.3963851603736E-03 9.4027802195587E-03 9.40741914710288E-03 9.41048794147584E-03 9.4121932529857E-03 9.41275660151842E-03 9.41239304787466E-03 9.41130753619446E-03 9.40968805172372E-03 9.40769954795653E-03 9.40548108050642E-03 9.40313037056171E-03 9.40067811729946E-03 0.009398109571722 9.39546692513234E-03 9.39280758798566E-03 9.38806888072571E-03 0 0 0 0 0 0 0 0 0 0 0 0 0 0 0 0 0 0 0 0 0 0 0
8.2129765043308E-03 8.31353224924688E-03 8.41061862022087E-03 8.50392394034545E-03 8.59316658027943E-03 8.67811533494828E-03 8.75854415186043E-03 8.83423276981724E-03 8.90497529221284E-03 8.97060120159636E-03 9.03098360193137E-03 9.08605445616111E-03 9.13582236344681E-03 9.18037868252089E-03 9.21988868349071E-03 9.25457417303706E-03 9.28473711520853E-03 9.31074481940266E-03 9.33299082467065E-03 9.35186962987672E-03 9.36774520243777E-03 9.38094010456618E-03 0.009391737462417 9.40038422030243E-03 9.40708438817237E-03 9.41201690296327E-03 9.41535317674296E-03 9.41727616090252E-03 9.41798770861904E-03 9.41770120840875E-03 9.41662446691077E-03 9.41495329962627E-03 9.41286499864495E-03 9.41051587133947E-03 9.40804651714278E-03 9.40555709983328E-03 9.40303317029217E-03 9.40033580964447E-03 9.39763018801498E-03 9.39280758798566E-03 0 0 0 0 0 0 0 0 0 0 0 0 0 0 0 0 0 0 0 0 0 0 0 0
8.30237989452155E-03 8.40017056854195E-03 8.49415025987155E-03 8.58404011070999E-03 8.66959449584107E-03 8.7506224418618E-03 8.82693528441817E-03 8.89835068948871E-03 8.96470699549164E-03 9.02588370040366E-03 9.08180804338846E-03 9.13246602609545E-03 9.17792515735437E-03 9.21833200903101E-03 9.25390060734395E-03 9.28488969103681E-03 9.31163087017878E-03 9.33450989721799E-03 9.35392320678012E-03 9.37025595155782E-03 9.38385380873876E-03 9.39501657895439E-03 9.40400203658313E-03 9.41103173765235E-03 9.41628712199554E-03 9.41993182562361E-03 9.42212968710118E-03 9.42306093938153E-03 9.42292393868739E-03 9.42192441029604E-03 9.42026070384883E-03 9.41811603560901E-03 9.41565451583118E-03 9.41303076511571E-03 9.41041435125656E-03 9.40795345647656E-03 9.40560057831411E-03 9.40267932536589E-03 9.39763018801498E-03 0 0 0 0 0 0 0 0 0 0 0 0 0 0 0 0 0 0 0 0 0 0 0 0 0
8.38904205440499E-03 8.48375563615114E-03 8.57434578253356E-03 8.66057166651291E-03 8.74222736773596E-03 8.81916167269788E-03 8.89122500081163E-03 8.95827659426996E-03 9.02020218843678E-03 9.07693118351214E-03 9.12844500750242E-03 9.17478478241665E-03 9.21607448924169E-03 9.25250935843725E-03 9.28434505154304E-03 9.31187167650595E-03 9.3354416837463E-03 9.3554491760858E-03 9.37228555894863E-03 9.38632046933702E-03 9.3978768123047E-03 9.4072292441558E-03 9.41460843104437E-03 9.42021010707195E-03 9.4241952517165E-03 9.42671499919825E-03 9.42792754460435E-03 9.42801009350837E-03 9.42715754484987E-03 9.42556958145016E-03 9.42343350829012E-03 9.42091305237798E-03 9.41814909829886E-03 9.41529748193689E-03 9.4126142615791E-03 9.41043648864953E-03 9.40907517354311E-03 9.40267932536589E-03 0 0 0 0 0 0 0 0 0 0 0 0 0 0 0 0 0 0 0 0 0 0 0 0 0 0
8.47263411101334E-03 8.56398365248748E-03 8.65093107281874E-03 8.7332780453372E-03 8.81086150584638E-03 8.88356918686238E-03 8.95129289565894E-03 9.01393685077665E-03 9.07143542669478E-03 9.12376772226449E-03 9.17096857171564E-03 9.21313316410158E-03 9.2504346999817E-03 9.28311008021878E-03 9.31144896952046E-03 9.33576615210859E-03 9.35642515815039E-03 9.37382022249271E-03 9.38833239412915E-03 9.4003101592189E-03 9.41005009713368E-03 9.41780047301566E-03 9.42376493283228E-03 9.42811399762734E-03 9.43099128251074E-03 9.43253765934957E-03 9.43290647866675E-03 9.43227189697648E-03 9.43082718188454E-03 9.42876799661609E-03 9.42626892262028E-03 9.42346344693089E-03 9.42043824814803E-03 9.41731073168277E-03 9.41450440475363E-03 9.41266868510278E-03 9.41245467431225E-03 0 0 0 0 0 0 0 0 0 0 0 0 0 0 0 0 0 0 0 0 0 0 0 0 0 0 0
8.5528590088629E-03 8.64059303397253E-03 8.72368441846109E-03 8.80197939086121E-03 8.87535947610202E-03 8.94375318727998E-03 9.00709565116732E-03 9.06533619235281E-03 9.11845857334984E-03 9.16649209047752E-03 9.20952286448014E-03 9.24769347079178E-03 9.28121876240669E-03 9.31037140429346E-03 9.33546780783972E-03 9.3568371007993E-03 9.37484563108552E-03 9.38988350720634E-03 9.40231580069627E-03 9.41246520886743E-03 9.42059999996549E-03 9.42694136159976E-03 9.43166681903861E-03 9.43492510448228E-03 9.43684562894146E-03 9.43756005728918E-03 9.43721640604536E-03 9.43598541697558E-03 9.43406142990626E-03 9.43164249684128E-03 9.42889565511489E-03 9.42591630444949E-03 9.42266434017698E-03 9.41899616920675E-03 9.41572090286568E-03 9.41386910843058E-03 9.41245467431225E-03 0 0 0 0 0 0 0 0 0 0 0 0 0 0 0 0 0 0 0 0 0 0 0 0 0 0 0
8.62946153116181E-03 8.7133696986412E-03 8.79243444381919E-03 8.86654968748056E-03 8.9356435386969E-03 8.99968580042857E-03 9.05865353597352E-03 9.1125420742824E-03 9.16138561523129E-03 9.20526208692249E-03 9.24430305117269E-03 9.27869051456354E-03 9.30867447513673E-03 9.3345561761815E-03 9.35667066618758E-03 0.009375352206285 9.39096595051623E-03 9.40389360357107E-03 9.41447692603318E-03 9.42300970997263E-03 9.42973214110512E-03 9.43483986467978E-03 9.43848773071445E-03 9.44080582142835E-03 9.44191069681919E-03 9.44192567935546E-03 9.44099272412179E-03 9.43927696494639E-03 9.43697721171213E-03 9.43430807923414E-03 9.43145362385949E-03 9.4285127190448E-03 9.42526527392158E-03 9.42023977245743E-03 9.41572090286568E-03 9.41386910843058E-03 0 0 0 0 0 0 0 0 0 0 0 0 0 0 0 0 0 0 0 0 0 0 0 0 0 0 0 0
8.70224945080054E-03 8.78216511665815E-03 8.85707832795291E-03 8.9269333157765E-03 8.99170566514525E-03 9.05140363921027E-03 9.10604692933976E-03 9.15567864975749E-03 9.20038273335708E-03 9.24028017195309E-03 9.27554135509129E-03 9.30638072136986E-03 9.33307532048138E-03 9.35594618670278E-03 9.37533815576301E-03 9.39158755286319E-03 9.40505416889361E-03 9.41610355707651E-03 9.42504920625689E-03 9.43215648380766E-03 9.43763977340036E-03 9.44167246399637E-03 9.44439016023026E-03 9.44590661584937E-03 9.44632671443518E-03 9.44576608137627E-03 9.44435923171932E-03 9.44226086888137E-03 9.43967457849618E-03 9.43685111668941E-03 9.43404450244091E-03 9.43156213626392E-03 9.42983116482202E-03 9.42023977245743E-03 0 0 0 0 0 0 0 0 0 0 0 0 0 0 0 0 0 0 0 0 0 0 0 0 0 0 0 0 0 0
8.77108279390767E-03 8.84688491322731E-03 8.91756881766096E-03 8.9831298524019E-03 9.04359097090014E-03 9.09899496477146E-03 9.14940779062764E-03 9.19491979087141E-03 9.2356602988652E-03 9.27178591413127E-03 9.30350003048265E-03 9.33104231054379E-03 9.35470753118008E-03 9.37482879523964E-03 9.39175257457092E-03 0.009405815341974 9.41736451070831E-03 9.42674443082601E-03 9.43424128451263E-03 9.44009383743813E-03 9.44449388466322E-03 9.44759550386889E-03 9.44951739895026E-03 9.4503590968472E-03 9.45021574225933E-03 9.44919464797971E-03 9.44741900781888E-03 9.4450268034362E-03 9.44222152826497E-03 9.43929279257177E-03 9.43655330745835E-03 9.4345198729743E-03 9.4342511966484E-03 0 0 0 0 0 0 0 0 0 0 0 0 0 0 0 0 0 0 0 0 0 0 0 0 0 0 0 0 0 0 0
8.83587601424147E-03 8.90749189723077E-03 8.97391899367565E-03 9.03519962897001E-03 9.09140156063169E-03 9.14260610652981E-03 9.18892557841414E-03 9.23049155493024E-03 9.26747164830521E-03 9.30005257633179E-03 9.32846397718103E-03 9.35296364657711E-03 9.37385653623506E-03 9.39147965659149E-03 9.40617558838172E-03 9.41827826014905E-03 9.42811867324688E-03 9.43601665891258E-03 9.44223278559338E-03 9.44698345468281E-03 9.45044139601281E-03 9.45274312777161E-03 9.45399203960177E-03 9.45427625901329E-03 9.45368267037292E-03 9.45230880272041E-03 9.45026199359914E-03 9.44765564271419E-03 9.44467920372789E-03 9.44163739636071E-03 9.43878850947167E-03 9.43634378861356E-03 9.4342511966484E-03 0 0 0 0 0 0 0 0 0 0 0 0 0 0 0 0 0 0 0 0 0 0 0 0 0 0 0 0 0 0 0
8.89659810168978E-03 8.96400232824326E-03 9.02619038237428E-03 9.0832489040014E-03 9.13529051020944E-03 9.18243628594739E-03 9.22483572604937E-03 9.26265686448306E-03 9.29609920997488E-03 0.009325374192639 9.3507289674269E-03 9.37243373647985E-03 9.39079757414021E-03 9.40615509957103E-03 9.41884185320423E-03 9.42918699587831E-03 9.43750429819888E-03 9.4440862000886E-03 9.44917153274091E-03 9.45295746178246E-03 0.009455599717719 9.45721898311189E-03 0.009457906498271 9.45774120399068E-03 9.4568020265594E-03 9.4551744354224E-03 9.45294440313807E-03 9.45019820541825E-03 9.4471133916031E-03 9.44399758481771E-03 9.44107705634268E-03 9.43634378861356E-03 0 0 0 0 0 0 0 0 0 0 0 0 0 0 0 0 0 0 0 0 0 0 0 0 0 0 0 0 0 0 0 0
8.95330942023435E-03 9.01652093625444E-03 9.07452779082975E-03 9.12746155369051E-03 9.1754774615615E-03 9.21873004672523E-03 9.25740002434832E-03 9.29168784349358E-03 9.32181944682223E-03 9.34802424456377E-03 9.3705605139256E-03 9.38970620812457E-03 9.40576950620626E-03 9.41907886520666E-03 9.42995993483999E-03 9.43873281009789E-03 9.44569220541936E-03 9.45110655805968E-03 9.45519660776043E-03 9.45814165922581E-03 9.46008158655158E-03 9.46112365272564E-03 9.46134989367592E-03 9.46083218471361E-03 9.45964299523329E-03 9.45785452670731E-03 9.45552009156916E-03 9.45268540568327E-03 9.44956238273014E-03 9.44647620908639E-03 9.44107705634268E-03 0 0 0 0 0 0 0 0 0 0 0 0 0 0 0 0 0 0 0 0 0 0 0 0 0 0 0 0 0 0 0 0 0
9.00612276597584E-03 9.06520042532833E-03 9.11912157037411E-03 9.16806114412894E-03 9.21220978582254E-03 9.25174871990165E-03 9.28688853575676E-03 9.31785776765072E-03 9.34490321426261E-03 9.36826513735386E-03 9.38820908094638E-03 9.40501664591364E-03 9.41899083308408E-03 9.43045094864552E-03 9.4397101438922E-03 9.44707724007561E-03 9.45282939170591E-03 9.45721325539558E-03 9.46043201273546E-03 9.4626490102732E-03 9.46399048142961E-03 9.46455227581796E-03 9.46440854911793E-03 9.46362707759306E-03 9.46227942379731E-03 9.46043413246655E-03 9.45810369476116E-03 9.45520081680171E-03 9.4520989458768E-03 9.44647620908639E-03 0 0 0 0 0 0 0 0 0 0 0 0 0 0 0 0 0 0 0 0 0 0 0 0 0 0 0 0 0 0 0 0 0 0
9.05519107164148E-03 9.11022473171996E-03 9.16018365927123E-03 9.20527947928311E-03 9.24573169650618E-03 9.28174685338161E-03 9.31356257976249E-03 9.34142938614189E-03 9.36560818418639E-03 9.38634638743995E-03 9.4039130549087E-03 9.41858906604062E-03 9.43066901372986E-03 9.44046098166317E-03 9.44826470714941E-03 9.45437616595214E-03 9.45905553321262E-03 9.46253066192665E-03 9.46498873410328E-03 9.46657903618109E-03 9.46741630816545E-03 9.46758629135094E-03 9.4671557602046E-03 9.46619154544672E-03 9.46477579135895E-03 9.46301048782525E-03 9.46090928521609E-03 9.45781848416753E-03 9.4520989458768E-03 0 0 0 0 0 0 0 0 0 0 0 0 0 0 0 0 0 0 0 0 0 0 0 0 0 0 0 0 0 0 0 0 0 0 0
9.10069398320617E-03 9.15179715596653E-03 9.19793506137799E-03 9.23934982503313E-03 9.27628700470799E-03 9.30897678437743E-03 9.33767757302323E-03 9.36265632844215E-03 9.38418208550424E-03 9.40250618411868E-03 9.41789645089665E-03 9.43063012008957E-03 9.44099183333243E-03 9.4492774148771E-03 9.45577376953976E-03 9.46076309025055E-03 9.46448989900083E-03 9.46716498534562E-03 9.46896109023227E-03 9.47001516479699E-03 9.47043208322253E-03 9.47028954374171E-03 9.46964875854837E-03 9.4685757988861E-03 9.4671714349846E-03 9.46565931325912E-03 9.4645365493624E-03 9.45781848416753E-03 0 0 0 0 0 0 0 0 0 0 0 0 0 0 0 0 0 0 0 0 0 0 0 0 0 0 0 0 0 0 0 0 0 0 0 0
9.14283986071485E-03 9.19014256014827E-03 9.23261205188274E-03 9.27051606818888E-03 9.30412294938479E-03 9.3336848615858E-03 9.35947577916437E-03 9.38177255860237E-03 9.40084701002281E-03 9.41695253832987E-03 9.43035252013669E-03 9.44131702422637E-03 9.45012005727764E-03 9.45704577346042E-03 9.46236877097863E-03 9.46635656185147E-03 9.46923851681372E-03 9.47121049673728E-03 9.47243238982657E-03 9.47303034650327E-03 9.47310124264378E-03 9.47271761042177E-03 9.47193792301855E-03 9.47082170460169E-03 9.46944711548726E-03 9.46806267572085E-03 9.46786073847159E-03 0 0 0 0 0 0 0 0 0 0 0 0 0 0 0 0 0 0 0 0 0 0 0 0 0 0 0 0 0 0 0 0 0 0 0 0 0
9.18184489260013E-03 9.22548743325236E-03 9.26444778256676E-03 9.29901497056936E-03 9.3294764908893E-03 9.35610419049351E-03 9.37918191111035E-03 9.3989914548299E-03 9.41580336674231E-03 9.42987098008684E-03 9.44145012831859E-03 9.45080187236366E-03 9.45819106168672E-03 9.46388996711761E-03 9.46816090325086E-03 9.47125598346269E-03 9.47339065585083E-03 9.47474716512484E-03 9.47547345662854E-03 9.47568631449374E-03 9.47547664726942E-03 9.47491629477859E-03 9.47406955786254E-03 9.47299563706311E-03 9.47167075152286E-03 9.46961634742423E-03 9.46786073847159E-03 0 0 0 0 0 0 0 0 0 0 0 0 0 0 0 0 0 0 0 0 0 0 0 0 0 0 0 0 0 0 0 0 0 0 0 0 0
9.21792002010343E-03 9.25804612127923E-03 9.29365616465539E-03 9.3250581803803E-03 9.35255596352415E-03 9.3764358868671E-03 9.39698701291982E-03 9.41449306445852E-03 9.4292202522432E-03 9.44141737014356E-03 9.45133095544307E-03 9.45921441901128E-03 9.46532358285879E-03 9.46991829723301E-03 9.47324798356962E-03 9.47554975748914E-03 9.47702595714782E-03 9.47784607432416E-03 9.47814723271511E-03 9.47803815611259E-03 9.47760534168884E-03 9.47692501754318E-03 9.47608582452041E-03 9.47521814394089E-03 9.47451114398871E-03 9.46961634742423E-03 0 0 0 0 0 0 0 0 0 0 0 0 0 0 0 0 0 0 0 0 0 0 0 0 0 0 0 0 0 0 0 0 0 0 0 0 0 0
9.25126154016348E-03 9.28801639222741E-03 9.32043504512781E-03 9.34884101136896E-03 9.37355066120942E-03 9.39486035467586E-03 9.41306106071781E-03 9.4284352562897E-03 0.009441241841997 9.45172216968038E-03 9.46011466726061E-03 9.46666554026615E-03 9.47161977113193E-03 9.47522429491541E-03 9.4777154529099E-03 9.47931581023512E-03 9.48021459085687E-03 9.48056955017455E-03 9.48050860437914E-03 9.48013432375705E-03 9.47953073310603E-03 9.47877941302904E-03 9.47799475096043E-03 9.47737985380786E-03 9.47721285318808E-03 0 0 0 0 0 0 0 0 0 0 0 0 0 0 0 0 0 0 0 0 0 0 0 0 0 0 0 0 0 0 0 0 0 0 0 0 0 0 0
9.28203680304688E-03 9.31556507698676E-03 9.34494859631413E-03 9.37052385914934E-03 9.39261638298517E-03 9.41152830979224E-03 9.42754876074786E-03 9.44095440079961E-03 9.45199471969418E-03 9.4609037532591E-03 9.46791230630946E-03 9.47325759353767E-03 9.47717265211612E-03 9.47989189966609E-03 9.48163895940909E-03 9.48262170325102E-03 9.48301622568086E-03 9.48296999327912E-03 9.4826034618268E-03 9.48201522774243E-03 9.48128977867203E-03 9.48051391643779E-03 9.47981197501876E-03 9.47935910243391E-03 9.47721285318808E-03 0 0 0 0 0 0 0 0 0 0 0 0 0 0 0 0 0 0 0 0 0 0 0 0 0 0 0 0 0 0 0 0 0 0 0 0 0 0 0
0.009310394858761 9.34084148073227E-03 9.36734583010617E-03 9.39025419094803E-03 9.40989668279566E-03 9.42657738498125E-03 9.44057982953698E-03 9.45217152162635E-03 9.46159251861651E-03 9.4690689722317E-03 9.47482271561076E-03 9.47908029221547E-03 9.48206355692281E-03 9.48399414856583E-03 9.48508299096805E-03 9.48552333960779E-03 9.48547930323381E-03 9.48508936663249E-03 9.48446788545093E-03 9.48371125579272E-03 9.48290698928492E-03 9.48215323043663E-03 9.48160377477838E-03 9.48146598673912E-03 0 0 0 0 0 0 0 0 0 0 0 0 0 0 0 0 0 0 0 0 0 0 0 0 0 0 0 0 0 0 0 0 0 0 0 0 0 0 0 0
