NongDo/Fusa 13.5h.grd
DSAA
463	323
2	464
2	324
0	10
[rows 56 to 83 of 323, columns 256 to 319 of 463]
0 0 0 0 0 0 0 0 0 0 0 0 0 0 0 0 0 0 0 0 0 0 0 0 0 0 0 0 0 0 0 0 0 0 0 0 0 0 0 0 0 0 0 0 0 0 0 0 0 0 0 0 0 0 0 0 0 0 0 0 0 0 0 0
0 0 0 0 0 0 0 0 0 0 0 0 0 0 0 0 0 0 0 0 0 0 0 0 0 0 0 0 0 0 0 0 0 0 0 0 0 0 0 0 0 0 0 0 0 0 0 0 0 0 0 0 0 0 0 0 0 0 0 0 0 0 0 0
0 0 0 0 0 0 0 0 0 0 0 0 0 0 0 0 0 0 0 0 0 0 0 0 0 0 0 0 0 0 0 0 0 0 0 0 0 0 0 0 0 0 0 0 0 0 0 0 0 0 0 0 0 0 0 0 0 0 0 0 0 0 0 0
0 0 0 0 0 0 0 0 0 0 0 0 0 0 0 0 0 0 0 0 0 0 0 0 0 0 0 0 0 0 0 0 0 0 0 0 0 0 0 0 0 0 0 0 0 0 0 0 0 0 0 0 0 0 0 0 0 0 0 0 0 0 0 0
0 0 0 0 0 0 0 0 0 0 0 0 0 0 0 0 0 0 0 0 0 0 0 0 0 0 0 0 0 0 0 0 0 0 0 0 0 0 0 0 0 0 0 0 0 0 0 0 0 0 0 0 0 0 0 0 0 0 0 0 0 0 0 0
0 0 0 0 0 0 0 0 0 0 0 0 0 0 0 0 0 0 0 0 0 0 0 0 0 0 0 0 0 0 0 0 0 0 0 0 0 0 0 0 0 0 0 0 0 0 0 0 0 0 0 0 0 0 0 0 0 0 0 0 0 0 0 0
0 0 0 0 0 0 0 0 0 0 0 0 0 0 0 0 0 0 0 0 0 0 0 0 0 0 0 0 0 0 0 0 0 0 0 0 0 0 0 0 0 0 0 0 0 0 0 0 0 0 0 0 0 0 0 0 0 0 0 0 0 0 0 0
0 0 0 0 0 0 0 0 0 0 0 0 0 0 0 0 0 0 0 0 0 0 0 0 0 0 0 0 0 0 0 0 0 0 0 0 0 0 0 0 0 0 0 0 0 0 0 0 0 0 0 0 0 0 0 0 0 0 0 0 0 0 6.48415694215906E-03 6.4829306179925E-03
0 0 0 0 0 0 0 0 0 0 0 0 0 0 0 0 0 0 0 0 0 0 0 0 0 0 0 0 0 0 0 0 0 0 0 0 0 0 0 0 0 0 0 0 0 0 0 0 0 0 0 0 0 0 0 0 0 0 6.4858436856984E-03 6.48594973923461E-03 6.48628252473141E-03 6.48642397309222E-03 6.48415694215906E-03 6.4829306179925E-03
0 0 0 0 0 0 0 0 0 0 0 0 0 0 0 0 0 0 0 0 0 0 0 0 0 0 0 0 0 0 0 0 0 0 0 0 0 0 0 0 0 0 0 0 0 0 0 0 0 0 0 0 0 0 6.48294777072242E-03 6.48412306219531E-03 6.48551934978349E-03 6.48676942868112E-03 6.4858436856984E-03 6.48594973923461E-03 6.48628252473141E-03 6.48642397309222E-03 6.48595314120828E-03 6.48543341000833E-03
0 0 0 0 0 0 0 0 0 0 0 0 0 0 0 0 0 0 0 0 0 0 0 0 0 0 0 0 0 0 0 0 0 0 0 0 0 0 0 0 0 0 0 0 0 0 0 0 0 0 0 6.47814306993736E-03 6.48044251093839E-03 6.48273076659684E-03 6.48294777072242E-03 6.48412306219531E-03 6.48551934978349E-03 6.48676942868112E-03 6.48748572401383E-03 6.48820821877641E-03 6.48887594947173E-03 6.48935943443797E-03 6.48955295651644E-03 6.48954205075661E-03
0 0 0 0 0 0 0 0 0 0 0 0 0 0 0 0 0 0 0 0 0 0 0 0 0 0 0 0 0 0 0 0 0 0 0 0 0 0 0 0 0 0 0 0 0 6.45521508131822E-03 6.45964916180966E-03 6.46420403448146E-03 6.46863392216029E-03 6.47283335074249E-03 6.47662507047336E-03 6.47814306993736E-03 6.48044251093839E-03 6.48273076659684E-03 6.48451093103638E-03 6.48627612695325E-03 6.48799162009869E-03 6.48955842569683E-03 6.49088251080483E-03 6.49204581156725E-03 6.4930345635681E-03 6.49382593942091E-03 6.49439255319177E-03 6.49473747440581E-03
0 0 0 0 0 0 0 0 0 0 0 0 0 0 0 0 0 0 0 0 0 0 0 0 0 0 0 0 0 0 0 0 0 0 0 0 0 0 0 0 0 0 0 6.44561536332229E-03 6.45136666213151E-03 6.45521508131822E-03 6.45964916180966E-03 6.46420403448146E-03 6.46863392216029E-03 6.47283335074249E-03 6.47662507047336E-03 6.47973583189665E-03 6.48265257895775E-03 6.48534880054338E-03 6.48774199995414E-03 6.48994177235179E-03 6.49197085406137E-03 6.4938226638918E-03 6.4954721692759E-03 6.49693041884473E-03 6.49818771211117E-03 6.49924061653997E-03 6.50008061516338E-03 6.50070752959054E-03
5.93778154478502E-03 5.95295818480031E-03 5.96823235127683E-03 5.98345033311931E-03 5.99853354018836E-03 6.01354197936984E-03 6.02833135134987E-03 6.04288881474767E-03 6.05723285299463E-03 6.07150501600272E-03 6.08571327961893E-03 6.0999072635291E-03 6.11388136973932E-03 6.12755481393851E-03 6.14088324441765E-03 6.15400029194397E-03 6.16690051302951E-03 6.17968119196134E-03 6.19221806546521E-03 6.20452968229468E-03 6.21662012760575E-03 6.22862834467447E-03 6.24054208985866E-03 6.25242235486457E-03 6.26409160343633E-03 6.27549363460865E-03 6.28656118385325E-03 6.2973933945258E-03 6.30794614129869E-03 6.31830534501872E-03 6.32838536226833E-03 6.33827790322371E-03 6.34808052223333E-03 6.35810340529431E-03 6.36867809915331E-03 0 0 0 0 6.41645770705097E-03 6.42420863100719E-03 6.4324432283683E-03 6.44032282068608E-03 6.44561536332229E-03 6.45136666213151E-03 6.45661417996736E-03 6.46164800981511E-03 6.46648296167741E-03 6.47108795242997E-03 6.47544178902587E-03 6.47946385025039E-03 6.48311017814923E-03 6.48644359649739E-03 6.48948874203503E-03 6.49224248186643E-03 6.49475215554252E-03 6.49704277020466E-03 6.4991330488641E-03 6.50102036056658E-03 6.50271000485818E-03 6.50419618684477E-03 6.50547922317358E-03 6.50655658938194E-03 6.50743193984518E-03
5.93778154478502E-03 5.95295818480031E-03 5.96823235127683E-03 5.98345033311931E-03 5.99853354018836E-03 6.01354197936984E-03 6.02833135134987E-03 6.04288881474767E-03 6.05723285299463E-03 6.07150501600272E-03 6.08571327961893E-03 6.0999072635291E-03 6.11388136973932E-03 6.12755481393851E-03 6.14088324441765E-03 6.15400029194397E-03 6.16690051302951E-03 6.17968119196134E-03 6.19221806546521E-03 6.20452968229468E-03 6.21662012760575E-03 6.22862834467447E-03 6.24054208985866E-03 6.25242235486457E-03 6.26409160343633E-03 6.27549363460865E-03 6.28656118385325E-03 6.2973933945258E-03 6.30794614129869E-03 6.31830534501872E-03 6.32838536226833E-03 6.33827790322371E-03 6.34808052223333E-03 6.35810340529431E-03 6.36867809915331E-03 6.38163492305099E-03 6.39147339586051E-03 6.40087905307533E-03 6.4098626607603E-03 6.41645770705097E-03 6.42420863100719E-03 6.4324432283683E-03 6.44032282068608E-03 6.44727178179548E-03 6.45371950532486E-03 6.45966186089993E-03 6.46517065379496E-03 6.47031529783664E-03 6.47514408506048E-03 6.4796886492041E-03 6.48392218565079E-03 6.4878463710974E-03 6.49145199879599E-03 6.49475616418326E-03 6.49776569925857E-03 6.50051380935044E-03 6.50302503492997E-03 6.5053240759091E-03 6.50741622675857E-03 6.50930874649869E-03 6.51099959904959E-03 6.51249215732903E-03 6.51378799756173E-03 6.51489309861322E-03
5.93944557952179E-03 5.95543954896138E-03 5.97107629696747E-03 5.98649396580563E-03 6.00172002745152E-03 6.01683498650107E-03 6.03171872849575E-03 6.04635058680238E-03 6.06076755889969E-03 6.07509302617806E-03 6.08934528706169E-03 6.10358956571045E-03 6.11760519423463E-03 6.13128069826122E-03 6.14461853203741E-03 6.1577415483918E-03 6.17065849770462E-03 6.18344480459362E-03 6.19599722518779E-03 6.20831936911261E-03 6.22043192150093E-03 6.23244917166903E-03 6.24437146238785E-03 6.25626370210648E-03 6.26794277422861E-03 6.27932641788311E-03 6.29037845769099E-03 6.30118172085858E-03 6.31170404327636E-03 6.32200558843358E-03 6.33201513966659E-03 6.34179531717426E-03 6.3514341451301E-03 6.36115657839834E-03 6.37113523092826E-03 6.38163492305099E-03 6.39147339586051E-03 6.40087905307533E-03 6.4098626607603E-03 6.41828335050662E-03 6.42674453054289E-03 6.43524700503933E-03 6.44335322663046E-03 6.45083667895866E-03 6.4577333057718E-03 6.46410208266304E-03 6.46996635035652E-03 6.47539445593575E-03 6.48045268116714E-03 6.48519109043649E-03 6.48961243959354E-03 6.49373335881555E-03 6.49753823479047E-03 6.50104040894832E-03 6.50424828494364E-03 6.50719089339636E-03 6.50989269191591E-03 6.51237829762769E-03 6.51465560410654E-03 0.006516732636697 6.51861050365002E-03 6.52029626253085E-03 6.52179461643159E-03 6.52311182643633E-03
5.94315796057896E-03 5.9596707665726E-03 5.97569691531835E-03 5.99140466055637E-03 6.00686555823867E-03 6.02216220163491E-03 6.03721227288409E-03 6.05199735431511E-03 6.06656898660181E-03 6.08102031420994E-03 6.09536869155608E-03 6.10967577282999E-03 6.12372755542865E-03 6.13741634113237E-03 6.15079167170494E-03 6.16395043008199E-03 6.17691025055384E-03 6.18972079190307E-03 6.20231250936057E-03 6.21467836279055E-03 6.22685282516908E-03 6.23891509349984E-03 6.25087068519959E-03 6.26277067178745E-03 6.27443917698443E-03 6.28579021611345E-03 6.29682067741082E-03 6.30758598741431E-03 6.31806431041465E-03 6.32828843264244E-03 6.33821328598141E-03 6.34787654797869E-03 6.35736165395833E-03 6.36682047491813E-03 6.37635346679118E-03 6.3860548230721E-03 6.39556864432798E-03 6.40484592591797E-03 6.41388077775271E-03 6.42272738148072E-03 6.43146074066937E-03 6.44007510177139E-03 6.44830596152208E-03 6.45601904479408E-03 6.4631840872813E-03 6.46983643318479E-03 6.47597118989578E-03 6.48163945143537E-03 6.4869009636868E-03 6.49181368431884E-03 6.49639583268074E-03 6.50067288053736E-03 0.006504634064488 6.50829371077779E-03 6.51166344204537E-03 6.51476990725675E-03 6.51763768254841E-03 6.52028968474373E-03 6.52273418586993E-03 6.52497963594608E-03 6.52703090351194E-03 6.52889580266087E-03 6.53058089572348E-03 6.53209275386398E-03
5.94820378800588E-03 5.9651360564295E-03 5.98156227284477E-03 5.99762015747263E-03 6.01338614387481E-03 6.02892704550539E-03 6.04420046901244E-03 6.05921178523319E-03 6.07400453334018E-03 6.08864375975724E-03 6.10314063093914E-03 6.11750972626455E-03 6.13159672173895E-03 6.14534684168007E-03 6.15880892742282E-03 6.17205150360368E-03 6.18509324753955E-03 6.19796325744378E-03 6.21062003343615E-03 6.22306809632318E-03 6.23533635159865E-03 6.24747512918557E-03 6.25948720044989E-03 6.27137963846597E-03 6.28301632737367E-03 6.29434377464611E-03 6.30536156742691E-03 6.31609751025437E-03 6.3265345700929E-03 6.33668746312665E-03 6.34653112797169E-03 6.35610382598715E-03 6.36547540201434E-03 6.37475414393598E-03 6.38401571574177E-03 6.3933200659595E-03 6.40253574162456E-03 6.41162986841418E-03 6.42059274249863E-03 6.42945948342389E-03 6.43820390564233E-03 6.44678716299589E-03 6.45502580440527E-03 6.46282544149116E-03 6.47013573276221E-03 6.47695858485213E-03 6.48327423849431E-03 6.48911674182852E-03 6.4945369133684E-03 6.49958903107539E-03 6.50430079758727E-03 0.006508697454992 6.51277768006468E-03 6.51655949075527E-03 6.52005775225749E-03 6.52330007527241E-03 6.52631036341463E-03 6.52910760203506E-03 6.53169960509581E-03 6.53409621233905E-03 6.5363041207787E-03 6.53833220869356E-03 6.54018745515877E-03 6.5418758052466E-03
5.95425148739139E-03 5.97160875072474E-03 5.98846273731661E-03 6.00491673853196E-03 6.02104051726532E-03 6.0368886149629E-03 6.05245509300524E-03 6.06775655527335E-03 6.08281701905865E-03 6.09767929935083E-03 6.1123463185458E-03 6.12680915693602E-03 6.14099408249078E-03 6.15487582801261E-03 6.1684785631997E-03 6.18185110184058E-03 6.19501404662675E-03 6.20798697362823E-03 6.22075450452582E-03 6.23332277322173E-03 6.24570428984069E-03 6.25792752286317E-03 6.26998873993249E-03 6.28187352346121E-03 6.29350286447153E-03 6.3048346197092E-03 6.3158522297721E-03 6.32656627868697E-03 0.006336967125801 6.34706186344502E-03 6.35684562215258E-03 6.36635161029123E-03 6.37563206915142E-03 6.38476949123426E-03 6.39382829092672E-03 6.40286101183497E-03 6.4118320252479E-03 6.42073178179981E-03 6.42954618401323E-03 6.43828706414208E-03 6.44691394608938E-03 6.45537940922621E-03 6.46355013558763E-03 6.47134122956405E-03 6.47868916503191E-03 6.48557813912753E-03 6.49198520675755E-03 6.49792524278597E-03 6.50343999998338E-03 6.5085765031936E-03 6.5133668986861E-03 6.51783774466504E-03 6.52200043196535E-03 6.52587225955181E-03 6.52947224615076E-03 6.53282440161132E-03 6.53595103008315E-03 6.53886930996658E-03 6.54158920552301E-03 6.54411918585462E-03 6.5464673362251E-03 6.54864201039434E-03 6.55065010355201E-03 6.55249679313185E-03
5.96127936281423E-03 5.97909290903407E-03 5.99641165697142E-03 6.01331191698433E-03 6.02985188662148E-03 6.04608172455859E-03 6.06200902718013E-03 6.07765144659431E-03 6.09302367057519E-03 6.10815347413127E-03 6.12303907645988E-03 6.13767428345715E-03 6.15202733810266E-03 6.16609084604106E-03 6.17987954242867E-03 6.19342884966678E-03 6.20675761769071E-03 6.2198847012276E-03 6.23280474530596E-03 6.24552052029534E-03 6.25803373413716E-03 6.27035756765501E-03 6.28248317023021E-03 6.29439427709105E-03 6.30604056203739E-03 6.31738690084073E-03 6.32840857767222E-03 6.33910672452791E-03 6.34947492859941E-03 6.3595216763842E-03 6.36925124811393E-03 6.37869232166361E-03 6.38788599425582E-03 6.39689897409996E-03 6.40578949208398E-03 6.41461169592205E-03 6.42337006277593E-03 6.43207005919698E-03 6.44069913545639E-03 6.44925813478499E-03 6.45770759192103E-03 6.46600276188523E-03 6.4740356572826E-03 6.48172797758265E-03 6.48901411548674E-03 6.49587053066942E-03 6.50227029463283E-03 6.50822019542624E-03 6.51375314874846E-03 6.51890896137624E-03 6.52372073085698E-03 6.52821711189166E-03 6.53241616245764E-03 6.5363372624528E-03 6.54000043189261E-03 6.54342723322354E-03 6.54663771998005E-03 6.54964786039465E-03 6.55246806644394E-03 6.55510651823864E-03 6.55757152552154E-03 6.55987040772357E-03 6.56200911174656E-03 6.56399146470822E-03
5.96929358275623E-03 5.98762093219651E-03 6.0054579919422E-03 6.02286310644368E-03 6.03988341558496E-03 6.05656412990128E-03 6.07291480512091E-03 6.08895168795999E-03 6.10468730551155E-03 6.12014093473429E-03 6.13531039868074E-03 6.15019554720586E-03 6.1647853490117E-03 6.17908359100114E-03 6.1931058187211E-03 6.20687988755263E-03 6.22042227757646E-03 6.23375081990344E-03 6.24686123189725E-03 6.25975212874387E-03 6.27241981407244E-03 6.28486745333098E-03 6.2970830943541E-03 6.30905221563145E-03 6.3207368786245E-03 6.33210469361069E-03 6.34313076421026E-03 6.35381272971718E-03 6.36414701169802E-03 0.006374144236531 6.38381263672023E-03 6.3931780660001E-03 6.40227717503212E-03 6.41116784459624E-03 6.41990459847258E-03 6.42854307027849E-03 6.4371035878348E-03 6.44559921574512E-03 6.45402207957635E-03 6.4623697062183E-03 6.47060457258737E-03 6.47868570086783E-03 6.48651911464757E-03 6.49403457256258E-03 6.50117301120201E-03 6.50790930244672E-03 6.51421586656944E-03 6.52009231360538E-03 6.52556567862842E-03 6.53067226508022E-03 6.53544638059952E-03 6.53991677332856E-03 6.54410519802618E-03 6.54803109642923E-03 0.006551714761392 6.55517644564702E-03 6.55843506392255E-03 6.56150412497549E-03 6.56439385563102E-03 6.56711116365992E-03 6.5696642113008E-03 6.57205967847267E-03 6.57430212621435E-03 0.006576393249587
5.97836232475127E-03 5.99727680767505E-03 6.01569958397168E-03 6.03367596720304E-03 6.05124481757045E-03 6.0684422722977E-03 6.08527917606422E-03 6.10177171695137E-03 6.11793151798598E-03 6.13377219609817E-03 6.14929337930252E-03 6.16449907565427E-03 6.17939047777479E-03 6.19398041511862E-03 6.20828718151677E-03 6.2223339692209E-03 6.23613552754397E-03 6.24970683853066E-03 6.26304223014013E-03 6.2761373937487E-03 6.28898494070442E-03 6.30158103829803E-03 6.31391074098121E-03 6.32596173625131E-03 6.33769889179689E-03 6.34909064038204E-03 6.36011529115423E-03 6.37077207148341E-03 6.38106030862499E-03 6.39099351231763E-03 6.40058251175497E-03 6.40985271837889E-03 6.4188407842427E-03 6.42760083359456E-03 6.43618465492914E-03 6.44464709564148E-03 6.45301287628626E-03 6.46129670931319E-03 6.46949540937518E-03 6.47760640711234E-03 6.48559545013325E-03 6.4934182977726E-03 6.5009934215987E-03 6.50826298477189E-03 6.51517867853714E-03 6.52171539569157E-03 6.52784651847925E-03 6.53357149122886E-03 6.53891418058599E-03 6.54390897921362E-03 6.5485894206922E-03 6.55298321607002E-03 6.55711336692139E-03 6.56099898814985E-03 6.56466032258698E-03 6.56811713633858E-03 6.57138629544126E-03 6.57447856587052E-03 6.57740301398402E-03 6.58016607080557E-03 0.006582775805831 6.58523720463052E-03 6.5875528680748E-03 6.5897219721452E-03
5.98857574262295E-03 6.00815860701496E-03 6.02724158615289E-03 6.04585905501894E-03 6.06404337951133E-03 6.0818225145343E-03 6.0992109689653E-03 6.1162235004217E-03 6.13287048309553E-03 6.1491617508851E-03 6.16510040829512E-03 6.18069250274519E-03 6.19594866417734E-03 6.2108875453018E-03 6.22552907577664E-03 6.23989342708048E-03 6.25399422037381E-03 6.26784330053507E-03 6.28143379352465E-03 6.29475861747255E-03 6.30780736187745E-03 6.32057130572209E-03 6.33303225521236E-03 6.34517724485308E-03 6.35696802504654E-03 6.36837487059222E-03 6.37938217433735E-03 6.38999390795939E-03 6.4002126672679E-03 6.41005534017676E-03 6.41953563879592E-03 6.42868208149564E-03 6.43753497453931E-03 6.44614708030014E-03 6.45456649818742E-03 6.46284524405569E-03 6.47100507709694E-03 6.47905995746477E-03 6.48700977934264E-03 6.49485170967188E-03 0.006502551846201 6.51006732912757E-03 6.51733329564439E-03 6.52430038663962E-03 6.53093177780364E-03 6.53720527421162E-03 6.54310137884219E-03 6.54861682046689E-03 6.55377548842274E-03 6.55860913147085E-03 6.56314941378121E-03 6.56742224612324E-03 6.57145222625212E-03 6.57525766407562E-03 6.57886011826124E-03 6.58227677773048E-03 6.58552125704827E-03 6.5886013460007E-03 6.5915262152206E-03 6.5943009011847E-03 6.59693290902613E-03 6.59942612596185E-03 6.60178080484958E-03 6.60399407815954E-03
6.00008893997534E-03 6.02042453587511E-03 6.04024622001641E-03 6.05957907035196E-03 6.07844937401058E-03 6.09687953440727E-03 6.11488560625879E-03 6.13248171335337E-03 6.14967776143608E-03 6.16648145587564E-03 6.18289854087447E-03 6.19893681169086E-03 6.21461370105329E-03 6.22995270665346E-03 6.24497405513479E-03 6.25969529892358E-03 6.27412838516173E-03 6.28828087330532E-03 6.30214482427033E-03 6.31571264425285E-03 6.32897158900905E-03 6.34190846699851E-03 6.35450196786079E-03 6.36673324992235E-03 6.37856031532753E-03 6.38995871673183E-03 6.4009201956034E-03 6.41145380553252E-03 6.42156806142573E-03 6.43128248789175E-03 6.44061570109092E-03 6.44960389773184E-03 6.45829169558436E-03 6.46673035280473E-03 6.47496516526812E-03 6.48304065537487E-03 6.4909727650667E-03 6.49877485919347E-03 6.50644795734708E-03 6.51398657789824E-03 6.52135851171322E-03 6.52852428714605E-03 6.53543347997165E-03 6.54204990663174E-03 6.54834733030367E-03 6.55430745732951E-03 6.55991569831327E-03 6.56517313546242E-03 6.57010426712268E-03 6.57473672668283E-03 6.57909901564595E-03 6.58321583755803E-03 6.58711099368892E-03 6.59080369615266E-03 6.59431589274082E-03 6.59765965489254E-03 6.60084454983904E-03 6.60387723421873E-03 6.60676651008058E-03 6.60951687499829E-03 6.61213595602779E-03 6.6146244786823E-03 6.61698069029791E-03 6.6192011367544E-03
6.01308722441461E-03 6.03426348892249E-03 6.05490500137475E-03 6.07502853275624E-03 6.09465567086176E-03 6.11380436525764E-03 6.13249194925284E-03 6.15073193595131E-03 6.16853491840313E-03 6.18590703626455E-03 6.20285736323357E-03 6.21939433784594E-03 6.2355414370755E-03 6.25132479495836E-03 6.26676280326541E-03 6.28186924582691E-03 6.29665329631078E-03 6.31111973911259E-03 6.32526145561951E-03 6.33906951823179E-03 6.35252830590149E-03 6.36562095391037E-03 6.3783215931022E-03 6.39060800536784E-03 6.40243748433174E-03 6.41378825175852E-03 6.42465804749565E-03 6.43506491412457E-03 6.4450256395353E-03 6.45456523907875E-03 6.46371159332163E-03 6.4725050159081E-03 6.4809914233078E-03 6.48922155924622E-03 6.4972370723851E-03 6.50507761036394E-03 6.51275423169187E-03 6.52027412812549E-03 6.52763542615739E-03 6.53483296554523E-03 6.54183972260918E-03 6.54861977566768E-03 6.55513927793607E-03 6.56137173506511E-03 6.56730118375521E-03 6.5729139053988E-03 6.57820359351903E-03 6.58317152485952E-03 6.58784226956649E-03 6.59224334290532E-03 6.59640245776439E-03 6.60034048378499E-03 6.60407899698293E-03 6.60763480917183E-03 6.61102647460854E-03 6.61426470930367E-03 6.61735789495011E-03 6.62031006878766E-03 6.62312844698574E-03 6.62581644972683E-03 6.62838039277812E-03 6.63082169360144E-03 6.63313887796919E-03 6.63532735837493E-03
6.0278086497234E-03 6.04991190182235E-03 6.07145217990716E-03 6.09243964501687E-03 6.11289215772179E-03 6.13282444339204E-03 6.15225433048549E-03 6.17119551464907E-03 6.18965842744087E-03 6.20764921091896E-03 6.22517961624688E-03 6.24226010995371E-03 6.25891820740841E-03 6.27517990677872E-03 6.29105923404555E-03 6.30656558032335E-03 6.32170538811329E-03 6.33648129193009E-03 6.35088611494598E-03 6.36491000915046E-03 6.37853598661508E-03 6.39174535507153E-03 6.40450841755066E-03 6.41679821992087E-03 6.42857071622321E-03 6.43981137821802E-03 6.45052931585272E-03 6.46075287028089E-03 6.47050570604783E-03 6.47982030907861E-03 6.48873213389627E-03 6.4972853504924E-03 6.50552739041204E-03 6.51350842469181E-03 6.52126605012477E-03 6.52883351654002E-03 6.53621462596016E-03 6.54341210340429E-03 6.55042294859198E-03 6.55724350266621E-03 6.56384969731855E-03 6.57021369538348E-03 6.57631566316459E-03 6.58213929319168E-03 6.58767659452925E-03 6.59291853783562E-03 6.59786503245844E-03 6.60251973083183E-03 6.60690931860582E-03 6.6110602157898E-03 6.61499788313612E-03 6.61873831926066E-03 6.62230029825946E-03 6.62569672247136E-03 6.62894225575936E-03 6.63204582325167E-03 6.63501499460705E-03 6.63785164966788E-03 6.64056174107567E-03 6.64314762957088E-03 6.64561543911138E-03 6.64796703789191E-03 6.65020200999041E-03 6.65231505359843E-03
6.04453066462463E-03 6.06764371837454E-03 6.09015683906643E-03 6.11207571373072E-03 6.13341614094038E-03 6.15419102124708E-03 6.17441869866879E-03 6.19411222571686E-03 6.21328142354281E-03 6.23193291603598E-03 6.25008177490751E-03 6.26774077622863E-03 6.28493855381771E-03 6.30169769294285E-03 6.31802579472413E-03 6.33392828584031E-03 6.34940896844187E-03 6.36446859722322E-03 6.37909891417517E-03 6.3932891205694E-03 6.40702294832999E-03 6.42028321961817E-03 6.43303686549458E-03 6.44525002856678E-03 6.4568805250913E-03 6.46793132589534E-03 6.47842880641523E-03 6.48840923322892E-03 6.49790038527564E-03 6.50693873252067E-03 6.51556439241502E-03 6.52382641450009E-03 6.53177521957486E-03 6.53945957278836E-03 6.54691107168321E-03 6.5541558096598E-03 6.56119021044013E-03 6.56801800498355E-03 6.57463991624647E-03 6.58105263327438E-03 6.58723514418183E-03 6.59316486370748E-03 6.59883511382964E-03 6.60423815306345E-03 6.60937305204923E-03 6.61423279108925E-03 6.61882374930333E-03 6.62315247329968E-03 6.62724979762535E-03 6.6311389622202E-03 6.63483982502738E-03 6.63836343501993E-03 6.6417267307904E-03 6.6449392160825E-03 6.64801233899048E-03 6.65095175323101E-03 6.65376296961821E-03 6.65644630928336E-03 6.65900790263997E-03 6.66144968220508E-03 6.66377846147402E-03 6.66599585395442E-03 6.66810130861069E-03 6.67008972229496E-03
6.06355736454626E-03 6.08775373456571E-03 6.11130397665781E-03 6.13421311022503E-03 6.1564951406542E-03 6.17816381656912E-03 6.1992362735316E-03 6.21972374647601E-03 6.23963526252807E-03 6.25897973609047E-03 6.27777275789957E-03 6.29603337100572E-03 6.31378657023747E-03 6.33104487323052E-03 6.34780975900947E-03 6.36408557464888E-03 6.37987304964658E-03 6.39517039386464E-03 6.40996721948594E-03 6.42425077412046E-03 6.43800763462443E-03 6.45122515002148E-03 6.46387416879335E-03 6.47590565540901E-03 6.48729352213521E-03 6.49807127266391E-03 6.50827948260703E-03 6.51795410476718E-03 6.52712515909664E-03 6.53583162453753E-03 6.54411690153293E-03 6.55203446807821E-03 6.55963604040783E-03 6.56696630586918E-03 6.57405493687263E-03 6.58091559136461E-03 6.58754350406266E-03 6.59395232095383E-03 6.60014753593781E-03 6.6061219983021E-03 6.61185556929083E-03 6.61733711452808E-03 6.62256926254427E-03 6.62754992305349E-03 6.63228066244418E-03 6.63675672770383E-03 6.64098767133451E-03 6.64498752997083E-03 6.64879009801893E-03 6.65240886227056E-03 6.65585671196146E-03 6.65914270799009E-03 6.66228282741354E-03 6.6652832561176E-03 6.66815328733412E-03 6.67089445108842E-03 6.6735097689924E-03 6.67599958952133E-03 6.67837020955789E-03 6.6806242569556E-03 6.68276957990325E-03 6.68480520387877E-03 6.68673000749522E-03 6.68854032407264E-03
