NongDo/Fusa 17.5h.grd
DSAA
463	323
2	464
2	324
0	10
[rows 252 to 279 of 323, columns 0 to 63 of 463]
0 0 0 0 0 0 0 0 0 0 0 0 0 0 0 0 0 0 0 0 0 0 0 0 0 0 0 0 0 0 0 0 0 0 0 0 0 0 3.98604348874827E-03 3.99819676861353E-03 4.00476206464159E-03 4.01025267809904E-03 4.01642355342758E-03 4.0236794308382E-03 4.03220002360393E-03 4.04207510479814E-03 4.05342745767257E-03 4.06633633854447E-03 4.08092104592415E-03 4.09728187961189E-03 4.11552509433787E-03 4.13574878743832E-03 4.15801464563457E-03 4.18237218201751E-03 4.20881962342477E-03 4.23736057047523E-03 4.26793070917969E-03 4.30046067953888E-03 4.33483253444559E-03 4.37095211391748E-03 4.40866457590302E-03 4.44776725823782E-03 4.48803498163388E-03 4.52922724688918E-03
0 0 0 0 0 0 0 0 0 0 0 0 0 0 0 0 0 0 0 0 0 0 0 0 0 0 0 0 0 0 0 0 0 0 0 0 0 3.97546355985122E-03 3.98604348874827E-03 3.99165806865004E-03 3.99770127600468E-03 4.00404867870624E-03 4.01119611278071E-03 4.01941198612356E-03 4.02889849874633E-03 4.03978052905029E-03 4.05220015318884E-03 4.06625659831795E-03 4.08207977475587E-03 4.09978532952956E-03 4.11948315724775E-03 4.14127033617038E-03 4.16520078303389E-03 4.1913125559236E-03 4.2195877492981E-03 4.25000755169612E-03 4.28248527682171E-03 4.31692357789715E-03 4.35317552739703E-03 4.39111229759914E-03 4.43055139242969E-03 4.47126295978541E-03 4.51299780743715E-03 4.55549533528968E-03
0 0 0 0 0 0 0 0 0 0 0 0 0 0 0 0 0 0 0 0 0 0 0 0 0 0 0 0 0 0 0 0 0 0 0 0 3.96647571714093E-03 3.97546355985122E-03 3.98039079370018E-03 0.003985818867544 3.99194177641585E-03 3.99884873645675E-03 4.00676693140621E-03 4.01585342195723E-03 4.02628403138278E-03 4.03819049434032E-03 4.05172187593181E-03 4.06698864802883E-03 4.08412713158976E-03 4.10326320713205E-03 4.12450740143013E-03 4.14795209731524E-03 4.17363977356266E-03 4.20159242379696E-03 4.23177065201431E-03 4.26413317203162E-03 4.29856573558628E-03 4.33493842940206E-03 4.37307181088721E-03 4.41280423856405E-03 4.45392214682159E-03 4.49616939741476E-03 4.53927506032032E-03 4.58296175082297E-03
0 0 0 0 0 0 0 0 0 0 0 0 0 0 0 0 0 0 0 0 0 0 0 0 0 0 0 0 0 0 0 0 0 0 0 3.96198574886208E-03 3.96647571714093E-03 3.97039515932875E-03 0.003974960793532 3.98037910386106E-03 3.98677815442421E-03 3.99423390502168E-03 4.00288740697363E-03 4.01283683898203E-03 4.02423744621492E-03 4.03722239904575E-03 4.05193992709836E-03 4.06850740857481E-03 4.08706102409654E-03 4.10773613775958E-03 4.1306368490507E-03 4.15584784129238E-03 4.18339500336267E-03 4.21328119951597E-03 4.24543866573372E-03 4.27980294263839E-03 4.31622685476709E-03 4.35454271630524E-03 4.39453834387474E-03 4.43601966090378E-03 4.47874611590075E-03 4.5224340136573E-03 4.56679417008386E-03 4.61153607236199E-03
0 0 0 0 0 0 0 0 0 0 0 0 0 0 0 0 0 0 0 0 0 0 0 0 0 0 0 0 0 0 0 0 0 0 0 3.96198574886208E-03 3.96235596619374E-03 3.96509417094985E-03 3.96940379003708E-03 3.97498492148462E-03 3.98180734129505E-03 3.98988885298762E-03 3.99932861429755E-03 4.01020365469456E-03 4.0226529440877E-03 4.03680955123837E-03 4.0528187689835E-03 4.0708037342795E-03 4.09089874975451E-03 4.11324037442476E-03 4.1379235098846E-03 4.16501944416124E-03 4.19453370026486E-03 4.22644539677262E-03 4.26065834699343E-03 4.29707368378965E-03 4.33550606849838E-03 4.37575218319695E-03 4.41756969295706E-03 4.46073290963861E-03 4.50497244590033E-03 4.54998287984526E-03 4.59546105526534E-03 4.64110920467544E-03
0 0 0 0 0 0 0 0 0 0 0 0 0 0 0 0 0 0 0 0 0 0 0 0 0 0 0 0 0 0 0 0 0 0 3.9462982256116E-03 3.95466237541664E-03 3.95588950508157E-03 3.95883590712441E-03 3.96338646731014E-03 3.96938725133026E-03 3.97680150399332E-03 3.98562979402001E-03 3.99595171148142E-03 4.00785567004558E-03 4.0214673071509E-03 4.03692227788575E-03 0.004054355969072 4.07390214332367E-03 4.09568537207683E-03 4.11983930009127E-03 4.14644439907702E-03 4.17555401310028E-03 4.20714727672778E-03 4.24117452254216E-03 4.27750832676758E-03 4.31600234311101E-03 4.35643807229735E-03 4.39857601104942E-03 4.44214702619514E-03 4.4868921085317E-03 4.53252335739913E-03 4.5787164981619E-03 4.6251583516609E-03 4.67154967173249E-03
0 0 0 0 0 0 0 0 0 0 0 0 0 0 0 0 0 0 0 0 0 0 0 0 0 0 0 0 0 0 0 0 0 0 3.9462982256116E-03 3.94673041507788E-03 3.94835740980335E-03 3.95173883379344E-03 3.95680284521522E-03 3.96343600847169E-03 3.97161068409374E-03 3.98132971615461E-03 3.99267160515794E-03 4.00574053350587E-03 4.02065990576449E-03 4.03756633738216E-03 4.05658590741389E-03 4.0778557590087E-03 4.10149009255925E-03 4.12761340981252E-03 4.15628742015656E-03 4.18754090179898E-03 4.22132042936864E-03 4.25754120127683E-03 4.29603743715289E-03 4.33661737280813E-03 4.37902591073882E-03 4.42299066450579E-03 4.4682173313327E-03 4.51442236757405E-03 4.56130217800734E-03 4.60851898043762E-03 4.65575561466178E-03 4.70271941510276E-03
0 0 0 0 0 0 0 0 0 0 0 0 0 0 0 0 0 0 0 0 0 0 0 0 0 0 0 0 0 0 0 0 0 0 3.93767153835846E-03 3.93778254209554E-03 3.93985371449221E-03 3.94385124194528E-03 3.94962927087466E-03 3.95707643577187E-03 3.96617483614412E-03 3.97693982239127E-03 3.98945955442404E-03 4.00385718024676E-03 4.02025406271423E-03 4.03879133060284E-03 4.05957765887035E-03 4.08275278441138E-03 4.10841207446724E-03 4.13666986165539E-03 4.1675623663063E-03 4.20108577816152E-03 4.23714582710499E-03 4.27561611462595E-03 4.31629101800222E-03 4.35893402781997E-03 4.40325567179574E-03 4.4489509878388E-03 4.49570668561801E-03 4.54322102274343E-03 4.59118628635697E-03 4.6392515039303E-03 4.68710353729802E-03 4.73446599864013E-03
0 0 0 0 0 0 0 0 0 0 0 0 0 0 0 0 0 0 0 0 0 0 0 0 0 0 0 0 0 0 0 0 0 0 3.92735735400406E-03 3.92756789288851E-03 3.93031890210834E-03 3.93514891354667E-03 3.94184088058681E-03 3.95028780635017E-03 3.96048687070854E-03 3.97247137494946E-03 3.98634300171906E-03 4.00225350373198E-03 4.02031994998536E-03 4.0406840045861E-03 4.06343347979461E-03 4.08870640273831E-03 4.11656872752222E-03 4.14712761100876E-03 4.18038344252174E-03 4.21628802706733E-03 4.25469920274618E-03 4.29544752847004E-03 4.33828624594126E-03 4.38293735589931E-03 4.42907960424488E-03 4.4763812085545E-03 4.52451451162844E-03 4.57316883984931E-03 4.62203999829218E-03 4.67076537650357E-03 0.004719048674144 4.76664094846118E-03
0 0 0 0 0 0 0 0 0 0 0 0 0 0 0 0 0 0 0 0 0 0 0 0 0 0 0 0 0 0 0 0 0 3.89963751387366E-03 3.91387114790759E-03 3.91572817845855E-03 3.91972914896334E-03 3.92567229522785E-03 3.93348831186547E-03 3.94312256908663E-03 3.9546063423071E-03 3.96799759632763E-03 3.98340642689652E-03 4.00103292635834E-03 4.02097239713405E-03 4.04337428413551E-03 4.0682876918989E-03 4.09586206041342E-03 4.12610530766636E-03 4.15913029594022E-03 4.19487828028655E-03 4.23324851886934E-03 4.27404885882367E-03 4.31706685938638E-03 4.36201809407482E-03 4.40858322117667E-03 4.45642044005981E-03 4.50517492976727E-03 4.55451462773848E-03 4.60411834656277E-03 4.65370464647913E-03 4.70289470295107E-03 4.75143145400938E-03 4.79910069997923E-03
0 0 0 0 0 0 0 0 0 0 0 0 0 0 0 0 0 0 0 0 0 0 0 0 0 0 0 0 0 0 0 0 0 3.89963751387366E-03 3.90035550985066E-03 3.90306507305807E-03 3.9082995692747E-03 3.91555610368247E-03 3.92468703014604E-03 3.93568964417325E-03 3.9486437228462E-03 3.96363951433071E-03 3.98079992339983E-03 4.00034790759419E-03 4.02237279025607E-03 4.04701678444939E-03 4.07430355920326E-03 4.10436904921378E-03 4.13718421832004E-03 4.1728189366359E-03 4.21115206644007E-03 4.25203119464941E-03 4.29522091349106E-03 4.34046226960782E-03 4.38743427641213E-03 4.43578583833324E-03 4.48515999314958E-03 4.53519459252359E-03 4.5855580175581E-03 4.6359254138262E-03 4.68601171038178E-03 4.73547669571704E-03 4.78411121929014E-03 4.83172586837705E-03
0 0 0 0 0 0 0 0 0 0 0 0 0 0 0 0 0 0 0 0 0 0 0 0 0 0 0 0 0 0 0 0 0 3.88569865605672E-03 3.88604436160906E-03 3.88988799513753E-03 3.89645455819818E-03 3.90509361674924E-03 3.91566317568184E-03 3.92818353400594E-03 3.94277957877006E-03 3.95957056771096E-03 3.97870535859116E-03 4.00039269890849E-03 4.02472363448439E-03 4.05182032649552E-03 4.08168671908449E-03 4.11441864957983E-03 4.1499692824035E-03 4.18830574106049E-03 4.22927469809609E-03 4.27266276008147E-03 4.31820259718312E-03 4.36557611416546E-03 4.41444187177639E-03 4.46441934054782E-03 4.51514715024398E-03 4.56626575151515E-03 4.61745088918553E-03 4.66838356079218E-03 4.71877587321835E-03 4.76837901386571E-03 4.8169871226172E-03 4.86443738148833E-03
0 0 0 0 0 0 0 0 0 0 0 0 0 0 0 0 0 0 0 0 0 0 0 0 0 0 0 0 0 0 0 0 3.83874683741826E-03 3.8667851942174E-03 3.87030665436533E-03 3.87622521740694E-03 3.88440326599657E-03 0.003894555289818 3.90667834937201E-03 0.003920859754792 3.93726568219964E-03 3.95604398647795E-03 3.97735311738633E-03 4.00138923971019E-03 4.02823066088732E-03 4.05797540019293E-03 4.09059537807198E-03 4.1261432577349E-03 4.16452480261156E-03 4.20562610224471E-03 4.24924287042998E-03 4.29510995488176E-03 4.34292021159437E-03 4.39231132279424E-03 4.44292029082634E-03 4.49435089109514E-03 4.5462438052279E-03 4.5982499274216E-03 4.65006107373575E-03 4.70137478042816E-03 4.75193110108667E-03 4.80153740098934E-03 4.84999985585381E-03 4.89717073555868E-03
0 0 0 0 0 0 0 0 0 0 0 0 0 0 0 0 0 0 0 0 0 0 0 0 0 0 0 0 0 0 0 3.8285488505464E-03 3.83874683741826E-03 3.84808096160272E-03 3.85496387542815E-03 3.86285553710825E-03 3.87260881303118E-03 3.88429316782341E-03 0.003898047869747 3.91401532770625E-03 3.93238830406225E-03 3.95332977252055E-03 3.97699703405719E-03 4.00357045098571E-03 4.03310533044055E-03 4.06566249010818E-03 4.10117177122855E-03 4.13963084953534E-03 4.18089401333895E-03 4.22477621947121E-03 4.27101648895707E-03 4.31929542496765E-03 4.36926893934847E-03 4.42054082533961E-03 4.4727319871973E-03 4.52544067235424E-03 4.5783148991071E-03 4.63102549753776E-03 4.68329027560366E-03 4.7348346829301E-03 4.78542568929292E-03 4.83490397793701E-03 4.88309768444994E-03 4.92986925272564E-03
0 0 0 0 0 0 0 0 0 0 0 0 0 0 0 0 0 0 0 0 0 0 0 0 0 0 0 0 0 0 0 3.8285488505464E-03 3.82920941882174E-03 3.83417819560832E-03 3.84118988000675E-03 3.85018675090656E-03 3.86132052004134E-03 3.8745540441025E-03 3.89003160319528E-03 3.90792051274023E-03 3.92841959730918E-03 3.95169259595127E-03 3.97788192433093E-03 4.0071544657495E-03 4.03953171735208E-03 4.07502700295741E-03 4.1135178497333E-03 4.15494658613401E-03 4.19910632144085E-03 4.24574747616775E-03 4.29454971513299E-03 4.34514297513308E-03 4.39714827392335E-03 4.45014524949595E-03 4.50374888952277E-03 4.55755555912424E-03 4.6112294966185E-03 4.66446933656668E-03 4.71702523863002E-03 4.76865275560427E-03 4.81914996066591E-03 4.86837998605209E-03 4.91618744064616E-03 4.9624425068698E-03
0 0 0 0 0 0 0 0 0 0 0 0 0 0 0 0 0 0 0 0 0 0 0 0 0 0 0 0 0 0 0 3.81575966263888E-03 3.81608716095951E-03 3.82053994509315E-03 3.82805339158499E-03 3.8381391764378E-03 3.85067663110394E-03 3.86553965948215E-03 3.88286293139558E-03 3.90282313227706E-03 3.92560870816065E-03 3.95137554531537E-03 3.98023695509376E-03 4.01234920347799E-03 4.04768831762598E-03 4.08620916796494E-03 4.12773345692871E-03 4.17214386431371E-03 4.21917660201441E-03 4.26851192233668E-03 4.31977837059353E-03 4.37255580782321E-03 4.42644033884181E-03 4.4809911816417E-03 4.53583009431303E-03 4.59055260751032E-03 4.64485061865327E-03 4.69845593219626E-03 4.75115382566633E-03 4.80273045726538E-03 4.85301016624714E-03 4.90187448359182E-03 4.94918108915956E-03 4.99480288721521E-03
0 0 0 0 0 0 0 0 0 0 0 0 0 0 0 0 0 0 0 0 0 0 0 0 0 0 0 0 0 0 3.78049302616848E-03 3.79826036258691E-03 3.80079092254976E-03 3.80645166605339E-03 3.81513230908571E-03 3.82658002504292E-03 3.84070635914339E-03 3.85738505966732E-03 3.8767344185393E-03 3.89893770322536E-03 3.92417236194888E-03 3.95258679240163E-03 3.98426545777761E-03 4.01933120940781E-03 4.05771122036377E-03 4.09930455472036E-03 4.14387828104203E-03 4.19125093496437E-03 4.24109449021747E-03 4.2930269722582E-03 4.34662647033503E-03 4.40143459183276E-03 4.45702615446744E-03 4.51295062105874E-03 4.5688344284105E-03 4.62429221466532E-03 4.67904933957918E-03 4.73286763578337E-03 4.78556333122289E-03 4.83695541946595E-03 4.88689978254749E-03 4.93528636330472E-03 4.98197794759275E-03 5.02685145391978E-03
0 0 0 0 0 0 0 0 0 0 0 0 0 0 0 0 0 0 0 0 0 0 0 0 0 0 0 0 0 0 3.78049302616848E-03 3.78149955118039E-03 3.78526496326587E-03 3.79237384021041E-03 3.80257003413434E-03 3.81565748813747E-03 3.83158022949624E-03 3.85026976172925E-03 3.87183971882743E-03 3.89647018095092E-03 3.92431541753925E-03 3.95552401703678E-03 3.99014887933927E-03 4.02825448562695E-03 4.06972596004095E-03 4.11440413108565E-03 4.16200553575036E-03 4.21227094142917E-03 4.2648241396926E-03 4.31921733545501E-03 4.3749880641541E-03 4.43164637046813E-03 4.48875606969538E-03 4.54586518910083E-03 4.60260943097371E-03 4.65863975723312E-03 4.71370482586494E-03 4.76759545308479E-03 4.82015769826369E-03 4.87124583708694E-03 4.92074089724827E-03 4.96853360116269E-03 5.01449482863303E-03 5.05850445050971E-03
0 0 0 0 0 0 0 0 0 0 0 0 0 0 0 0 0 0 0 0 0 0 0 0 0 0 0 0 0 3.74158613200189E-03 3.76127784908888E-03 3.76392225123452E-03 3.7696284669503E-03 3.77850567424208E-03 3.79049720588302E-03 3.80547983224113E-03 3.82344416269412E-03 3.84436789474885E-03 3.86836467845388E-03 3.8956066390417E-03 3.92622431436553E-03 3.96035628494872E-03 3.9980203262276E-03 4.03922615326602E-03 4.08380811641203E-03 4.13155203387143E-03 4.18211906916005E-03 4.23518371598069E-03 4.29031369189758E-03 4.3470079832069E-03 4.40476692190239E-03 4.46308210554803E-03 4.52151360597044E-03 4.57961865282402E-03 4.63705127567548E-03 4.69349485171568E-03 4.74872345512934E-03 4.80255270102917E-03 4.85485514214943E-03 4.90551770320332E-03 4.95444509791467E-03 5.00152851404102E-03 5.04664206092976E-03 5.08967053892656E-03
0 0 0 0 0 0 0 0 0 0 0 0 0 0 0 0 0 0 0 0 0 0 0 0 0 0 0 0 0 3.74158613200189E-03 3.74267348576086E-03 3.74676237837338E-03 3.75432188750564E-03 3.76513447274132E-03 0.003779136684737 3.7962450380367E-03 3.81648657880234E-03 3.8398646363399E-03 3.8664892631882E-03 3.8965216856267E-03 3.93005993638652E-03 3.96722670897489E-03 4.00800030548297E-03 4.05233795601067E-03 4.1000233200274E-03 4.15078103768132E-03 4.20421863885517E-03 4.25994813964903E-03 4.31749408505094E-03 4.37630362201327E-03 4.43584919868621E-03 4.49561711062555E-03 4.55517436885665E-03 4.61409641720445E-03 4.67205433185871E-03 4.72876365524578E-03 4.78401958667327E-03 4.83766087276734E-03 4.88958058004376E-03 4.93969831000073E-03 4.98793994300437E-03 5.03419446329951E-03 0.005078338128043 5.12026394228507E-03
0 0 0 0 0 0 0 0 0 0 0 0 0 0 0 0 0 0 0 0 0 0 0 0 0 0 0 0 3.70049150707561E-03 3.7211482139985E-03 3.72387032752426E-03 3.72994936351657E-03 3.73953412315076E-03 3.75246538253139E-03 3.76869224746347E-03 3.78815250699834E-03 3.81089928672291E-03 3.83694560563183E-03 3.86638670774059E-03 3.8993704416679E-03 3.9359559054814E-03 3.97624678944605E-03 4.02017490393039E-03 4.06765142341063E-03 4.11840516038193E-03 4.17209763454839E-03 4.22828297100804E-03 4.28652220283261E-03 4.34630194703894E-03 4.4070215638288E-03 4.46813969218264E-03 4.52915384293287E-03 4.58964530139018E-03 4.6492102664563E-03 4.70753730228667E-03 4.7643715998973E-03 4.81952629146714E-03 4.87285672394628E-03 4.92427111883043E-03 4.97372083881122E-03 5.02115371492157E-03 5.06645076303386E-03 5.10949369263394E-03 5.1501914513221E-03
0 0 0 0 0 0 0 0 0 0 0 0 0 0 0 0 0 0 0 0 0 0 0 0 0 0 0 0 3.70049150707561E-03 3.70152507092772E-03 3.70564754996149E-03 3.71374224992874E-03 3.7255362595793E-03 3.7407824382024E-03 3.75943900882976E-03 3.7814551557815E-03 3.80690620466971E-03 3.83580653927824E-03 3.86822539886286E-03 3.90430259340696E-03 3.94403648484688E-03 3.98752232235686E-03 4.03462881940729E-03 4.08522497558089E-03 4.13898500619582E-03 4.19550101050306E-03 4.25428509745717E-03 4.31484429123878E-03 4.37665291963924E-03 4.43905658023525E-03 4.50152712524427E-03 4.56358618649889E-03 4.62482919367499E-03 4.6848765362284E-03 4.74342357963257E-03 4.80025170039755E-03 4.85517913922662E-03 4.9080780033025E-03 4.95886137585923E-03 5.00751415697051E-03 5.05400842615671E-03 5.09820728089822E-03 5.14001201203447E-03 5.17935622267789E-03
0 0 0 0 0 0 0 0 0 0 0 0 0 0 0 0 0 0 0 0 0 0 0 0 0 0 0 0 3.68084352368296E-03 3.68143315505753E-03 3.68767651911956E-03 3.69825241290386E-03 3.71256623294818E-03 3.7303615887328E-03 3.75164642375844E-03 3.77640278879229E-03 3.8047249529723E-03 3.83663085668363E-03 3.87216477778087E-03 3.91144079755591E-03 3.9544074389775E-03 4.00112900107955E-03 4.0514184014417E-03 4.10508608211058E-03 4.16175007544751E-03 4.22095025122831E-03 4.28216534872101E-03 4.34485092282464E-03 4.40844845334777E-03 4.47230697842511E-03 4.53592365740204E-03 4.59884133429816E-03 4.66066442311217E-03 4.72103616750922E-03 4.7796624540936E-03 4.83634996694644E-03 4.89091944264695E-03 4.94325608837535E-03 4.99328060333963E-03 5.04100329448693E-03 5.08640451593647E-03 5.12935202628891E-03 5.16977967086781E-03 5.20765120378905E-03
0 0 0 0 0 0 0 0 0 0 0 0 0 0 0 0 0 0 0 0 0 0 0 0 0 0 0 3.6143543376318E-03 3.65407585185786E-03 3.66022676532058E-03 3.67034045184442E-03 3.68397590472367E-03 3.70107079674342E-03 3.72158886462436E-03 3.74564634993177E-03 3.7732782274183E-03 3.80459375359173E-03 3.8396205274773E-03 3.87837233831302E-03 3.92092620924532E-03 3.96717706809797E-03 4.01713941455881E-03 4.07058029695215E-03 4.12722511377273E-03 4.1866590734667E-03 4.24836978097959E-03 4.31182107234972E-03 4.3764094682126E-03 4.4415641351881E-03 4.50668196131883E-03 4.57125842274059E-03 4.63486600091469E-03 4.6971059885623E-03 4.75765683262718E-03 4.81621470713311E-03 4.87261927876192E-03 4.92668337496037E-03 4.97831229788302E-03 5.02742472318906E-03 5.07405403135878E-03 5.11820356987294E-03 5.15975468909903E-03 5.1986762957417E-03 5.23497023524743E-03
0 0 0 0 0 0 0 0 0 0 0 0 0 0 0 0 0 0 0 0 0 0 0 0 0 0 3.58971573181709E-03 3.6143543376318E-03 3.6289665946218E-03 3.64108140927104E-03 3.65492431644535E-03 3.67157604910173E-03 3.69147853506754E-03 3.71479109270149E-03 3.74171353089036E-03 3.7723167788573E-03 3.80671557208676E-03 3.84493671375238E-03 3.88696694182631E-03 3.93283710252668E-03 0.00398238720572 4.03556929381593E-03 4.09208497330997E-03 4.15159458181075E-03 4.2136406309388E-03 4.27767916067544E-03 4.34315469910231E-03 4.40943440177396E-03 4.47594925396394E-03 4.54213196407025E-03 4.60749440738052E-03 4.67162163756441E-03 4.7341201180023E-03 4.79468496302631E-03 4.85302220470416E-03 4.90898112558542E-03 4.96237683334298E-03 5.01312968448921E-03 5.06117173791162E-03 5.10655204896624E-03 5.1492825039347E-03 5.18928560445908E-03 5.22658087998933E-03 5.2612097509193E-03
0 0 0 0 0 0 0 0 0 0 0 0 0 0 0 0 0 0 0 0 0 0 0 0 0 3.57847002382797E-03 3.58971573181709E-03 3.60000305686477E-03 3.61223595490333E-03 3.62599742934343E-03 3.64225824939547E-03 3.66150590085298E-03 3.68410117596379E-03 3.71021965892477E-03 3.74006469349807E-03 3.7737106998464E-03 3.81125648370071E-03 3.85272162675017E-03 3.89806150192439E-03 3.94725118393085E-03 4.00007481522699E-03 4.05640312732854E-03 4.11588260887811E-03 4.17811052746856E-03 4.24259536452888E-03 4.30876964024942E-03 4.37606870060909E-03 4.44385006644286E-03 4.51154590549247E-03 4.57862331931729E-03 4.64460724090659E-03 4.70909185315045E-03 4.77168464607112E-03 4.83209235800461E-03 4.8900328322808E-03 4.94535425547841E-03 4.99789058866844E-03 5.04757343113564E-03 5.09435982297275E-03 5.13830644155863E-03 5.17946113863347E-03 5.21779636772138E-03 5.25337460700584E-03 5.28628075908361E-03
0 0 0 0 0 0 0 0 0 0 0 0 0 0 0 0 0 0 0 0 0 0 0 0 0 3.57847002382797E-03 3.57943484881154E-03 3.58680097325263E-03 3.59853904064762E-03 3.61360142496342E-03 3.63196409745768E-03 0.003653686273935 3.67897451530439E-03 3.70795981623073E-03 3.74080936336817E-03 3.77757266624981E-03 3.81831569182085E-03 3.86304988239959E-03 3.91170062686485E-03 3.96418021688341E-03 4.02021682609734E-03 4.07959900102705E-03 4.14191144066419E-03 4.20669957718661E-03 4.2734408869196E-03 4.3415593189459E-03 4.41048670786489E-03 4.4795806828592E-03 4.54827779041113E-03 4.61607737847219E-03 4.6825154778266E-03 4.74718233223952E-03 4.80968475104728E-03 4.86973868028034E-03 4.92708053442178E-03 4.98155742615951E-03 5.03302690800118E-03 5.08144140987833E-03 5.12679301834078E-03 5.16915402316473E-03 5.20860066131606E-03 5.24516567314686E-03 5.27896311341835E-03 5.31011520178493E-03
0 0 0 0 0 0 0 0 0 0 0 0 0 0 0 0 0 0 0 0 0 0 0 0 3.54074514093079E-03 3.56036393163123E-03 3.56417565217728E-03 3.5728697177604E-03 3.58597083014374E-03 3.60293150814434E-03 3.62361527718133E-03 3.64794870046283E-03 3.67605405231972E-03 3.70803357414714E-03 3.74399893778532E-03 3.78397257661878E-03 3.82796499807093E-03 3.8759924336151E-03 3.92794238112349E-03 3.98365292621776E-03 4.04281286784974E-03 4.10511222603065E-03 4.17010153896325E-03 4.23726749729943E-03 4.30607492867146E-03 4.3759447650387E-03 4.4463110639034E-03 4.51654148822486E-03 4.58606293646143E-03 4.65442018518663E-03 4.72113684259941E-03 4.78579571966157E-03 4.84800152538093E-03 4.90748177223029E-03 4.96400131797467E-03 5.01740023622872E-03 5.06758496439093E-03 5.11452541534065E-03 5.15826925384554E-03 5.19889810718116E-03 5.23653720968993E-03 5.27127609614322E-03 5.3032689615733E-03 5.33266979650134E-03
