NongDo/Fusa 12.9h.grd
DSAA
463	323
2	464
2	324
0	10
[rows 140 to 167 of 323, columns 192 to 255 of 463]
6.97298190479391E-03 7.05103000034604E-03 7.12831127765288E-03 7.2046882519881E-03 7.27998920712393E-03 7.35399402512453E-03 7.42649122925637E-03 7.49725835482129E-03 7.56607662068737E-03 7.63271295049737E-03 7.69694050602104E-03 7.75853417434716E-03 7.81730003020689E-03 7.87307327880981E-03 7.92572136432354E-03 7.97515015033889E-03 8.02130885212108E-03 8.06419470485278E-03 8.10383985059841E-03 8.1403103759252E-03 8.17369684442349E-03 8.20410948902705E-03 8.23166752118436E-03 8.25649634853286E-03 8.27872037899809E-03 8.29845790251969E-03 8.31582277073408E-03 8.33092997031369E-03 8.34392912235388E-03 8.35499734446942E-03 8.36432575389027E-03 8.37209867684043E-03 8.37848395228476E-03 8.38363657189102E-03 8.38769315689134E-03 8.39077244973781E-03 8.39296611285858E-03 8.39434750275903E-03 8.39497609555708E-03 8.39490334812664E-03 8.39417240479652E-03 8.39281393893272E-03 8.3908463947335E-03 8.38828042788967E-03 8.38511656992666E-03 8.38132611078141E-03 8.37685071226713E-03 8.36606070903395E-03 0 0 0 0 0 0 0 0 0 0 0 0 0 0 0 0
7.04968570904487E-03 7.1268282977894E-03 7.20303557438942E-03 7.27817253704084E-03 7.35207016323989E-03 7.42451000294248E-03 7.49529706889654E-03 7.56422398875138E-03 7.63108484470392E-03 7.6956566711856E-03 7.75772326730201E-03 7.81706865875955E-03 7.87350960157287E-03 7.92689165623633E-03 7.97709165050063E-03 8.02402604258412E-03 8.06765813605287E-03 8.10800236806469E-03 8.14510727580105E-03 8.17905618853147E-03 8.20995451766143E-03 8.23792478413679E-03 8.26309837407731E-03 8.28561210755032E-03 8.30560015738099E-03 8.32319019456259E-03 8.3385055441881E-03 8.35166803762036E-03 8.36284406278999E-03 8.37223014828051E-03 8.38002251954622E-03 8.38640339688413E-03 8.39153579056725E-03 8.39556781934742E-03 8.39862580549763E-03 8.40081889528171E-03 8.4022295875457E-03 8.40292101727678E-03 8.40294222909704E-03 8.40233541647083E-03 8.40113892804231E-03 8.3993767617416E-03 8.39705264912162E-03 8.39415901241178E-03 8.39068190363917E-03 8.38659382152752E-03 8.37685071226713E-03 0 0 0 0 0 0 0 0 0 0 0 0 0 0 0 0 0
7.12422938935786E-03 7.20036816990865E-03 7.27541151236061E-03 7.34922230888651E-03 7.42163246881859E-03 7.49243578867279E-03 7.56145877303549E-03 7.62850767954834E-03 7.69338516266608E-03 7.75587476796356E-03 7.81576751259367E-03 7.87285789890749E-03 7.9269728687392E-03 7.97796689340991E-03 8.02572619336827E-03 8.07018003854761E-03 8.1113078088094E-03 8.14914149622892E-03 8.18374757887982E-03 8.21522800238257E-03 8.24370353037076E-03 8.26930853647518E-03 8.29218554668775E-03 8.31248123980338E-03 8.33033792035104E-03 8.34589142769892E-03 8.35927365154693E-03 8.37061679984946E-03 8.3801050841152E-03 8.38794807873271E-03 8.39433992217445E-03 8.39945780045821E-03 8.40345857350953E-03 8.40648407532362E-03 8.40865249728617E-03 8.41006174661678E-03 8.41078298097061E-03 8.41087095087861E-03 8.41036662715111E-03 8.40929849066611E-03 8.40769138973484E-03 8.40556123555953E-03 8.40289106602541E-03 8.39963347271985E-03 8.39573832585982E-03 8.38659382152752E-03 0 0 0 0 0 0 0 0 0 0 0 0 0 0 0 0 0 0
7.19669013328124E-03 7.27173756165501E-03 7.34553677645701E-03 7.41794391784799E-03 7.48879699960167E-03 7.55791719131303E-03 7.62514202550356E-03 7.69028909359303E-03 7.75316386732232E-03 7.81355525868399E-03 7.8712597221981E-03 7.92608592874176E-03 0.007977867575469 8.02646813387493E-03 8.07178522407259E-03 8.11376459611404E-03 8.15240366173939E-03 8.1877526361031E-03 8.21989898349033E-03 8.2489642924383E-03 8.27508501649151E-03 8.2984059485954E-03 8.3190795069981E-03 8.33726022463058E-03 8.35309641130011E-03 8.36673100507001E-03 8.37830450260498E-03 8.38796205160321E-03 8.39590002608703E-03 8.40233550780345E-03 8.40745697260874E-03 8.41143366132244E-03 8.41441606181536E-03 8.41653989180115E-03 8.41791623476794E-03 8.41863039314693E-03 8.41874179803683E-03 8.41829711090129E-03 8.41732998019748E-03 8.4158527136919E-03 8.41386668751515E-03 8.41137116471423E-03 8.40831654082493E-03 0.00840460247962 8.39573832585982E-03 0 0 0 0 0 0 0 0 0 0 0 0 0 0 0 0 0 0 0
7.26719834598318E-03 7.34107406679998E-03 7.41355120018721E-03 7.48448703974969E-03 7.55373558408827E-03 7.62114119914934E-03 7.6865409680328E-03 7.74976076755139E-03 7.81060663818043E-03 7.86887511592548E-03 7.92436944854186E-03 7.97691069876872E-03 8.02633771114648E-03 8.07252632519216E-03 8.11538961503581E-03 8.15489243472838E-03 8.19105228603401E-03 8.22394084302756E-03 8.25366912536688E-03 8.2803776679351E-03 8.30421697931451E-03 8.32534173491603E-03 8.34391241594283E-03 8.36008845936425E-03 8.37402206847579E-03 8.38586231444269E-03 8.3957587771967E-03 8.40387029999988E-03 8.41040023427465E-03 8.41556425717847E-03 8.41954041941121E-03 8.42249159690747E-03 8.42456332071825E-03 8.42588331906406E-03 8.42655224094786E-03 8.42664464285993E-03 8.42620980830961E-03 8.42528106932524E-03 8.42387675820903E-03 8.42199199858378E-03 8.41960229792896E-03 8.41667343887384E-03 8.41311638818998E-03 0.00840460247962 0 0 0 0 0 0 0 0 0 0 0 0 0 0 0 0 0 0 0 0
7.33595519307213E-03 7.40858910536121E-03 7.47968019834293E-03 7.54909288422261E-03 7.61669308019829E-03 7.68233860698687E-03 7.74587102296294E-03 7.8071188556678E-03 7.86589103847973E-03 7.92199196747524E-03 7.97523289892505E-03 8.0254438927182E-03 8.07247583061215E-03 8.11622005614334E-03 8.15660937794122E-03 8.19362961956369E-03 8.22732187945297E-03 8.25778184528951E-03 8.28514355259318E-03 8.30956476823469E-03 8.33120755802502E-03 8.35023497676248E-03 8.36681158350822E-03 8.38109892022403E-03 8.39325219047708E-03 8.40342500654911E-03 8.41177419281866E-03 8.41847227621074E-03 8.42372557085417E-03 8.42773942221007E-03 8.43068311640236E-03 8.43271443607397E-03 8.43397401394575E-03 8.43458056521585E-03 8.43462402534081E-03 8.43416714741209E-03 8.43324375830936E-03 8.43186734213591E-03 8.43003604901517E-03 8.42772000088042E-03 8.42485778494272E-03 8.42137375191465E-03 8.41311638818998E-03 0 0 0 0 0 0 0 0 0 0 0 0 0 0 0 0 0 0 0 0 0
7.40310852913153E-03 7.47443438965413E-03 7.54407987666589E-03 7.61191614949989E-03 7.67781503263643E-03 7.74164453813858E-03 7.8032525640667E-03 7.86246954131601E-03 7.91910911296166E-03 7.97298307695539E-03 8.02391095569856E-03 8.07173395005389E-03 8.1163215485854E-03 8.15758514169563E-03 8.19548126107318E-03 8.23001817697879E-03 8.26126330892047E-03 0.008289337908826 8.31439727774753E-03 8.33661381433098E-03 8.35615799244771E-03 8.37319674377262E-03 8.38789439237354E-03 8.40041401709185E-03 8.41091318785953E-03 8.4195492257096E-03 8.42648520804797E-03 8.43189974735522E-03 8.4359921938091E-03 8.43896044517208E-03 8.44097185857904E-03 8.44217705136208E-03 8.44270885464034E-03 8.44267922593787E-03 8.44217147516469E-03 8.44123265829298E-03 8.43986909324502E-03 8.43805942916833E-03 8.43577675483278E-03 8.43296036314038E-03 8.42952020948946E-03 8.42137375191465E-03 0 0 0 0 0 0 0 0 0 0 0 0 0 0 0 0 0 0 0 0 0 0
7.46874143333969E-03 7.53868570276193E-03 7.60681545920013E-03 7.67300707473474E-03 7.73713789811395E-03 7.79908552353026E-03 7.8587021135125E-03 7.91581996439169E-03 7.97025805592452E-03 8.0218371392222E-03 8.07038825070464E-03 8.11576762972395E-03 8.15786691264191E-03 8.19662272554937E-03 8.23201839174308E-03 8.26408566071324E-03 8.29291981261718E-03 8.31866818190459E-03 8.3415038894545E-03 8.36161019649396E-03 8.37916197397953E-03 8.39432553343012E-03 8.40726377246743E-03 8.41814043738297E-03 8.42711288115444E-03 8.43434008774817E-03 8.43998831905294E-03 8.44423841123089E-03 8.44728345609808E-03 8.44931269678086E-03 8.45048908320883E-03 8.45095651008703E-03 8.45084059483017E-03 8.45024903297371E-03 8.44926220401129E-03 8.44790922951072E-03 8.44614608792218E-03 8.44387792955259E-03 8.44106654933059E-03 8.4376198013257E-03 8.42952020948946E-03 0 0 0 0 0 0 0 0 0 0 0 0 0 0 0 0 0 0 0 0 0 0 0
7.5328816719404E-03 7.60136005061995E-03 7.66789171808321E-03 7.73235878586656E-03 7.79464500018852E-03 7.8546358970131E-03 7.91218589293696E-03 7.96712969556085E-03 8.0192935210741E-03 8.0685094471132E-03 8.11462391095656E-03 8.15751181191191E-03 8.19709091804806E-03 8.23332647327738E-03 8.26623070744338E-03 8.29586085924517E-03 8.32234081884638E-03 8.34584097780167E-03 8.36654737465188E-03 8.38464954571893E-03 8.40032251845211E-03 8.41373024451985E-03 8.42503361230462E-03 8.43439433154885E-03 8.44196645840063E-03 8.44790900730306E-03 8.45238954408043E-03 8.45558926721443E-03 8.45769498647414E-03 8.4588866009135E-03 8.4593198207053E-03 8.45913129045803E-03 8.45844143950009E-03 0.008457356813773 8.45596237722429E-03 8.45427641676509E-03 8.45216398243219E-03 8.4493080594948E-03 8.44579934244241E-03 8.4376198013257E-03 0 0 0 0 0 0 0 0 0 0 0 0 0 0 0 0 0 0 0 0 0 0 0 0
7.59551271072948E-03 7.66242904220076E-03 7.72726915011273E-03 7.78992203432677E-03 7.85027774756951E-03 7.90822827902135E-03 7.9636307794298E-03 8.01632356550927E-03 8.06614204468682E-03 8.11293270138684E-03 8.15656093480268E-03 8.19692388928193E-03 8.23396923231939E-03 8.26769342923595E-03 8.29813888349349E-03 8.32538885559162E-03 8.34959278566728E-03 8.37094028010152E-03 8.38962596238625E-03 8.40584091797398E-03 8.41975712785412E-03 8.4315343738361E-03 8.44132894175022E-03 8.44929804895473E-03 8.45559174598832E-03 8.46036761917906E-03 8.46379339796357E-03 8.46604980531443E-03 8.46731833384212E-03 8.46776795205235E-03 8.46754337531795E-03 8.46677068837979E-03 8.46556363696517E-03 8.46403699763341E-03 8.46231537207846E-03 8.46045883983483E-03 8.45821553997895E-03 8.45433385626464E-03 8.44579934244241E-03 0 0 0 0 0 0 0 0 0 0 0 0 0 0 0 0 0 0 0 0 0 0 0 0 0
7.65657884624858E-03 7.72182802642443E-03 7.78487564756997E-03 7.84561880321818E-03 0.007903953798471 7.95977743146169E-03 8.01295074036866E-03 8.06331842310854E-03 8.11072806586633E-03 8.15504238736085E-03 8.19614903749885E-03 8.23397216970959E-03 8.26849237902454E-03 8.29973757522959E-03 8.32778003111706E-03 8.3527288584792E-03 8.37475520069381E-03 8.39406226633842E-03 8.41084849435272E-03 8.42530272438532E-03 8.43759101401608E-03 8.44786694693061E-03 8.45627952064221E-03 8.46297936806817E-03 8.46811204480878E-03 8.47183381611357E-03 8.4743125358516E-03 8.4757269761179E-03 8.47625215991702E-03 8.47604659235924E-03 8.47524056826585E-03 8.47393867348023E-03 0.008472233355227 8.47025210427314E-03 8.4682460606711E-03 8.46652755560531E-03 8.46530181748242E-03 8.45433385626464E-03 0 0 0 0 0 0 0 0 0 0 0 0 0 0 0 0 0 0 0 0 0 0 0 0 0 0
7.71599201809761E-03 7.77946324444868E-03 7.8406131155229E-03 7.89934813038281E-03 7.95557110710095E-03 8.00918229975592E-03 8.06004895977823E-03 8.10802585408053E-03 8.15297522126147E-03 8.19477834620948E-03 8.23334862469632E-03 8.26864145723721E-03 8.30067001920607E-03 8.32949323811574E-03 8.35521183785735E-03 8.37795919213919E-03 8.39792250273729E-03 8.41531331427459E-03 8.43033069717513E-03 8.44315711657887E-03 8.45394961254239E-03 8.46285366812621E-03 8.47000937264934E-03 0.008475558770321 8.47964325442834E-03 8.48241759151029E-03 8.48404925408822E-03 8.48471507071418E-03 8.48458614097538E-03 8.48381089560862E-03 8.48249809822388E-03 8.4807090866687E-03 8.47846337532101E-03 8.47583890858303E-03 8.4733415697661E-03 8.47174521865146E-03 8.47148642662379E-03 0 0 0 0 0 0 0 0 0 0 0 0 0 0 0 0 0 0 0 0 0 0 0 0 0 0 0
7.77364519645037E-03 7.8352275371902E-03 7.89437638851906E-03 0.007951007729462 8.00503083750146E-03 8.05635074197282E-03 8.10484387730856E-03 8.15037722473771E-03 8.19283059010069E-03 8.23210753405581E-03 8.26815035907153E-03 8.30094576945215E-03 8.33053866399995E-03 8.35701907266904E-03 8.38051439225097E-03 8.40117637857334E-03 8.41920260925424E-03 8.43481070442704E-03 8.44819654559601E-03 8.45953232051252E-03 8.46896344988552E-03 8.47662466170516E-03 8.48264499153522E-03 8.48715883925031E-03 8.49030434776111E-03 8.49223324464023E-03 8.49311079847224E-03 8.49311334302348E-03 8.49241325385693E-03 8.49115434001527E-03 8.48942306220381E-03 8.48720896994218E-03 8.48432550176405E-03 8.48044820623325E-03 8.47670933500193E-03 0.008474799333411 8.47148642662379E-03 0 0 0 0 0 0 0 0 0 0 0 0 0 0 0 0 0 0 0 0 0 0 0 0 0 0 0
7.82941839647365E-03 7.88900563631971E-03 7.94605575664966E-03 8.00049537975345E-03 8.05224131046681E-03 8.10120486196127E-03 8.14727264660806E-03 8.19032696112043E-03 8.23026920427714E-03 8.26702826927324E-03 8.30057555766095E-03 8.33092767717731E-03 8.35816119478767E-03 8.3823959295698E-03 8.40378248886046E-03 8.42248474115263E-03 8.4387084966795E-03 8.45267498735519E-03 8.46457035486818E-03 8.47455257919629E-03 8.4827537413211E-03 8.48929693298699E-03 8.49430109658098E-03 8.4978934603964E-03 8.50020746197966E-03 8.50139036321014E-03 8.5016037265706E-03 8.50102397374433E-03 8.49983246484284E-03 8.49818411509321E-03 8.49616896589523E-03 8.49374102704951E-03 8.49036847852772E-03 8.48357615958111E-03 8.47670933500193E-03 0.008474799333411 0 0 0 0 0 0 0 0 0 0 0 0 0 0 0 0 0 0 0 0 0 0 0 0 0 0 0 0
7.88319809481312E-03 7.94069225678329E-03 7.99555575135488E-03 8.04772752361199E-03 8.09713302557176E-03 8.1436894051435E-03 8.18729627248969E-03 8.22785569505366E-03 8.26529427642891E-03 8.29956660988989E-03 8.33067258880956E-03 8.35865766849683E-03 8.38362813180927E-03 8.40573000997322E-03 8.42513216090773E-03 8.44200978556973E-03 8.45657474842565E-03 8.46904470531406E-03 8.4795894183044E-03 8.48835096339283E-03 8.49544797660143E-03 8.50099347119647E-03 8.50509801922378E-03 8.50788098795502E-03 8.50946905714995E-03 8.51000418037615E-03 8.50964296959775E-03 8.50855741298919E-03 8.50693905718315E-03 8.50497825718865E-03 8.5028419289335E-03 8.50074432974997E-03 8.49904460831093E-03 8.48357615958111E-03 0 0 0 0 0 0 0 0 0 0 0 0 0 0 0 0 0 0 0 0 0 0 0 0 0 0 0 0 0 0
7.93487912211669E-03 7.99019361311904E-03 8.04279543666143E-03 8.09263708873527E-03 0.008139653955061 8.18376790247099E-03 8.22489751635543E-03 8.26296851262566E-03 8.29793421507398E-03 8.32977380451843E-03 8.3585157331006E-03 0.008384232388868 8.40705520494725E-03 8.42715270112017E-03 8.44470718868296E-03 8.45990474799044E-03 8.47295575357365E-03 8.48406826482619E-03 8.49339501686075E-03 8.50106158670823E-03 8.50717439837889E-03 8.51183784926006E-03 8.51515469566749E-03 8.51723565486466E-03 8.51820029385299E-03 8.51818276153647E-03 8.51732883608586E-03 8.51579635919241E-03 8.51377931219864E-03 8.51149807800396E-03 8.50916962339168E-03 8.50725412728614E-03 8.50690539253496E-03 0 0 0 0 0 0 0 0 0 0 0 0 0 0 0 0 0 0 0 0 0 0 0 0 0 0 0 0 0 0 0
7.98436723998289E-03 8.03743126872744E-03 8.08771467984972E-03 8.1351814354831E-03 8.17977688283384E-03 8.22143342551389E-03 8.26009346874455E-03 8.29570680422122E-03 8.32825268623842E-03 8.35773508846292E-03 8.38420998386632E-03 8.40777397390686E-03 8.42857923189267E-03 8.44681108186953E-03 8.46266137997992E-03 8.4763243791423E-03 8.48800268094344E-03 8.49788982923606E-03 8.50612177473794E-03 8.51281079364766E-03 8.51805385374572E-03 8.52194665886939E-03 8.52458288015735E-03 8.52606561924645E-03 8.52650739062942E-03 8.52603093842336E-03 8.52476239543447E-03 8.52282454155042E-03 8.52037847433505E-03 8.5176310180687E-03 8.51468620362069E-03 8.51154852010299E-03 8.50690539253496E-03 0 0 0 0 0 0 0 0 0 0 0 0 0 0 0 0 0 0 0 0 0 0 0 0 0 0 0 0 0 0 0
8.03157376671075E-03 8.08233462035544E-03 8.13026149122389E-03 8.17532892689584E-03 8.21749583817431E-03 8.25671082910442E-03 8.29293761327673E-03 8.32615081939618E-03 8.35635479158396E-03 8.38357796355129E-03 8.40789972550895E-03 8.42943802367652E-03 8.4483609921122E-03 8.46486501102413E-03 8.47914830586608E-03 8.49141079737866E-03 8.5018450702956E-03 8.51062486782952E-03 8.51787263990865E-03 8.52369012427571E-03 8.52816627821429E-03 8.53138841624952E-03 8.53344304727339E-03 8.53442613769809E-03 8.53444054724319E-03 8.53359139601166E-03 8.53197190319164E-03 8.52964740106229E-03 8.52672103484963E-03 8.52336061289986E-03 8.51958114116005E-03 8.51154852010299E-03 0 0 0 0 0 0 0 0 0 0 0 0 0 0 0 0 0 0 0 0 0 0 0 0 0 0 0 0 0 0 0 0
8.07645324100102E-03 8.12487856823848E-03 8.17043070044637E-03 0.008213097761332 8.25285519989994E-03 8.28966751615846E-03 8.32351859089541E-03 8.35440826723678E-03 8.38236508495624E-03 8.40743933513332E-03 8.42973030617901E-03 8.44937425017526E-03 8.46655061720496E-03 8.48146299996625E-03 8.49431281625211E-03 8.50530062436507E-03 8.51460488198363E-03 8.52238197465535E-03 8.52874523517603E-03 8.53378648313142E-03 8.53758638346391E-03 8.54022593380107E-03 8.54178770737087E-03 8.54236064125505E-03 8.54203520884731E-03 8.54088749477088E-03 8.53894384766575E-03 8.53617118315451E-03 8.53266857824308E-03 8.52858000158513E-03 8.51958114116005E-03 0 0 0 0 0 0 0 0 0 0 0 0 0 0 0 0 0 0 0 0 0 0 0 0 0 0 0 0 0 0 0 0 0
8.11899842785968E-03 8.16507906722985E-03 8.20826271583965E-03 8.24855357781214E-03 8.28594214997637E-03 8.32040692479792E-03 8.35195415765069E-03 8.38060869431541E-03 8.40642179229054E-03 8.42946161096391E-03 8.44984540323846E-03 8.46772467509272E-03 8.48328583777273E-03 8.49673585051435E-03 8.5082749985814E-03 8.5181015281233E-03 8.52638145119666E-03 8.53325560597458E-03 8.53882802726645E-03 8.54318195496876E-03 8.5463912817849E-03 8.54853236682496E-03 8.54968460902595E-03 8.54993162889417E-03 8.54935472824996E-03 8.54800064772955E-03 8.54578429327654E-03 8.54238809445616E-03 8.53810917175736E-03 8.52858000158513E-03 0 0 0 0 0 0 0 0 0 0 0 0 0 0 0 0 0 0 0 0 0 0 0 0 0 0 0 0 0 0 0 0 0 0
8.15923741468201E-03 8.2029862699473E-03 8.24383037058067E-03 8.28178808391367E-03 8.31686287170632E-03 8.34904906433015E-03 8.37837644660143E-03 8.40489309482977E-03 8.42866995735522E-03 8.4497916888824E-03 8.46839141698971E-03 8.48463221809749E-03 8.49870352769876E-03 8.5108121392606E-03 8.52115449375411E-03 8.52992446165433E-03 8.53727628275587E-03 8.54333815276185E-03 8.54820581934838E-03 8.55195575213098E-03 8.55465718341302E-03 8.5563813672739E-03 8.55720196310263E-03 8.5572004725447E-03 8.55646491140836E-03 8.55505508626491E-03 8.55278802430668E-03 8.54821934597801E-03 8.53810917175736E-03 0 0 0 0 0 0 0 0 0 0 0 0 0 0 0 0 0 0 0 0 0 0 0 0 0 0 0 0 0 0 0 0 0 0 0
8.19722507007973E-03 8.23867376921006E-03 8.27722343998246E-03 8.31290445242322E-03 8.34573455516552E-03 8.37572564263219E-03 8.40292844452287E-03 8.42741243684225E-03 8.44926562875042E-03 8.46858778595025E-03 8.48552365241414E-03 8.50024492966789E-03 8.51294137867653E-03 8.52381686523009E-03 8.53306319083837E-03 8.54086867970943E-03 8.54737819563465E-03 8.55270915254786E-03 8.55695045502249E-03 8.56017349384458E-03 8.56244375899901E-03 8.56382734664193E-03 8.5643905765038E-03 8.5642096672177E-03 8.56339199456682E-03 8.56215703736345E-03 8.56103288880464E-03 8.54821934597801E-03 0 0 0 0 0 0 0 0 0 0 0 0 0 0 0 0 0 0 0 0 0 0 0 0 0 0 0 0 0 0 0 0 0 0 0 0
8.23304979260654E-03 8.27224460709161E-03 8.3085573151951E-03 8.3420292150723E-03 8.37269340157705E-03 8.40058081657875E-03 8.42576081404026E-03 8.44832067250469E-03 8.46836249370688E-03 8.48600041933869E-03 8.50138746159959E-03 8.5146997826278E-03 8.52612540557104E-03 8.5358648734978E-03 8.54410542792291E-03 8.55102890423855E-03 8.55677180830802E-03 8.5614436752304E-03 8.56512852009279E-03 8.56789425031136E-03 8.56980408470648E-03 8.57091975169984E-03 8.57129714600839E-03 8.57098370850521E-03 8.57001875275183E-03 8.56860540120417E-03 8.56829141410419E-03 0 0 0 0 0 0 0 0 0 0 0 0 0 0 0 0 0 0 0 0 0 0 0 0 0 0 0 0 0 0 0 0 0 0 0 0 0
8.26682526785552E-03 8.30382399540864E-03 8.33796740210965E-03 8.36930693712708E-03 8.39789127337924E-03 8.42377131265266E-03 8.44703179515736E-03 8.46777470798468E-03 8.48611367427455E-03 8.50217599235793E-03 8.51611914332119E-03 8.52812063105197E-03 8.53836765236391E-03 8.54705674705479E-03 8.55437069765911E-03 8.56048411126889E-03 8.56552753164848E-03 8.56960460685447E-03 8.57279507403934E-03 8.5751646808855E-03 8.57677645268229E-03 8.57769209200396E-03 8.57796315972113E-03 8.57759527308357E-03 8.57637063355575E-03 8.57309738644792E-03 8.56829141410419E-03 0 0 0 0 0 0 0 0 0 0 0 0 0 0 0 0 0 0 0 0 0 0 0 0 0 0 0 0 0 0 0 0 0 0 0 0 0
8.29868214338456E-03 8.33354895143535E-03 8.36559485282681E-03 8.39488234706241E-03 8.42147617973286E-03 8.44544517216495E-03 8.46688683071751E-03 8.48591631609376E-03 8.50265662465119E-03 8.51724380751753E-03 8.52983683834952E-03 8.54061551368785E-03 8.54976645432589E-03 8.55748160062748E-03 8.56393861923266E-03 8.5693060489088E-03 8.57371042997274E-03 8.57725030921508E-03 8.58000148146959E-03 8.58202746300704E-03 8.58339122466992E-03 8.58416274200595E-03 8.58442126190062E-03 8.58424880070056E-03 8.58373405166816E-03 8.57309738644792E-03 0 0 0 0 0 0 0 0 0 0 0 0 0 0 0 0 0 0 0 0 0 0 0 0 0 0 0 0 0 0 0 0 0 0 0 0 0 0
8.3287615027574E-03 8.36156410037208E-03 8.39158733790193E-03 8.41890474902597E-03 8.44359612348342E-03 8.46574604365435E-03 8.48546338214031E-03 8.50287479140523E-03 8.51810981545791E-03 8.53130977404553E-03 8.54263636511529E-03 8.55227278979564E-03 8.56040327071308E-03 8.56721461971955E-03 8.57287925404738E-03 8.57756089279724E-03 8.58138197322996E-03 8.58443615328461E-03 8.5867962718204E-03 8.58852394644909E-03 8.58968152374007E-03 8.59034571451725E-03 8.59061746298985E-03 8.59062840539109E-03 8.59035052919456E-03 0 0 0 0 0 0 0 0 0 0 0 0 0 0 0 0 0 0 0 0 0 0 0 0 0 0 0 0 0 0 0 0 0 0 0 0 0 0 0
8.35719780271139E-03 8.38800414881359E-03 8.41607821886704E-03 8.44150522670703E-03 8.46437909720126E-03 8.48479837163528E-03 8.50288136576108E-03 8.51876265644007E-03 8.53257610513034E-03 8.54446878974871E-03 8.5546066687349E-03 8.56317475824379E-03 8.57035329811562E-03 8.57632458910938E-03 8.58125664472818E-03 8.58530781277497E-03 8.58859518828799E-03 8.59120834776301E-03 8.59321864626612E-03 8.59468727834612E-03 8.59567684927134E-03 8.59625777642962E-03 8.59650577052838E-03 8.59647305173012E-03 8.59035052919456E-03 0 0 0 0 0 0 0 0 0 0 0 0 0 0 0 0 0 0 0 0 0 0 0 0 0 0 0 0 0 0 0 0 0 0 0 0 0 0 0
8.38411784535813E-03 8.41299557569812E-03 8.43919376056266E-03 8.46280943701824E-03 8.48394853171527E-03 8.50272187671621E-03 8.51925454508008E-03 8.53368608286737E-03 8.54615526107073E-03 8.55681507651652E-03 8.56583469980945E-03 8.57339905962429E-03 8.57968589711862E-03 8.58487267508625E-03 8.58912320908701E-03 8.5925893219674E-03 8.59538362595726E-03 8.59759163712411E-03 8.59928309509065E-03 8.60051902148194E-03 8.60135986006264E-03 8.60186251431067E-03 8.60207180241012E-03 8.60185636939096E-03 0 0 0 0 0 0 0 0 0 0 0 0 0 0 0 0 0 0 0 0 0 0 0 0 0 0 0 0 0 0 0 0 0 0 0 0 0 0 0 0
