NongDo/Fusa 18.4h.grd
DSAA
463	323
2	464
2	324
0	10
[rows 56 to 83 of 323, columns 256 to 319 of 463]
0 0 0 0 0 0 0 0 0 0 0 0 0 0 0 0 0 0 0 0 0 0 0 0 0 0 0 0 0 0 0 0 0 0 0 0 0 0 0 0 0 0 0 0 0 0 0 0 0 0 0 0 0 0 0 0 0 0 0 0 0 0 0 0
0 0 0 0 0 0 0 0 0 0 0 0 0 0 0 0 0 0 0 0 0 0 0 0 0 0 0 0 0 0 0 0 0 0 0 0 0 0 0 0 0 0 0 0 0 0 0 0 0 0 0 0 0 0 0 0 0 0 0 0 0 0 0 0
0 0 0 0 0 0 0 0 0 0 0 0 0 0 0 0 0 0 0 0 0 0 0 0 0 0 0 0 0 0 0 0 0 0 0 0 0 0 0 0 0 0 0 0 0 0 0 0 0 0 0 0 0 0 0 0 0 0 0 0 0 0 0 0
0 0 0 0 0 0 0 0 0 0 0 0 0 0 0 0 0 0 0 0 0 0 0 0 0 0 0 0 0 0 0 0 0 0 0 0 0 0 0 0 0 0 0 0 0 0 0 0 0 0 0 0 0 0 0 0 0 0 0 0 0 0 0 0
0 0 0 0 0 0 0 0 0 0 0 0 0 0 0 0 0 0 0 0 0 0 0 0 0 0 0 0 0 0 0 0 0 0 0 0 0 0 0 0 0 0 0 0 0 0 0 0 0 0 0 0 0 0 0 0 0 0 0 0 0 0 0 0
0 0 0 0 0 0 0 0 0 0 0 0 0 0 0 0 0 0 0 0 0 0 0 0 0 0 0 0 0 0 0 0 0 0 0 0 0 0 0 0 0 0 0 0 0 0 0 0 0 0 0 0 0 0 0 0 0 0 0 0 0 0 0 0
0 0 0 0 0 0 0 0 0 0 0 0 0 0 0 0 0 0 0 0 0 0 0 0 0 0 0 0 0 0 0 0 0 0 0 0 0 0 0 0 0 0 0 0 0 0 0 0 0 0 0 0 0 0 0 0 0 0 0 0 0 0 0 0
0 0 0 0 0 0 0 0 0 0 0 0 0 0 0 0 0 0 0 0 0 0 0 0 0 0 0 0 0 0 0 0 0 0 0 0 0 0 0 0 0 0 0 0 0 0 0 0 0 0 0 0 0 0 0 0 0 0 0 0 0 0 6.98123915209214E-03 6.99058470440494E-03
0 0 0 0 0 0 0 0 0 0 0 0 0 0 0 0 0 0 0 0 0 0 0 0 0 0 0 0 0 0 0 0 0 0 0 0 0 0 0 0 0 0 0 0 0 0 0 0 0 0 0 0 0 0 0 0 0 0 6.94428212531413E-03 6.95336988290827E-03 6.96244079756219E-03 6.97159878391335E-03 6.98123915209214E-03 6.99058470440494E-03
0 0 0 0 0 0 0 0 0 0 0 0 0 0 0 0 0 0 0 0 0 0 0 0 0 0 0 0 0 0 0 0 0 0 0 0 0 0 0 0 0 0 0 0 0 0 0 0 0 0 0 0 0 0 6.90696058548859E-03 6.91643377163771E-03 6.92571400020864E-03 6.93494471204734E-03 6.94428212531413E-03 6.95336988290827E-03 6.96244079756219E-03 6.97159878391335E-03 6.98083653948912E-03 6.99006991353543E-03
0 0 0 0 0 0 0 0 0 0 0 0 0 0 0 0 0 0 0 0 0 0 0 0 0 0 0 0 0 0 0 0 0 0 0 0 0 0 0 0 0 0 0 0 0 0 0 0 0 0 0 6.87599993529957E-03 6.88658514042139E-03 6.89692479751717E-03 6.90696058548859E-03 6.91643377163771E-03 6.92571400020864E-03 6.93494471204734E-03 6.94411375569929E-03 6.95326067005048E-03 6.9623116840092E-03 6.97136707236022E-03 6.98041128287271E-03 6.98948511209601E-03
0 0 0 0 0 0 0 0 0 0 0 0 0 0 0 0 0 0 0 0 0 0 0 0 0 0 0 0 0 0 0 0 0 0 0 0 0 0 0 0 0 0 0 0 0 6.80697270981621E-03 6.81940249847219E-03 6.83129005997447E-03 6.8427627234392E-03 6.85402502074643E-03 6.86509465077581E-03 6.87599993529957E-03 6.88658514042139E-03 6.89692479751717E-03 6.90688504345356E-03 6.91649561253086E-03 6.92585656018025E-03 6.93511105027162E-03 6.94426395773387E-03 6.95339686452136E-03 6.96243635821551E-03 6.97144506220909E-03 6.9804170750853E-03 6.98939680717029E-03
0 0 0 0 0 0 0 0 0 0 0 0 0 0 0 0 0 0 0 0 0 0 0 0 0 0 0 0 0 0 0 0 0 0 0 0 0 0 0 0 0 0 0 6.77939380785427E-03 6.79326504027305E-03 6.80697270981621E-03 6.81940249847219E-03 6.83129005997447E-03 6.8427627234392E-03 6.85402502074643E-03 6.86509465077581E-03 6.87604531739374E-03 6.88672977674229E-03 6.89713823186968E-03 6.9071953300672E-03 6.91695842004726E-03 6.92647057218577E-03 6.93583994725383E-03 6.94508610946296E-03 6.95427105374423E-03 6.96337051259164E-03 6.97242499302365E-03 6.98143529059277E-03 6.99043127452629E-03
6.28072912916516E-03 6.29307543370417E-03 6.30530649369405E-03 6.3174144396164E-03 6.32940204938803E-03 6.3413637683923E-03 6.35320824271918E-03 0.006364931219982 6.37654884264694E-03 6.3881903228098E-03 6.39988625905724E-03 6.41170949628225E-03 6.42350001395687E-03 6.43517421321897E-03 6.44666613231107E-03 6.45807697663676E-03 6.46939806596018E-03 6.48072410663762E-03 6.49194539858125E-03 6.50307091907758E-03 6.51409782202422E-03 6.5251682145069E-03 6.53630097630841E-03 6.54759899603698E-03 6.55891978984986E-03 6.57020626709092E-03 6.5813686186915E-03 6.59249214990482E-03 6.60351378218409E-03 6.61450635927133E-03 6.62533412128887E-03 6.63602633742872E-03 6.64660321297602E-03 6.6573244413406E-03 6.66847561001176E-03 0 0 0 0 6.72646140403287E-03 6.73833989190104E-03 6.75159037983364E-03 6.76545216064557E-03 6.77939380785427E-03 6.79326504027305E-03 6.8067163192326E-03 6.8193958437959E-03 6.83147307897602E-03 6.84311491293066E-03 6.8545128817984E-03 6.86569565470265E-03 6.87673895146825E-03 6.88754642896167E-03 6.89810609035013E-03 6.9083584083358E-03 6.91834392532345E-03 6.92808821827001E-03 6.93767300196291E-03 6.94711833919831E-03 6.9564757122081E-03 6.96574165529156E-03 6.97495075258307E-03 6.98411099019709E-03 6.99325252366919E-03
6.28072912916516E-03 6.29307543370417E-03 6.30530649369405E-03 6.3174144396164E-03 6.32940204938803E-03 6.3413637683923E-03 6.35320824271918E-03 0.006364931219982 6.37654884264694E-03 6.3881903228098E-03 6.39988625905724E-03 6.41170949628225E-03 6.42350001395687E-03 6.43517421321897E-03 6.44666613231107E-03 6.45807697663676E-03 6.46939806596018E-03 6.48072410663762E-03 6.49194539858125E-03 6.50307091907758E-03 6.51409782202422E-03 6.5251682145069E-03 6.53630097630841E-03 6.54759899603698E-03 6.55891978984986E-03 6.57020626709092E-03 6.5813686186915E-03 6.59249214990482E-03 6.60351378218409E-03 6.61450635927133E-03 6.62533412128887E-03 6.63602633742872E-03 6.64660321297602E-03 6.6573244413406E-03 6.66847561001176E-03 6.68203327531433E-03 6.69338121455196E-03 6.70470961487094E-03 6.71610195286188E-03 6.72646140403287E-03 6.73833989190104E-03 6.75159037983364E-03 6.76545216064557E-03 6.77949696080013E-03 6.79338134766834E-03 6.80690713163522E-03 6.81985296432669E-03 6.83224564446509E-03 6.84420364431503E-03 6.85588286770815E-03 6.86731697652896E-03 6.87858892613603E-03 6.88963395754449E-03 6.90045203153498E-03 6.91099563626931E-03 6.92129039834208E-03 6.93135632950739E-03 6.94125798873757E-03 0.006951012208563 6.96066183248119E-03 6.97021124031598E-03 0.006979692051144 6.98912182836735E-03 6.99853408887632E-03
6.28126268836864E-03 6.29399650632581E-03 6.30643306995348E-03 6.31868106801614E-03 6.33078568348697E-03 6.34284302978334E-03 6.3547774186901E-03 6.36657479347425E-03 6.37826425694094E-03 6.38995953791257E-03 6.40170124203287E-03 6.41357980653053E-03 6.42542666620887E-03 6.43712806601082E-03 6.44865413957538E-03 6.46009525385182E-03 6.47145638011779E-03 6.48281464946671E-03 6.49408155324618E-03 6.50525040920025E-03 6.51633135551327E-03 6.52744263771048E-03 6.53861633875595E-03 6.54996473065112E-03 6.56134607319178E-03 6.5726746743653E-03 6.58388792756208E-03 6.59505334791448E-03 6.60612159022469E-03 6.6171397462426E-03 6.62798898832957E-03 6.63866382765015E-03 6.64917519105786E-03 6.65971284003868E-03 6.67048750672699E-03 6.68203327531433E-03 6.69338121455196E-03 6.70470961487094E-03 6.71610195286188E-03 6.72767241512413E-03 6.73996283327288E-03 6.75319365031272E-03 6.76693240410134E-03 6.78086468636885E-03 6.79472905813827E-03 6.80839176475176E-03 6.8216422965393E-03 6.83443492330479E-03 6.84681927925006E-03 6.85890327928656E-03 6.87071910937131E-03 6.8823483953114E-03 6.89374905303918E-03 6.90492893449681E-03 6.91585473547719E-03 6.92654510162956E-03 6.93701908630608E-03 6.94733027291206E-03 6.9574924419401E-03 6.96753833772914E-03 6.97747653235667E-03 6.9873383704006E-03 6.99714801437959E-03 7.00694099240627E-03
6.28285202762189E-03 6.29586145902338E-03 6.3085546874368E-03 6.32103010438197E-03 6.33334290499436E-03 6.34557665726185E-03 6.3576798804867E-03 6.36963709268429E-03 6.38148801877535E-03 6.39332095449105E-03 6.40517572870496E-03 6.41714353144051E-03 6.42906457266894E-03 6.44082377216209E-03 6.4524293398854E-03 6.46394956283215E-03 6.47539875410503E-03 6.48683186403981E-03 6.49819207554197E-03 6.50946369110855E-03 6.52066978903002E-03 6.53189554564421E-03 6.54317768842112E-03 6.55462021441138E-03 6.56609238018701E-03 6.57750141511733E-03 6.58881604303935E-03 6.60007584735034E-03 6.61124275322499E-03 6.62233465484376E-03 6.6332622451529E-03 6.64399556882082E-03 6.65454809031187E-03 6.66504411451571E-03 6.67562969162822E-03 6.68660130443479E-03 6.69771427793489E-03 6.70894557754138E-03 6.72034520376226E-03 6.73211707152129E-03 6.74443220027665E-03 6.7574677784741E-03 6.77098132186786E-03 6.78475723697385E-03 6.79859595792845E-03 6.81239326637402E-03 6.82594140591933E-03 6.83914977029569E-03 6.85200165763483E-03 6.86455742693163E-03 6.87683567273444E-03 6.88890925206222E-03 6.90074717358003E-03 6.91236275390358E-03 6.92373674508162E-03 6.93488563825367E-03 6.94583069322506E-03 6.95661771521977E-03 6.96725819995535E-03 6.97777540942848E-03 6.98818308291382E-03 6.9985093770384E-03 7.0087833888369E-03 7.01903996978274E-03
6.28533159999268E-03 6.29864799888721E-03 6.31166488564991E-03 6.32445399236807E-03 6.33706437013793E-03 6.34955729157126E-03 6.36190733753434E-03 6.37411674635313E-03 6.38621973852124E-03 6.39828161383942E-03 6.41033527772275E-03 6.42242921131412E-03 6.43445019395131E-03 6.44632927559317E-03 6.45807883532018E-03 6.46974545176918E-03 6.48134529672868E-03 6.49291471553294E-03 6.50442270876002E-03 6.5158676308792E-03 6.52727166898747E-03 6.53869447699493E-03 6.55016897776501E-03 6.56175442260182E-03 6.57335362631588E-03 6.58490667965691E-03 6.59638969993565E-03 6.60781520266869E-03 6.61914854741784E-03 6.63038628494328E-03 6.64146104204115E-03 6.65235048766812E-03 6.66306407894204E-03 6.67368454623702E-03 6.68431672374205E-03 6.6951523742942E-03 6.70614569448153E-03 6.71731705650008E-03 6.72871583567784E-03 6.74049511778222E-03 6.75274589749912E-03 6.76559140693803E-03 6.7788989790269E-03 6.7925423532306E-03 6.80636704092945E-03 6.82027229931748E-03 6.83407056021652E-03 6.84764496093588E-03 6.86093697919935E-03 6.87396076755045E-03 6.88671860491398E-03 6.89925692844765E-03 6.91155490425104E-03 6.92362794826465E-03 6.93546800258516E-03 6.94709678031421E-03 6.95853722429253E-03 6.96982634953266E-03 6.98097362224752E-03 6.99199845988789E-03 7.00291509541731E-03 7.01375148317552E-03 7.02453746796653E-03 7.03530642354881E-03
6.28872482506021E-03 6.3024308962073E-03 6.31585425861921E-03 6.32904350343812E-03 6.34203914604312E-03 6.35488526386338E-03 6.36758057393021E-03 6.38013821354836E-03 6.39257912788123E-03 6.40494951751635E-03 6.4172718218404E-03 6.42956387516054E-03 6.44177321522079E-03 6.45386427126415E-03 6.46583768152667E-03 6.47772611616019E-03 6.48954855097367E-03 6.50133198636475E-03 6.51307032163447E-03 6.5247705262941E-03 6.53644613532965E-03 6.54813771436264E-03 6.55986940479841E-03 6.57166900380062E-03 6.58348685137201E-03 6.59528050060724E-03 6.60701617227913E-03 6.61868770843609E-03 6.63026534315348E-03 6.64173383763691E-03 6.65304899961982E-03 6.66419285470749E-03 6.67516566104176E-03 6.68602410865266E-03 6.69684516663603E-03 6.70776263402351E-03 6.71881385789151E-03 6.73005567276216E-03 6.74153957181638E-03 6.75338124496433E-03 6.76565109944395E-03 0.006778443157435 6.79169037018797E-03 6.80530891888514E-03 6.81916850436661E-03 6.83317769395635E-03 6.84718119238849E-03 6.86104729857641E-03 6.8746978675395E-03 6.88811327847722E-03 6.90128332685436E-03 0.006914230600245 6.92694932629787E-03 6.93944715610973E-03 6.95172810980354E-03 6.96381194232122E-03 6.97572314955769E-03 6.98749241148002E-03 6.99913431252384E-03 7.01066116527662E-03 7.02208850966116E-03 7.03344156674231E-03 7.04475013540308E-03 7.05604431935897E-03
6.29318566427887E-03 6.30737823922283E-03 6.32130106651692E-03 6.33498717576329E-03 6.34846761002441E-03 6.36177928700643E-03 6.37492909273629E-03 6.38793190584238E-03 6.40080225644859E-03 6.41357254750261E-03 6.42625601922471E-03 6.43886328700188E-03 6.45137271896878E-03 6.46376980860705E-03 6.47605514868888E-03 6.48825467421001E-03 6.50038828952362E-03 6.51248375345525E-03 6.52454776860657E-03 6.53659097819692E-03 6.54862256930949E-03 6.56067022000405E-03 6.57274945897153E-03 6.58487625112227E-03 6.59702324890691E-03 6.60915744678403E-03 6.62123890280833E-03 6.63324973144151E-03 6.64516039553268E-03 6.65695432413224E-03 6.66859986447254E-03 6.68008226139027E-03 6.6913972120768E-03 6.70258635214399E-03 6.71371073413839E-03 6.72487636709286E-03 6.73615160031155E-03 6.74761326070253E-03 6.75931782225341E-03 6.77136236395644E-03 6.78380770342151E-03 6.79673235006375E-03 6.81009076257594E-03 6.82381487903436E-03 6.83778744658988E-03 6.85192815841575E-03 6.8661013250006E-03 6.88018396641376E-03 6.89409183653629E-03 6.90778954130633E-03 6.92126022059872E-03 6.93451724383123E-03 6.94755979335489E-03 6.96039657649175E-03 6.97303578014736E-03 6.98549782459213E-03 6.9978076562872E-03 7.00999391015838E-03 7.02207216745302E-03 7.03405214972576E-03 7.04594868947812E-03 7.05778458934181E-03 7.06958771749095E-03 7.08138352632268E-03
6.29886876783689E-03 6.31366147335047E-03 6.32819166012199E-03 6.34248326709415E-03 6.35655960536308E-03 6.37045231829108E-03 6.38416822792917E-03 6.39772088668125E-03 6.41112307493029E-03 6.42439838545095E-03 6.43755468021603E-03 6.45060090842723E-03 6.46352988685991E-03 6.47634021332876E-03 6.4890396861325E-03 6.50165330115041E-03 6.51420274448834E-03 6.52671846138786E-03 6.53921282470006E-03 6.55169846463631E-03 6.56418442414296E-03 6.57669049425991E-03 6.5892259038808E-03 6.60180097116588E-03 6.61439592734561E-03 6.62697825958847E-03 6.63950521565314E-03 6.65195166122255E-03 6.66428775484127E-03 6.67649733534469E-03 6.68855511946348E-03 6.70044878499085E-03 6.71217512280137E-03 6.7237699554877E-03 6.73528801818025E-03 6.74682398404759E-03 6.75845652806607E-03 6.7702702607496E-03 6.78232569040815E-03 6.79471182214884E-03 6.8074797557475E-03 6.82069599239427E-03 6.83430926096967E-03 6.84825223645249E-03 6.8624154326745E-03 6.87672706867182E-03 6.89106421091637E-03 6.9053103150937E-03 6.91938490423683E-03 6.93325463788398E-03 6.94690973217901E-03 6.96036213135943E-03 6.97361723620717E-03 6.98668446022974E-03 6.99957563661209E-03 7.01231421870852E-03 7.02492984401834E-03 7.03744761544104E-03 7.04988379929304E-03 7.06224387013811E-03 7.0745424580168E-03 7.08680140291484E-03 7.0990462753667E-03 7.11129503395505E-03
6.3059743277861E-03 6.32149210429257E-03 6.33675046018491E-03 6.35176684307284E-03 6.36655930095655E-03 6.38115142955947E-03 6.39554953299827E-03 6.4097667312796E-03 6.42381473690598E-03 6.43771050702367E-03 6.45145917921272E-03 6.46506851475134E-03 6.47853936203881E-03 6.49188083530859E-03 6.50510903110945E-03 6.51825059870687E-03 6.53133040218434E-03 6.54438099100705E-03 6.55741800445653E-03 6.57045656244471E-03 6.58350689743928E-03 6.59658398949743E-03 6.60969153095477E-03 6.62283718925223E-03 6.63599861280228E-03 6.64913699713179E-03 6.66220627806472E-03 6.67517797410162E-03 6.68802153309074E-03 6.70072244942915E-03 6.71325888508534E-03 6.72562122450454E-03 6.73781201386661E-03 6.74986969586566E-03 6.76184948433559E-03 6.77384336219705E-03 6.78593203159994E-03 6.79819798412304E-03 6.81070246672371E-03 6.82352966276454E-03 6.8367232710083E-03 6.8503248659554E-03 6.86426714004662E-03 6.87848344095897E-03 6.89287173908743E-03 6.90736268060664E-03 6.92183773933768E-03 6.93619461325622E-03 6.95036199340012E-03 6.96431764716592E-03 0.006978062083164 6.99161078413564E-03 7.00497651719631E-03 7.01817183745981E-03 7.03121454633675E-03 7.04413539681484E-03 7.05696738376888E-03 7.06973127784581E-03 7.08244240116177E-03 7.09510468996005E-03 7.10773415761457E-03 7.12035029922209E-03 7.13297465843353E-03 7.14561553891726E-03
6.31473413927099E-03 6.33110904546443E-03 6.34722408567748E-03 6.36309044972416E-03 6.37872177052591E-03 6.39413411077044E-03 6.40933556334907E-03 6.42433755666249E-03 6.43915013122785E-03 6.45378527676156E-03 6.46824800230951E-03 6.48254457550167E-03 6.49668264474773E-03 6.51067905221822E-03 6.5245567992747E-03 6.53834547194502E-03 6.55207393321092E-03 6.56577673702924E-03 6.57947250503787E-03 6.59317824662013E-03 6.60690564330063E-03 6.62066737015513E-03 6.63446204946463E-03 6.6482933703814E-03 6.66212690823786E-03 6.67591401229887E-03 6.68960569700729E-03 6.70317295746996E-03 6.71658418218385E-03 6.72982730388368E-03 6.74288221895466E-03 6.75574515110026E-03 6.76843023434299E-03 6.78098465297148E-03 6.79346613385053E-03 6.80596903099877E-03 6.81856800812009E-03 6.83133883984467E-03 6.84433948290003E-03 6.85764713717129E-03 6.87128864025579E-03 6.88528374309698E-03 6.89956026550379E-03 6.91404352959636E-03 6.92863971896862E-03 6.94328129614482E-03 6.95786518682865E-03 6.97229135590026E-03 6.98650390117245E-03 7.00049097611755E-03 7.01426312612629E-03 7.02783929844216E-03 7.04124539622651E-03 7.05449641833501E-03 7.06762481881441E-03 7.08066526992267E-03 7.09365063692014E-03 7.10659453638619E-03 7.11951622771083E-03 7.13241614329351E-03 7.1453117989054E-03 7.15822204684738E-03 7.17116266846459E-03 7.18413224140433E-03
6.32545737619235E-03 6.3428276697439E-03 6.35993505846775E-03 6.37678447998154E-03 6.39338466950805E-03 6.40974592031105E-03 6.4258764124903E-03 6.44178641286077E-03 6.45748492732661E-03 6.47298064020066E-03 6.48827880191505E-03 6.50338523063619E-03 6.51831341185639E-03 6.53308793214475E-03 6.54773754863782E-03 6.56229460746243E-03 6.57679125352305E-03 6.59126194195719E-03 6.60572724246928E-03 6.6202078603922E-03 6.63471717224646E-03 6.64926577303646E-03 6.66384772112785E-03 6.67845702784404E-03 6.69304167944298E-03 6.70754369318196E-03 6.72191078427644E-03 6.73611309077618E-03 6.75012117092924E-03 6.76392441716653E-03 6.77750594358286E-03 6.7908753805741E-03 6.80406113872266E-03 6.81712075176669E-03 6.83011800114462E-03 6.84314648631288E-03 6.85627021715897E-03 6.86955840401455E-03 6.88306161229982E-03 6.89684227157745E-03 6.91090945106112E-03 6.92526012889114E-03 6.93981734815742E-03 6.95451032662961E-03 6.96925659621104E-03 6.98399032832886E-03 6.99861851676539E-03 7.01305616538264E-03 7.02726463678852E-03 7.04123814627078E-03 7.05499466925082E-03 7.06855908172259E-03 7.08196564589401E-03 7.09523721488941E-03 7.10842039991506E-03 7.12154595031855E-03 7.13464291361463E-03 7.1477221446366E-03 0.007160805679264 7.17389300853226E-03 7.18700541183744E-03 7.20015443244898E-03 7.21335032836094E-03 7.22658672317362E-03
0.006338513149839 6.35702582407172E-03 6.37526870162286E-03 6.39323994423654E-03 6.4109437114456E-03 6.42838505040231E-03 6.44557205406281E-03 6.46251378178653E-03 6.47921937941031E-03 6.49569495045351E-03 6.51194785916261E-03 6.52798368258041E-03 6.54382310060568E-03 6.55949771106738E-03 6.57503980711115E-03 6.5904822892403E-03 6.60585810146337E-03 6.62120194747962E-03 6.63653772626526E-03 6.65188788969847E-03 6.66726505433597E-03 6.68267765170232E-03 6.69811207357435E-03 6.7135552637026E-03 6.72893775607124E-03 6.74418544649238E-03 6.75923852864948E-03 6.7740722930144E-03 6.78866377193752E-03 6.80300790010902E-03 6.8171003208054E-03 6.83096123200856E-03 6.8446284444255E-03 6.85817200009835E-03 6.87166005317312E-03 6.88519083138377E-03 6.89882027011302E-03 6.91260100323364E-03 6.92656524911883E-03 6.94076211169469E-03 6.95518995770053E-03 6.96982069418317E-03 6.98458503053072E-03 6.99941357685504E-03 7.01423949537088E-03 7.02899881820719E-03 7.04361993680556E-03 7.05802246477433E-03 7.07218128363313E-03 7.08610382546044E-03 7.09982399160361E-03 7.11336729256837E-03 7.1267726198069E-03 7.14006528961995E-03 7.15329154192873E-03 7.16648280129806E-03 7.17967153403863E-03 7.19286373703493E-03 7.20607938996375E-03 7.21931639795689E-03 7.23259304915664E-03 7.24592128298744E-03 7.25931345936143E-03 7.27275960558128E-03
6.35436158135792E-03 6.37416957251433E-03 6.39369559659091E-03 6.41293117485925E-03 6.43187615003774E-03 6.45053110447061E-03 6.46890359722582E-03 6.48700232103042E-03 6.50483590649349E-03 6.52240951571352E-03 6.53973321174742E-03 6.55681510761211E-03 6.57368396553768E-03 6.59037687783979E-03 6.60692632479109E-03 6.62336349466046E-03 6.63972084228323E-03 6.65603235202512E-03 6.67232295193832E-03 6.68861535938705E-03 6.70492038646942E-03 6.72124485430909E-03 6.73756713247654E-03 6.75386383330107E-03 6.77003978660403E-03 6.78600833515382E-03 6.80171192341549E-03 6.8171374869783E-03 6.83226827453376E-03 6.84710885642574E-03 6.86166670589851E-03 6.87597353714983E-03 6.8900772380811E-03 6.90406089479377E-03 6.91799555692992E-03 6.93198126302368E-03 6.94605659849525E-03 6.96025760528829E-03 6.97460118725171E-03 6.9891266248597E-03 7.00381772463542E-03 7.01863058583154E-03 7.03350660954972E-03 7.04838406568789E-03 7.06321254692367E-03 7.07793030307682E-03 7.09248402428666E-03 7.10680013834512E-03 7.12087473523196E-03 7.1347271459311E-03 7.14840355352626E-03 7.16192508102848E-03 7.17533360070154E-03 7.18865310413009E-03 7.20192611267957E-03 7.21518028329567E-03 7.2284502321401E-03 7.2417366664519E-03 7.25505804383012E-03 7.26840913955759E-03 7.2818086045148E-03 7.29526739966448E-03 7.30880167576812E-03 7.32239903341587E-03
6.37354963217062E-03 6.39481125596087E-03 6.41577068736577E-03 6.43641354841866E-03 6.45673656097639E-03 6.47673725534078E-03 6.49642342508335E-03 6.51580285505964E-03 6.53488325898122E-03 6.55366965510203E-03 6.57217687785473E-03 6.59041756281411E-03 6.60842827024966E-03 6.62624889404863E-03 6.64390790745282E-03 6.66143360914049E-03 6.6788567517607E-03 6.6962095368151E-03 6.71351449994208E-03 6.73079142396937E-03 6.74804777708622E-03 6.76529068568089E-03 6.7824887535295E-03 6.79960157403753E-03 6.81650338277344E-03 6.83311193322048E-03 6.84938952253393E-03 6.86533777635723E-03 6.88094373117579E-03 6.89621817847132E-03 6.91117534433164E-03 6.92586025328866E-03 6.94033430687407E-03 6.95469189548419E-03 6.96900046910548E-03 6.98335814376403E-03 6.99777648398689E-03 7.01228275830543E-03 7.02689295374217E-03 7.04163883546161E-03 7.05649158370137E-03 7.07138959686559E-03 7.08629072903988E-03 7.10114246220547E-03 7.11591352332228E-03 7.13053814601078E-03 7.14498256529209E-03 7.15917779742017E-03 7.17315210426737E-03 7.18693338318487E-03 7.20056842012481E-03 7.21406829194067E-03 7.22748032386798E-03 7.2408254054606E-03 7.25414492971607E-03 7.2674585098204E-03 7.28079677232695E-03 7.29415295199734E-03 7.30754818917688E-03 7.32097340890028E-03 7.33445262721999E-03 7.34799482440401E-03 7.36161474148978E-03 7.37529807383242E-03
6.39670217719427E-03 6.41957523032374E-03 6.4421152126649E-03 6.46430513370835E-03 6.4861388631924E-03 6.50761392962671E-03 6.52873756835676E-03 6.54951555166576E-03 6.56995469141571E-03 6.59006305936854E-03 6.60985849669309E-03 6.62936500769576E-03 6.6486240084763E-03 6.66766879573456E-03 6.68652141302971E-03 6.70521007177878E-03 6.72376235398637E-03 6.74220637184424E-03 6.76055807968744E-03 6.77882862933629E-03 6.79702030992782E-03 6.81514045304217E-03 6.83315494520034E-03 6.85098233717414E-03 6.86848560161028E-03 6.88562077602467E-03 6.90237596979453E-03 6.91875635989171E-03 6.9347504454163E-03 6.95037433652446E-03 6.96564826525877E-03 6.98063146604847E-03 6.99539608901083E-03 7.01003748395354E-03 7.02462379070634E-03 7.03922965126736E-03 7.05384711145676E-03 7.06851706753605E-03 7.0832637399391E-03 7.09810263469492E-03 7.11298923454706E-03 7.12786658779438E-03 7.14270903444313E-03 7.15747281883493E-03 7.17213599291341E-03 7.18663058579229E-03 7.20093341336537E-03 7.21499674347682E-03 7.22887971275257E-03 7.2425992807138E-03 7.2561931739853E-03 7.26966834634896E-03 7.28307808682356E-03 7.29643773859601E-03 7.30978904696412E-03 7.32314116511579E-03 7.33651750036436E-03 7.3499081214017E-03 7.36333578218889E-03 7.37679166188499E-03 7.3903061390489E-03 7.4038793676669E-03 7.4175212192182E-03 7.43121892949106E-03
