NongDo/Fusa 12.5h.grd
DSAA
463	323
2	464
2	324
0	10
[rows 252 to 279 of 323, columns 0 to 63 of 463]
0 0 0 0 0 0 0 0 0 0 0 0 0 0 0 0 0 0 0 0 0 0 0 0 0 0 0 0 0 0 0 0 0 0 0 0 0 0 4.06144570568871E-03 4.07081152653242E-03 4.07640980771044E-03 4.08122321894419E-03 4.08657545407034E-03 4.09265708510565E-03 4.09951328018152E-03 4.10713635742361E-03 4.11556248564668E-03 4.12479986448103E-03 4.13489609420693E-03 4.14588929569704E-03 4.15783123713333E-03 0.004170775875526 4.18476283273825E-03 4.19983518482219E-03 4.21601571094815E-03 4.23334105303054E-03 4.25181349456319E-03 4.27144129352414E-03 4.29220866585394E-03 4.31411409360657E-03 4.33711202329384E-03 4.36112763369479E-03 4.38607522046379E-03 4.41186133838284E-03
0 0 0 0 0 0 0 0 0 0 0 0 0 0 0 0 0 0 0 0 0 0 0 0 0 0 0 0 0 0 0 0 0 0 0 0 0 4.05348701722332E-03 4.06144570568871E-03 4.06628329743473E-03 4.07161793988045E-03 4.07716937034533E-03 4.08324238540141E-03 4.0899579650568E-03 4.09740417850654E-03 4.10561392955319E-03 4.11464299305819E-03 4.12451838520949E-03 4.13529749789534E-03 4.14703129051537E-03 4.15977497227294E-03 4.17358341525584E-03 4.18849423469233E-03 4.20454738064727E-03 4.2217605653204E-03 4.24016188147118E-03 4.25974601363138E-03 4.2805103932587E-03 4.30242739270108E-03 4.32547946186206E-03 4.34960883991976E-03 4.37472793712015E-03 4.40073906930187E-03 4.4275378973979E-03
0 0 0 0 0 0 0 0 0 0 0 0 0 0 0 0 0 0 0 0 0 0 0 0 0 0 0 0 0 0 0 0 0 0 0 0 4.0470310121498E-03 4.05348701722332E-03 4.05768995839788E-03 4.06252992872864E-03 4.06797617659329E-03 4.07394675068083E-03 4.08053062978809E-03 4.08777585784709E-03 4.09576314485207E-03 4.10454023489766E-03 4.11417270786199E-03 4.12469982710057E-03 4.13618623366795E-03 4.14869247004652E-03 4.1622760798626E-03 4.17699148908566E-03 4.19287278547403E-03 4.20995464498353E-03 4.22824725795442E-03 0.004247770854846 4.26850948610468E-03 4.29044687688908E-03 4.31354100228842E-03 4.33775873838525E-03 0.004363027086072 4.38924500087513E-03 4.4163028690261E-03 4.4440859740347E-03
0 0 0 0 0 0 0 0 0 0 0 0 0 0 0 0 0 0 0 0 0 0 0 0 0 0 0 0 0 0 0 0 0 0 0 4.04449076175115E-03 4.0470310121498E-03 4.05032334734006E-03 4.05443394848647E-03 4.05933694987381E-03 4.06497788889612E-03 4.07129070775412E-03 4.0783049042389E-03 4.08603060254902E-03 4.09453925493912E-03 4.10388555120411E-03 4.1141379087996E-03 4.12534447654955E-03 4.13757322708829E-03 4.15089459870758E-03 4.16536500121234E-03 0.004181037777658 4.19794137315448E-03 4.21610411681236E-03 4.23552517160723E-03 4.25621739087079E-03 4.27815100540108E-03 4.30129240217112E-03 4.32558409250749E-03 4.3509763845804E-03 4.37738195751533E-03 4.40468394650355E-03 4.43276136189631E-03 4.46148963552321E-03
0 0 0 0 0 0 0 0 0 0 0 0 0 0 0 0 0 0 0 0 0 0 0 0 0 0 0 0 0 0 0 0 0 0 0 4.04449076175115E-03 4.04478271800197E-03 4.04738654488159E-03 4.05140912052819E-03 4.05644105644296E-03 4.06233008706738E-03 4.06898761707098E-03 4.07642015316711E-03 4.08462789745925E-03 4.09367304974797E-03 4.10361385138509E-03 4.11452010354604E-03 4.1264481886266E-03 4.13946889566904E-03 4.15365819779815E-03 4.16907121003795E-03 4.18575805249363E-03 4.20374053866851E-03 4.22303882503598E-03 4.24364137676009E-03 4.26554741190441E-03 4.28871030532448E-03 4.31307937019891E-03 4.3385817206572E-03 4.36515008117767E-03 4.39267985891674E-03 4.42103972701426E-03 4.45009807590103E-03 4.47972245430288E-03
0 0 0 0 0 0 0 0 0 0 0 0 0 0 0 0 0 0 0 0 0 0 0 0 0 0 0 0 0 0 0 0 0 0 4.03528541213812E-03 4.03993996985691E-03 4.04122602506087E-03 4.04411862352615E-03 4.0483497337647E-03 4.05364058677807E-03 4.05985147473126E-03 4.06689580972625E-03 4.07477196868351E-03 4.08349402952686E-03 4.09311438110363E-03 4.10369604885089E-03 4.11530602765095E-03 4.12801357359872E-03 4.14188831112915E-03 4.15701028361733E-03 4.17343159168862E-03 4.19119794390373E-03 4.2103223687366E-03 4.23081499842508E-03 4.2526523271402E-03 4.27581126186781E-03 4.30023076802103E-03 4.3258418244978E-03 4.35255660999099E-03 4.38028677184602E-03 4.4089144038367E-03 4.43829346381638E-03 4.46828237105421E-03 4.49874269515469E-03
0 0 0 0 0 0 0 0 0 0 0 0 0 0 0 0 0 0 0 0 0 0 0 0 0 0 0 0 0 0 0 0 0 0 4.03528541213812E-03 4.03557422465113E-03 4.03728668502415E-03 4.04055497208785E-03 4.04513502246064E-03 4.05079174842557E-03 4.05740506954383E-03 4.06490010005554E-03 4.07327914340273E-03 4.08257059885726E-03 4.09282583683534E-03 4.10411144703155E-03 4.11649355615424E-03 4.13005072253457E-03 4.14485307939726E-03 4.16098223278073E-03 4.17848628054155E-03 4.19740403520196E-03 4.21773735646586E-03 4.23948331833441E-03 4.26260203796845E-03 4.28704833395245E-03 4.31274338442244E-03 4.33960030976514E-03 4.3675154013665E-03 4.39638234258168E-03 4.42606917977405E-03 4.45641622848217E-03 4.48727395785613E-03 4.51850157530692E-03
0 0 0 0 0 0 0 0 0 0 0 0 0 0 0 0 0 0 0 0 0 0 0 0 0 0 0 0 0 0 0 0 0 0 4.03074608923625E-03 4.03086472331611E-03 4.03294905332774E-03 4.03666322884824E-03 4.04169056585912E-03 4.04780561341656E-03 4.05490355635762E-03 4.06292532063117E-03 4.07188223872605E-03 4.08181800155451E-03 4.09278428079693E-03 4.10485482285138E-03 4.11809126314446E-03 4.13258263777749E-03 4.14839663355861E-03 4.1656175331901E-03 4.18428685025251E-03 4.2044332695907E-03 4.2260434980537E-03 4.24909774913885E-03 4.27353810798279E-03 4.29929639272471E-03 4.32627523580491E-03 4.35436790062343E-03 4.3834564778655E-03 4.4134184435868E-03 4.44411254574315E-03 4.47536359575013E-03 4.50701772107848E-03 4.53893679193754E-03
0 0 0 0 0 0 0 0 0 0 0 0 0 0 0 0 0 0 0 0 0 0 0 0 0 0 0 0 0 0 0 0 0 0 4.0252374322721E-03 4.02544998346525E-03 4.0280638709551E-03 4.03234983333907E-03 4.03793476033298E-03 4.04460921360733E-03 4.05228647826515E-03 4.06092423526117E-03 4.07054541171775E-03 4.08121505182296E-03 4.09298496877467E-03 4.10593460970398E-03 4.12012122511739E-03 4.1356429931632E-03 4.15256129318665E-03 4.17096701085817E-03 4.19089033137388E-03 4.21234389450234E-03 4.23529535378526E-03 4.25970654374453E-03 4.28549939754177E-03 4.31258278268916E-03 4.34083973245256E-03 4.37014429744157E-03 4.40036487435321E-03 4.43136697481937E-03 4.46300309518352E-03 4.49508134518895E-03 4.52745050269082E-03 4.55998200499802E-03
0 0 0 0 0 0 0 0 0 0 0 0 0 0 0 0 0 0 0 0 0 0 0 0 0 0 0 0 0 0 0 0 0 4.00869576802389E-03 4.01709227274811E-03 4.01887703262942E-03 4.02250155056612E-03 4.02755155285036E-03 4.0338214675513E-03 4.04116405971193E-03 4.04952334702899E-03 4.05887759640975E-03 4.06925764383112E-03 4.08076526736982E-03 4.09344163734626E-03 4.10737886962106E-03 4.1226203769498E-03 4.13928360691877E-03 4.15740723867725E-03 4.17710010798662E-03 4.19836812886694E-03 4.22120358391226E-03 4.24555279209639E-03 4.27135791054502E-03 4.29852087439225E-03 4.3269252544128E-03 4.35643850554903E-03 4.38691453664935E-03 4.41821169332187E-03 4.45018100225247E-03 4.48268108405598E-03 4.51549791804022E-03 4.54849711953931E-03 4.58156548955005E-03
0 0 0 0 0 0 0 0 0 0 0 0 0 0 0 0 0 0 0 0 0 0 0 0 0 0 0 0 0 0 0 0 0 4.00869576802389E-03 4.00918434284959E-03 4.01174903332184E-03 4.0163269161308E-03 4.02226489815977E-03 4.02933924934881E-03 4.0374584469195E-03 4.04660635321195E-03 4.0567861702409E-03 4.06804172450429E-03 4.08049525727784E-03 4.09419129426968E-03 4.10922712405228E-03 4.1256428601046E-03 4.14356139930515E-03 4.16301241011647E-03 4.18409492026001E-03 4.20679096788261E-03 4.23107154962661E-03 4.25686363005704E-03 4.28408552870541E-03 4.31261783128658E-03 4.34232189629789E-03 4.37305035459055E-03 4.40464385009905E-03 4.43695110373512E-03 4.46981121481873E-03 4.50307230650547E-03 4.53653360491015E-03 4.57008393948082E-03 4.60362170436687E-03
0 0 0 0 0 0 0 0 0 0 0 0 0 0 0 0 0 0 0 0 0 0 0 0 0 0 0 0 0 0 0 0 0 4.00041469232768E-03 4.00073209209595E-03 4.00419275755071E-03 4.00973357901285E-03 4.01658961711268E-03 4.02454354847173E-03 4.0335280650067E-03 4.0435634625314E-03 4.0546767704668E-03 4.06693370596518E-03 4.08045393607192E-03 4.09529474040104E-03 4.11155334717114E-03 4.12927297854796E-03 4.14856718619706E-03 4.16946923505985E-03 4.19203022629457E-03 4.21622608655085E-03 4.24200012945807E-03 4.26926512485104E-03 4.29790488637157E-03 4.3277860146344E-03 4.35874654731406E-03 4.39062896578623E-03 4.42326510907523E-03 4.45649629152585E-03 4.49015339345941E-03 4.52407430984791E-03 4.55811281980842E-03 4.59215229138687E-03 4.62610563768271E-03
0 0 0 0 0 0 0 0 0 0 0 0 0 0 0 0 0 0 0 0 0 0 0 0 0 0 0 0 0 0 0 0 3.96840757387392E-03 3.98792678593283E-03 3.99102312461153E-03 3.99610521833136E-03 4.00278581339926E-03 4.01062715364737E-03 4.0195214077989E-03 4.02945098154569E-03 4.04046830954711E-03 4.05262466303808E-03 4.0659989092843E-03 4.08071112985021E-03 4.09682412487261E-03 4.11443503037691E-03 4.13358434774505E-03 4.15437534458424E-03 4.17682706641277E-03 4.20095284860386E-03 4.22670930831587E-03 4.25401592754138E-03 4.28276451825184E-03 4.31281050240302E-03 4.34400330231781E-03 4.37616401960439E-03 4.40912754693069E-03 4.44272106182431E-03 4.4767835728047E-03 4.51114492284482E-03 4.54565513958007E-03 4.58020268122211E-03 4.61467275335135E-03 4.64898482019184E-03
0 0 0 0 0 0 0 0 0 0 0 0 0 0 0 0 0 0 0 0 0 0 0 0 0 0 0 0 0 0 0 3.96174499757904E-03 3.96840757387392E-03 3.97563071710522E-03 0.003981390908493 3.98796604280194E-03 3.99573123614954E-03 4.00454471209509E-03 4.01440753867395E-03 4.02534366729666E-03 4.03742743373559E-03 4.05072712311574E-03 4.06532989961013E-03 4.08135608677233E-03 4.09886858172864E-03 4.11795773158961E-03 4.13865572921321E-03 4.16104770239679E-03 4.18513386973635E-03 4.21089433036168E-03 4.2382597135368E-03 4.26712174474536E-03 4.2973504021756E-03 4.32877677464458E-03 4.3612340951137E-03 4.39453162056516E-03 4.42849932881942E-03 4.46296596893524E-03 4.49777599837523E-03 4.53276808058762E-03 4.56780505889893E-03 4.60279457100442E-03 4.63763212987344E-03 4.67224052455741E-03
0 0 0 0 0 0 0 0 0 0 0 0 0 0 0 0 0 0 0 0 0 0 0 0 0 0 0 0 0 0 0 3.96174499757904E-03 3.96224497879028E-03 3.9665829138568E-03 3.97262077129276E-03 3.98002778793055E-03 3.98870467254037E-03 3.99846451019124E-03 4.00932312300501E-03 4.02132723444253E-03 4.03456061639147E-03 4.04910066282083E-03 4.06503616992779E-03 4.08249095581366E-03 4.10152120697628E-03 4.12220408721589E-03 4.14455606993742E-03 4.16864230711082E-03 4.19443652602878E-03 4.22188708976795E-03 0.004250893820984 4.28131951000486E-03 4.3130109910512E-03 4.34577898970076E-03 4.37944518841872E-03 4.41380849665083E-03 4.44869982490844E-03 4.48395592674391E-03 4.51943306137435E-03 0.004554981963911 4.59048120654217E-03 4.62585030423803E-03 4.66099245190588E-03 4.69583242347569E-03
0 0 0 0 0 0 0 0 0 0 0 0 0 0 0 0 0 0 0 0 0 0 0 0 0 0 0 0 0 0 0 3.95334203353175E-03 3.95365457138298E-03 3.9576922045291E-03 3.96412083188973E-03 3.97225151510967E-03 3.98178965659106E-03 3.99249701820065E-03 0.004004389881844 4.01752745921696E-03 4.03199303108937E-03 4.04786864022976E-03 4.06523750163574E-03 4.08423016273517E-03 4.10488854949796E-03 4.1272686399823E-03 4.15136673355391E-03 4.17722287739316E-03 4.20478365124084E-03 4.23395979765337E-03 4.26462187263745E-03 4.29660079579747E-03 4.32972376493719E-03 4.36378186400897E-03 4.39859258172668E-03 4.43394438868752E-03 4.46967739157954E-03 4.50564197488482E-03 4.54171073747799E-03 4.57774852468644E-03 4.61364631693014E-03 0.004649332279224 4.68471535277477E-03 4.71971872805254E-03
0 0 0 0 0 0 0 0 0 0 0 0 0 0 0 0 0 0 0 0 0 0 0 0 0 0 0 0 0 0 3.9284279597864E-03 3.94091635432886E-03 3.94332644440254E-03 3.94834231885653E-03 3.95556255897654E-03 3.96452805262211E-03 3.97498725446488E-03 3.98671288884258E-03 3.99971444108133E-03 4.01406421529131E-03 4.02984830683549E-03 4.04715499985246E-03 4.06606114804773E-03 4.08669162592054E-03 4.1090724875346E-03 4.13323746134493E-03 4.15915949061744E-03 4.18684808892919E-03 4.21621567269711E-03 4.24713624385802E-03 4.27944831422235E-03 4.31295482156133E-03 4.34746321269464E-03 4.38275002638246E-03 4.41862714104068E-03 0.004454885594226 4.49137992799046E-03 4.52797492912753E-03 4.56455928676369E-03 4.6010147058288E-03 4.63724814097876E-03 4.67318920873354E-03 4.70874675260034E-03 4.74384294678462E-03
0 0 0 0 0 0 0 0 0 0 0 0 0 0 0 0 0 0 0 0 0 0 0 0 0 0 0 0 0 0 3.9284279597864E-03 3.92923251694899E-03 3.93271098750683E-03 3.9387979627529E-03 3.94699539926675E-03 3.95692665831385E-03 3.96838784500006E-03 3.98121046781152E-03 3.99540747651614E-03 4.0110597480164E-03 4.02825197644097E-03 4.04708635334575E-03 4.06763282400419E-03 4.08999358398549E-03 4.11418144296433E-03 4.14020472402508E-03 4.16801247118782E-03 4.19757111092607E-03 4.22876424457484E-03 4.26142376266558E-03 4.29535908634347E-03 4.33034665098987E-03 4.36617840604683E-03 4.40262044879014E-03 4.43948228392559E-03 4.47657114321957E-03 4.5137511514435E-03 4.55090271804606E-03 4.58793197476665E-03 4.62474098847489E-03 4.6612482294936E-03 4.69737778418495E-03 4.73304017153337E-03 4.76815531504193E-03
0 0 0 0 0 0 0 0 0 0 0 0 0 0 0 0 0 0 0 0 0 0 0 0 0 0 0 0 0 3.89976678627341E-03 3.91421759711268E-03 3.9167648615122E-03 3.92181165882262E-03 3.92913687905693E-03 3.93845391972771E-03 3.94947687937895E-03 3.96205942587646E-03 3.97608556080761E-03 3.9915805199249E-03 4.00863477072038E-03 4.02733437013612E-03 0.004047791528643 4.07006763170488E-03 4.09424284066082E-03 4.1203093816346E-03 4.14824953128014E-03 4.1779822262565E-03 4.20943361485523E-03 4.24245019682915E-03 4.27682549314782E-03 4.31233917179062E-03 4.34874694943877E-03 4.38582853997971E-03 4.42334614890733E-03 4.46111406458638E-03 4.49895538991418E-03 4.53674695087213E-03 4.57438381044807E-03 4.61178911607399E-03 4.64888445670267E-03 4.68559828080374E-03 4.72184802618146E-03 4.75754162507266E-03 4.79259738750193E-03
0 0 0 0 0 0 0 0 0 0 0 0 0 0 0 0 0 0 0 0 0 0 0 0 0 0 0 0 0 3.89976678627341E-03 3.90065870632294E-03 3.90444604661964E-03 3.91088505080494E-03 3.91950048292696E-03 3.9300364212541E-03 3.94226672017122E-03 3.95609291355452E-03 3.97143747333747E-03 3.98834151504259E-03 4.00690595089691E-03 4.02721566644282E-03 4.04939024298301E-03 4.07348019149114E-03 4.09954375750536E-03 4.12754975395644E-03 4.15744815761346E-03 4.18912563696394E-03 4.22246651508683E-03 4.25728347377979E-03 4.2933297336316E-03 4.33035850318786E-03 4.36811130284451E-03 4.4063619073836E-03 4.44487560702487E-03 4.48347236010098E-03 0.004521992743254 4.56032501131136E-03 4.59837921420863E-03 4.63609262433159E-03 4.67340723892528E-03 4.71025917324409E-03 4.74655614313111E-03 4.78220148042121E-03 4.81711290262039E-03
0 0 0 0 0 0 0 0 0 0 0 0 0 0 0 0 0 0 0 0 0 0 0 0 0 0 0 0 3.86849986127645E-03 3.8841742938609E-03 3.88678303546699E-03 3.89213781041703E-03 3.89999508082015E-03 3.90996301241513E-03 3.92182006107963E-03 3.93537875211752E-03 3.95057864345068E-03 3.96736942228822E-03 3.98580187130659E-03 4.0059887254249E-03 4.02801103831707E-03 4.05199452050456E-03 4.07797463950661E-03 4.10599072891777E-03 4.13598313482862E-03 4.16786501957378E-03 4.2014875485011E-03 4.23669719772415E-03 4.27327291182082E-03 4.31092658035621E-03 4.34939171146668E-03 4.3884052170423E-03 4.42774051701233E-03 4.46716925997153E-03 4.5065192224884E-03 4.54564835253861E-03 4.58445533085095E-03 4.62286149855381E-03 4.66081512618324E-03 4.69827857133523E-03 4.73519549467669E-03 4.77145792837925E-03 4.80696544178223E-03 4.8416395255287E-03
0 0 0 0 0 0 0 0 0 0 0 0 0 0 0 0 0 0 0 0 0 0 0 0 0 0 0 0 3.86849986127645E-03 3.86935559878427E-03 3.87311876883816E-03 3.87993615130044E-03 3.88925769039155E-03 3.90065511613614E-03 3.91393498372914E-03 3.92893643013161E-03 3.94563245348197E-03 3.96399224691162E-03 3.98407092774926E-03 4.00599584898519E-03 4.0298309182287E-03 4.05571469642122E-03 4.08365628906088E-03 4.11367871451547E-03 4.14569130340094E-03 4.17956287087518E-03 4.21511204573582E-03 4.25214288356494E-03 4.29041448868079E-03 4.32959007675646E-03 4.36939938152921E-03 4.40958384384928E-03 4.44991864096832E-03 4.49018639140409E-03 4.53021703400877E-03 4.56989188336976E-03 4.60911132902945E-03 4.64780786542995E-03 4.68593246208835E-03 4.72346956574214E-03 4.7603719168124E-03 4.79650530106342E-03 4.83177477555356E-03 4.86611116231278E-03
0 0 0 0 0 0 0 0 0 0 0 0 0 0 0 0 0 0 0 0 0 0 0 0 0 0 0 0 3.85336819003212E-03 3.85389210129463E-03 3.85926669456274E-03 3.86780789759138E-03 3.87875111929674E-03 3.89169562185406E-03 3.90650640738876E-03 3.92306457126279E-03 3.94137301907043E-03 3.96142133093158E-03 3.98326500172667E-03 4.00703568097797E-03 4.03278542523875E-03 4.0606519127407E-03 4.09062197899993E-03 4.12269097921302E-03 4.15673496152561E-03 4.19258394422909E-03 4.23002478806514E-03 4.26881805119429E-03 4.30869039754677E-03 4.34928958111137E-03 4.39034941109863E-03 4.4316172037028E-03 4.47286942217236E-03 4.51390059866209E-03 4.55454634792321E-03 4.59470465731403E-03 4.63427511289564E-03 4.67319710173798E-03 4.7114243997379E-03 4.74895679611928E-03 4.78574243700709E-03 4.82163590158143E-03 4.85655686608633E-03 4.89044998790491E-03
0 0 0 0 0 0 0 0 0 0 0 0 0 0 0 0 0 0 0 0 0 0 0 0 0 0 0 3.79744877820894E-03 3.83162649289787E-03 3.83703886556569E-03 3.84538050645904E-03 3.85602625155263E-03 3.86873124863592E-03 3.8833095241016E-03 3.89973059706641E-03 3.91793299265746E-03 3.93794774625641E-03 3.95978726812659E-03 3.98350483101683E-03 4.00922504705746E-03 4.03698466716185E-03 4.0669068238605E-03 4.09895979329776E-03 4.13309242806385E-03 4.16915862779232E-03 4.20694734412483E-03 4.2462220849846E-03 4.28669056062667E-03 4.32805897311007E-03 4.36999307422606E-03 4.41221550980457E-03 4.45448718803812E-03 4.4965794460745E-03 4.53830937013783E-03 4.57950379570769E-03 4.62008244827017E-03 4.65993462163931E-03 4.69900954891942E-03 4.73725249936958E-03 4.77467388472641E-03 4.81122853382466E-03 4.84676728824387E-03 4.88122604205548E-03 4.91457023757974E-03
0 0 0 0 0 0 0 0 0 0 0 0 0 0 0 0 0 0 0 0 0 0 0 0 0 0 3.77573193342147E-03 3.79744877820894E-03 3.81079475452322E-03 3.82118748550824E-03 3.83232928330504E-03 3.84500928833533E-03 3.85946461722124E-03 3.8757051733255E-03 0.003893790113978 3.91370727615243E-03 3.93551044239654E-03 3.95922931258253E-03 3.98491257837559E-03 4.0126707592022E-03 4.04252008194389E-03 4.07455875010507E-03 4.10872356245209E-03 4.14492416171561E-03 4.18298393269829E-03 4.22266055626188E-03 4.26368975957242E-03 4.30574346514072E-03 4.34851821924896E-03 4.3916943462488E-03 4.43499724708369E-03 4.47819249083044E-03 4.52105328242091E-03 4.5634073447692E-03 4.6050849392496E-03 4.64600960478213E-03 4.68606491228862E-03 4.72520238231154E-03 4.76336619405116E-03 4.80056938982778E-03 4.83676162763196E-03 4.87181219766149E-03 4.90568738436867E-03 4.93837744143111E-03
0 0 0 0 0 0 0 0 0 0 0 0 0 0 0 0 0 0 0 0 0 0 0 0 0 3.76649382752737E-03 3.77573193342147E-03 3.78540406192716E-03 3.79646218982997E-03 3.80802840821728E-03 3.82081795969098E-03 3.83514568128042E-03 3.85122207222359E-03 3.86910312543322E-03 0.003888876882089 3.91055863714288E-03 3.93421372033767E-03 3.95988347618816E-03 3.98760944514371E-03 4.01747706674396E-03 4.0494776877461E-03 4.08366743443587E-03 4.11995220214002E-03 4.1582014125063E-03 4.19821007022589E-03 4.23970852695515E-03 4.28241075735797E-03 4.3259675281706E-03 4.37006778063599E-03 4.41440812245413E-03 4.45871722746246E-03 4.50276459229307E-03 4.54632327739236E-03 0.004589227483771 4.63131005681612E-03 4.67248646034212E-03 4.71264348651493E-03 4.75172788386685E-03 4.78968767802117E-03 4.82652785313222E-03 4.86221643502052E-03 4.89665307765915E-03 4.92983125406593E-03 4.96177327699057E-03
0 0 0 0 0 0 0 0 0 0 0 0 0 0 0 0 0 0 0 0 0 0 0 0 0 3.76649382752737E-03 3.7673644005156E-03 3.7742261833165E-03 3.78444396465953E-03 3.79666779009466E-03 3.81069664184053E-03 3.82647842491746E-03 3.84411005379674E-03 3.86363357997673E-03 3.88513252017478E-03 3.90862971878282E-03 3.93419113876515E-03 3.96186998651104E-03 3.99169637063734E-03 4.02372397779707E-03 4.05791309611232E-03 4.09427199963258E-03 4.13266829230658E-03 4.17293372689617E-03 4.21483527205235E-03 4.25808453505583E-03 4.3023790130993E-03 4.34735663257643E-03 4.39270283177575E-03 4.43813143288367E-03 4.48337496390425E-03 4.52819916535018E-03 4.57237496930158E-03 4.61573911373572E-03 4.65812807567399E-03 4.69944517208424E-03 4.73958005510535E-03 4.77847805493628E-03 4.81609613685896E-03 4.85243695922813E-03 4.88748312065107E-03 4.92117712158931E-03 4.95355203351888E-03 4.9846619771275E-03
0 0 0 0 0 0 0 0 0 0 0 0 0 0 0 0 0 0 0 0 0 0 0 0 3.73518190096296E-03 3.75133004415405E-03 3.75485723325802E-03 3.76245235422134E-03 3.77324844131094E-03 3.78644249432899E-03 3.80173983246928E-03 3.81897444533833E-03 0.003838180349389 3.85939088169921E-03 3.88266854126663E-03 3.90804053497291E-03 3.9355596141597E-03 3.96529925766439E-03 3.99727296722614E-03 4.03149055287311E-03 4.06788661532224E-03 4.10640443297883E-03 4.14688499819361E-03 4.1891147022893E-03 4.23284256419437E-03 4.27776648325435E-03 4.32357383318639E-03 4.36989883589107E-03 4.41641544118639E-03 4.46286634164624E-03 4.50897281280052E-03 4.55449338958079E-03 4.59919299842976E-03 4.64290906858494E-03 4.68548494794606E-03 4.72680165173695E-03 4.76676784327828E-03 4.80532162285988E-03 4.84244537161168E-03 4.87813368407182E-03 4.91240561849287E-03 4.94525051832497E-03 4.97673720197491E-03 5.00695220528703E-03
