NongDo/Fusa 13.6h.grd
DSAA
463	323
2	464
2	324
0	10
[rows 56 to 83 of 323, columns 256 to 319 of 463]
0 0 0 0 0 0 0 0 0 0 0 0 0 0 0 0 0 0 0 0 0 0 0 0 0 0 0 0 0 0 0 0 0 0 0 0 0 0 0 0 0 0 0 0 0 0 0 0 0 0 0 0 0 0 0 0 0 0 0 0 0 0 0 0
0 0 0 0 0 0 0 0 0 0 0 0 0 0 0 0 0 0 0 0 0 0 0 0 0 0 0 0 0 0 0 0 0 0 0 0 0 0 0 0 0 0 0 0 0 0 0 0 0 0 0 0 0 0 0 0 0 0 0 0 0 0 0 0
0 0 0 0 0 0 0 0 0 0 0 0 0 0 0 0 0 0 0 0 0 0 0 0 0 0 0 0 0 0 0 0 0 0 0 0 0 0 0 0 0 0 0 0 0 0 0 0 0 0 0 0 0 0 0 0 0 0 0 0 0 0 0 0
0 0 0 0 0 0 0 0 0 0 0 0 0 0 0 0 0 0 0 0 0 0 0 0 0 0 0 0 0 0 0 0 0 0 0 0 0 0 0 0 0 0 0 0 0 0 0 0 0 0 0 0 0 0 0 0 0 0 0 0 0 0 0 0
0 0 0 0 0 0 0 0 0 0 0 0 0 0 0 0 0 0 0 0 0 0 0 0 0 0 0 0 0 0 0 0 0 0 0 0 0 0 0 0 0 0 0 0 0 0 0 0 0 0 0 0 0 0 0 0 0 0 0 0 0 0 0 0
0 0 0 0 0 0 0 0 0 0 0 0 0 0 0 0 0 0 0 0 0 0 0 0 0 0 0 0 0 0 0 0 0 0 0 0 0 0 0 0 0 0 0 0 0 0 0 0 0 0 0 0 0 0 0 0 0 0 0 0 0 0 0 0
0 0 0 0 0 0 0 0 0 0 0 0 0 0 0 0 0 0 0 0 0 0 0 0 0 0 0 0 0 0 0 0 0 0 0 0 0 0 0 0 0 0 0 0 0 0 0 0 0 0 0 0 0 0 0 0 0 0 0 0 0 0 0 0
0 0 0 0 0 0 0 0 0 0 0 0 0 0 0 0 0 0 0 0 0 0 0 0 0 0 0 0 0 0 0 0 0 0 0 0 0 0 0 0 0 0 0 0 0 0 0 0 0 0 0 0 0 0 0 0 0 0 0 0 0 0 6.53428886287893E-03 6.53350544950337E-03
0 0 0 0 0 0 0 0 0 0 0 0 0 0 0 0 0 0 0 0 0 0 0 0 0 0 0 0 0 0 0 0 0 0 0 0 0 0 0 0 0 0 0 0 0 0 0 0 0 0 0 0 0 0 0 0 0 0 6.53439007840503E-03 6.53485780468414E-03 6.53550181246766E-03 6.53595764218017E-03 6.53428886287893E-03 6.53350544950337E-03
0 0 0 0 0 0 0 0 0 0 0 0 0 0 0 0 0 0 0 0 0 0 0 0 0 0 0 0 0 0 0 0 0 0 0 0 0 0 0 0 0 0 0 0 0 0 0 0 0 0 0 0 0 0 6.53016797545319E-03 6.53164483576427E-03 6.53329248203305E-03 6.53479487689219E-03 6.53439007840503E-03 6.53485780468414E-03 6.53550181246766E-03 6.53595764218017E-03 6.53585467255615E-03 6.53569168475626E-03
0 0 0 0 0 0 0 0 0 0 0 0 0 0 0 0 0 0 0 0 0 0 0 0 0 0 0 0 0 0 0 0 0 0 0 0 0 0 0 0 0 0 0 0 0 0 0 0 0 0 0 6.52444952480859E-03 6.52698620837912E-03 6.52948787672738E-03 6.53016797545319E-03 6.53164483576427E-03 6.53329248203305E-03 6.53479487689219E-03 6.53581210029964E-03 6.53681943386534E-03 6.53775796669625E-03 6.53851571132008E-03 6.53899882349097E-03 6.53928648258172E-03
0 0 0 0 0 0 0 0 0 0 0 0 0 0 0 0 0 0 0 0 0 0 0 0 0 0 0 0 0 0 0 0 0 0 0 0 0 0 0 0 0 0 0 0 0 6.50080797726876E-03 6.50534622432937E-03 6.50995757623342E-03 6.51443226338459E-03 6.5186860821974E-03 6.52256306152365E-03 6.52444952480859E-03 6.52698620837912E-03 6.52948787672738E-03 6.53151745450261E-03 6.53350919465928E-03 6.53543608614914E-03 6.53721584757653E-03 6.53876511709292E-03 6.54015924797163E-03 6.54138210382807E-03 6.54241451472441E-03 6.54323151640788E-03 6.54383809459347E-03
0 0 0 0 0 0 0 0 0 0 0 0 0 0 0 0 0 0 0 0 0 0 0 0 0 0 0 0 0 0 0 0 0 0 0 0 0 0 0 0 0 0 0 6.49091922125545E-03 6.49671593090956E-03 6.50080797726876E-03 6.50534622432937E-03 6.50995757623342E-03 6.51443226338459E-03 6.5186860821974E-03 6.52256306152365E-03 6.52582822396125E-03 0.006528900042658 6.53175496309269E-03 6.53431846833689E-03 6.53669093803183E-03 6.53889422321783E-03 6.54092601555872E-03 6.54276392005313E-03 6.54441952689611E-03 6.54588257968809E-03 6.54715063229711E-03 6.54821548504747E-03 6.54907786838215E-03
5.99330729098105E-03 6.00828868995352E-03 6.02331299053674E-03 6.03826092584118E-03 6.05306712872961E-03 6.0677938920755E-03 6.08230301709455E-03 6.0965845499796E-03 6.11065856433832E-03 6.1246630419067E-03 6.13860463249299E-03 6.15252921107031E-03 6.16623586409075E-03 6.17964786656954E-03 6.19272442811746E-03 6.20559582838591E-03 6.21825579112358E-03 6.23079702795814E-03 6.24309735107862E-03 6.25517450695346E-03 6.2670323073229E-03 6.27880460023836E-03 6.29047770039423E-03 6.30210851300967E-03 6.31352398709599E-03 6.32467126958851E-03 6.33548768889208E-03 6.34607068018828E-03 6.35637835090661E-03 6.36649394694062E-03 6.37633441614155E-03 6.38598717893439E-03 6.39554203457277E-03 6.4052868746927E-03 6.41551593817613E-03 0 0 0 0 6.46197212083073E-03 6.46962656919034E-03 6.47772407583129E-03 6.48548017110262E-03 6.49091922125545E-03 6.49671593090956E-03 6.50202176500808E-03 6.50708911370374E-03 6.51194459936913E-03 6.51657067900097E-03 6.52095715754378E-03 6.52503304339676E-03 6.52876198488776E-03 6.5321947506981E-03 6.53535312272045E-03 6.53823288301959E-03 6.54087888368146E-03 6.54331470392064E-03 6.54555958844537E-03 6.54761096958305E-03 6.54947469691626E-03 6.55114479680096E-03 6.5526221085097E-03 6.55390394085071E-03 6.55499392527337E-03
5.99330729098105E-03 6.00828868995352E-03 6.02331299053674E-03 6.03826092584118E-03 6.05306712872961E-03 6.0677938920755E-03 6.08230301709455E-03 6.0965845499796E-03 6.11065856433832E-03 6.1246630419067E-03 6.13860463249299E-03 6.15252921107031E-03 6.16623586409075E-03 6.17964786656954E-03 6.19272442811746E-03 6.20559582838591E-03 6.21825579112358E-03 6.23079702795814E-03 6.24309735107862E-03 6.25517450695346E-03 6.2670323073229E-03 6.27880460023836E-03 6.29047770039423E-03 6.30210851300967E-03 6.31352398709599E-03 6.32467126958851E-03 6.33548768889208E-03 6.34607068018828E-03 6.35637835090661E-03 6.36649394694062E-03 6.37633441614155E-03 6.38598717893439E-03 6.39554203457277E-03 6.4052868746927E-03 6.41551593817613E-03 6.42790239464076E-03 6.43744889912141E-03 6.44659531823091E-03 0.006455354209635 6.46197212083073E-03 6.46962656919034E-03 6.47772407583129E-03 6.48548017110262E-03 6.49237246370663E-03 6.49877445773828E-03 6.50468489505071E-03 6.51016790476725E-03 6.51529376182633E-03 6.52011451798725E-03 6.52466588366679E-03 6.52892486615015E-03 6.53289513842731E-03 6.53656521337899E-03 6.53995078426114E-03 6.54305698089343E-03 6.54591547959131E-03 6.54854937086731E-03 6.55098263758419E-03 6.5532197367529E-03 6.55526791102051E-03 6.55712486751094E-03 6.55879405937502E-03 6.56027669361458E-03 6.56157822821252E-03
5.99472103052293E-03 6.01042857239689E-03 6.02577524782754E-03 6.04090227663052E-03 6.0558398120617E-03 6.07066725790046E-03 6.08526809935362E-03 6.09962343579064E-03 6.11377040924146E-03 6.12782922862017E-03 6.14181686264051E-03 6.15579457676808E-03 6.16954616820059E-03 6.18296518951413E-03 6.19605613878513E-03 6.20893859359208E-03 6.22161982511994E-03 6.23417159426951E-03 6.24649192293299E-03 6.25858373731717E-03 6.27046671417777E-03 6.28225100351476E-03 6.29393545425833E-03 6.30558100373454E-03 6.31700877268328E-03 6.32814087640894E-03 6.33894475072259E-03 6.34950216683625E-03 6.35978281080684E-03 6.36984558704804E-03 6.37962177625426E-03 6.38917156133106E-03 6.3985774411906E-03 6.40805004671641E-03 6.41774393124933E-03 6.42790239464076E-03 6.43744889912141E-03 6.44659531823091E-03 0.006455354209635 6.46360778391955E-03 6.47189721620815E-03 6.48022255819471E-03 6.48816661511707E-03 0.006495517733947 6.50230513546889E-03 6.5085849937457E-03 6.51437838824472E-03 6.5197525792015E-03 6.52477407247686E-03 6.52949411203528E-03 6.53391662419437E-03 6.53805865764571E-03 6.54190390972985E-03 6.54546485542634E-03 6.54874846234244E-03 6.55178215482661E-03 6.55458881740497E-03 6.5571918925524E-03 6.55959815021192E-03 6.56181522442612E-03 6.56384392020222E-03 6.5656908718684E-03 6.56736018798079E-03 6.56885741056446E-03
5.99789306379727E-03 6.01406516823533E-03 6.02976656509757E-03 6.04516098507158E-03 0.006060318170498 6.0753181041095E-03 6.09007987711373E-03 6.10458537789769E-03 6.11888464951241E-03 6.13306795776498E-03 6.14715174241343E-03 6.16119517571328E-03 6.17498902540861E-03 6.18842945286749E-03 6.20156548220282E-03 6.21449089466432E-03 6.22722164422318E-03 6.23980465395006E-03 6.25217065066896E-03 6.26431179816397E-03 6.27626072078006E-03 6.28809333454345E-03 6.29981395984352E-03 6.31147112737765E-03 6.32289347185585E-03 6.33399911481915E-03 6.34478692802124E-03 6.35531200667028E-03 6.36555429453845E-03 6.3755466192618E-03 6.38524596899292E-03 6.3946889605048E-03 6.4039548839236E-03 6.41318668857025E-03 6.4224753786671E-03 6.43190864316523E-03 6.44116003530632E-03 6.4501876761511E-03 6.45898858987191E-03 6.46761720597397E-03 6.47613825385934E-03 6.48454412970989E-03 6.49258019583675E-03 6.50011941932277E-03 6.5071331423144E-03 6.51365649275472E-03 6.51968507162468E-03 6.52526964247573E-03 6.53046943091459E-03 6.53534184514616E-03 6.53990502485673E-03 6.54418398585867E-03 6.54816749224564E-03 6.55186895736371E-03 6.55529852286563E-03 6.55848103278968E-03 6.56143927824691E-03 6.56419468973716E-03 6.56675440611827E-03 6.56912615066169E-03 6.57131436934383E-03 6.57332624752089E-03 6.57516764606472E-03 6.57684417637187E-03
6.00219505122678E-03 6.01875452327803E-03 6.03482932034045E-03 6.0505526806254E-03 6.06599829953283E-03 6.08123074864129E-03 6.09620795613722E-03 6.11093371553445E-03 6.12544909363695E-03 6.13981669299837E-03 6.15404677492104E-03 6.16815434475716E-03 6.18198978704795E-03 6.19549890685212E-03 6.20872827715898E-03 6.22174390170795E-03 6.23456272435139E-03 6.24721191826049E-03 6.25964973841231E-03 6.27187891177461E-03 6.28392597651797E-03 6.29583875544536E-03 6.30761892303159E-03 6.31927358912443E-03 6.33067130687345E-03 6.34176067449571E-03 6.35254219453153E-03 6.36304430338562E-03 6.37325181219705E-03 6.38318038176602E-03 6.39280681533786E-03 6.40216827175798E-03 6.41133130331602E-03 6.42039835381105E-03 6.42943888769235E-03 6.43850909223577E-03 6.44748719990413E-03 6.45634483233176E-03 6.46507419793557E-03 6.47370981687528E-03 6.4822250604307E-03 6.49058239221656E-03 6.49860589315528E-03 6.50620651440687E-03 6.51333773083521E-03 6.52000396806162E-03 6.52618791993036E-03 6.53192400018123E-03 6.5372625544906E-03 6.54225679386649E-03 6.54693354186879E-03 6.55131731594623E-03 6.55540630141777E-03 6.55921710737977E-03 6.5627630786717E-03 6.56606956022335E-03 6.56915841097736E-03 6.57204704549805E-03 6.57474225277633E-03 6.57725280344653E-03 6.57958488533893E-03 6.58174658383574E-03 6.58374410939051E-03 6.58558240825138E-03
6.00735711581166E-03 6.02431537787914E-03 6.04079408882923E-03 6.05689295870745E-03 6.0726791124964E-03 6.08820481201448E-03 6.10346322268297E-03 6.11846922617797E-03 6.13324487741446E-03 6.14783090974733E-03 6.16222957064097E-03 6.17643242403179E-03 6.1903680836296E-03 6.20401148267763E-03 6.21738502383828E-03 6.2305350091147E-03 6.24347999031244E-03 6.25623748032607E-03 6.26879091747457E-03 6.28114467408171E-03 6.29330934926954E-03 6.30531141404873E-03 6.31714637808176E-03 6.3288002094425E-03 6.34019696832428E-03 6.35129670261685E-03 6.36208434869783E-03 6.37257148448747E-03 6.38275005368837E-03 6.39262819246569E-03 6.40220222933939E-03 6.41150476387983E-03 6.42058583001444E-03 6.42952373086124E-03 6.4383783148376E-03 6.44719847316839E-03 6.45595072109717E-03 6.46462710743682E-03 6.4732146926038E-03 6.48172517002303E-03 6.49011952415202E-03 6.49835267722559E-03 6.50629780191103E-03 6.51387598107737E-03 6.52102910190164E-03 6.52774507087065E-03 6.53400418374566E-03 6.53982276710763E-03 6.54524250972325E-03 6.55030928692569E-03 6.55505406171593E-03 6.55950203530667E-03 6.56366366809063E-03 6.56755470531193E-03 6.57119253956919E-03 6.57459897143809E-03 6.5777942005023E-03 6.58079350301416E-03 6.58360567482623E-03 6.58623802191373E-03 6.58869804989031E-03 6.59099328330473E-03 6.59312983236923E-03 6.59511185271283E-03
6.01337895335305E-03 6.03076859273759E-03 6.04768814143697E-03 6.06421132553897E-03 6.08039409121807E-03 6.09628435119932E-03 6.11188838486917E-03 6.12722236829569E-03 6.1422995268583E-03 6.15714593595027E-03 6.17175913156149E-03 6.18613280365203E-03 6.20023596495124E-03 6.21406107512013E-03 6.22762148694588E-03 6.24095024392018E-03 6.25406391548196E-03 6.26697894043525E-03 6.27968816659225E-03 6.29219270979842E-03 6.30449280635684E-03 6.31660010906813E-03 6.32850515734705E-03 6.34019191869229E-03 6.35161203985535E-03 6.36273260472153E-03 6.37353098884821E-03 6.38400967234028E-03 6.39416363152952E-03 6.40400215626971E-03 6.41353022221729E-03 6.42277616618741E-03 6.43177962484229E-03 6.44060415832304E-03 6.44930422988547E-03 6.45793024391211E-03 6.46648558197363E-03 6.47497541637167E-03 6.48338764579983E-03 6.49172318776401E-03 6.49994427929685E-03 6.50800887030107E-03 6.51581508053783E-03 6.52329099520182E-03 6.53037723617328E-03 6.53705458125502E-03 6.54329987571551E-03 6.54912172168824E-03 6.55455334146794E-03 6.55963362170403E-03 6.56439433474244E-03 6.56886240046584E-03 6.57305456132165E-03 6.5769884410706E-03 6.58068238638812E-03 6.58415584696576E-03 6.58742680220198E-03 6.59050914625878E-03 6.59341197353704E-03 6.59614218935543E-03 6.59870744731061E-03 6.6011142765181E-03 6.6033678708502E-03 6.60547111382866E-03
6.02028288163173E-03 6.03815964863976E-03 6.05557145656818E-03 6.07257479294851E-03 6.08921505675004E-03 6.10553551796702E-03 6.12154454855815E-03 6.13725706621739E-03 6.15268430748495E-03 6.16784411213193E-03 6.18273358512962E-03 6.1973520873675E-03 6.21168850616654E-03 6.22574596608305E-03 0.006239538503528 6.25309163946641E-03 6.26641947089469E-03 6.27953723538115E-03 6.29243859540492E-03 6.3051204778439E-03 6.31757788270813E-03 6.32981279329407E-03 6.34181280980283E-03 6.35356353724862E-03 6.36502843371909E-03 6.37617729567894E-03 6.38698757153227E-03 6.39745846953352E-03 6.40758764110525E-03 6.41738630202254E-03 6.42686303945368E-03 6.43604337021701E-03 6.44496277971215E-03 6.45367655158575E-03 6.46223590818128E-03 6.47069274767008E-03 6.47906499133337E-03 6.48736434401598E-03 6.49558282235554E-03 6.50371798713219E-03 6.51173408153361E-03 6.51959292274126E-03 6.52720658147446E-03 6.53451112789972E-03 6.54145372551189E-03 6.54801368445783E-03 6.55416736212029E-03 6.5599166006159E-03 6.56528900872927E-03 6.57031998971068E-03 6.57504237465268E-03 6.57948302697231E-03 6.58366214603757E-03 6.5875973699532E-03 6.59130732588933E-03 6.59481017082255E-03 6.59812274051405E-03 6.60125648460961E-03 6.60422023182563E-03 6.60701958837807E-03 6.60966200530351E-03 0.006612153342355 6.61449747069493E-03 6.61669529450794E-03
6.0281458827921E-03 6.04657938755016E-03 6.06454725676394E-03 6.08209349941774E-03 6.09925565826326E-03 6.11606848747842E-03 6.13254192071131E-03 6.14869083757286E-03 6.1645255948664E-03 6.18005859225688E-03 6.19528874480018E-03 6.21021936716742E-03 6.22485108377538E-03 6.23919548268783E-03 6.25326896458494E-03 6.26709233596053E-03 6.28067788518416E-03 6.29403795253032E-03 6.30716472637443E-03 6.32005209311971E-03 6.33269135315762E-03 6.3450777318083E-03 6.3571960519008E-03 6.3690341148046E-03 6.38055803615123E-03 6.39173851353614E-03 6.40255623572622E-03 6.4130119843092E-03 6.42310614023983E-03 6.43285256783702E-03 6.44226216715312E-03 6.4513598493615E-03 6.46018102369272E-03 6.46877736673627E-03 6.4771976086036E-03 6.48549303191643E-03 6.49368556526756E-03 6.50178823045732E-03 6.50979739296103E-03 6.51771043720408E-03 6.52549476496068E-03 6.53310931747923E-03 6.54047856616404E-03 6.54755032877442E-03 6.55428196542928E-03 6.5606526581561E-03 6.56663982000177E-03 6.57224497750082E-03 6.57749271886821E-03 6.58241656327676E-03 6.58704855508119E-03 6.59141453226598E-03 6.59553586646979E-03 6.59942983805109E-03 6.60311505864604E-03 6.60660919924436E-03 6.60992711813755E-03 6.61307763995855E-03 6.61606845935335E-03 6.61890465012039E-03 6.6215934686913E-03 6.62413914319412E-03 6.62654367716039E-03 6.62880565511144E-03
6.03706602538662E-03 6.05613228359708E-03 6.07472600411088E-03 6.09288067755975E-03 6.11062774007056E-03 6.12799413839393E-03 6.14499354680326E-03 6.16163959400268E-03 6.17794150667402E-03 6.19390800107014E-03 6.20954138944212E-03 6.22484690353074E-03 6.23983421767611E-03 0.00625452032863 6.26892293089758E-03 6.28305962590445E-03 6.29694145857034E-03 6.31057758175016E-03 6.32395891861417E-03 6.33707652025573E-03 6.34991860104229E-03 6.36247556616154E-03 6.37472917587563E-03 6.38666677781266E-03 6.39825168411698E-03 6.4094565416589E-03 6.42026792565037E-03 6.43069112323749E-03 6.44072955528207E-03 0.006450400200626 6.45971659372605E-03 6.46870638295957E-03 6.4774082210192E-03 6.48587230243445E-03 6.49414386124256E-03 6.50227158971859E-03 6.51027470434175E-03 6.51816553424043E-03 6.5259434307905E-03 6.53360554127873E-03 6.54111977346724E-03 6.54844635797143E-03 6.55552588133197E-03 6.5623141269925E-03 6.56877921510281E-03 6.57490274468743E-03 6.58066883550606E-03 6.5860763650579E-03 6.59114991136685E-03 6.59592046281618E-03 6.6004183229612E-03 6.60466763091644E-03 6.60869128601885E-03 6.61250576547578E-03 6.61613091050376E-03 6.61958197370594E-03 6.62287078666916E-03 6.62600339679036E-03 6.62898757019732E-03 6.63182703120614E-03 6.63452841308331E-03 6.63709483764211E-03 6.63952609020074E-03 6.64181888015478E-03
6.04719957934719E-03 6.06697697575218E-03 6.08626953707669E-03 6.10510188958858E-03 6.12349973387851E-03 6.1414847824217E-03 6.15907234783832E-03 6.17627555243493E-03 6.19310322980828E-03 6.20956202708691E-03 6.2256567954815E-03 6.24139437065507E-03 6.25679090820793E-03 6.27186785783484E-03 6.28664291148723E-03 6.3011309047562E-03 6.31534107277274E-03 6.32927833098199E-03 6.34293252713665E-03 6.35629402315504E-03 6.36934856246659E-03 6.3820821009461E-03 6.39447336532895E-03 6.40650422960265E-03 6.4181348803026E-03 6.42934324693736E-03 6.44012291364011E-03 6.45048393339443E-03 6.46043525055697E-03 6.46999616828941E-03 6.47918486478749E-03 6.48803601728698E-03 6.49659203308091E-03 6.50490141684651E-03 6.51300664727567E-03 6.52094934058862E-03 6.52874348945264E-03 6.53640102311932E-03 6.54392249273112E-03 6.55130264777643E-03 6.55851120640212E-03 6.56551161791262E-03 6.57225827960328E-03 6.57871926328144E-03 6.58487243679844E-03 6.59070278461186E-03 6.59619897690741E-03 6.60136387816792E-03 6.60622250907498E-03 6.6108019781494E-03 6.61512966810598E-03 6.6192286411128E-03 6.62312108204446E-03 6.62682437473612E-03 6.63035862244194E-03 6.63373432535618E-03 6.63695961024109E-03 6.64003955040617E-03 6.64298154165069E-03 6.64578881976789E-03 6.64846800247555E-03 6.65101920828692E-03 6.65344034540202E-03 6.6557276071263E-03
6.0587313932847E-03 6.07930105403791E-03 6.09936739058933E-03 6.11894715290167E-03 6.13806165211268E-03 6.15672840449494E-03 6.17496407395745E-03 6.19278125105202E-03 6.21018946863451E-03 6.22719383072473E-03 6.24380233617857E-03 6.2600222916353E-03 6.27587552809899E-03 6.29138580864062E-03 6.30656883974257E-03 6.32143566638069E-03 6.33599273268351E-03 6.35024210958388E-03 6.3641743328093E-03 6.3777783483329E-03 6.39103696794271E-03 6.40393241093663E-03 6.41643895134015E-03 6.42853518121778E-03 6.44018107297603E-03 6.45135756382856E-03 6.46206403947579E-03 6.47231890069303E-03 6.48213876741357E-03 6.49154787503226E-03 6.50057307746632E-03 6.5092527781452E-03 6.51763035738749E-03 6.5257535120877E-03 6.53366113438991E-03 6.54139010454016E-03 6.54895005174358E-03 6.55634738508033E-03 6.56358021030493E-03 6.57064368420017E-03 6.57751261385309E-03 6.58415383163932E-03 6.59053742854335E-03 6.5966404494903E-03 6.60245019934434E-03 6.60795566927097E-03 6.61315318179298E-03 6.61804572809535E-03 6.6226582967119E-03 6.62701778942365E-03 6.6311508337545E-03 6.63507697283456E-03 6.63881635501709E-03 6.64238425791227E-03 6.64579758227065E-03 6.64906558549056E-03 6.65219534383198E-03 6.65518962831341E-03 6.65805437286515E-03 6.66079188487687E-03 6.6634074909896E-03 6.66590188185265E-03 6.66827318041769E-03 6.67051655601179E-03
6.07189508241275E-03 6.09333629883845E-03 6.1142489444604E-03 6.1346436015171E-03 6.15453812273152E-03 6.17394702171263E-03 6.19288751674622E-03 6.21137242004216E-03 6.2294111241022E-03 6.2470087121217E-03 6.26417564235016E-03 6.28092095366325E-03 6.29727006170402E-03 6.31324639385127E-03 6.32886131553376E-03 6.34412157789276E-03 6.35903089657305E-03 6.37358916498574E-03 6.38778675028841E-03 6.40161159502579E-03 6.41504505715927E-03 6.42806734188739E-03 6.44064881617629E-03 6.45276347433745E-03 6.46437058996757E-03 6.47545838953992E-03 6.48603706952405E-03 6.49613449940012E-03 6.50577360549287E-03 6.51498546302993E-03 6.52380393304782E-03 6.53227088212017E-03 6.54043092064992E-03 6.54833089320792E-03 6.55600566873821E-03 6.56348597060172E-03 6.57077485339765E-03 6.57787480597846E-03 6.58478316336183E-03 6.59149661769229E-03 6.59799296056707E-03 6.60424674887652E-03 6.61024122194662E-03 6.61596287083988E-03 6.62140624424855E-03 6.6265645458316E-03 6.63143978678884E-03 6.63603712747156E-03 6.64038339406626E-03 6.64450437670777E-03 6.64842452417033E-03 6.65215888946454E-03 6.65572505959394E-03 6.65913475242925E-03 6.66240129665108E-03 6.66553236505018E-03 6.66853434358671E-03 6.67140812835049E-03 6.67415856096162E-03 6.67678703854311E-03 6.67929870370602E-03 6.68169464581985E-03 6.68397392105249E-03 6.68613104348026E-03
6.08696158268919E-03 6.10935004259669E-03 6.13117668965998E-03 6.1524480383027E-03 6.17318008432243E-03 6.1933856443649E-03 6.2130824493625E-03 6.23228273717896E-03 6.25099534538616E-03 6.26922580691484E-03 6.28698761126523E-03 6.30429175353201E-03 6.3211643179719E-03 6.33762520987231E-03 6.35367959280864E-03 6.36933039182842E-03 6.38457870731403E-03 6.39942253869178E-03 6.41385114671661E-03 6.42785147939158E-03 6.44140550451221E-03 6.45449455584218E-03 6.46708541650381E-03 6.47914527931404E-03 6.49063594813454E-03 6.50156247877632E-03 6.51195115161067E-03 6.52183691569347E-03 6.53124641231167E-03 6.54021432149046E-03 6.54877882720102E-03 6.55698622669261E-03 6.56488376371471E-03 6.57251666304813E-03 6.57991397310821E-03 6.58709950570463E-03 6.5940697483997E-03 6.60082839485826E-03 6.60737645410195E-03 6.61371099626714E-03 6.61981291583403E-03 6.62566189450632E-03 6.63125348044575E-03 6.63658208017154E-03 6.64164863974241E-03 6.64644812902307E-03 6.65098852265255E-03 6.65527767391508E-03 6.65934607086978E-03 6.66321639832786E-03 6.66690780339324E-03 6.67043080700857E-03 6.67380132499831E-03 6.67702797851205E-03 6.6801211645285E-03 6.68308563506812E-03 6.68592595947723E-03 6.68864175507751E-03 6.69123813580731E-03 6.69371621071233E-03 6.69608177134117E-03 6.69833569071931E-03 6.70047688688143E-03 6.7025000860672E-03
6.10422783124139E-03 6.12763024166108E-03 6.1504291741175E-03 6.1726307031234E-03 6.19424921178567E-03 6.21529838946208E-03 6.23579475634748E-03 6.2557488609213E-03 6.27516881670567E-03 6.29406230648852E-03 6.31244316586835E-03 6.33032812722973E-03 6.34773921310237E-03 6.36468655041808E-03 6.38116949188179E-03 6.39718987286595E-03 6.41274572347322E-03 6.42783256465389E-03 6.44243759662269E-03 6.45654589047462E-03 6.47014214291744E-03 6.48321172524091E-03 6.49572466506062E-03 6.5076332892899E-03 6.51891554582615E-03 6.52960525280788E-03 6.5397415549297E-03 6.54935864157071E-03 6.5584852198326E-03 6.56715813427342E-03 6.57541866793712E-03 6.58331715888965E-03 6.59090192365675E-03 6.5982141383464E-03 6.60528097079214E-03 6.61211428644166E-03 6.61870999750914E-03 6.62508127452018E-03 6.63123363974149E-03 6.63716052225385E-03 6.64284394125012E-03 6.64827452301127E-03 6.65345643439894E-03 6.65838930188942E-03 6.66307620071911E-03 6.66751419548378E-03 6.67171412451821E-03 6.67569094771967E-03 6.67947756571721E-03 6.68308740882835E-03 6.68653308523996E-03 6.68982341796448E-03 6.6929734230007E-03 6.69598874126825E-03 6.69887780495701E-03 6.70164166228331E-03 6.70428269701094E-03 6.70680076655696E-03 6.7092012384748E-03 6.71148603862744E-03 6.71366190957954E-03 6.71572737844034E-03 6.71768087369008E-03 6.71951852518868E-03
