NongDo/Fusa 11.8h.grd
DSAA
463	323
2	464
2	324
0	10
[rows 56 to 83 of 323, columns 256 to 319 of 463]
0 0 0 0 0 0 0 0 0 0 0 0 0 0 0 0 0 0 0 0 0 0 0 0 0 0 0 0 0 0 0 0 0 0 0 0 0 0 0 0 0 0 0 0 0 0 0 0 0 0 0 0 0 0 0 0 0 0 0 0 0 0 0 0
0 0 0 0 0 0 0 0 0 0 0 0 0 0 0 0 0 0 0 0 0 0 0 0 0 0 0 0 0 0 0 0 0 0 0 0 0 0 0 0 0 0 0 0 0 0 0 0 0 0 0 0 0 0 0 0 0 0 0 0 0 0 0 0
0 0 0 0 0 0 0 0 0 0 0 0 0 0 0 0 0 0 0 0 0 0 0 0 0 0 0 0 0 0 0 0 0 0 0 0 0 0 0 0 0 0 0 0 0 0 0 0 0 0 0 0 0 0 0 0 0 0 0 0 0 0 0 0
0 0 0 0 0 0 0 0 0 0 0 0 0 0 0 0 0 0 0 0 0 0 0 0 0 0 0 0 0 0 0 0 0 0 0 0 0 0 0 0 0 0 0 0 0 0 0 0 0 0 0 0 0 0 0 0 0 0 0 0 0 0 0 0
0 0 0 0 0 0 0 0 0 0 0 0 0 0 0 0 0 0 0 0 0 0 0 0 0 0 0 0 0 0 0 0 0 0 0 0 0 0 0 0 0 0 0 0 0 0 0 0 0 0 0 0 0 0 0 0 0 0 0 0 0 0 0 0
0 0 0 0 0 0 0 0 0 0 0 0 0 0 0 0 0 0 0 0 0 0 0 0 0 0 0 0 0 0 0 0 0 0 0 0 0 0 0 0 0 0 0 0 0 0 0 0 0 0 0 0 0 0 0 0 0 0 0 0 0 0 0 0
0 0 0 0 0 0 0 0 0 0 0 0 0 0 0 0 0 0 0 0 0 0 0 0 0 0 0 0 0 0 0 0 0 0 0 0 0 0 0 0 0 0 0 0 0 0 0 0 0 0 0 0 0 0 0 0 0 0 0 0 0 0 0 0
0 0 0 0 0 0 0 0 0 0 0 0 0 0 0 0 0 0 0 0 0 0 0 0 0 0 0 0 0 0 0 0 0 0 0 0 0 0 0 0 0 0 0 0 0 0 0 0 0 0 0 0 0 0 0 0 0 0 0 0 0 0 3.18291432593024E-03 3.15138453098818E-03
0 0 0 0 0 0 0 0 0 0 0 0 0 0 0 0 0 0 0 0 0 0 0 0 0 0 0 0 0 0 0 0 0 0 0 0 0 0 0 0 0 0 0 0 0 0 0 0 0 0 0 0 0 0 0 0 0 0 3.28485665479008E-03 3.26403607431258E-03 3.24659735157875E-03 3.22783806950648E-03 3.18291432593024E-03 3.15138453098818E-03
0 0 0 0 0 0 0 0 0 0 0 0 0 0 0 0 0 0 0 0 0 0 0 0 0 0 0 0 0 0 0 0 0 0 0 0 0 0 0 0 0 0 0 0 0 0 0 0 0 0 0 0 0 0 3.35465930479783E-03 3.34028272459985E-03 3.32967526076421E-03 3.3185677917403E-03 3.28485665479008E-03 3.26403607431258E-03 3.24659735157875E-03 3.22783806950648E-03 3.20343660624569E-03 3.17965083045327E-03
0 0 0 0 0 0 0 0 0 0 0 0 0 0 0 0 0 0 0 0 0 0 0 0 0 0 0 0 0 0 0 0 0 0 0 0 0 0 0 0 0 0 0 0 0 0 0 0 0 0 0 3.39881671669208E-03 3.38950852913155E-03 3.38198508287232E-03 3.35465930479783E-03 3.34028272459985E-03 3.32967526076421E-03 3.3185677917403E-03 3.30300398776493E-03 3.28853332271501E-03 3.27466015958231E-03 3.25978751898419E-03 3.24290140617353E-03 3.22488683950684E-03
0 0 0 0 0 0 0 0 0 0 0 0 0 0 0 0 0 0 0 0 0 0 0 0 0 0 0 0 0 0 0 0 0 0 0 0 0 0 0 0 0 0 0 0 0 3.40866651506375E-03 3.40629076856383E-03 3.40873040249392E-03 3.41284061806931E-03 3.41674206428394E-03 3.41854241522628E-03 3.39881671669208E-03 3.38950852913155E-03 3.38198508287232E-03 3.37150341952115E-03 3.36292662628526E-03 3.35549122635664E-03 3.34773794275484E-03 0.003338682994426 3.32895804601049E-03 3.31859993618611E-03 3.30724531247838E-03 3.29466656035721E-03 3.28086300248881E-03
0 0 0 0 0 0 0 0 0 0 0 0 0 0 0 0 0 0 0 0 0 0 0 0 0 0 0 0 0 0 0 0 0 0 0 0 0 0 0 0 0 0 0 3.42406240885001E-03 3.42366874313849E-03 3.40866651506375E-03 3.40629076856383E-03 3.40873040249392E-03 3.41284061806931E-03 3.41674206428394E-03 3.41854241522628E-03 3.41525405779142E-03 3.41210465196456E-03 3.40875508488092E-03 3.40451191657435E-03 3.40021523928129E-03 3.39587721051678E-03 3.39107842712159E-03 3.38548242386941E-03 3.37903891613727E-03 3.37170884399169E-03 3.36338092913564E-03 3.35400324737495E-03 3.34357235117154E-03
2.52915013861091E-03 2.54957691570042E-03 2.57299001416287E-03 2.5976278074915E-03 2.62269495843213E-03 2.64799642431218E-03 2.67308581733342E-03 2.69784788032464E-03 2.72226255423616E-03 2.74657226559899E-03 2.77076231477544E-03 2.79492934153206E-03 2.81866965107252E-03 2.84181475510792E-03 2.86427851785475E-03 2.88635534977354E-03 2.90807245525451E-03 2.92966593296691E-03 2.9509347930063E-03 2.97195744662957E-03 2.99277677654647E-03 3.01370349888248E-03 3.03473452258129E-03 3.05602641743474E-03 3.07721937362877E-03 3.09816565988397E-03 3.11868134661441E-03 3.13896471973334E-03 3.15891323472238E-03 3.17873820932871E-03 3.19831589048697E-03 3.2180283138505E-03 3.23850013329909E-03 3.26137669467913E-03 3.28945930454824E-03 0 0 0 0 3.39939123271335E-03 3.40897226851934E-03 3.42176502647135E-03 3.43347206257066E-03 3.42406240885001E-03 3.42366874313849E-03 3.42322663942261E-03 3.42590891353333E-03 3.43068254529021E-03 3.43629786358986E-03 3.44168993640351E-03 3.44585713664806E-03 3.44808229608116E-03 3.44921811846987E-03 3.44946653515817E-03 3.44886767948519E-03 3.44766865452844E-03 3.44594824114349E-03 3.44361378751399E-03 3.44054973334878E-03 3.43666968077069E-03 3.43191878960663E-03 3.42623323036958E-03 3.41960181252414E-03 3.41205985768645E-03
2.52915013861091E-03 2.54957691570042E-03 2.57299001416287E-03 2.5976278074915E-03 2.62269495843213E-03 2.64799642431218E-03 2.67308581733342E-03 2.69784788032464E-03 2.72226255423616E-03 2.74657226559899E-03 2.77076231477544E-03 2.79492934153206E-03 2.81866965107252E-03 2.84181475510792E-03 2.86427851785475E-03 2.88635534977354E-03 2.90807245525451E-03 2.92966593296691E-03 2.9509347930063E-03 2.97195744662957E-03 2.99277677654647E-03 3.01370349888248E-03 3.03473452258129E-03 3.05602641743474E-03 3.07721937362877E-03 3.09816565988397E-03 3.11868134661441E-03 3.13896471973334E-03 3.15891323472238E-03 3.17873820932871E-03 3.19831589048697E-03 3.2180283138505E-03 3.23850013329909E-03 3.26137669467913E-03 3.28945930454824E-03 3.33427372883221E-03 3.35829280408873E-03 3.38000805015011E-03 3.39927572104455E-03 3.39939123271335E-03 3.40897226851934E-03 3.42176502647135E-03 3.43347206257066E-03 3.44007772691685E-03 3.44643386834339E-03 3.45255785440721E-03 3.45926301968123E-03 3.46653226647918E-03 3.47397777737048E-03 3.48110439510678E-03 3.48737299571266E-03 3.49247109280814E-03 3.49644815722686E-03 3.49939525678502E-03 3.50140650181285E-03 3.50262035461656E-03 3.50312144830157E-03 3.50292718243916E-03 3.50200959807849E-03 3.50032000043269E-03 3.49781336017667E-03 0.003494458697743 3.49026113179254E-03 3.48527258228647E-03
2.5413559155681E-03 2.56633314015712E-03 2.59168932966946E-03 2.61734541818631E-03 2.64307535737316E-03 2.66884189971004E-03 2.69430439796028E-03 2.71937444492671E-03 2.74409774297403E-03 2.76867813520437E-03 2.79310327278115E-03 2.8174781266433E-03 2.84137997175285E-03 2.86458523106727E-03 2.88712064048389E-03 2.90927060187337E-03 2.93109689112922E-03 2.95277565531961E-03 2.97414986343614E-03 2.99528754884731E-03 3.01628291462424E-03 3.03738862867726E-03 3.05860722001537E-03 3.08008170394203E-03 3.10144361750181E-03 3.12248663222369E-03 3.1431035964184E-03 3.16345532806892E-03 3.18346063946851E-03 3.20324095537562E-03 3.2226738581026E-03 3.24202247325041E-03 3.26174639397123E-03 3.28286572696169E-03 3.30659296150505E-03 3.33427372883221E-03 3.35829280408873E-03 3.38000805015011E-03 3.39927572104455E-03 3.41420135997232E-03 3.42952454091283E-03 3.44521663486841E-03 3.45967379941883E-03 3.4719240412839E-03 3.4828582392742E-03 0.003492996111895 3.50274048762165E-03 3.51229198774205E-03 3.52160145077009E-03 3.53044229353435E-03 3.53851524821049E-03 3.54562965945318E-03 3.55168540259591E-03 3.55670265449505E-03 3.56074085125468E-03 3.56391566601242E-03 3.56631562553027E-03 3.56799579117096E-03 3.56896231746844E-03 3.56919479816101E-03 3.56865715760063E-03 3.56735287436499E-03 3.56530056404919E-03 3.56254951182814E-03
2.56654682065138E-03 2.59431417404288E-03 2.62149462256828E-03 2.64840310849816E-03 2.67507903898084E-03 2.70156987368971E-03 2.72765345158806E-03 2.75328589155767E-03 2.77857498090379E-03 2.80367954200762E-03 2.82857074335027E-03 2.85328667875865E-03 2.8773835373425E-03 2.90069115158541E-03 2.92338131322108E-03 2.9457055462683E-03 2.96773826413508E-03 2.98959916405885E-03 3.01119804731858E-03 3.03259483532193E-03 3.05393055588341E-03 3.07539858135222E-03 3.09699600873762E-03 3.11878347027978E-03 3.14036458391772E-03 3.16154536336893E-03 3.18232314966927E-03 3.20280770262099E-03 3.22292385763791E-03 3.24271256091366E-03 3.26207992779238E-03 3.28118572841204E-03 3.30037845993701E-03 3.32026626228126E-03 3.3414013257186E-03 3.36408458162215E-03 3.38623479578307E-03 3.40745051785806E-03 3.42754903924791E-03 3.44643471798513E-03 3.46483721660639E-03 3.48283582652315E-03 3.49968760401183E-03 3.5150378202158E-03 3.52908033387907E-03 3.54212901657863E-03 3.5543735396447E-03 3.56598666711769E-03 3.57701939344046E-03 3.58742202935221E-03 3.59703316716385E-03 3.60574472480454E-03 3.61343425076652E-03 3.62009935467078E-03 3.62578259403431E-03 3.63058681750666E-03 3.63460580593696E-03 3.63791307258775E-03 3.64052245831633E-03 3.64243718716146E-03 3.64363792686894E-03 3.64413697291535E-03 3.64395720959558E-03 3.64314979505181E-03
2.60066147525399E-03 2.63030172467015E-03 2.65908309076842E-03 2.68731259280832E-03 2.71510471715148E-03 2.74250777027749E-03 2.76938851805287E-03 2.79578605683469E-03 2.82182150321089E-03 2.84760607046706E-03 2.87311211353747E-03 0.002898234929401 2.92259194022372E-03 2.94617588455027E-03 2.96920754380049E-03 2.99188147157818E-03 3.01427633233882E-03 3.03646687072368E-03 3.05840766089288E-03 3.08020198149849E-03 3.10200008050831E-03 3.12393998639764E-03 3.14602277584868E-03 3.16816642881128E-03 3.18999390194374E-03 3.21142049807037E-03 3.23248391839696E-03 3.25322298308135E-03 3.27356223740324E-03 3.29348689242591E-03 3.31291641831647E-03 3.33199603517173E-03 3.3509960116094E-03 3.37030230086176E-03 3.3902483154547E-03 3.4109794374068E-03 3.43178966503836E-03 3.45241823341142E-03 3.47275909197022E-03 3.49282977434546E-03 3.51262914746652E-03 3.53204001198133E-03 3.55054477671955E-03 3.56793908599436E-03 3.58421238531966E-03 3.59944897369508E-03 3.61367878778236E-03 3.62702583366441E-03 3.63956424678863E-03 3.65131864310798E-03 3.66222766560421E-03 3.67222181937557E-03 3.6811942649082E-03 3.68916241639158E-03 3.69615770592613E-03 3.70229516228155E-03 3.70767363669654E-03 3.71236345173128E-03 3.71637399475251E-03 3.71973272061961E-03 3.72242992060371E-03 3.72448666752894E-03 3.7259251696499E-03 3.72678804858721E-03
2.64141248569587E-03 2.67273029053728E-03 2.70307221621452E-03 2.73268427493689E-03 2.7616930938369E-03 2.79016563040662E-03 2.81806508769718E-03 2.84543571804394E-03 2.87234532604649E-03 2.8988695276516E-03 2.9249733952298E-03 2.95055959533597E-03 2.97543441437105E-03 0.002999600793178 3.02320205636166E-03 3.04640657610026E-03 3.06930933443272E-03 3.09199110024446E-03 3.11447198791044E-03 3.13683911746633E-03 3.1591930513382E-03 3.18163154469486E-03 3.20414373642626E-03 3.22664223311588E-03 3.24888777597982E-03 3.27077289256514E-03 3.29226677447498E-03 3.31337212701507E-03 3.33403124453827E-03 3.35422105815891E-03 3.3739047850691E-03 3.39317638588228E-03 3.41221436175139E-03 3.43129032556789E-03 3.45064361181334E-03 3.47043669689733E-03 3.49047627268211E-03 3.51066551360187E-03 3.53093883197409E-03 3.55130792745086E-03 3.57165995619648E-03 3.59184303896377E-03 3.6114570118182E-03 3.6302482505764E-03 3.64805545760774E-03 3.66484504910872E-03 3.68056882754844E-03 3.69525809472402E-03 3.70896943795687E-03 3.72175702550231E-03 0.003733616417259 3.74454210537709E-03 3.75448483747133E-03 3.76346380944362E-03 3.77151592802435E-03 3.77873481773604E-03 3.78521253870947E-03 3.79103145464197E-03 3.79621644059161E-03 3.80079670340264E-03 3.80477111773466E-03 3.80815923278176E-03 3.81098043272397E-03 3.81326952670074E-03
2.68843197864797E-03 2.72139683396491E-03 2.75334259770256E-03 2.78444960014963E-03 2.81483249026126E-03 2.84457299183602E-03 2.87367518366934E-03 2.90217196702134E-03 2.93009720318796E-03 2.95750015231459E-03 2.98435450421442E-03 3.01061309379615E-03 3.03619512012755E-03 3.06111382487523E-03 3.08546250685844E-03 3.10938063075326E-03 3.13296965874099E-03 3.15632815522699E-03 3.17950986853138E-03 3.20258310112142E-03 3.22560897902017E-03 3.2486509876699E-03 3.27169659253842E-03 3.29468390492469E-03 3.31745869914156E-03 3.33990272638351E-03 3.36192821491596E-03 3.38350247703929E-03 3.40457462786228E-03 3.42513153857294E-03 3.44516119579458E-03 3.46472477300407E-03 3.48393862485862E-03 3.50300463249839E-03 3.52212347174977E-03 3.54148104006435E-03 3.5610998700803E-03 3.58099174100817E-03 3.6011301637456E-03 3.62152625336517E-03 3.64207675595442E-03 3.66263949149886E-03 3.68286742403694E-03 3.70247231430531E-03 3.72120454511689E-03 3.73895480264398E-03 3.75560917132932E-03 3.77115590133539E-03 3.78562633007807E-03 3.79907434788449E-03 3.81153175998755E-03 3.82304209970074E-03 3.83360452138239E-03 3.84325846703552E-03 3.85204482776321E-03 3.86004345082467E-03 3.86733667709697E-03 3.87401172240779E-03 3.88010354636196E-03 3.88564683748201E-03 3.89064651943361E-03 3.89511720021446E-03 3.89907235939062E-03 3.9025345176363E-03
2.74150022605414E-03 2.77619848523931E-03 2.80985676382201E-03 2.84260732121758E-03 2.87454275713374E-03 2.90574147029569E-03 2.93621349922248E-03 2.96598774306874E-03 2.99509062026695E-03 3.02355837043119E-03 3.05137725659341E-03 3.07853511641949E-03 3.10500929504538E-03 3.13083280260731E-03 3.15608854340375E-03 3.18089651663835E-03 3.20535628043851E-03 3.22957179663177E-03 3.25360462718627E-03 3.27751387940228E-03 3.30134281271311E-03 3.32513085166365E-03 3.34886201354355E-03 3.3724913703653E-03 3.39590527274533E-03 3.41897966906348E-03 3.4416003275965E-03 3.46370918968592E-03 3.48525625382528E-03 3.5062326121458E-03 3.52663626775242E-03 3.54651465380232E-03 3.56595646120693E-03 3.58512712075661E-03 3.60420740526734E-03 3.62339537420925E-03 3.64280132479371E-03 3.66250035631593E-03 3.68250055034656E-03 3.70282414558649E-03 3.72338114146647E-03 3.74404631980817E-03 3.76448732271232E-03 3.78441101136037E-03 3.80354162497504E-03 3.82173208395782E-03 3.83882939465438E-03 3.85477253816781E-03 3.86957081696579E-03 3.88328864435539E-03 3.89599121671493E-03 3.90775252062414E-03 3.91860870804776E-03 3.92861238168562E-03 3.93781005722533E-03 3.94628036362561E-03 3.95410528046078E-03 3.96136528914061E-03 3.96810030564116E-03 3.97434328673502E-03 3.98010362764745E-03 3.9853967256975E-03 3.99022935298183E-03 3.99460757794386E-03
2.80067239223599E-03 2.83725846248031E-03 2.87278381174345E-03 2.90734532763025E-03 2.94101700244662E-03 2.97385627285429E-03 3.00587232033922E-03 3.03709852122783E-03 3.06756358336731E-03 3.09729575125519E-03 3.12629196054016E-03 3.15456075512238E-03 3.18211263281222E-03 3.20900524597926E-03 3.23532849524788E-03 3.26119108835259E-03 0.003286689266115 3.31192297088932E-03 3.33695157832478E-03 3.36183155567296E-03 3.38659938289616E-03 3.41127739536388E-03 3.4358405889934E-03 3.46025134307905E-03 3.48440380065253E-03 3.50816376499436E-03 3.53140734439417E-03 3.55406716130387E-03 3.57609272078815E-03 3.59747892216468E-03 3.61822871629435E-03 3.63838773576249E-03 3.65804285563677E-03 3.67734932002033E-03 3.69647939280896E-03 3.71563071790011E-03 3.73494211390868E-03 3.75450932111194E-03 3.77436406518594E-03 3.79453896108092E-03 3.81496018031343E-03 3.83548514838964E-03 3.85578477655358E-03 3.87559712441316E-03 3.89466148129708E-03 3.91281465366786E-03 3.92987211433105E-03 3.9457676219391E-03 3.96049749692476E-03 3.97413458005029E-03 3.98676251348567E-03 3.99847177944637E-03 4.00932178138572E-03 4.0193788335846E-03 4.02869776632648E-03 4.03736359905451E-03 4.04545515279955E-03 4.05304159550232E-03 4.06016049289532E-03 4.06684672521254E-03 4.07311725837608E-03 4.07898215944034E-03 4.08443944821012E-03 4.08947675939747E-03
2.86597968712093E-03 2.90465294812204E-03 2.94222726549643E-03 2.97877340218161E-03 3.01434902528617E-03 3.04899777132754E-03 3.08273791249736E-03 3.11559950305198E-03 3.14760977778352E-03 3.17879533618528E-03 3.20916672638254E-03 3.23874442011199E-03 3.26756451893097E-03 3.29570097356132E-03 3.32325014494999E-03 3.35031787724287E-03 3.37699910856013E-03 3.40338895020552E-03 3.42954416814376E-03 3.45551643808223E-03 3.48133828540453E-03 3.50702327583051E-03 3.53253566311733E-03 3.55782927035881E-03 3.5827760755151E-03 3.60723114093626E-03 3.63107513035198E-03 3.65424504418011E-03 3.67669163922689E-03 3.69841495551036E-03 3.71942100309555E-03 3.73976783186228E-03 3.75956212046036E-03 3.7789654107176E-03 3.79814172029342E-03 3.81728299545652E-03 3.8365156855335E-03 3.85593387935029E-03 3.87557754882499E-03 3.89547922942586E-03 3.91555339401711E-03 3.93566284401254E-03 3.95551384101663E-03 3.97486021549164E-03 3.99347019746379E-03 4.01119135224882E-03 4.02785318411316E-03 4.0433682480665E-03 4.0577357754092E-03 4.07102808173627E-03 4.08333369372788E-03 4.09474927267574E-03 4.10535756845993E-03 4.11523475925076E-03 4.1244576779952E-03 4.13310776654071E-03 4.14125170094311E-03 4.14894276672972E-03 4.15622398977028E-03 4.16312503023583E-03 4.16966739481999E-03 4.17586145011865E-03 4.18169419349075E-03 4.18713839784317E-03
2.9377290514582E-03 2.97869776689665E-03 3.01851793801044E-03 3.05723689330664E-03 3.09489851678214E-03 3.13153655573052E-03 3.16717483991157E-03 3.20184318592334E-03 3.23556993123625E-03 3.2683821940487E-03 3.30030203846288E-03 3.3313603059411E-03 3.36161246816923E-03 3.39114787774042E-03 3.42006763497249E-03 3.44847418249507E-03 3.47646124996404E-03 3.50411314847904E-03 3.53148162137008E-03 3.55862043600701E-03 3.58556058676035E-03 3.61230682166768E-03 3.63881441986258E-03 3.66501167398592E-03 3.69073253889477E-03 3.71582835571042E-03 3.74019071977491E-03 3.76376409148081E-03 3.78651106293191E-03 3.80843796092102E-03 3.8295573568625E-03 3.84995917411796E-03 3.86977764976145E-03 3.88918320778312E-03 3.90833944319993E-03 3.9274181426996E-03 3.94651268060577E-03 3.96570868942581E-03 3.98504209944715E-03 0.004004526496424 4.02406358931111E-03 4.04351888917621E-03 4.06263427261966E-03 4.08120816679885E-03 4.09904883829058E-03 4.11601938732355E-03 4.13196187911051E-03 4.14680618501813E-03 4.16056465315529E-03 4.17329796812879E-03 4.18508870082984E-03 4.19603666526538E-03 4.2062332685363E-03 4.21576698644085E-03 4.22473686490773E-03 4.23320490200535E-03 4.24121880434645E-03 4.24882357457364E-03 4.25606550818461E-03 4.26297148738801E-03 4.26957287659069E-03 4.27586686212884E-03 4.28183108857395E-03 4.28743346083669E-03
3.01626129161846E-03 3.05974967356277E-03 3.10202152293671E-03 3.14310362295633E-03 3.18302927112735E-03 3.22182546729109E-03 3.25952161720316E-03 3.29614931192424E-03 3.33174153697071E-03 3.36632692061548E-03 3.3999413959427E-03 3.43262434754273E-03 3.46445107326611E-03 3.49552148223507E-03 3.52593373924527E-03 3.55578067520199E-03 3.58514814867081E-03 3.61411575552202E-03 3.6427368964936E-03 3.67106076757632E-03 3.69911013813885E-03 3.72688225207648E-03 3.75431689541831E-03 3.78133208186967E-03 3.80773246808178E-03 3.83334510872814E-03 3.85806174067679E-03 3.88185331044913E-03 3.90470623541465E-03 3.92664826898257E-03 3.94772214447791E-03 3.96803287840678E-03 3.98772586503766E-03 4.00698604434652E-03 4.0259730318851E-03 4.0448561179862E-03 4.06370212670915E-03 4.08255630820782E-03 4.10142294039938E-03 4.12030686727453E-03 4.13911203101367E-03 4.15770101603386E-03 4.17587119630717E-03 0.004193453476575 4.21030054120919E-03 4.22629729772883E-03 4.24132560992685E-03 4.25531088073684E-03 4.26827310452116E-03 4.28028499193858E-03 4.29143955633471E-03 4.30182322791882E-03 4.31152570331042E-03 4.32062569165145E-03 4.32921498748649E-03 4.33735543827294E-03 4.34509447936154E-03 4.35245986951135E-03 4.35949162917895E-03 4.36620896755202E-03 4.37263983943328E-03 4.37878997501293E-03 4.38464415334381E-03 4.39016465356597E-03
3.1020863791041E-03 3.14830319580151E-03 3.19321797695865E-03 3.23683958765061E-03 3.27919405284208E-03 3.3203040998613E-03 3.36020425013594E-03 3.39893023799501E-03 3.43651821896537E-03 3.47300102413494E-03 3.50842777701458E-03 3.54285146232777E-03 3.57636750594008E-03 3.60907852695733E-03 3.6410703770584E-03 3.67242080044697E-03 3.7032064955385E-03 3.73349992319435E-03 3.76335219995467E-03 3.79280663331778E-03 3.82187828959407E-03 3.85056062865837E-03 3.8787827857601E-03 3.90644549913734E-03 3.93331376630984E-03 3.95920830093652E-03 3.98404394089828E-03 4.00782788263177E-03 4.03056692343582E-03 0.004052316322344 4.07314580417183E-03 4.09317656233664E-03 4.11256412034543E-03 4.13150625165658E-03 4.15015807321718E-03 4.16867754019356E-03 4.18709068818227E-03 4.20540967858985E-03 4.22361504560642E-03 4.24170696137206E-03 4.25958095417207E-03 4.27711209683178E-03 4.2941514649236E-03 4.31056879885714E-03 4.32625719002168E-03 4.34112088111203E-03 4.35507554273458E-03 4.36805492774658E-03 4.38010225581548E-03 4.39129601315212E-03 4.40173319710872E-03 4.41147900846369E-03 4.42061591320433E-03 4.42920648209936E-03 4.43732611140668E-03 4.4450284098006E-03 4.45236095052858E-03 4.45933770193408E-03 4.46599139911611E-03 4.47233381254584E-03 4.47839348567233E-03 4.48418016615822E-03 4.48969014568079E-03 4.49488424060586E-03
3.19579303147314E-03 3.24492719256066E-03 3.29265082185956E-03 3.33895994088043E-03 3.38387825801553E-03 3.42742968023481E-03 3.46965644272287E-03 3.51059638531625E-03 3.55028691148904E-03 3.5887653161926E-03 3.62609648588985E-03 3.66234813155556E-03 3.69763114138561E-03 3.73204379848157E-03 3.76564981457297E-03 3.79851072881227E-03 3.83069216167434E-03 3.86225744740433E-03 3.89324821184401E-03 3.92369760375664E-03 3.95361333781131E-03 3.98299334078155E-03 4.0117566405077E-03 4.03977995641981E-03 4.06678926968537E-03 4.09264330291782E-03 4.11731586319349E-03 4.14084793123535E-03 4.16325591639621E-03 4.18460666554358E-03 4.20498228885331E-03 4.22452496398312E-03 4.24340671201297E-03 4.26183259524529E-03 4.27994050137724E-03 4.29787319261924E-03 4.31560593308756E-03 4.33314275678256E-03 4.35047098981121E-03 4.36758621572878E-03 4.38437695411101E-03 4.40071541244581E-03 4.41650767471412E-03 4.4316589733515E-03 4.44610269114315E-03 4.45974759077943E-03 4.4725449008408E-03 4.48443727891396E-03 4.49550923747043E-03 4.50583676443296E-03 4.51549950746737E-03 4.52453594167501E-03 4.53302612082597E-03 4.54101818591473E-03 4.54857509971071E-03 4.5557314782553E-03 4.56252464115424E-03 4.56895509037691E-03 4.57505625068012E-03 4.58083381800639E-03 4.58632339179824E-03 4.59153367552773E-03 4.59646283332171E-03 4.60107347953866E-03
3.29797227134943E-03 3.35017306290977E-03 3.4008289232065E-03 3.44993577027664E-03 3.49751723541039E-03 3.54360536980145E-03 3.58824864240049E-03 3.63148364221994E-03 3.67334841569628E-03 3.71389078085553E-03 3.75318268150541E-03 3.79131735575638E-03 3.82841343783528E-03 3.86454095983538E-03 3.89973881856974E-03 3.93406145454688E-03 3.96756202717836E-03 4.00028862775718E-03 4.03226540438722E-03 4.06350567109629E-03 4.09400916297089E-03 4.12378146175624E-03 4.15275477465276E-03 4.18075031021691E-03 4.20750310933295E-03 4.23297689442356E-03 4.25720576594525E-03 4.28023401198233E-03 4.30207712057501E-03 4.32281052233849E-03 4.34252183232079E-03 4.36137186230439E-03 4.37954032665474E-03 4.39722101836497E-03 4.41454606329684E-03 4.43161479274415E-03 4.44837228655712E-03 4.46486147184429E-03 4.48109036354879E-03 4.49703429667925E-03 4.51256392339074E-03 4.52758456680415E-03 4.54204682842459E-03 4.55587992028425E-03 4.56903626489774E-03 4.58142921218569E-03 4.59303042519979E-03 4.60381363250261E-03 4.61390511656131E-03 4.62334207756025E-03 4.6321746786286E-03 4.64042615888956E-03 4.64817939268705E-03 4.65546476055064E-03 4.66233922145205E-03 4.6688137323513E-03 4.67491090216875E-03 4.68062490839575E-03 4.68599033806963E-03 4.69101094180547E-03 4.69573263703349E-03 4.70014918981543E-03 4.70425519706087E-03 4.70801947533161E-03
