NongDo/Fusa 16.5h.grd
DSAA
463	323
2	464
2	324
0	10
[rows 252 to 279 of 323, columns 0 to 63 of 463]
0 0 0 0 0 0 0 0 0 0 0 0 0 0 0 0 0 0 0 0 0 0 0 0 0 0 0 0 0 0 0 0 0 0 0 0 0 0 4.05722393675235E-03 4.06928140256557E-03 4.0756337181167E-03 4.08058434781069E-03 4.08595105416587E-03 4.09217384071667E-03 4.09944493838583E-03 4.10786314572304E-03 4.11754487709991E-03 4.12856456532851E-03 4.14102612950099E-03 4.15501548473089E-03 4.17062282859455E-03 4.18793201018399E-03 4.20699754332028E-03 4.22786566150142E-03 4.25054188306332E-03 4.27503843252676E-03 4.30131181548844E-03 4.32931623580008E-03 4.35896602970215E-03 4.39019494564742E-03 4.42288213448119E-03 4.45686489599538E-03 4.49196136906959E-03 4.52797650659603E-03
0 0 0 0 0 0 0 0 0 0 0 0 0 0 0 0 0 0 0 0 0 0 0 0 0 0 0 0 0 0 0 0 0 0 0 0 0 4.04678212507031E-03 4.05722393675235E-03 4.0625914379994E-03 4.06815132242234E-03 4.07375681548204E-03 4.07992649963547E-03 4.08695434736035E-03 4.09504783225664E-03 4.1043326607356E-03 0.004114939142018 4.1269566344906E-03 4.14049745099176E-03 4.15566009688729E-03 4.17253802893847E-03 4.19121440247424E-03 4.21173768461938E-03 4.23414521202696E-03 4.25842986369486E-03 4.2845859585007E-03 4.31255210006518E-03 4.34225993777079E-03 4.37360016884537E-03 4.40647783863618E-03 4.44074894441182E-03 4.47622781545925E-03 4.51271197374558E-03 0.004549988692122
0 0 0 0 0 0 0 0 0 0 0 0 0 0 0 0 0 0 0 0 0 0 0 0 0 0 0 0 0 0 0 0 0 0 0 0 4.03790940251217E-03 4.04678212507031E-03 4.05145771688319E-03 4.05641634895731E-03 4.06184328260738E-03 4.06783072611725E-03 4.07461569848915E-03 4.08237006488426E-03 4.09126713055181E-03 4.10143270992049E-03 4.11300013465553E-03 4.12606692298194E-03 4.14075037613411E-03 4.15715786504769E-03 4.17538359962163E-03 4.19550739634155E-03 4.21756879011654E-03 4.24159257578673E-03 4.26755462577222E-03 4.29543144950363E-03 4.32513935887492E-03 4.3565834159794E-03 4.38962740666578E-03 4.4241488133341E-03 4.45997724435294E-03 4.4969042474838E-03 4.53470812028323E-03 4.57316074996863E-03
0 0 0 0 0 0 0 0 0 0 0 0 0 0 0 0 0 0 0 0 0 0 0 0 0 0 0 0 0 0 0 0 0 0 0 4.03330616343955E-03 4.03790940251217E-03 4.04161165210578E-03 4.04574399505657E-03 4.0505092662775E-03 4.05603895564866E-03 4.06241983922474E-03 4.06979623923963E-03 4.07827335750084E-03 4.08799722488189E-03 4.09908930159651E-03 4.11167979843567E-03 4.12587106915896E-03 4.14178058372126E-03 4.15952413723102E-03 4.17919127004586E-03 4.20085619471975E-03 4.2245455056161E-03 4.25026898692577E-03 4.27797981183243E-03 4.30763625987614E-03 4.33912776777123E-03 4.37232815335219E-03 4.4070736433045E-03 4.44321395997435E-03 4.48055507020361E-03 4.51886408670336E-03 4.55790250780052E-03 4.59742939562204E-03
0 0 0 0 0 0 0 0 0 0 0 0 0 0 0 0 0 0 0 0 0 0 0 0 0 0 0 0 0 0 0 0 0 0 0 4.03330616343955E-03 4.03365587179526E-03 4.03606366082967E-03 4.0397886841656E-03 4.04456185072183E-03 4.05036654371543E-03 4.05723248669696E-03 4.06525757971837E-03 4.07451837049503E-03 4.08513925728064E-03 4.09723809448715E-03 4.11094147619964E-03 4.12635641541812E-03 4.14359898236548E-03 4.16278716884079E-03 4.18400397747409E-03 4.20731365589055E-03 4.23272696240677E-03 4.26023504086951E-03 4.28976816905809E-03 4.32125693181874E-03 4.35455953516711E-03 4.38951984778616E-03 4.42594806353717E-03 4.46366619441826E-03 4.50245445707679E-03 4.54205970191243E-03 4.5822296539921E-03 4.62271508594856E-03
0 0 0 0 0 0 0 0 0 0 0 0 0 0 0 0 0 0 0 0 0 0 0 0 0 0 0 0 0 0 0 0 0 0 4.01748654969351E-03 4.02600570135069E-03 4.02701550219011E-03 4.02948159902612E-03 4.03330608078913E-03 4.03836211871543E-03 4.04462544880385E-03 4.05210491254136E-03 4.06087463938701E-03 4.07101396771775E-03 4.08263221481238E-03 4.09584718412999E-03 4.11077677619826E-03 4.12753751269838E-03 4.14623857552506E-03 4.16699697921905E-03 4.18988505800525E-03 4.21495358482926E-03 4.24219276576752E-03 4.27157109664107E-03 4.30299372362935E-03 4.33635201348877E-03 4.37147658367601E-03 4.40818046600986E-03 4.44625015341357E-03 4.48547766010145E-03 4.52562535569288E-03 4.56642167982241E-03 4.60760349116389E-03 4.64891779393095E-03
0 0 0 0 0 0 0 0 0 0 0 0 0 0 0 0 0 0 0 0 0 0 0 0 0 0 0 0 0 0 0 0 0 0 4.01748654969351E-03 4.01791070137735E-03 4.01922112047678E-03 4.02200247819985E-03 4.02621742336307E-03 4.03178280581613E-03 4.03868107704084E-03 4.04691863181266E-03 4.05656351288431E-03 4.06770499592135E-03 4.08044872193393E-03 4.09491265536443E-03 4.11120737057589E-03 4.12945379739684E-03 4.14975423449296E-03 4.17222005613993E-03 4.19690968160456E-03 4.22385512988929E-03 4.2530210583226E-03 4.28434803928848E-03 4.31770986778868E-03 4.35295984790373E-03 4.38989748773601E-03 4.42830710690522E-03 4.46795220114592E-03 4.50860154697197E-03 4.55000139810791E-03 4.59186570181049E-03 4.63392520461344E-03 4.67592976540368E-03
0 0 0 0 0 0 0 0 0 0 0 0 0 0 0 0 0 0 0 0 0 0 0 0 0 0 0 0 0 0 0 0 0 0 4.00864642779795E-03 4.00873619607355E-03 4.01041150104521E-03 4.01370381405377E-03 4.01852093715547E-03 4.02478343653579E-03 4.03247994289015E-03 4.04162396045334E-03 4.05228947921877E-03 4.06457980735404E-03 4.07859835142617E-03 4.09446721689957E-03 4.11228391034895E-03 4.13217384687346E-03 4.15422608952673E-03 4.17854599678421E-03 4.20517259676462E-03 4.23411273520858E-03 4.26529865062272E-03 4.29863730758444E-03 4.33396931564045E-03 4.37110985115274E-03 4.4098283468016E-03 4.44987985159613E-03 4.49100943945403E-03 4.53296748107596E-03 4.57549338197928E-03 4.61828637137488E-03 4.66107774306453E-03 4.70362841113968E-03
0 0 0 0 0 0 0 0 0 0 0 0 0 0 0 0 0 0 0 0 0 0 0 0 0 0 0 0 0 0 0 0 0 0 3.99814264347123E-03 3.99831300289839E-03 4.00057149291793E-03 4.00458615218643E-03 4.0102047902246E-03 4.01734740241985E-03 4.02601136843612E-03 4.03622306637147E-03 4.04806690427459E-03 4.06166994033309E-03 4.07713200333498E-03 4.09457717872393E-03 4.11408775418313E-03 4.13579058316487E-03 4.15975324257613E-03 4.18607812371645E-03 4.21477641104218E-03 4.24581995608978E-03 4.27910244130722E-03 4.31449542032698E-03 4.35180452880453E-03 4.3908087130949E-03 4.43124862174465E-03 4.47285392786296E-03 4.51535451182105E-03 4.55848993707766E-03 4.60199909927773E-03 4.64556735498758E-03 4.6889374979259E-03 4.73189130672004E-03
0 0 0 0 0 0 0 0 0 0 0 0 0 0 0 0 0 0 0 0 0 0 0 0 0 0 0 0 0 0 0 0 0 3.97059262806662E-03 0.00398481877717 3.98636364798036E-03 3.98970075112324E-03 3.99469923899063E-03 4.00132062015474E-03 4.00952081373081E-03 0.00401932250893 4.03077091462958E-03 4.04395817295434E-03 4.05905252726715E-03 4.07613694552873E-03 4.09534430728295E-03 4.11672712505299E-03 4.14042508490431E-03 4.16645995099146E-03 4.19494301568987E-03 4.22583810880421E-03 4.25907513823248E-03 4.29450662922652E-03 4.33196796672323E-03 4.37123185446462E-03 4.41204022340251E-03 4.45411359236706E-03 4.49715849323805E-03 4.54089743567977E-03 4.5850574922155E-03 4.62939410360911E-03 4.67357428238441E-03 4.71737199195822E-03 4.76059675651704E-03
0 0 0 0 0 0 0 0 0 0 0 0 0 0 0 0 0 0 0 0 0 0 0 0 0 0 0 0 0 0 0 0 0 3.97059262806662E-03 3.9712910782073E-03 3.97356014108658E-03 3.97798598140985E-03 3.98416451296568E-03 3.9919686130629E-03 4.00139322377453E-03 4.01250075291368E-03 4.02536337103264E-03 4.04008266261603E-03 4.05684893955342E-03 4.07574331713912E-03 4.09689550289245E-03 4.12033927158122E-03 4.14620662145945E-03 4.1744909629669E-03 4.20527128285081E-03 4.23846240635739E-03 4.27395176716434E-03 4.31155528448273E-03 4.3510680964865E-03 4.39223022571331E-03 4.43475379404465E-03 4.47834313009481E-03 4.52269439150515E-03 4.56752623685394E-03 4.61255869110526E-03 4.6575413408605E-03 4.70217108167592E-03 4.74626089192791E-03 4.7896404506964E-03
0 0 0 0 0 0 0 0 0 0 0 0 0 0 0 0 0 0 0 0 0 0 0 0 0 0 0 0 0 0 0 0 0 3.95662795272485E-03 3.95692675309907E-03 3.96020489891746E-03 3.9658269586148E-03 3.97325005638026E-03 3.98234688691493E-03 0.003993127166416 4.00569044963035E-03 4.02013302300369E-03 4.03658018395486E-03 4.05521205916966E-03 4.07611389705358E-03 4.09940180760522E-03 4.12509674194919E-03 4.1533008010548E-03 4.18399540110874E-03 4.21717538630761E-03 4.25273033525331E-03 4.29049678999438E-03 4.33026307123324E-03 4.37177219410027E-03 4.4147443797392E-03 4.45886322387801E-03 4.50382570607355E-03 4.54932599681219E-03 4.59508458270234E-03 4.64082220981173E-03 4.68628310927524E-03 4.73124280918599E-03 4.77551482483536E-03 4.81895124378796E-03
0 0 0 0 0 0 0 0 0 0 0 0 0 0 0 0 0 0 0 0 0 0 0 0 0 0 0 0 0 0 0 0 3.91044920177248E-03 3.93807293358042E-03 3.94119204669911E-03 3.94633293554436E-03 3.95340851350729E-03 3.96219369210883E-03 3.97268208974651E-03 3.98494138875298E-03 3.99910605083588E-03 4.01529755763151E-03 4.03365042712531E-03 4.05433657725078E-03 4.07743298262333E-03 4.10303895571582E-03 4.13115218426099E-03 4.1618421471247E-03 4.1950532508741E-03 4.2307127269946E-03 4.26866779938956E-03 4.30871084556133E-03 4.35059507321498E-03 0.004394023115693 4.43869370463525E-03 4.48427322505744E-03 4.53045667017101E-03 4.57694312986792E-03 4.6234627740545E-03 4.66974683149122E-03 4.71556197053504E-03 4.76073253236814E-03 4.80508088935332E-03 4.84847138003528E-03
0 0 0 0 0 0 0 0 0 0 0 0 0 0 0 0 0 0 0 0 0 0 0 0 0 0 0 0 0 0 0 3.9002209098432E-03 3.91044920177248E-03 3.91946291800763E-03 3.92571926142036E-03 3.93265743592693E-03 3.94115379902423E-03 3.95131166187596E-03 3.96325457694858E-03 3.97709795367351E-03 3.99299941983478E-03 4.0110940345535E-03 4.03151780871234E-03 4.0544311996518E-03 4.07989428946186E-03 4.10797826416717E-03 4.13864879614681E-03 4.17193193306265E-03 4.20772971479344E-03 4.24590948698987E-03 4.28626996330421E-03 4.32855627825976E-03 4.37248797274704E-03 4.4177354991705E-03 4.46398018998755E-03 4.51087982488887E-03 4.55813210101533E-03 4.60544965731065E-03 4.6525817731077E-03 4.69928120355079E-03 4.74533683675402E-03 4.79060156496781E-03 4.83491589564652E-03 4.87815212877509E-03
0 0 0 0 0 0 0 0 0 0 0 0 0 0 0 0 0 0 0 0 0 0 0 0 0 0 0 0 0 0 0 3.9002209098432E-03 3.90086440219701E-03 3.90543206844852E-03 3.91167240290542E-03 3.91956542424104E-03 3.92928702391649E-03 3.94082327426246E-03 3.95429530968276E-03 3.96983866368225E-03 3.98761596205584E-03 4.00776447177507E-03 4.03040950964385E-03 4.0557028423563E-03 4.08367819230918E-03 4.11436957828273E-03 4.1477010043609E-03 4.18365354178939E-03 4.22207789659614E-03 4.26278579137518E-03 4.30552409255224E-03 4.34999250333291E-03 4.39587787671302E-03 4.44282630585802E-03 4.49051019205684E-03 4.53858183394295E-03 4.58674969080508E-03 4.63474754931606E-03 4.68235035799914E-03 4.72933515554559E-03 4.77551683640064E-03 4.8207672575873E-03 4.86494051974691E-03 4.90791482353901E-03
0 0 0 0 0 0 0 0 0 0 0 0 0 0 0 0 0 0 0 0 0 0 0 0 0 0 0 0 0 0 0 3.8873468938888E-03 3.88763215822076E-03 3.89155950080617E-03 3.89815141037524E-03 3.90697748501553E-03 3.91793502222627E-03 3.93091275636554E-03 3.94601739045007E-03 3.96338981728244E-03 3.98318438127699E-03 4.00553306369808E-03 4.03053939525205E-03 4.05834887469898E-03 4.08895896975976E-03 4.1223564380594E-03 4.1584194935611E-03 4.19707933883195E-03 4.23813732847377E-03 4.28134386527913E-03 4.32639979908638E-03 4.3729589208469E-03 4.42068323929579E-03 4.46919739135992E-03 4.51817597384112E-03 4.56726668518422E-03 4.61619926934213E-03 4.66473424918717E-03 4.71267574771159E-03 4.75982622313942E-03 4.80602240231078E-03 4.85115134787271E-03 4.89507781401871E-03 4.93768139594875E-03
0 0 0 0 0 0 0 0 0 0 0 0 0 0 0 0 0 0 0 0 0 0 0 0 0 0 0 0 0 0 3.85225908291669E-03 3.87005610059059E-03 3.87223901534067E-03 3.87716362249276E-03 3.8847440206692E-03 3.89475722041649E-03 3.90711733056163E-03 3.92170184486155E-03 3.93859684246598E-03 3.95794973108871E-03 3.97990792648985E-03 4.00459961315477E-03 4.03210532121382E-03 4.06254583776164E-03 4.09588007952338E-03 4.13204868680252E-03 4.17088339372556E-03 4.21226042628715E-03 4.25592487228556E-03 4.30157106549893E-03 4.34885346540682E-03 4.3973891241782E-03 4.44681777679608E-03 4.49675154098458E-03 4.54686562912618E-03 4.59682096190789E-03 4.64637425003424E-03 4.69531103712563E-03 4.74346186593461E-03 4.79065711994605E-03 4.83676005905738E-03 4.88166393596369E-03 4.92523695229019E-03 4.96736117138147E-03
0 0 0 0 0 0 0 0 0 0 0 0 0 0 0 0 0 0 0 0 0 0 0 0 0 0 0 0 0 0 3.85225908291669E-03 3.85323125721505E-03 3.85648001341126E-03 3.86266601438784E-03 3.87157791445656E-03 3.8830411391251E-03 3.89699254723362E-03 3.91335525678152E-03 3.93221224759549E-03 3.95370962872608E-03 3.97797839406217E-03 4.00515034406153E-03 4.03528246428226E-03 4.06844857778301E-03 4.10457353824686E-03 4.14354919705245E-03 4.18516359229013E-03 4.22922477018766E-03 4.27543355376834E-03 4.32342420400819E-03 4.37281244064091E-03 4.42318378754826E-03 4.47416418099146E-03 4.52536037136389E-03 4.57645248269223E-03 4.62713085476809E-03 4.67717099907593E-03 4.72638320273728E-03 4.77462409866303E-03 4.82175478559562E-03 4.86765940673945E-03 4.91223003873827E-03 4.95534090474267E-03 4.99687546866048E-03
0 0 0 0 0 0 0 0 0 0 0 0 0 0 0 0 0 0 0 0 0 0 0 0 0 0 0 0 0 3.81347427492209E-03 3.8332447637014E-03 3.83553943690924E-03 3.8405004577604E-03 3.84825736618438E-03 3.85876988009135E-03 3.87192233748992E-03 3.88768866950061E-03 3.90603174390547E-03 3.92703661253487E-03 3.95084667125266E-03 3.97757683149541E-03 4.00735512983791E-03 4.04021199136874E-03 4.07617688278855E-03 4.11513249450586E-03 4.15692366890639E-03 4.20128950897271E-03 4.24797838617825E-03 4.29663919339859E-03 4.34685572934137E-03 4.39820721384176E-03 4.45025851450526E-03 4.50262799495448E-03 4.5549265592152E-03 4.6068478520605E-03 4.65810907423299E-03 4.70850701933825E-03 4.75787358350984E-03 4.80608905575826E-03 4.85304319039215E-03 4.89863953627187E-03 4.94276845705123E-03 4.9853056089819E-03 5.02613747557341E-03
0 0 0 0 0 0 0 0 0 0 0 0 0 0 0 0 0 0 0 0 0 0 0 0 0 0 0 0 0 3.81347427492209E-03 3.81453144606085E-03 3.81809283645867E-03 3.82470929283927E-03 3.83420553646155E-03 3.84652449460322E-03 3.86158020493737E-03 3.87937662250176E-03 3.89989999312301E-03 3.9232371115774E-03 3.94952645731563E-03 3.97886051373078E-03 0.004011358717112 4.04702118147378E-03 4.0858345335693E-03 4.12763840426823E-03 4.17222452619852E-03 4.21928358703065E-03 4.26850645348149E-03 4.31949977026247E-03 4.37179742920332E-03 4.42494971967525E-03 4.47851209943836E-03 4.53210484348705E-03 4.5853516165136E-03 4.63795923187113E-03 4.68967220585701E-03 4.74030531378817E-03 4.78971095581522E-03 4.8377880007669E-03 4.88445509968109E-03 4.92963277370762E-03 4.97320693025339E-03 5.01505338342543E-03 5.05506431267759E-03
0 0 0 0 0 0 0 0 0 0 0 0 0 0 0 0 0 0 0 0 0 0 0 0 0 0 0 0 3.77222402106092E-03 3.79312442596749E-03 3.7955149164862E-03 3.80084717782162E-03 3.80928699637526E-03 3.82069830497115E-03 3.83502443630061E-03 3.85219293249406E-03 3.87222999520286E-03 3.89513284512072E-03 3.92097952992701E-03 3.94990285673366E-03 3.98196749915919E-03 4.01728193630518E-03 4.05580982032809E-03 4.09750012548127E-03 4.14214515086315E-03 4.18948068827306E-03 4.23914813699592E-03 4.29078990399671E-03 4.34397433223035E-03 4.39818793456969E-03 4.45296401719958E-03 4.5078631367891E-03 4.56251454502526E-03 4.61655769369668E-03 4.66971368619724E-03 4.72175270107594E-03 4.77250495180142E-03 4.82183761456969E-03 4.8696633466934E-03 4.91592897370636E-03 4.96057248853211E-03 5.00346963905161E-03 5.04449906280472E-03 5.08356545350688E-03
0 0 0 0 0 0 0 0 0 0 0 0 0 0 0 0 0 0 0 0 0 0 0 0 0 0 0 0 3.77222402106092E-03 3.77325049729712E-03 3.77688326503221E-03 3.78403995806376E-03 3.79448703848627E-03 3.80800006166656E-03 3.82452375118522E-03 3.84399334047168E-03 3.86645572976681E-03 3.89191207074518E-03 3.92042372484802E-03 3.95212162689269E-03 3.98702388575289E-03 4.02523692709959E-03 4.06667289801917E-03 4.1112464887819E-03 4.15870197311415E-03 4.20871251547354E-03 4.26087877094632E-03 4.3147912930126E-03 4.37000214177884E-03 4.42594436362842E-03 4.48215794327097E-03 4.53822054151758E-03 4.59377127128605E-03 4.6484693949052E-03 4.70204133951512E-03 4.75428930762219E-03 4.80504739276027E-03 4.8541974632971E-03 4.90165615278174E-03 4.94740010048578E-03 4.99138684331036E-03 5.03347208738467E-03 5.0735500227819E-03 5.11154577500753E-03
0 0 0 0 0 0 0 0 0 0 0 0 0 0 0 0 0 0 0 0 0 0 0 0 0 0 0 0 3.75225192237744E-03 3.75278351817489E-03 3.75835650863839E-03 3.7677842928282E-03 3.7805326851885E-03 3.79636471029355E-03 3.81526856394803E-03 3.83720984662981E-03 3.86225504258033E-03 3.89041259606122E-03 3.92172575467101E-03 3.95630925579912E-03 3.99414309244584E-03 4.03531209387299E-03 4.07968291520665E-03 4.12712088686837E-03 4.17732053862361E-03 4.22990557658796E-03 4.28444194404398E-03 4.34046965949998E-03 4.39750707654565E-03 4.45498350907927E-03 4.51245656227454E-03 4.56951982688322E-03 4.62581885882912E-03 4.68103226820845E-03 4.73489540706652E-03 4.78723293962916E-03 4.83788017643872E-03 4.88672973808952E-03 4.93370397831257E-03 4.97880158117012E-03 5.02198459403772E-03 5.06310906267594E-03 5.10209671511347E-03 5.13889851968656E-03
0 0 0 0 0 0 0 0 0 0 0 0 0 0 0 0 0 0 0 0 0 0 0 0 0 0 0 3.68556275115259E-03 3.72553140405918E-03 3.73118543247599E-03 3.7403245007198E-03 3.75256190246631E-03 3.76785136181621E-03 3.78615838166794E-03 3.80757187543899E-03 3.83210791914205E-03 3.85985119706335E-03 3.89082254838558E-03 3.92504408196205E-03 3.96260256670257E-03 4.00343601886633E-03 4.04759018828314E-03 4.09489340602947E-03 4.14513746591343E-03 0.004197985955613 4.25301247911985E-03 4.30976371369779E-03 4.3677211316542E-03 4.42638708498983E-03 4.48522853777103E-03 4.54379805474407E-03 4.60171355707525E-03 4.65861682162543E-03 4.71421763234057E-03 4.76824183080592E-03 4.8205432932556E-03 4.87094837033086E-03 4.91936611268232E-03 4.96571445593349E-03 5.01001110181919E-03 5.05223635109237E-03 5.09225528788247E-03 5.13001969719373E-03 5.16551427080626E-03
0 0 0 0 0 0 0 0 0 0 0 0 0 0 0 0 0 0 0 0 0 0 0 0 0 0 3.66086464501239E-03 3.68556275115259E-03 3.70001359770003E-03 3.71137347118587E-03 3.72398796580999E-03 3.73899698019225E-03 3.75684658776762E-03 3.77768878545124E-03 3.80169294815865E-03 3.82891226555345E-03 3.85944135322166E-03 3.89330561358566E-03 3.93050685886813E-03 3.97109585621201E-03 4.0149656167397E-03 4.06211050635396E-03 4.11230307711461E-03 4.16527677851545E-03 4.22065482045743E-03 4.27797775239854E-03 4.33676880969085E-03 4.3964767436849E-03 4.45660126170623E-03 4.51663800500611E-03 4.57615138558186E-03 4.63476932064512E-03 4.69213768852421E-03 4.74798099880663E-03 4.80203268566157E-03 4.85415413283986E-03 4.90417114557352E-03 4.95200348376421E-03 4.99757765964386E-03 5.04092299835883E-03 5.08202475449299E-03 5.12078314105277E-03 5.15719534203615E-03 5.19128222262228E-03
0 0 0 0 0 0 0 0 0 0 0 0 0 0 0 0 0 0 0 0 0 0 0 0 0 3.64945427848232E-03 3.66086464501239E-03 3.67097817769515E-03 3.68265756153941E-03 3.69539329211946E-03 3.71018152460295E-03 3.7275423813474E-03 3.74783019357858E-03 3.77120748396969E-03 3.79784896906781E-03 3.82781520575607E-03 3.86119302469013E-03 3.89800603537196E-03 3.93823257373424E-03 3.98187705559193E-03 4.02878534807856E-03 4.07888178583115E-03 4.13188952784858E-03 4.18748455214902E-03 4.24525609126385E-03 4.30471848870805E-03 4.36538053351903E-03 4.42667665924582E-03 4.48810443059136E-03 4.54918787501424E-03 4.6095012178469E-03 4.66867975988158E-03 4.72636994150567E-03 4.78230614504278E-03 4.8362304111381E-03 4.88800053633739E-03 4.93745603688537E-03 4.98452282067924E-03 5.02914581228414E-03 5.07135751088345E-03 5.11117453624012E-03 5.14854212355837E-03 5.18349680244378E-03 5.21610063349279E-03
0 0 0 0 0 0 0 0 0 0 0 0 0 0 0 0 0 0 0 0 0 0 0 0 0 3.64945427848232E-03 3.65039096614582E-03 3.65731219950983E-03 3.66817565612679E-03 3.68193380493697E-03 3.69856570484022E-03 3.71814177649501E-03 3.74085158826957E-03 3.76680922962049E-03 3.79615744153725E-03 3.82893904399381E-03 3.86521791070634E-03 3.90501573765711E-03 3.94828661697973E-03 3.99498199471077E-03 4.04489839022756E-03 4.09788735719569E-03 4.15361581512639E-03 4.21171038080018E-03 4.27172852552986E-03 4.33317134804062E-03 4.39553899494369E-03 4.45826108678576E-03 4.52083661530725E-03 4.58281691533358E-03 4.6437848140558E-03 4.70337155450656E-03 4.76122222096256E-03 4.81707810187982E-03 4.87069481217241E-03 4.92192540807611E-03 4.97062652246851E-03 5.01673824085339E-03 5.06023288467956E-03 5.10115383557234E-03 5.13954297443952E-03 5.17540169663422E-03 5.20881567094715E-03 5.23988378732786E-03
0 0 0 0 0 0 0 0 0 0 0 0 0 0 0 0 0 0 0 0 0 0 0 0 3.61160914481187E-03 3.63142085751354E-03 3.63486527099813E-03 3.64278347888445E-03 3.6546975406957E-03 3.67006673457679E-03 3.68874307393307E-03 3.71064918453876E-03 3.73588421293135E-03 3.76453075213533E-03 3.79668365321332E-03 3.83236615325494E-03 3.87160003633226E-03 3.91441639397847E-03 3.96073866390309E-03 4.01045364652448E-03 4.06332150010102E-03 4.11910431360192E-03 4.17743504297595E-03 4.23788382351182E-03 0.004299992057963 4.36325318754005E-03 4.42716486867286E-03 4.49116177715557E-03 4.55473222204664E-03 4.61746755030177E-03 4.67893823196993E-03 4.73876783943968E-03 4.79659779497665E-03 4.85217731786811E-03 4.90528354080057E-03 4.95575779178511E-03 5.0034966435131E-03 5.0484508059149E-03 5.09063975922541E-03 5.13011219865231E-03 5.16695636361465E-03 5.20122858812246E-03 5.23305451727259E-03 5.26256606144202E-03
