NongDo/Fusa 16.7h.grd
DSAA
463	323
2	464
2	324
0	10
[rows 140 to 167 of 323, columns 192 to 255 of 463]
7.45869147616611E-03 7.55326529993535E-03 7.64724396666293E-03 7.74034792018589E-03 7.83227648434068E-03 7.92266895118208E-03 8.01117457326064E-03 8.09744040728119E-03 8.18113196803721E-03 8.26190991952893E-03 8.33945200585256E-03 0.008413443507888 8.48361352795479E-03 8.54973847228641E-03 8.61164495920198E-03 8.66921638599378E-03 8.72239956697795E-03 8.77121323746138E-03 8.81573407577548E-03 8.85609255149526E-03 8.89245971600887E-03 8.9250380271171E-03 8.95404495122359E-03 8.97970421958972E-03 9.00223367571496E-03 9.02183345834651E-03 9.03868098107271E-03 9.05293243647596E-03 9.06476234129438E-03 9.07436914901929E-03 9.08197237844165E-03 9.08779374366095E-03 9.09204833507476E-03 9.09494390984409E-03 9.09667593835517E-03 9.09742217133979E-03 9.09733441865316E-03 9.09653826324588E-03 9.09513298732523E-03 9.09319115143151E-03 9.09077374916309E-03 9.08793311189375E-03 9.08471895038994E-03 9.08118793996493E-03 9.07742159871915E-03 9.07353537172517E-03 9.06968960280925E-03 9.06269994479769E-03 0 0 0 0 0 0 0 0 0 0 0 0 0 0 0 0
7.54510961514152E-03 7.63928150415762E-03 7.73251729616327E-03 7.82454397761507E-03 7.9150689355352E-03 8.00374008234536E-03 8.09023794766928E-03 8.17424208341451E-03 8.25544861799078E-03 8.33354415571004E-03 8.40823244737247E-03 8.47922352298976E-03 8.54627352795144E-03 8.60918489011781E-03 8.66780799752326E-03 8.72205001975479E-03 8.77188430095372E-03 8.81735918841154E-03 8.85857955978911E-03 8.89570456571732E-03 8.92892999767448E-03 8.95847686443288E-03 8.98457703015096E-03 9.00746431957182E-03 9.02736144501453E-03 9.04446980160733E-03 9.05896705948767E-03 9.07100704804422E-03 9.08077332772527E-03 9.0884797690725E-03 9.09435113553909E-03 9.09860880929844E-03 9.10146589155619E-03 9.10312651940115E-03 9.10377894155446E-03 9.10359090499979E-03 9.10270347362408E-03 9.10122916637942E-03 9.09925223789096E-03 9.09682755488779E-03 9.09400676916001E-03 9.09084198337669E-03 9.0873837451047E-03 9.0836999326915E-03 9.07991258248466E-03 9.07621568151851E-03 9.06968960280925E-03 0 0 0 0 0 0 0 0 0 0 0 0 0 0 0 0 0
7.63042543923236E-03 7.72392050245519E-03 7.81615565200345E-03 7.90686001735849E-03 7.99574719519862E-03 8.08248817631788E-03 8.16680170121125E-03 8.24839772714288E-03 8.32699683633041E-03 8.40230655921188E-03 8.47405213845866E-03 8.5419700820201E-03 8.60584297187155E-03 8.66549735817914E-03 8.72080732984337E-03 8.77170672120806E-03 8.81819808829244E-03 8.86035971371466E-03 8.89832605470913E-03 8.93228571410707E-03 8.96245850219263E-03 8.98908178656785E-03 9.01239868619073E-03 9.03264900287328E-03 9.05005597115062E-03 9.06481886553295E-03 9.07711353278679E-03 9.08709499226039E-03 9.09495792428889E-03 9.10092641003723E-03 9.10522452572852E-03 9.10807127500508E-03 9.10967698554031E-03 9.11024195996561E-03 9.10994810667204E-03 9.10895165398249E-03 9.10738067401907E-03 9.10533482304998E-03 9.10288476497204E-03 9.10006736940601E-03 9.09692494413096E-03 9.09351775172478E-03 9.08990819416627E-03 9.08618871543023E-03 9.08253539619603E-03 9.07621568151851E-03 0 0 0 0 0 0 0 0 0 0 0 0 0 0 0 0 0 0
7.71454686121772E-03 7.80711101607014E-03 7.89810673372179E-03 7.98726135317454E-03 8.07430083905915E-03 8.15893860848898E-03 8.24091906776988E-03 8.31997924800432E-03 8.39585706989643E-03 8.46828021136914E-03 8.53699370871278E-03 8.60176527132314E-03 8.66240008559967E-03 8.71874906652465E-03 8.77071252670053E-03 8.81825535808351E-03 8.8614116234314E-03 8.90028986636215E-03 8.93505668013963E-03 8.96592972715015E-03 8.99315101390039E-03 9.01697037542037E-03 9.03763845146145E-03 9.0553964180823E-03 9.07046358827068E-03 9.08303439390621E-03 9.09328198560408E-03 9.10136565508383E-03 9.10748761934766E-03 9.11187789765923E-03 9.11475734968809E-03 9.11634097671364E-03 9.1168362138881E-03 9.11643851973353E-03 9.11532287054507E-03 9.11363385414046E-03 9.11148512070135E-03 9.10896258709771E-03 9.1061238207437E-03 9.10299413966114E-03 9.09960951967518E-03 9.09604704465684E-03 9.09239985681814E-03 9.08880623369325E-03 9.08253539619603E-03 0 0 0 0 0 0 0 0 0 0 0 0 0 0 0 0 0 0 0
7.79743904974737E-03 7.88883366821001E-03 7.97836034962716E-03 8.0657549439396E-03 8.15076692709215E-03 8.23314749518459E-03 8.31265437362279E-03 8.38904912539529E-03 8.46208505463258E-03 8.53151354921511E-03 8.59710160780785E-03 8.65864626140532E-03 8.71597397907105E-03 8.7689643759119E-03 8.81754871388939E-03 8.86172555742633E-03 8.90156211758307E-03 8.93719959330273E-03 8.96883777749019E-03 8.99672031515094E-03 9.02110685892963E-03 9.04225626408258E-03 9.06042203615416E-03 9.07584133954285E-03 9.0887257796448E-03 9.0992631069583E-03 9.10762395334096E-03 9.11397374312313E-03 9.11851925597769E-03 9.12148998163919E-03 9.12310081900724E-03 9.12356434480435E-03 9.12308570193373E-03 9.1218535304894E-03 9.12003304092073E-03 9.11775837627198E-03 9.11512883852866E-03 9.11221397236454E-03 9.1090571176747E-03 9.10568200077182E-03 9.10213150941343E-03 9.09851280318866E-03 9.09497142489774E-03 9.08880623369325E-03 0 0 0 0 0 0 0 0 0 0 0 0 0 0 0 0 0 0 0 0
7.87910539773975E-03 7.96910683193425E-03 8.05695389496121E-03 8.14239812846342E-03 8.22520881728888E-03 8.30516459016759E-03 8.38204446722471E-03 8.45562948277215E-03 8.52569154778642E-03 8.59200646053547E-03 8.65436537960498E-03 8.71259089227569E-03 8.76653862881104E-03 8.81612036479105E-03 8.86130272420626E-03 8.90211879493026E-03 8.93867095279035E-03 8.97113392600764E-03 8.99973794059503E-03 9.02474813122618E-03 9.0464361733228E-03 9.06506551297416E-03 9.08088598550006E-03 9.0941261494579E-03 9.1049881523539E-03 9.1136517004345E-03 9.12028423222396E-03 9.12505843556441E-03 9.12818314508326E-03 9.12988190094478E-03 9.13036604128917E-03 9.12984622012357E-03 9.12852408184904E-03 9.12658063458596E-03 9.12417106085574E-03 9.12141771492673E-03 9.11840326353353E-03 9.11517853409735E-03 9.11177787916986E-03 9.10823279301211E-03 9.10461433035597E-03 9.1010764432836E-03 9.09497142489774E-03 0 0 0 0 0 0 0 0 0 0 0 0 0 0 0 0 0 0 0 0 0
7.95944323319756E-03 8.04783123437493E-03 8.13379303189343E-03 8.21709701053454E-03 8.29752832999309E-03 8.37489095787167E-03 8.44898832242552E-03 8.51962053096251E-03 8.58658031798736E-03 8.64966765268197E-03 8.7086988409501E-03 8.76352403743398E-03 8.81403419010084E-03 8.8601771333856E-03 8.90195807701133E-03 8.93944431318652E-03 8.97277386129016E-03 9.00215447703089E-03 9.0278426051604E-03 9.05011940591376E-03 9.06926254732493E-03 9.08553331688188E-03 9.09917200924505E-03 9.11039677478373E-03 9.11939924315832E-03 9.12635085527502E-03 9.13141648063665E-03 9.13477177621146E-03 9.13662153948544E-03 9.13718597784902E-03 9.13667761960767E-03 9.13530337796751E-03 9.13325850736687E-03 9.13071730938662E-03 9.1278281283536E-03 9.12470157163532E-03 9.12139806578962E-03 9.11794365559087E-03 9.11437525965658E-03 9.11075124528724E-03 9.10720373887812E-03 9.1010764432836E-03 0 0 0 0 0 0 0 0 0 0 0 0 0 0 0 0 0 0 0 0 0 0
8.03828188756641E-03 8.12483154972588E-03 8.2086962731696E-03 8.28966188336422E-03 8.36753220733053E-03 8.44213764579245E-03 8.51330397673235E-03 8.58085009403745E-03 8.64459031152117E-03 8.70435054297741E-03 8.75997571066056E-03 8.81134666175932E-03 8.85839159061002E-03 8.90109797857826E-03 8.9395109825157E-03 8.97373093798527E-03 9.00393058993951E-03 9.03034880479491E-03 9.05326215112875E-03 9.07296144999081E-03 9.08972416577276E-03 9.10380337073898E-03 9.11542752485008E-03 9.12480286096442E-03 9.13210826960483E-03 9.13750643073663E-03 9.14115918205496E-03 9.14324389160669E-03 9.14396313314972E-03 9.14353253059098E-03 9.1421633427131E-03 9.14005841820861E-03 9.13740625087589E-03 9.13437533667786E-03 9.13111321910016E-03 9.12772512401571E-03 9.12423755272997E-03 9.12062855637667E-03 9.11697421716842E-03 9.11338859074157E-03 9.10720373887812E-03 0 0 0 0 0 0 0 0 0 0 0 0 0 0 0 0 0 0 0 0 0 0 0
8.11541226225789E-03 8.19989761482218E-03 8.2814535277377E-03 8.35988590447398E-03 8.43502048969802E-03 8.50671359022509E-03 8.57481143192478E-03 8.63915226294057E-03 8.69957392895005E-03 8.75593013523262E-03 8.80809745695053E-03 8.85598971431577E-03 8.89957452083857E-03 8.93888010823506E-03 8.97399129652649E-03 9.00504105317406E-03 9.03223485645729E-03 9.05583700373804E-03 9.07613698501091E-03 9.09342869024307E-03 9.10798355710394E-03 9.12004326645017E-03 9.12982289205981E-03 9.13751431048791E-03 9.14328203127442E-03 9.14728039050973E-03 9.14966865465825E-03 9.15062537233935E-03 9.15035169806072E-03 9.14905870523662E-03 9.14695370900064E-03 9.14423365385726E-03 9.1410802663537E-03 9.13766017706934E-03 9.13413433980266E-03 9.1306220505976E-03 9.1270970272813E-03 9.12337548125966E-03 9.11971408839215E-03 9.11338859074157E-03 0 0 0 0 0 0 0 0 0 0 0 0 0 0 0 0 0 0 0 0 0 0 0 0
8.19060430642408E-03 8.27280203908388E-03 8.35184310467136E-03 8.42755640908175E-03 8.49979123047415E-03 8.5684288926022E-03 8.63333657362947E-03 8.69437299357379E-03 8.75140117826109E-03 8.80430464849511E-03 8.85299350965124E-03 8.8974163280295E-03 8.93758172184626E-03 8.97355845674005E-03 9.00546914918379E-03 9.03347734408305E-03 9.05781580695143E-03 9.07876817946329E-03 9.09663074168029E-03 9.11169425767878E-03 9.12421967249423E-03 9.13443457224859E-03 9.14253799019324E-03 9.14870583363244E-03 9.15308910029814E-03 9.15583453726131E-03 9.15709955906738E-03 9.15706356228037E-03 9.15592730530341E-03 9.15389739269805E-03 9.15117423073344E-03 9.14794439084962E-03 9.14437965729454E-03 9.14065465061979E-03 9.13698269673821E-03 9.13356091056573E-03 9.13032722081864E-03 9.12637358825432E-03 9.11971408839215E-03 0 0 0 0 0 0 0 0 0 0 0 0 0 0 0 0 0 0 0 0 0 0 0 0 0
8.2636168588376E-03 8.34331358619416E-03 8.41964688324996E-03 8.49247124587334E-03 8.5616607304554E-03 8.62711992338278E-03 8.68873756799628E-03 8.7463953454304E-03 8.79998388356353E-03 8.8494167689467E-03 8.89463877442806E-03 8.93563577118029E-03 8.97245754416821E-03 9.00521033945896E-03 9.03405113619606E-03 9.05917159761053E-03 9.08082596098964E-03 9.09930979915665E-03 9.11492015623799E-03 9.1279398316375E-03 9.1386156399613E-03 9.14715893043725E-03 9.15375078427914E-03 9.15855032389442E-03 9.16169625778882E-03 9.16332941764344E-03 9.16360629977205E-03 9.16270626707231E-03 9.16082959086589E-03 9.15818018588641E-03 9.15494940171317E-03 9.15130422839514E-03 9.14739231296421E-03 9.14339942318156E-03 9.13967132622833E-03 9.13667401306793E-03 9.13483594896244E-03 9.12637358825432E-03 0 0 0 0 0 0 0 0 0 0 0 0 0 0 0 0 0 0 0 0 0 0 0 0 0 0
8.33420970230364E-03 8.41120817124953E-03 8.48465928001585E-03 8.55444529646334E-03 8.62046613322341E-03 8.68264785519179E-03 8.74090223289183E-03 8.7951367058722E-03 8.84527082050779E-03 8.89124882731764E-03 8.93305107520902E-03 8.97070202909819E-03 9.00428891327169E-03 9.03395199864281E-03 9.05987850294623E-03 9.08228453050277E-03 9.10143869025606E-03 9.11764220065736E-03 9.13118882914761E-03 9.14234871215952E-03 9.1513513777233E-03 9.15839055495247E-03 9.16362893089044E-03 9.16720871546173E-03 9.16925830904846E-03 9.16991369054372E-03 9.16933028597729E-03 9.16768717254712E-03 9.16518646566421E-03 9.16203239935041E-03 9.15840575618065E-03 9.1544394484305E-03 9.15021303962086E-03 9.1458659699748E-03 9.14199079817098E-03 9.13947593962903E-03 9.13919115519245E-03 0 0 0 0 0 0 0 0 0 0 0 0 0 0 0 0 0 0 0 0 0 0 0 0 0 0 0
8.40216178878118E-03 8.47628839464273E-03 8.54670899355223E-03 8.61333397838428E-03 8.67608934828762E-03 8.73492348460168E-03 8.78977277406913E-03 8.84057089529237E-03 8.88726769110955E-03 8.92983979228429E-03 8.96830330506961E-03 9.00271793078178E-03 9.03320433451368E-03 9.05993420109369E-03 9.08312090460612E-03 9.10299758674789E-03 9.11984094072538E-03 9.13395479821308E-03 9.14562508615491E-03 9.15510518770729E-03 9.16260532486483E-03 0.009168300449803 9.17233485741899E-03 9.17483621145907E-03 9.17592471883037E-03 9.17573142143038E-03 9.1744092027911E-03 9.17213623932518E-03 9.16912059770819E-03 9.16557635251661E-03 9.1616821990206E-03 9.15752765604357E-03 9.15302369562969E-03 9.14795116913834E-03 9.14347079950859E-03 9.14094756762534E-03 9.13919115519245E-03 0 0 0 0 0 0 0 0 0 0 0 0 0 0 0 0 0 0 0 0 0 0 0 0 0 0 0
8.46727881193571E-03 8.53838783103221E-03 8.60565781991669E-03 8.66902875193187E-03 8.72845358939853E-03 8.7839033010349E-03 8.83533802366083E-03 8.88271912330976E-03 8.92602885948443E-03 8.96527670680795E-03 9.00051165892084E-03 9.0318241419959E-03 9.05936518990494E-03 9.08333399548306E-03 9.10396482259223E-03 9.12150086933697E-03 9.13622426043132E-03 9.14843815942072E-03 9.15841405923072E-03 9.16638544520503E-03 9.1725429126572E-03 9.17704349523712E-03 9.18001568012717E-03 9.18157451501254E-03 9.18183226047529E-03 9.18091484653006E-03 9.17897094524311E-03 9.17617499977991E-03 9.17274667625631E-03 9.16893032367648E-03 9.16493820520614E-03 9.16087688011652E-03 9.15641905440502E-03 9.14950883610171E-03 9.14347079950859E-03 9.14094756762534E-03 0 0 0 0 0 0 0 0 0 0 0 0 0 0 0 0 0 0 0 0 0 0 0 0 0 0 0 0
8.52941170318636E-03 8.59738706991211E-03 8.66141689217939E-03 8.72147218555725E-03 8.77753328184027E-03 8.8295915292948E-03 8.8776320221448E-03 8.92164645461367E-03 8.96165061203678E-03 8.99768412034372E-03 9.02982541401682E-03 9.05819189389495E-03 9.0829602436997E-03 9.10435140936013E-03 9.1226141737089E-03 9.13800011020414E-03 9.15079375914175E-03 9.16129064216493E-03 9.16974274592544E-03 9.17636357757352E-03 9.18132565381035E-03 9.18477067290967E-03 9.18681403169727E-03 9.18755940523592E-03 9.1871109870243E-03 9.1855891883045E-03 9.18313616509789E-03 9.17991681329318E-03 9.17616417594968E-03 9.17218002354607E-03 9.16828333283043E-03 9.16488122619136E-03 9.1625518950226E-03 9.14950883610171E-03 0 0 0 0 0 0 0 0 0 0 0 0 0 0 0 0 0 0 0 0 0 0 0 0 0 0 0 0 0 0
8.58844942078145E-03 8.65320601687533E-03 8.71393777001787E-03 8.77064711661057E-03 8.82334182476401E-03 8.87203072580867E-03 8.91672811108949E-03 8.95745721328185E-03 8.99426569424949E-03 9.02721907445952E-03 9.05642254105081E-03 9.08201632532573E-03 9.10419636480554E-03 9.12320005231281E-03 9.13928459579394E-03 9.15270888074824E-03 9.16375324934782E-03 9.17270069372028E-03 9.17978427684901E-03 9.18519875482803E-03 9.18910115680486E-03 9.19162010552172E-03 9.19285949393017E-03 9.19291288541558E-03 9.19187706615796E-03 9.18986514044632E-03 9.18700743745293E-03 9.18345180696293E-03 9.17943917711384E-03 9.17533145149037E-03 9.17153478511923E-03 9.16874337995906E-03 9.16838278834615E-03 0 0 0 0 0 0 0 0 0 0 0 0 0 0 0 0 0 0 0 0 0 0 0 0 0 0 0 0 0 0 0
8.64431977500119E-03 8.70580574515327E-03 8.76321628274853E-03 8.81658173694167E-03 8.86593570463978E-03 8.91130888564878E-03 8.95274661446052E-03 8.99030052224898E-03 9.02404608959375E-03 9.05407210207861E-03 9.08050681161494E-03 9.10350888806186E-03 9.12328819793602E-03 9.14009227006446E-03 9.15418241467457E-03 9.16582255501892E-03 9.17528454233482E-03 9.18283542676271E-03 9.18869068404262E-03 9.19303012974949E-03 9.19599846830161E-03 0.009197712445436 9.19826513207253E-03 9.19774202000035E-03 9.1962330269643E-03 9.19384119593844E-03 9.19067890071729E-03 9.18686754024374E-03 9.18263962569611E-03 9.17838467408495E-03 9.17443960270421E-03 9.1710891710183E-03 9.16838278834615E-03 0 0 0 0 0 0 0 0 0 0 0 0 0 0 0 0 0 0 0 0 0 0 0 0 0 0 0 0 0 0 0
8.69698755710451E-03 8.75518374782551E-03 8.80928131249627E-03 8.85933649487693E-03 8.90541001009844E-03 8.94755723391538E-03 8.98584842425964E-03 9.02036135987356E-03 9.05119571791058E-03 9.07846077492134E-03 9.10230187088685E-03 9.12289245828875E-03 9.14045178296283E-03 9.15523233676935E-03 9.16749693288081E-03 9.17751259467371E-03 9.18554165560601E-03 9.19183210790743E-03 9.19658542396528E-03 9.19996932330787E-03 9.20211787227784E-03 9.20313731910886E-03 9.20311252410784E-03 9.20212245377346E-03 9.20024984874143E-03 9.19758397821507E-03 9.19421158529602E-03 9.19022453989601E-03 9.1858528439896E-03 9.18149965388262E-03 9.17746335411137E-03 9.1710891710183E-03 0 0 0 0 0 0 0 0 0 0 0 0 0 0 0 0 0 0 0 0 0 0 0 0 0 0 0 0 0 0 0 0
8.74648903405954E-03 8.8014075069606E-03 8.85222865404722E-03 8.89903604426395E-03 8.94191727595226E-03 8.98094870113787E-03 9.01622185234971E-03 9.04783879668271E-03 9.07592037098169E-03 9.10059203720315E-03 9.12201188187161E-03 9.14036507472872E-03 9.15587635859227E-03 9.16880015642708E-03 9.17939835103301E-03 9.18793702571529E-03 9.19466683639057E-03 9.19981976032813E-03 9.20358693504483E-03 9.20612511924557E-03 9.2075583654282E-03 9.20798441176146E-03 9.20748271589401E-03 9.20612786856762E-03 9.20399719137749E-03 9.2011644892326E-03 9.19767494347666E-03 9.19357018892656E-03 9.18914298068644E-03 9.18483046638286E-03 9.17746335411137E-03 0 0 0 0 0 0 0 0 0 0 0 0 0 0 0 0 0 0 0 0 0 0 0 0 0 0 0 0 0 0 0 0 0
8.79290472705789E-03 8.84458658194093E-03 8.89219595800193E-03 8.93584380215953E-03 8.97563993192429E-03 9.01167723299761E-03 9.0440688657748E-03 9.07293901252623E-03 9.09842639675342E-03 9.12066767046463E-03 9.13983141129289E-03 9.15611172525835E-03 9.1697354604833E-03 9.18095639703654E-03 9.19003284832556E-03 9.19722785419859E-03 9.20278204245619E-03 9.20691329484767E-03 9.20980268920574E-03 9.2115977442243E-03 9.21241439334284E-03 9.21234329092021E-03 9.21145971509123E-03 9.20983790225142E-03 9.20755785362299E-03 9.20469207931983E-03 9.2012307596865E-03 9.19702644475072E-03 9.19262031261732E-03 9.18483046638286E-03 0 0 0 0 0 0 0 0 0 0 0 0 0 0 0 0 0 0 0 0 0 0 0 0 0 0 0 0 0 0 0 0 0 0
8.8363488893018E-03 8.8848580555543E-03 8.92934171827148E-03 8.96993375343859E-03 9.00676185762448E-03 9.03993561684593E-03 9.06958895211714E-03 9.0958643722031E-03 9.11891395702194E-03 9.13888348041793E-03 9.15594967510607E-03 9.17031230878236E-03 9.18219764038835E-03 9.19185688797296E-03 9.19954374481001E-03 9.20551670279371E-03 9.21000700364677E-03 9.21322120124132E-03 9.21533154318792E-03 9.21647802049087E-03 9.21677048588452E-03 9.21629343099522E-03 9.21511815803425E-03 9.21332312653869E-03 9.21100883050566E-03 9.20830204624139E-03 9.20519620958102E-03 9.20070618085671E-03 9.19262031261732E-03 0 0 0 0 0 0 0 0 0 0 0 0 0 0 0 0 0 0 0 0 0 0 0 0 0 0 0 0 0 0 0 0 0 0 0
8.87695827665368E-03 8.92237589219088E-03 8.96383297862958E-03 9.00148218600985E-03 9.03546821632113E-03 9.06591738733899E-03 9.09298019517008E-03 9.11681397675917E-03 9.13758014707138E-03 9.15543175427466E-03 9.17054993956866E-03 9.18313790646012E-03 9.19342002146699E-03 9.20164390207878E-03 9.20805906975887E-03 9.21291859170363E-03 9.21644583175276E-03 9.21883763437018E-03 9.22025870263281E-03 9.22084296642051E-03 9.22069570183163E-03 9.21989743571667E-03 9.21851731833796E-03 9.21663803022449E-03 9.21439374875216E-03 9.21209827450453E-03 9.21045947700281E-03 9.20070618085671E-03 0 0 0 0 0 0 0 0 0 0 0 0 0 0 0 0 0 0 0 0 0 0 0 0 0 0 0 0 0 0 0 0 0 0 0 0
8.91489531278646E-03 8.95731436934936E-03 8.99585240626421E-03 9.03067785596594E-03 9.06195117143569E-03 9.08981539621826E-03 9.11443416249113E-03 9.13597490628874E-03 9.15460459108206E-03 9.17048273413258E-03 9.18379236082756E-03 9.19473707790917E-03 9.2035387661902E-03 9.21044207297285E-03 9.21569291640969E-03 9.21953807954843E-03 9.22219354239717E-03 9.22384848540895E-03 9.22466145082089E-03 9.22476160482818E-03 9.22425162304459E-03 9.22321169991944E-03 9.22171209860823E-03 9.21982953289221E-03 9.21766762029889E-03 9.21557782879612E-03 9.21528098469109E-03 0 0 0 0 0 0 0 0 0 0 0 0 0 0 0 0 0 0 0 0 0 0 0 0 0 0 0 0 0 0 0 0 0 0 0 0 0
8.95033215926133E-03 8.98985302896303E-03 9.02558468717836E-03 9.05770881194741E-03 9.08639982648353E-03 9.11181689245062E-03 9.13413272072298E-03 9.15352129164677E-03 9.17015228029624E-03 9.18419051610029E-03 9.19581830080665E-03 9.20523803600003E-03 9.21267078340609E-03 9.21835811622848E-03 9.22254239812051E-03 9.22546338032232E-03 9.22733090129093E-03 9.2283276220255E-03 9.22860655993807E-03 9.22829330394611E-03 9.22749030060582E-03 9.22628384999576E-03 9.22475786981146E-03 9.22299068901419E-03 9.2209298079638E-03 9.21783197708216E-03 9.21528098469109E-03 0 0 0 0 0 0 0 0 0 0 0 0 0 0 0 0 0 0 0 0 0 0 0 0 0 0 0 0 0 0 0 0 0 0 0 0 0
8.98343952812349E-03 9.02016433145897E-03 9.05320135113468E-03 9.08274478080492E-03 9.10898180195006E-03 9.13208430449829E-03 9.1522308464602E-03 9.16960012242295E-03 9.18436243866942E-03 9.19668430298153E-03 9.20674584075923E-03 9.21474989432796E-03 9.22091719224964E-03 9.2254858119344E-03 9.22869386285856E-03 9.23077429496537E-03 9.23193155257163E-03 9.23234240264874E-03 9.23215513595894E-03 9.23149285652559E-03 9.2304595656795E-03 9.22915533506054E-03 9.22770688880521E-03 9.22630488508006E-03 9.2252201190003E-03 9.21783197708216E-03 0 0 0 0 0 0 0 0 0 0 0 0 0 0 0 0 0 0 0 0 0 0 0 0 0 0 0 0 0 0 0 0 0 0 0 0 0 0
9.0143787052893E-03 9.04840959157256E-03 9.07886315141123E-03 9.10594429986378E-03 9.12985073896161E-03 9.15076402962449E-03 9.16886654892964E-03 9.18433970989711E-03 9.1973522129673E-03 9.20806994659304E-03 9.21667262749593E-03 9.22336445134848E-03 9.22836424315061E-03 9.23190606852544E-03 9.23422343485945E-03 9.23554252723194E-03 9.23606203453009E-03 9.23595359263805E-03 9.23536210900784E-03 9.23441015150736E-03 9.23320537522776E-03 9.23186248769243E-03 9.23055266381162E-03 9.22957710434298E-03 9.22932101014392E-03 0 0 0 0 0 0 0 0 0 0 0 0 0 0 0 0 0 0 0 0 0 0 0 0 0 0 0 0 0 0 0 0 0 0 0 0 0 0 0
9.04328703923093E-03 9.07472425409882E-03 9.10270224267834E-03 9.12743570513757E-03 9.14913087799201E-03 9.16797625123516E-03 9.1841555165654E-03 9.19784928355096E-03 9.20922315769047E-03 9.21844319658065E-03 9.2256899445094E-03 9.23116752257084E-03 0.009235091662768 9.23769268558165E-03 9.23919962030635E-03 9.23983122975492E-03 9.23977980711009E-03 9.23921308244034E-03 9.23827423391365E-03 9.23708767075506E-03 0.009235768141373 9.23444362465642E-03 9.23330322590328E-03 9.23260046711963E-03 9.22932101014392E-03 0 0 0 0 0 0 0 0 0 0 0 0 0 0 0 0 0 0 0 0 0 0 0 0 0 0 0 0 0 0 0 0 0 0 0 0 0 0 0
9.0702852091181E-03 9.09922775519058E-03 9.12483695563603E-03 9.14733576017658E-03 9.16693584795166E-03 9.18383015863698E-03 9.19820095709917E-03 9.21022551956027E-03 9.22006709632297E-03 9.2278920060282E-03 9.23388067485554E-03 9.2382356665829E-03 9.24117041512677E-03 9.24291092614417E-03 9.24368129085139E-03 9.24369246077248E-03 9.24313102127595E-03 9.24216186507113E-03 9.24092770299652E-03 9.2395567185168E-03 9.23817397519052E-03 9.23692876935277E-03 9.23605574236439E-03 9.23584193384554E-03 0 0 0 0 0 0 0 0 0 0 0 0 0 0 0 0 0 0 0 0 0 0 0 0 0 0 0 0 0 0 0 0 0 0 0 0 0 0 0 0
