NongDo/Fusa 14.6h.grd
DSAA
463	323
2	464
2	324
0	10
[rows 252 to 279 of 323, columns 0 to 63 of 463]
0 0 0 0 0 0 0 0 0 0 0 0 0 0 0 0 0 0 0 0 0 0 0 0 0 0 0 0 0 0 0 0 0 0 0 0 0 0 4.38487503837312E-03 4.39405691968326E-03 4.39896545706032E-03 4.40257882103591E-03 4.40632087580319E-03 4.41050053813977E-03 4.41522722631852E-03 4.42054229355938E-03 4.42649643226215E-03 4.43311265399442E-03 4.4404322760696E-03 4.44848686258729E-03 4.45731440124104E-03 4.46695449408807E-03 4.47743717825685E-03 4.48879605437664E-03 4.50105158577653E-03 4.51423634845189E-03 4.52836052644153E-03 4.54344098989776E-03 4.5594796121458E-03 4.57649158958048E-03 4.59446245146565E-03 4.61335810117995E-03 4.63313855565105E-03 4.65376020521217E-03
0 0 0 0 0 0 0 0 0 0 0 0 0 0 0 0 0 0 0 0 0 0 0 0 0 0 0 0 0 0 0 0 0 0 0 0 0 4.37701223231151E-03 4.38487503837312E-03 4.38899836926917E-03 4.39315567830086E-03 4.39714545940738E-03 4.40134576122716E-03 4.40595878857417E-03 4.41111031464823E-03 4.41686233386632E-03 4.42327489857233E-03 4.43038066518687E-03 4.43822668457073E-03 4.44685265141574E-03 4.45629942318653E-03 4.46660737801533E-03 4.47780538401961E-03 4.48992510253381E-03 4.50298392298169E-03 4.51700884282571E-03 4.53200508968164E-03 4.5479825596596E-03 4.56493562089628E-03 4.58286901406416E-03 4.60176034268075E-03 4.62156747243374E-03 4.64224296884468E-03 4.66373645789321E-03
0 0 0 0 0 0 0 0 0 0 0 0 0 0 0 0 0 0 0 0 0 0 0 0 0 0 0 0 0 0 0 0 0 0 0 0 4.37042254281792E-03 4.37701223231151E-03 4.38056166450411E-03 4.3842543844247E-03 4.38816031494896E-03 4.39228874280006E-03 4.39678611908356E-03 4.4017571776389E-03 4.40730094967774E-03 4.41347873762205E-03 4.42035210669191E-03 4.42795934692539E-03 4.43635119087275E-03 4.44557377159945E-03 4.4556695451423E-03 4.46667898953467E-03 4.4786287394981E-03 4.49154717799364E-03 4.50544685358828E-03 4.52034980125802E-03 4.53625424680784E-03 4.55316107219407E-03 4.57105529524019E-03 4.58993140224482E-03 4.60975710695863E-03 4.63048152371582E-03 4.65204966167134E-03 4.67440466291484E-03
0 0 0 0 0 0 0 0 0 0 0 0 0 0 0 0 0 0 0 0 0 0 0 0 0 0 0 0 0 0 0 0 0 0 0 4.36708336001688E-03 4.37042254281792E-03 4.37319907951468E-03 4.37625224091474E-03 4.37967173854189E-03 4.38349987032914E-03 4.38775522381498E-03 4.39250961268372E-03 4.39781347381554E-03 4.40374261084723E-03 4.41035304141291E-03 4.41770366301985E-03 4.42583624358675E-03 4.43480318924533E-03 4.44465702470987E-03 4.45543969255961E-03 4.46719120888155E-03 4.47993463967409E-03 4.49369428204313E-03 4.50847542373855E-03 4.52429561594511E-03 4.54114394305321E-03 4.55900980756863E-03 4.57786810652481E-03 4.59770239812683E-03 4.61847082469615E-03 4.64011198957928E-03 4.66256366531786E-03 4.68576271510133E-03
0 0 0 0 0 0 0 0 0 0 0 0 0 0 0 0 0 0 0 0 0 0 0 0 0 0 0 0 0 0 0 0 0 0 0 4.36708336001688E-03 4.36733923402772E-03 4.36909993565393E-03 4.37174993644638E-03 0.004375039136947 4.37890888714239E-03 4.38334186784656E-03 4.38837418611814E-03 4.39403113885107E-03 4.40036901003049E-03 4.40743973649017E-03 4.4153002380036E-03 4.4239962383456E-03 4.43358071641338E-03 4.44411018550442E-03 4.45562611767206E-03 4.46816676869051E-03 4.48175096449177E-03 4.49639780925722E-03 4.51210535302319E-03 4.52888227439064E-03 4.54670697024628E-03 4.56555755316341E-03 4.58539866653402E-03 4.6062020097746E-03 4.62791429759981E-03 4.65046434326553E-03 4.67378294544159E-03 4.69780193565226E-03
0 0 0 0 0 0 0 0 0 0 0 0 0 0 0 0 0 0 0 0 0 0 0 0 0 0 0 0 0 0 0 0 0 0 4.35564512896954E-03 4.36180654530807E-03 4.36252281156816E-03 4.36424605967572E-03 4.36685356239009E-03 4.37020544809575E-03 4.37424107852191E-03 4.37892963937877E-03 4.38428854502014E-03 4.39034046963708E-03 4.39712909648144E-03 4.40470503030696E-03 4.41312105235348E-03 4.4224304480429E-03 4.4326853554091E-03 4.44394515715968E-03 4.45624950712854E-03 4.46963405182767E-03 4.48411201759994E-03 4.4996961373732E-03 4.5163768385248E-03 4.53414778556402E-03 4.55297806569077E-03 4.57283374333235E-03 4.59366975633765E-03 4.61544338064435E-03 4.6380922919903E-03 4.6615352110379E-03 4.68569631786841E-03 4.71050359257659E-03
0 0 0 0 0 0 0 0 0 0 0 0 0 0 0 0 0 0 0 0 0 0 0 0 0 0 0 0 0 0 0 0 0 0 4.35564512896954E-03 4.35595331420471E-03 4.35685173623813E-03 4.35872173376942E-03 4.36149360343005E-03 4.3650657100666E-03 4.36938443326509E-03 4.37441708187354E-03 4.38017417034743E-03 4.38668214889486E-03 4.39398098009516E-03 4.40212145864645E-03 4.41115421886738E-03 4.42113858150815E-03 4.43212707039532E-03 4.44418059599015E-03 4.45733643969278E-03 0.004471625924591 4.48705505721076E-03 4.50362827417358E-03 4.52132552277583E-03 4.54012565935441E-03 4.55998605242979E-03 4.58086097996752E-03 4.6026949852227E-03 4.62543305970736E-03 4.64900329083537E-03 4.67331473314057E-03 4.69828617000414E-03 4.7238441631174E-03
0 0 0 0 0 0 0 0 0 0 0 0 0 0 0 0 0 0 0 0 0 0 0 0 0 0 0 0 0 0 0 0 0 0 4.34924079013805E-03 4.34930249633026E-03 4.35041721655899E-03 4.35256759630771E-03 0.004355650120407 4.35956918330116E-03 4.36427561453333E-03 4.36974012254031E-03 4.37597541172537E-03 4.38301456553733E-03 4.39089613480255E-03 4.39967451670514E-03 4.40939673792657E-03 4.42012945243445E-03 4.43192389815063E-03 4.44484354789857E-03 4.45892135346948E-03 4.4741822548697E-03 4.49062247989654E-03 4.50823567064696E-03 4.52699002931333E-03 4.54684908234405E-03 4.56775788775241E-03 4.58965746564453E-03 4.61248310885505E-03 4.6361687857763E-03 4.66063615437593E-03 4.68578293366149E-03 4.71152503140243E-03 4.73779103717044E-03
0 0 0 0 0 0 0 0 0 0 0 0 0 0 0 0 0 0 0 0 0 0 0 0 0 0 0 0 0 0 0 0 0 0 4.34159939876369E-03 4.3417120743384E-03 4.34318687236124E-03 4.34575834470561E-03 4.34928519609059E-03 4.35367106114761E-03 4.35887038771312E-03 4.36486081302201E-03 4.37166073808254E-03 4.3793166333829E-03 4.38786550062944E-03 4.39736568982583E-03 4.40786106012647E-03 4.41942508172605E-03 4.43210524271811E-03 4.44597057878914E-03 4.46104648117562E-03 4.47734752595414E-03 4.49485767580099E-03 4.51355869234743E-03 4.53340556766151E-03 4.5543463956885E-03 4.57631321673301E-03 4.59923403269716E-03 4.62303512317107E-03 4.64764239503115E-03 4.67297339840511E-03 4.69891319758388E-03 4.72537975042372E-03 4.75230856714232E-03
0 0 0 0 0 0 0 0 0 0 0 0 0 0 0 0 0 0 0 0 0 0 0 0 0 0 0 0 0 0 0 0 0 0.004321407932693 4.33192229717186E-03 4.3329573275444E-03 4.33512278241593E-03 4.33829042242325E-03 4.34239476555897E-03 4.34736017275947E-03 4.35315493752122E-03 4.35976676812369E-03 4.36721997985858E-03 4.37558515818156E-03 4.38489230456181E-03 4.39520875021779E-03 4.40656870031813E-03 4.41905934692514E-03 4.43271225147746E-03 4.44761067456512E-03 4.46376356025488E-03 4.4811726419027E-03 4.49980787570052E-03 4.51963822031783E-03 4.54060537904679E-03 4.56264029354605E-03 4.58566466669008E-03 4.60959257079534E-03 4.63434364708099E-03 4.65983382358675E-03 0.004685985724586 4.7126673107634E-03 4.7398090923539E-03 4.76735749380261E-03
0 0 0 0 0 0 0 0 0 0 0 0 0 0 0 0 0 0 0 0 0 0 0 0 0 0 0 0 0 0 0 0 0 0.004321407932693 4.32192363801719E-03 4.32342884521504E-03 4.32629428430991E-03 4.33019443598058E-03 4.33499383114363E-03 4.34064158423629E-03 4.34713045522799E-03 4.35446446768837E-03 4.36267194210337E-03 4.37183981005171E-03 4.38200287706624E-03 4.39323249692436E-03 4.40555941553363E-03 4.41907484050121E-03 4.43380361303572E-03 4.44982282036993E-03 4.46712805600226E-03 4.48570681156077E-03 4.50551610501796E-03 4.52650863805128E-03 4.5486121505092E-03 4.57174233017787E-03 4.59581099422818E-03 4.62072293395128E-03 4.64639099391386E-03 4.67272243749744E-03 4.69963331115985E-03 4.72700134949629E-03 4.75477286812235E-03 4.78290271448951E-03
0 0 0 0 0 0 0 0 0 0 0 0 0 0 0 0 0 0 0 0 0 0 0 0 0 0 0 0 0 0 0 0 0 4.31093862797704E-03 4.31114313467902E-03 4.31331454106212E-03 4.31694308517649E-03 4.32160409582663E-03 4.32715778127783E-03 4.33355855201805E-03 4.34082095442745E-03 4.34896292000182E-03 4.35802893772979E-03 4.36810332023943E-03 4.3792292086223E-03 4.3914777493479E-03 4.40488190599985E-03 4.41952655725977E-03 4.4354394225317E-03 4.45266435175068E-03 4.4711934589911E-03 4.49099591559982E-03 4.51201983762995E-03 4.53419407663313E-03 4.55743736580138E-03 4.58164931899921E-03 4.60673512061396E-03 4.63259353337442E-03 4.65913199513063E-03 4.68625143356204E-03 4.71385960455693E-03 4.74187606590029E-03 4.77024227465873E-03 4.79892390791064E-03
0 0 0 0 0 0 0 0 0 0 0 0 0 0 0 0 0 0 0 0 0 0 0 0 0 0 0 0 0 0 0 0 4.27567500203188E-03 4.2969777408316E-03 4.29916332435765E-03 4.30258624302359E-03 4.3071398575719E-03 4.31262323005197E-03 4.31897642027943E-03 4.3261902829687E-03 4.33429971503044E-03 4.34333882345754E-03 4.35335926187783E-03 0.004364445284858 4.37664172851162E-03 4.39001907455643E-03 4.40460782641461E-03 4.42048602770767E-03 4.43767306916809E-03 4.45618588176704E-03 4.47600293215645E-03 4.49707704790791E-03 4.5193426248332E-03 4.54270896622361E-03 4.56708330184832E-03 4.59235366540305E-03 4.61842026069571E-03 4.64517881132221E-03 4.67253505681189E-03 4.70038857814198E-03 4.72865505237752E-03 4.75728061882039E-03 4.7862083478332E-03 4.81540883969905E-03
0 0 0 0 0 0 0 0 0 0 0 0 0 0 0 0 0 0 0 0 0 0 0 0 0 0 0 0 0 0 0 4.26753713942216E-03 4.27567500203188E-03 4.28260760495984E-03 4.28706616440615E-03 4.29169512724135E-03 4.29713098170068E-03 4.30341668067068E-03 4.31058421765363E-03 4.31865369116312E-03 4.32767392665965E-03 4.33768816663717E-03 4.34875350528221E-03 4.3609518937383E-03 4.37432576248024E-03 4.38893928472805E-03 4.40481662551028E-03 4.42202342289066E-03 4.44056534084706E-03 4.46043613397117E-03 4.48159561638256E-03 4.50397733213314E-03 4.52750077406998E-03 4.5520584945221E-03 4.57754671934557E-03 4.6038454086953E-03 4.63085175199931E-03 4.65846284658299E-03 4.68658835086478E-03 4.71513382805182E-03 4.74402427492531E-03 4.77322015092754E-03 4.80267231473699E-03 4.83235387590192E-03
0 0 0 0 0 0 0 0 0 0 0 0 0 0 0 0 0 0 0 0 0 0 0 0 0 0 0 0 0 0 0 4.26753713942216E-03 4.2680415796002E-03 4.27140197903965E-03 4.27570439485807E-03 4.28088249260739E-03 4.28702695193148E-03 4.29408725895069E-03 4.30208869638412E-03 4.31106277871062E-03 4.32106091508583E-03 4.33213067456249E-03 4.34432732568043E-03 4.35773381269324E-03 4.37238488312891E-03 4.38833392826199E-03 4.40559295058311E-03 4.42421305270713E-03 4.44418123489245E-03 4.46546820326424E-03 4.48801193873661E-03 4.51172532150442E-03 4.53651180282716E-03 4.56224966656862E-03 0.004588827237214 4.61611723044858E-03 4.64401800916178E-03 4.67243279386204E-03 4.70127995977164E-03 4.73047380972755E-03 4.75995073235356E-03 4.78968005049122E-03 4.81961831267162E-03 4.84973994029762E-03
0 0 0 0 0 0 0 0 0 0 0 0 0 0 0 0 0 0 0 0 0 0 0 0 0 0 0 0 0 0 0 4.2571322974184E-03 4.25732806257741E-03 4.26003177862122E-03 4.26440838264725E-03 4.27007392842219E-03 4.27689161392716E-03 4.28473002585244E-03 4.29360044127147E-03 4.30353443608363E-03 4.31457967930024E-03 4.32678356328596E-03 4.34019585694119E-03 4.35490201005775E-03 4.37092431610324E-03 4.38829950352414E-03 4.40702408345749E-03 4.42713075038383E-03 4.44858589244348E-03 4.47133315095383E-03 4.4952892970578E-03 4.52034435127278E-03 4.54638783450908E-03 4.57328404319173E-03 4.60091874068281E-03 4.62915694419213E-03 4.65790422352258E-03 4.6870740430665E-03 4.71659709768739E-03 4.74639805890642E-03 4.77642265124629E-03 4.80664646803537E-03 0.004837030122909 4.86754637988183E-03
0 0 0 0 0 0 0 0 0 0 0 0 0 0 0 0 0 0 0 0 0 0 0 0 0 0 0 0 0 0 4.22849631651848E-03 4.24322491949799E-03 4.24469768498509E-03 4.24794551405532E-03 4.25283434890414E-03 4.25913037347834E-03 4.26670079117187E-03 4.27539716886461E-03 4.28520954183717E-03 4.29617623818379E-03 4.30834590314848E-03 4.32176886991544E-03 4.33648563290115E-03 4.35257670157667E-03 4.37005301919608E-03 4.38893384865383E-03 4.40919689645068E-03 4.43085181368927E-03 4.45384044858275E-03 4.47807902918663E-03 4.50346101744916E-03 4.52985580371616E-03 4.55713862889909E-03 4.58516309634313E-03 4.61381127626695E-03 4.64295009309571E-03 4.67249560531557E-03 4.70237228739136E-03 4.73252330912253E-03 4.76288621012155E-03 4.79341847040825E-03 4.82409644639496E-03 4.85488040770292E-03 4.88574179971294E-03
0 0 0 0 0 0 0 0 0 0 0 0 0 0 0 0 0 0 0 0 0 0 0 0 0 0 0 0 0 0 4.22849631651848E-03 4.22927455249045E-03 4.23140672516583E-03 4.23539923927499E-03 4.24103550285365E-03 4.24812269480979E-03 4.25654284565133E-03 4.26617583311338E-03 4.27701327359346E-03 4.28909617878612E-03 4.30247093168323E-03 4.31719646191841E-03 4.33330779010097E-03 4.35086751326384E-03 4.36987545129347E-03 4.39033154877387E-03 4.41219534056974E-03 4.4354443385285E-03 4.45999821870626E-03 4.48574205521329E-03 4.51254766437784E-03 4.54026479236076E-03 4.56875703428053E-03 4.59787001567096E-03 4.62748389232534E-03 4.65747768167253E-03 4.68777473572886E-03 4.71831143891257E-03 4.74904450351592E-03 4.77992725369603E-03 4.81092607403146E-03 4.84201228230451E-03 4.87314698254231E-03 4.90429918937647E-03
0 0 0 0 0 0 0 0 0 0 0 0 0 0 0 0 0 0 0 0 0 0 0 0 0 0 0 0 0 4.19583459721237E-03 4.21274525413569E-03 4.21431094204064E-03 4.21754803400636E-03 4.22249068128569E-03 4.22904846799874E-03 4.23707148998215E-03 4.24646789395067E-03 4.25714819529645E-03 4.26911110613397E-03 4.28240507558077E-03 4.29707625932028E-03 4.3131912489792E-03 4.33077879613117E-03 4.34988482207791E-03 4.37049309658534E-03 4.39258371634711E-03 4.4160935741908E-03 0.004440969850476 4.46710460820578E-03 4.4943537017567E-03 4.52256656060507E-03 4.55157705113767E-03 4.58123928766907E-03 4.61139534168671E-03 4.64192841399736E-03 4.67272933587869E-03 4.70373110167964E-03 4.73488149264879E-03 4.76615066189469E-03 4.79750739785747E-03 4.82892570738231E-03 4.86037100659206E-03 4.89180168338665E-03 4.92318470963957E-03
0 0 0 0 0 0 0 0 0 0 0 0 0 0 0 0 0 0 0 0 0 0 0 0 0 0 0 0 0 4.19583459721237E-03 4.19670821610913E-03 4.19908693834284E-03 4.20337235515166E-03 4.20937137069568E-03 4.21697794846451E-03 4.22606433076694E-03 4.23656181919137E-03 4.24840284963557E-03 4.2615994125231E-03 4.27620695649406E-03 4.29227105913967E-03 4.30986427270354E-03 4.32900786362406E-03 4.34973183455687E-03 4.37200195470803E-03 4.39577430548811E-03 4.42096179864856E-03 4.44748046907851E-03 4.47519619234803E-03 4.50393418362929E-03 4.53352358981308E-03 4.56378697875681E-03 4.59457310695928E-03 4.62572546469948E-03 4.6571309557575E-03 4.68869332316409E-03 4.72035422768939E-03 4.75207320278726E-03 4.78383179881894E-03 4.81561523394195E-03 4.84740342628028E-03 4.87915320206429E-03 4.91081856975139E-03 4.94236503474437E-03
0 0 0 0 0 0 0 0 0 0 0 0 0 0 0 0 0 0 0 0 0 0 0 0 0 0 0 0 4.15976267778395E-03 4.17838000620307E-03 4.18003475861942E-03 4.18354685761018E-03 4.18896771185871E-03 4.19612438639423E-03 0.004204902122612 4.21518112517933E-03 4.22691123943496E-03 4.24004108925873E-03 4.25458764520714E-03 4.27061653288741E-03 4.28817076646258E-03 4.30732912723885E-03 4.32810285706657E-03 4.35050883743631E-03 4.37449191617756E-03 4.39998088204121E-03 4.42686243478634E-03 4.45502413031421E-03 4.48430629041887E-03 4.51450191205203E-03 4.54542468539232E-03 4.57689252060654E-03 4.60875272236683E-03 4.64085246385109E-03 4.6730837760946E-03 4.70536334842879E-03 4.7376405745905E-03 4.76988397678006E-03 4.80208419986705E-03 4.83424320027926E-03 4.86634671905556E-03 0.004898337882933 4.93016682567192E-03 4.96180092140029E-03
0 0 0 0 0 0 0 0 0 0 0 0 0 0 0 0 0 0 0 0 0 0 0 0 0 0 0 0 4.15976267778395E-03 4.16066226478914E-03 4.16310845520641E-03 4.16779510309437E-03 4.17447031267913E-03 4.18289918637711E-03 4.19296510023162E-03 4.2045550441712E-03 4.21763796106877E-03 4.23217299664785E-03 4.24818175597364E-03 4.26574023260741E-03 4.28487973953729E-03 4.3056905310499E-03 4.32816511760817E-03 4.3523102417711E-03 4.3780481582111E-03 4.40527510373534E-03 4.43385364743647E-03 4.46363960118682E-03 4.49445767409512E-03 4.52606281908683E-03 4.55826481653621E-03 4.59088342978581E-03 4.62376584409456E-03 4.65676643129484E-03 4.68977803284708E-03 4.72273503875497E-03 4.75558772995128E-03 4.78831350269161E-03 4.82090542074321E-03 4.85338390366968E-03 4.88574185430994E-03 4.91789953392627E-03 4.94981064614648E-03 4.98144856999744E-03
0 0 0 0 0 0 0 0 0 0 0 0 0 0 0 0 0 0 0 0 0 0 0 0 0 0 0 0 4.14151173510689E-03 4.14189165118303E-03 4.14567765257715E-03 4.15186321855739E-03 4.15999198170971E-03 4.16983130607987E-03 4.18130108619225E-03 4.19431551308657E-03 4.20886347431211E-03 4.22491902312115E-03 4.24250079248206E-03 4.26169011684111E-03 4.28250987424774E-03 4.3050519382124E-03 4.32929447960625E-03 4.35522493572644E-03 4.38274302001834E-03 4.41171593006967E-03 4.44198193648151E-03 4.4733633947624E-03 4.50566139617442E-03 4.53861758685059E-03 4.57204209282644E-03 4.60575770674574E-03 4.63961132061426E-03 4.67346547574781E-03 4.70721622803288E-03 4.74081067666417E-03 4.77419803671841E-03 4.80736109391529E-03 4.84029504538216E-03 4.87303319316663E-03 4.90556501784054E-03 4.93779984272885E-03 4.96970156637522E-03 5.00125316856762E-03
0 0 0 0 0 0 0 0 0 0 0 0 0 0 0 0 0 0 0 0 0 0 0 0 0 0 0 4.08037318807275E-03 4.11747341979012E-03 4.12173207882042E-03 4.12805140598482E-03 4.13610662837758E-03 4.14583688326697E-03 4.15717553225263E-03 4.17012466688495E-03 4.18464143252624E-03 4.20073707325927E-03 4.21840123830754E-03 4.23765288085192E-03 4.25856735413552E-03 4.28115702401553E-03 4.30550467645873E-03 4.33157557448873E-03 4.35932420788759E-03 4.38863454157324E-03 4.41934349381071E-03 4.45127168324087E-03 4.48420045220454E-03 4.51791406862739E-03 4.55216680946489E-03 4.58675881074084E-03 4.62152178308163E-03 4.65629724024815E-03 4.6909643290296E-03 4.72541128877314E-03 4.75960196493314E-03 4.7934765590423E-03 4.82702550896642E-03 4.86023668821693E-03 4.89315228327027E-03 4.92576631442013E-03 4.95798325936054E-03 4.98977900163043E-03 5.02115149455439E-03
0 0 0 0 0 0 0 0 0 0 0 0 0 0 0 0 0 0 0 0 0 0 0 0 0 0 4.05712508398146E-03 4.08037318807275E-03 4.09345589842674E-03 4.10229315256286E-03 4.11109587043588E-03 4.1209669928737E-03 4.13228498665393E-03 4.1451439769555E-03 4.15961606443799E-03 0.004175695448423 4.19340947706364E-03 4.21276166578665E-03 4.23376576911209E-03 4.25648759654076E-03 4.28092366658254E-03 4.30713919063703E-03 4.33507843002841E-03 4.36466683202979E-03 4.39576628994153E-03 4.42818996848758E-03 4.46173728687229E-03 4.49616093314658E-03 4.53123602005169E-03 4.56672692923933E-03 4.60243453175264E-03 4.6381931446775E-03 4.6738445377511E-03 4.70927548950734E-03 4.74437576141464E-03 4.7791117081618E-03 4.81341825057418E-03 4.84728684145224E-03 4.88070340114532E-03 4.91371143814216E-03 4.94630026973461E-03 4.97838743810632E-03 5.0099719495205E-03 5.04107044352306E-03
0 0 0 0 0 0 0 0 0 0 0 0 0 0 0 0 0 0 0 0 0 0 0 0 0 4.04599437725236E-03 4.05712508398146E-03 4.06631533215715E-03 4.07600504081272E-03 4.08543667020492E-03 4.09554599646533E-03 4.10684074907203E-03 4.11961086468779E-03 4.13395806871455E-03 4.14996608012869E-03 4.16764424225107E-03 4.18702797453787E-03 4.20812803841268E-03 4.23095375165687E-03 4.25555086961722E-03 4.28189728206532E-03 4.31002687779265E-03 0.004339860234786 4.37129338774672E-03 4.40416662364748E-03 4.43827230959323E-03 4.4733924068712E-03 4.50926200264304E-03 4.54564915933138E-03 4.58232956966793E-03 4.61910563146029E-03 4.65581371450593E-03 4.69229469021134E-03 4.72843971726934E-03 4.76413979480432E-03 4.7993538768658E-03 4.83401824451935E-03 4.86811916321164E-03 4.90164414842617E-03 4.93462845690542E-03 4.96707454240281E-03 4.99892331621267E-03 5.03019483603757E-03 5.06093076236977E-03
0 0 0 0 0 0 0 0 0 0 0 0 0 0 0 0 0 0 0 0 0 0 0 0 0 4.04599437725236E-03 4.04682341873958E-03 4.05237941469595E-03 4.06051663090346E-03 0.004070140520343 4.08119282576513E-03 4.09373554167515E-03 4.10789550309551E-03 4.12372910184649E-03 4.14130174837968E-03 4.16062214915863E-03 4.18172361197081E-03 4.2046263256932E-03 4.22932919377962E-03 4.25585426972659E-03 4.28415522815282E-03 4.31422920290305E-03 4.34596828149366E-03 4.37923916165238E-03 4.41386088017285E-03 4.44961056800014E-03 4.48625658220902E-03 4.52352261822976E-03 4.56117266478905E-03 4.59899501901909E-03 4.63679377346006E-03 4.67440172372103E-03 4.7116573369256E-03 4.74845326543195E-03 4.7846822430994E-03 4.82029220684032E-03 4.85522027953251E-03 4.88944954767533E-03 4.92297265325668E-03 4.95582024473484E-03 4.98800503676194E-03 5.01950153216595E-03 5.05036132513124E-03 5.0806515134096E-03
0 0 0 0 0 0 0 0 0 0 0 0 0 0 0 0 0 0 0 0 0 0 0 0 4.00979393183086E-03 4.02904478119249E-03 4.03150938091313E-03 4.0371557563004E-03 4.04540597954849E-03 4.05567929663731E-03 4.06777631415973E-03 4.08159778840974E-03 4.09717862888708E-03 4.11454322329979E-03 4.13372989423837E-03 4.15474503242812E-03 4.1776111802244E-03 4.2023641856456E-03 4.22899148407219E-03 4.25748125679202E-03 4.28776754392133E-03 4.31979672555098E-03 4.35343939092696E-03 4.38852671435565E-03 4.42486307345473E-03 4.46221422740505E-03 4.50033944559827E-03 4.53895804744607E-03 4.57782393756937E-03 4.61674740193121E-03 4.65552268220369E-03 4.69397620604747E-03 4.7319409263301E-03 4.76930927503687E-03 4.80597826198987E-03 4.84187586344802E-03 4.87695278700415E-03 4.91118343126668E-03 4.94457895039098E-03 4.97715979820538E-03 5.00896675110473E-03 5.0400118560703E-03 5.07037564898701E-03 5.10015168742956E-03
