NongDo/Fusa 17.7h.grd
DSAA
463	323
2	464
2	324
0	10
[rows 252 to 279 of 323, columns 0 to 62 of 463]
0 0 0 0 0 0 0 0 0 0 0 0 0 0 0 0 0 0 0 0 0 0 0 0 0 0 0 0 0 0 0 0 0 0 0 0 0 0 3.97720598036672E-03 3.98940073973114E-03 3.99598999357018E-03 4.00153385663743E-03 4.00778324088626E-03 4.01514110631535E-03 4.02378842840709E-03 4.03381650290941E-03 4.04535145825459E-03 4.0584754547098E-03 4.07331186636654E-03 4.08996473182493E-03 4.10854400978142E-03 4.12915104697651E-03 4.15184952539142E-03 4.17669013894528E-03 4.20367043496407E-03 4.23279289393515E-03 4.2639900049989E-03 4.29718857134481E-03 4.33226526882768E-03 4.36912118934706E-03 4.40759583539702E-03 4.44747993390534E-03 4.48854114467761E-03
0 0 0 0 0 0 0 0 0 0 0 0 0 0 0 0 0 0 0 0 0 0 0 0 0 0 0 0 0 0 0 0 0 0 0 0 0 3.96657619816694E-03 3.97720598036672E-03 3.98284915292914E-03 3.98893821175637E-03 3.99535505509402E-03 4.0025958564336E-03 4.01092849429944E-03 4.02055718685008E-03 4.03160921991933E-03 4.04423053878819E-03 4.05852378277453E-03 4.07462309955432E-03 4.09264812059788E-03 4.11271240192844E-03 4.13491611765553E-03 4.15931480774662E-03 4.18594719726821E-03 4.21479403259372E-03 4.24583455650832E-03 4.27897804584277E-03 4.31412233817391E-03 4.35111417887404E-03 4.38981897145346E-03 4.43004777807549E-03 4.47156341472035E-03 4.51410895696503E-03
0 0 0 0 0 0 0 0 0 0 0 0 0 0 0 0 0 0 0 0 0 0 0 0 0 0 0 0 0 0 0 0 0 0 0 0 3.95753557786958E-03 3.96657619816694E-03 3.97153423780161E-03 3.97700708338454E-03 3.98319325227878E-03 3.99018484901495E-03 3.9982108890066E-03 4.00742930179916E-03 4.01801882292324E-03 4.03011433512738E-03 4.04386914188311E-03 4.05939740375223E-03 4.07683973358468E-03 4.09632606990033E-03 4.11797046392558E-03 4.14186808310345E-03 4.16806252071198E-03 4.19657576340503E-03 4.22736622274076E-03 4.26038979947479E-03 4.29552723794131E-03 4.33264274196122E-03 4.37154955389834E-03 4.4120793606926E-03 4.45401135944427E-03 4.49708148405676E-03 4.5410106558654E-03
0 0 0 0 0 0 0 0 0 0 0 0 0 0 0 0 0 0 0 0 0 0 0 0 0 0 0 0 0 0 0 0 0 0 0 3.95301884949388E-03 3.95753557786958E-03 3.96148405566291E-03 3.96609165773107E-03 3.97156849633503E-03 3.97804547836642E-03 3.9856003504243E-03 3.99437673290773E-03 4.00447464813657E-03 4.01605304414388E-03 4.0292488849325E-03 4.04421483260706E-03 4.06107211575556E-03 4.07996104903155E-03 4.10102107178745E-03 4.12435942891683E-03 4.15006314046629E-03 4.17815850681713E-03 4.2086475951042E-03 4.2414594036127E-03 4.27652573153052E-03 4.31369329855014E-03 4.35278738779437E-03 4.39358759048973E-03 4.43589236264311E-03 4.47945334592132E-03 4.52397840129619E-03 4.56916996674339E-03
0 0 0 0 0 0 0 0 0 0 0 0 0 0 0 0 0 0 0 0 0 0 0 0 0 0 0 0 0 0 0 0 0 0 0 3.95301884949388E-03 3.95339234061712E-03 3.95616126294598E-03 3.9605226294408E-03 3.96617476732357E-03 3.97308877064891E-03 3.98128404571052E-03 3.9908629022674E-03 4.00190515014829E-03 4.01455403863048E-03 4.02894683501984E-03 4.04523328508058E-03 4.06354042638465E-03 4.0840064811698E-03 4.10677180666923E-03 4.13193391643189E-03 4.1595657641118E-03 4.18967241532611E-03 4.22223122816929E-03 4.25714173478402E-03 4.29430011040396E-03 4.33351368589729E-03 4.37457110758543E-03 4.41722108862005E-03 4.46122981461124E-03 4.50631958991661E-03 4.55217631902813E-03 4.59848845491917E-03
0 0 0 0 0 0 0 0 0 0 0 0 0 0 0 0 0 0 0 0 0 0 0 0 0 0 0 0 0 0 0 0 0 0 3.93722755161304E-03 3.9456422932233E-03 3.94688882271005E-03 3.94987672460234E-03 3.95449013572322E-03 3.96057422217746E-03 3.9680937421562E-03 3.9770513669688E-03 3.98753038963921E-03 3.99962310038546E-03 4.01345964263278E-03 4.02918016481534E-03 4.04692425420036E-03 4.06682960503049E-03 4.0890241653737E-03 4.11364493195561E-03 4.14077425107679E-03 4.17046626778594E-03 4.20269855971073E-03 4.23741855028944E-03 4.27449340062805E-03 4.31377035087821E-03 4.35502255821812E-03 4.3980015457385E-03 4.44242868974639E-03 4.48803631337047E-03 4.53452811542348E-03 4.58157110035604E-03 4.62884386823502E-03
0 0 0 0 0 0 0 0 0 0 0 0 0 0 0 0 0 0 0 0 0 0 0 0 0 0 0 0 0 0 0 0 0 0 3.93722755161304E-03 3.93766285552468E-03 3.93931622514888E-03 0.003942748690691 3.94788650061749E-03 3.95461544317863E-03 3.96290990974272E-03 3.97277556104466E-03 3.98429525942699E-03 3.9975778715148E-03 4.01275152157815E-03 4.0299573868808E-03 4.04932535858283E-03 4.07099622046408E-03 4.09508686296634E-03 4.12172443519784E-03 4.15097158288357E-03 4.18285677883223E-03 4.21732372942577E-03 4.25428339417484E-03 4.29356330449283E-03 4.33496398100841E-03 4.37822099972265E-03 4.42305226954271E-03 4.46915363128589E-03 4.51623268174964E-03 4.56397753234486E-03 4.61204187646514E-03 4.66010072289791E-03
0 0 0 0 0 0 0 0 0 0 0 0 0 0 0 0 0 0 0 0 0 0 0 0 0 0 0 0 0 0 0 0 0 0 3.9285479208153E-03 3.92866062041004E-03 3.93076561015837E-03 3.93482414995343E-03 3.94068736979543E-03 3.9482436920416E-03 3.95747804540266E-03 3.96840944535434E-03 3.98113102337977E-03 3.99577130544961E-03 4.01245640725242E-03 4.03133200801787E-03 4.05250984614462E-03 4.0761328454197E-03 4.10229801310996E-03 4.13112148793892E-03 4.16263925239779E-03 4.19684580556188E-03 4.23364245912146E-03 4.27289712109044E-03 4.31439626802355E-03 4.35789450837359E-03 4.40309227914744E-03 4.44967434929118E-03 4.49731749139828E-03 4.54571117460681E-03 4.59453989478842E-03 4.64344444644869E-03 4.69210447912867E-03
0 0 0 0 0 0 0 0 0 0 0 0 0 0 0 0 0 0 0 0 0 0 0 0 0 0 0 0 0 0 0 0 0 0 3.91816501597907E-03 3.91837924903462E-03 3.92117474735159E-03 3.92607760163421E-03 3.9328677674275E-03 3.94143922962055E-03 3.95179307099395E-03 3.96396712064967E-03 3.97806857200736E-03 3.99425528122647E-03 4.01264892840777E-03 4.03339545263486E-03 4.05658473421653E-03 4.08235731184993E-03 4.11077931840072E-03 4.14195882512065E-03 4.17589448111412E-03 4.21253468359149E-03 4.25173115509554E-03 4.29330737005299E-03 4.33700755447081E-03 4.38254389796474E-03 4.42958453578828E-03 4.47778718572316E-03 4.52681442592584E-03 4.5763471488517E-03 4.62607409361516E-03 4.67562482784327E-03 4.72469677277985E-03
0 0 0 0 0 0 0 0 0 0 0 0 0 0 0 0 0 0 0 0 0 0 0 0 0 0 0 0 0 0 0 0 0 3.89022479913526E-03 3.90456470595839E-03 3.90645478533937E-03 3.91051930671324E-03 3.9165503950577E-03 3.92448018699704E-03 3.93425722298186E-03 3.94591806030368E-03 3.95952612762067E-03 3.97519728825254E-03 3.99313873245077E-03 4.01344965404567E-03 4.03628349824642E-03 4.06168989200658E-03 4.08982030791455E-03 4.12068066794044E-03 4.15438397023384E-03 4.19086761046263E-03 4.23002552780425E-03 4.27165784454916E-03 4.31554379031148E-03 4.36138906088174E-03 4.4088637526717E-03 4.45761538591456E-03 4.50727869214554E-03 4.55751239343385E-03 4.60798724822619E-03 4.6584158315471E-03 4.70841189429357E-03 4.75771349118135E-03
0 0 0 0 0 0 0 0 0 0 0 0 0 0 0 0 0 0 0 0 0 0 0 0 0 0 0 0 0 0 0 0 0 3.89022479913526E-03 3.8909486834476E-03 3.89370306055152E-03 3.89901832258613E-03 3.90638054665313E-03 3.91564391308583E-03 3.92681103857222E-03 3.93996852670373E-03 3.95521303366423E-03 3.97267366298553E-03 3.99258064427536E-03 4.01502655261377E-03 4.04015681629405E-03 4.0679943028144E-03 4.09867578838595E-03 4.13216858407233E-03 4.16854070530802E-03 4.20766480400038E-03 4.2493814551526E-03 4.29344628877427E-03 4.33959088664976E-03 4.38748369628566E-03 4.43676272720067E-03 4.48706053187468E-03 4.5380050744616E-03 4.58925630701394E-03 4.64048194628356E-03 4.69139133840385E-03 4.74163836062423E-03 4.79101049271835E-03
0 0 0 0 0 0 0 0 0 0 0 0 0 0 0 0 0 0 0 0 0 0 0 0 0 0 0 0 0 0 0 0 0 3.87618702612794E-03 3.87653784288202E-03 3.88044115780432E-03 3.88710505163507E-03 3.8958681263939E-03 3.90659143649786E-03 3.91930176330172E-03 3.93413208303574E-03 3.95120880804204E-03 3.97068736510487E-03 3.99278312020697E-03 4.01758979563377E-03 4.04523153630651E-03 4.07571007813597E-03 4.10912019180664E-03 4.14541015117854E-03 4.18454199826613E-03 4.22635482327441E-03 4.27062640800522E-03 4.31707963826536E-03 4.36538573458595E-03 4.41519256717143E-03 4.46610857822149E-03 4.51776244270189E-03 4.56978554901547E-03 4.62184621208832E-03 4.67361893163541E-03 4.72481068096388E-03 4.77516890949426E-03 4.82448483967292E-03
0 0 0 0 0 0 0 0 0 0 0 0 0 0 0 0 0 0 0 0 0 0 0 0 0 0 0 0 0 0 0 0 3.82890478937812E-03 3.85712281271126E-03 3.86069462422813E-03 3.86669838597675E-03 3.87499333254257E-03 3.88529012136418E-03 3.89759146218072E-03 3.9119924869745E-03 3.9286683541382E-03 3.94777454115463E-03 3.96947599115482E-03 3.99397470952372E-03 4.02135069102135E-03 4.05170249173635E-03 4.08499807171156E-03 4.12128704341449E-03 4.16046834301196E-03 4.20242058906743E-03 4.24693029268828E-03 4.29372208437857E-03 4.34247818497177E-03 4.39282493458447E-03 4.44438864709317E-03 4.49676236169845E-03 4.54957753172939E-03 4.6024769749715E-03 4.65514621466259E-03 4.70727736202704E-03 4.7586062791664E-03 4.8089378282755E-03 4.85807579855043E-03
0 0 0 0 0 0 0 0 0 0 0 0 0 0 0 0 0 0 0 0 0 0 0 0 0 0 0 0 0 0 0 3.81864153240973E-03 3.82890478937812E-03 3.83830617502746E-03 3.84526700141844E-03 3.85326430255952E-03 3.86315392350553E-03 3.87500579737726E-03 3.88896672915362E-03 3.90518785367291E-03 3.92387129718406E-03 3.9451876978717E-03 3.96930027066862E-03 3.99639429835438E-03 4.02652546922873E-03 4.05975335428362E-03 4.09600185598111E-03 4.13526345822941E-03 4.17738388423547E-03 4.22216860896904E-03 4.26934594981397E-03 4.31858503531716E-03 4.36953055983009E-03 4.42177469821965E-03 4.47492792487448E-03 4.52857831705064E-03 0.004582365498589 4.6359533527389E-03 4.68905460251339E-03 4.74139037958144E-03 4.7927242577413E-03 4.84289521527771E-03 4.89172964428393E-03
0 0 0 0 0 0 0 0 0 0 0 0 0 0 0 0 0 0 0 0 0 0 0 0 0 0 0 0 0 0 0 3.81864153240973E-03 3.81930692150749E-03 3.82432814313743E-03 3.8314290733971E-03 3.84054878222374E-03 3.8518399919855E-03 3.8652672291077E-03 3.88098321685855E-03 3.89916458245549E-03 3.92001947476768E-03 3.94371884956212E-03 3.97041007376189E-03 4.00026390477414E-03 4.03330065810179E-03 4.06953041155161E-03 4.10882268470805E-03 0.004151112674051 4.19618310815628E-03 4.24377331270632E-03 4.2935509090363E-03 4.34513343500565E-03 4.3981303214777E-03 4.45210965213551E-03 4.50667654891539E-03 4.56141786672296E-03 4.61599042476438E-03 4.67008707760009E-03 4.72345405691414E-03 4.77584359280359E-03 4.82705123204907E-03 4.87693898880797E-03 4.92535021000764E-03
0 0 0 0 0 0 0 0 0 0 0 0 0 0 0 0 0 0 0 0 0 0 0 0 0 0 0 0 0 0 0 3.8057790573618E-03 3.80611147535142E-03 3.81062607530452E-03 3.81824488512504E-03 3.82847370569771E-03 3.84119343919257E-03 3.85628077795005E-03 3.87387948709873E-03 3.89417591544911E-03 3.91736727965954E-03 3.9436159583286E-03 3.97303871994699E-03 4.00579463690567E-03 4.0418566933177E-03 4.08117436916769E-03 4.12355941292889E-03 4.16888555850106E-03 4.21687722501783E-03 4.26720200477474E-03 4.31947550031102E-03 4.37326446948806E-03 4.42815345250608E-03 4.48369033475546E-03 4.5394878449181E-03 4.59513269528856E-03 4.65031049420352E-03 4.70474838314456E-03 4.75822872710316E-03 4.81053523998952E-03 4.86149049110039E-03 4.91097543928128E-03 4.9588469108315E-03
0 0 0 0 0 0 0 0 0 0 0 0 0 0 0 0 0 0 0 0 0 0 0 0 0 0 0 0 0 0 3.7703065933629E-03 3.78816145158153E-03 3.79073582177181E-03 3.79648348957932E-03 3.80529226444975E-03 3.81690800024595E-03 3.83124633462695E-03 3.84818527731647E-03 3.86785250220032E-03 3.89044075552931E-03 3.91613534140283E-03 3.9450902030721E-03 3.97739187641664E-03 4.01316424764538E-03 4.05232942011809E-03 4.0947791770676E-03 4.14026902594848E-03 4.18860687201771E-03 4.23945146726871E-03 4.2924070950467E-03 4.34703821162835E-03 4.4028730949828E-03 4.45947522353104E-03 4.5163832583571E-03 4.57321535533363E-03 4.62957838789452E-03 4.68519256892581E-03 0.004739815926367 4.79326253795073E-03 4.84534978225061E-03 4.89593263763149E-03 4.94490085636316E-03 4.99211665290212E-03
0 0 0 0 0 0 0 0 0 0 0 0 0 0 0 0 0 0 0 0 0 0 0 0 0 0 0 0 0 0 3.7703065933629E-03 3.77132081074744E-03 3.77514945542923E-03 3.78236929925077E-03 3.79271943893915E-03 0.003806004252928 3.82217345111905E-03 3.84116451933976E-03 3.86310007217018E-03 3.88816902138193E-03 3.91653202945518E-03 3.94834223466163E-03 3.98365289298517E-03 4.02252728368838E-03 4.0648437840517E-03 4.11043411009504E-03 4.15900189860465E-03 4.21027557729157E-03 4.26386500482559E-03 4.31930766719984E-03 4.37612718875646E-03 4.43382033510575E-03 4.49194013442532E-03 4.55002455227415E-03 4.60770180704548E-03 4.66461631254063E-03 4.72051236436035E-03 4.77517769785651E-03 4.82845684896222E-03 4.88020325078898E-03 4.93029776320608E-03 4.97863126165409E-03 5.02507442190081E-03
0 0 0 0 0 0 0 0 0 0 0 0 0 0 0 0 0 0 0 0 0 0 0 0 0 0 0 0 0 3.73120815911931E-03 3.75097750656844E-03 3.75366940266035E-03 3.75946977326227E-03 3.76848547682814E-03 3.78066042577505E-03 3.79587428479585E-03 3.81412484975513E-03 3.83539663295649E-03 3.85981164648509E-03 3.88754965686997E-03 3.91874589501938E-03 3.95354202101205E-03 3.99195433515484E-03 4.03398928476599E-03 4.07947272290131E-03 4.1281797907007E-03 4.17975752204315E-03 4.23386690437341E-03 4.29006101595202E-03 4.34782368514249E-03 4.4066412668397E-03 4.46599253322829E-03 4.52542750546846E-03 4.58449428193312E-03 4.64284027236472E-03 4.70014327694812E-03 4.75617372690811E-03 4.81074469873324E-03 4.86372769455043E-03 4.91500947608856E-03 4.96449534063712E-03 5.01207701693964E-03 5.05762873478398E-03
0 0 0 0 0 0 0 0 0 0 0 0 0 0 0 0 0 0 0 0 0 0 0 0 0 0 0 0 0 3.73120815911931E-03 3.73230274132792E-03 3.73646241198265E-03 3.7441437639214E-03 3.75512412982624E-03 3.76934269637878E-03 3.78672070407736E-03 0.003807293366596 3.83107091701688E-03 3.85817059871526E-03 3.88875986911632E-03 3.92293932153368E-03 3.96083307248859E-03 4.00241601894929E-03 4.04764020153191E-03 4.09627923586728E-03 4.14804554723171E-03 4.20253155510612E-03 4.25933491413244E-03 4.31796541075125E-03 4.37785475646861E-03 4.43846167731794E-03 4.49926043734251E-03 4.55980893966022E-03 4.6196744855176E-03 4.67852221933147E-03 4.73606295165527E-03 4.79208878392685E-03 4.84643637550221E-03 4.89899806646103E-03 4.94969395001725E-03 4.99845123489687E-03 5.04515985216176E-03 5.08969654435001E-03
0 0 0 0 0 0 0 0 0 0 0 0 0 0 0 0 0 0 0 0 0 0 0 0 0 0 0 0 3.68997749218729E-03 3.71067899311637E-03 3.71344835794566E-03 3.71962780116727E-03 3.72936360440827E-03 3.74249474647306E-03 3.75897493861277E-03 3.77874787785657E-03 3.80187529560432E-03 3.82837656646979E-03 3.85835269212355E-03 3.8919560562759E-03 3.92924598941002E-03 3.97032585394255E-03 4.01512200401869E-03 4.06353873746128E-03 4.11529334278217E-03 4.17003378014133E-03 4.22729831712638E-03 4.2866332141285E-03 4.34751045746779E-03 4.4093139753614E-03 4.47148932241855E-03 4.53352312319276E-03 4.59498852916253E-03 4.65547448595472E-03 4.71466418548472E-03 4.77229878106617E-03 4.82818874404086E-03 4.88218765605858E-03 4.93420325161754E-03 4.98418801931557E-03 5.03209192321904E-03 5.07779732260728E-03 5.12118689859877E-03
0 0 0 0 0 0 0 0 0 0 0 0 0 0 0 0 0 0 0 0 0 0 0 0 0 0 0 0 3.68997749218729E-03 3.69101489189278E-03 3.69520580004106E-03 3.70342875138229E-03 3.71540514143516E-03 3.73088674890468E-03 3.74983783223209E-03 3.77221396123145E-03 3.79809904688348E-03 3.82751297791164E-03 3.8605287783106E-03 3.89728930357211E-03 3.93779032290387E-03 3.98212531390656E-03 4.03015525054086E-03 4.08174068633692E-03 4.13654303374048E-03 4.19413959895537E-03 4.25402642387407E-03 4.31569543314566E-03 4.37860708871437E-03 4.44209159351943E-03 4.50560894713749E-03 4.56867118373917E-03 4.63086637316922E-03 4.69180842537403E-03 4.75118758658324E-03 4.80878192751373E-03 4.86440724992981E-03 4.9179342799356E-03 4.96927578940625E-03 5.01841847805173E-03 5.06533740686807E-03 5.1098974016921E-03 0.005152001469597
0 0 0 0 0 0 0 0 0 0 0 0 0 0 0 0 0 0 0 0 0 0 0 0 0 0 0 0 3.67030225982334E-03 3.67090065419353E-03 3.67724118588818E-03 3.68797857659978E-03 3.70251074812005E-03 3.72058163596965E-03 3.74220646587932E-03 3.76737390795948E-03 3.79618634573863E-03 3.82866615081333E-03 3.8648597303976E-03 3.90488219933782E-03 3.94867709206885E-03 3.99630503429958E-03 4.04756918889358E-03 4.10226978942526E-03 4.16001085238778E-03 4.22031695740027E-03 4.28265106188244E-03 4.3464535278296E-03 4.41115218256305E-03 4.47608202316525E-03 4.54072977753414E-03 4.6046296481864E-03 4.66737913660197E-03 4.72861562242875E-03 4.7880401558524E-03 4.84545662464582E-03 4.90068357052265E-03 4.95360527289547E-03 5.00414249989736E-03 5.05230798674705E-03 5.0980857396309E-03 5.14134602767245E-03 5.18202534213665E-03
0 0 0 0 0 0 0 0 0 0 0 0 0 0 0 0 0 0 0 0 0 0 0 0 0 0 0 3.6036933013091E-03 3.64345291516927E-03 3.64968443559584E-03 3.65994282089061E-03 3.67377954608122E-03 3.6911331782627E-03 3.71197100711611E-03 3.73641771351423E-03 3.76451493251625E-03 3.79637904882796E-03 3.83204110844852E-03 3.87151498456269E-03 3.91487678014529E-03 3.96201408167357E-03 4.0129356153533E-03 4.06739716621899E-03 4.12511181004191E-03 4.18565036096312E-03 4.24848476775337E-03 4.31306392081923E-03 4.37876915694639E-03 4.44501672293751E-03 4.51119131958609E-03 4.57677861368623E-03 4.6413433955856E-03 4.70448015677796E-03 4.76586219048578E-03 4.82518080495696E-03 4.88227356211044E-03 0.004936951316305 4.98911914477359E-03 5.03869627310732E-03 5.08571927428186E-03 0.00513019601992 5.17201118744251E-03 5.21113723319547E-03
0 0 0 0 0 0 0 0 0 0 0 0 0 0 0 0 0 0 0 0 0 0 0 0 0 0 3.57901043918445E-03 3.6036933013091E-03 3.61834954230168E-03 3.63058367331359E-03 3.64460964613935E-03 3.6615020835132E-03 3.68170608784438E-03 3.7053858807572E-03 3.73274987112081E-03 3.76387497123363E-03 3.79888175651191E-03 3.83779905108942E-03 3.88061205220862E-03 3.92734858688701E-03 3.97783930708339E-03 4.03202836399976E-03 4.0896042736063E-03 4.15021381737487E-03 4.21338469112612E-03 4.27855758145722E-03 4.34516287709383E-03 4.4125532375842E-03 4.48014758072163E-03 4.54736771920645E-03 4.61371654773845E-03 4.67877188433903E-03 4.74213357680124E-03 4.80349193032456E-03 4.8625485450068E-03 4.91915100954731E-03 4.9731130091022E-03 5.02435551373954E-03 5.07281205967229E-03 5.11853567142682E-03 5.16154339485097E-03 5.20176214250514E-03 5.23921593894457E-03
0 0 0 0 0 0 0 0 0 0 0 0 0 0 0 0 0 0 0 0 0 0 0 0 0 3.56775713626593E-03 3.57901043918445E-03 3.58934096380745E-03 3.60166836186239E-03 3.61558823379448E-03 3.63207020791524E-03 3.65159959690887E-03 3.67454197227246E-03 3.70107848971496E-03 3.73142037015986E-03 3.76564684863802E-03 3.80386065979259E-03 3.84608196750669E-03 3.89226282452188E-03 3.94237333106039E-03 3.99618650487719E-03 4.0535630749917E-03 4.11413535056321E-03 4.1774860393455E-03 4.24310882358961E-03 4.31042140187647E-03 4.37884599404459E-03 4.4477265307691E-03 4.51648374506211E-03 4.58457493147082E-03 4.65151662606072E-03 4.7168960874356E-03 4.78031427259043E-03 4.84147344038758E-03 4.90008761183391E-03 4.95600377986134E-03 5.0090554660223E-03 5.05917585560956E-03 5.10632470151118E-03 5.15056348630535E-03 5.19194607466628E-03 5.23045020422257E-03 5.26614346552507E-03
0 0 0 0 0 0 0 0 0 0 0 0 0 0 0 0 0 0 0 0 0 0 0 0 0 3.56775713626593E-03 3.56872822605756E-03 3.57617090886281E-03 3.58804940662953E-03 3.60331331066064E-03 3.62193991744483E-03 3.64398950331196E-03 3.66967491410759E-03 3.69913304677937E-03 3.73253783705375E-03 3.76994190283198E-03 3.8114129365133E-03 3.85696143404859E-03 3.90650808742365E-03 3.95995822537422E-03 4.01702755114406E-03 4.07749286367823E-03 4.14092366108221E-03 4.20685039965919E-03 4.27473593789372E-03 4.34399030210245E-03 4.41403317864741E-03 4.48420954117961E-03 4.55394506286971E-03 4.62273017907037E-03 4.69009297675939E-03 4.75561679845956E-03 4.81890206109179E-03 4.87966067762204E-03 4.93762619503774E-03 4.99264525361639E-03 5.04457618934263E-03 5.09337426734093E-03 5.13903570487455E-03 5.18163847564289E-03 5.22126537990037E-03 5.25795516863101E-03 5.29182741921352E-03
0 0 0 0 0 0 0 0 0 0 0 0 0 0 0 0 0 0 0 0 0 0 0 0 3.5299697473712E-03 3.54959731955927E-03 3.55347232246749E-03 3.56229415740226E-03 3.57558441987152E-03 3.59279358116576E-03 3.61378908276595E-03 3.6385009302851E-03 3.66705842122909E-03 3.69956980186446E-03 3.73615175761244E-03 3.77682808977691E-03 3.8216082547919E-03 3.87050632884201E-03 3.92340351145774E-03 3.98012900536828E-03 4.04035847038956E-03 4.10376852098131E-03 4.16989446326808E-03 4.23820765642434E-03 4.30815899069205E-03 4.37915636648173E-03 4.45062258512186E-03 4.52191358795112E-03 4.59244561673039E-03 4.6617555168843E-03 4.7293589446223E-03 4.79483187630554E-03 4.85777295513945E-03 4.91790637200862E-03 4.97499542545194E-03 5.02888062831767E-03 5.07947086668255E-03 5.12674015425829E-03 5.17074181549383E-03 5.21156388111937E-03 5.24933862464683E-03 5.28416189587263E-03 5.31619339412883E-03
