NongDo/Fusa 14.3h.grd
DSAA
463	323
2	464
2	324
0	10
[rows 56 to 83 of 323, columns 256 to 319 of 463]
0 0 0 0 0 0 0 0 0 0 0 0 0 0 0 0 0 0 0 0 0 0 0 0 0 0 0 0 0 0 0 0 0 0 0 0 0 0 0 0 0 0 0 0 0 0 0 0 0 0 0 0 0 0 0 0 0 0 0 0 0 0 0 0
0 0 0 0 0 0 0 0 0 0 0 0 0 0 0 0 0 0 0 0 0 0 0 0 0 0 0 0 0 0 0 0 0 0 0 0 0 0 0 0 0 0 0 0 0 0 0 0 0 0 0 0 0 0 0 0 0 0 0 0 0 0 0 0
0 0 0 0 0 0 0 0 0 0 0 0 0 0 0 0 0 0 0 0 0 0 0 0 0 0 0 0 0 0 0 0 0 0 0 0 0 0 0 0 0 0 0 0 0 0 0 0 0 0 0 0 0 0 0 0 0 0 0 0 0 0 0 0
0 0 0 0 0 0 0 0 0 0 0 0 0 0 0 0 0 0 0 0 0 0 0 0 0 0 0 0 0 0 0 0 0 0 0 0 0 0 0 0 0 0 0 0 0 0 0 0 0 0 0 0 0 0 0 0 0 0 0 0 0 0 0 0
0 0 0 0 0 0 0 0 0 0 0 0 0 0 0 0 0 0 0 0 0 0 0 0 0 0 0 0 0 0 0 0 0 0 0 0 0 0 0 0 0 0 0 0 0 0 0 0 0 0 0 0 0 0 0 0 0 0 0 0 0 0 0 0
0 0 0 0 0 0 0 0 0 0 0 0 0 0 0 0 0 0 0 0 0 0 0 0 0 0 0 0 0 0 0 0 0 0 0 0 0 0 0 0 0 0 0 0 0 0 0 0 0 0 0 0 0 0 0 0 0 0 0 0 0 0 0 0
0 0 0 0 0 0 0 0 0 0 0 0 0 0 0 0 0 0 0 0 0 0 0 0 0 0 0 0 0 0 0 0 0 0 0 0 0 0 0 0 0 0 0 0 0 0 0 0 0 0 0 0 0 0 0 0 0 0 0 0 0 0 0 0
0 0 0 0 0 0 0 0 0 0 0 0 0 0 0 0 0 0 0 0 0 0 0 0 0 0 0 0 0 0 0 0 0 0 0 0 0 0 0 0 0 0 0 0 0 0 0 0 0 0 0 0 0 0 0 0 0 0 0 0 0 0 6.73971574740956E-03 6.74169104025026E-03
0 0 0 0 0 0 0 0 0 0 0 0 0 0 0 0 0 0 0 0 0 0 0 0 0 0 0 0 0 0 0 0 0 0 0 0 0 0 0 0 0 0 0 0 0 0 0 0 0 0 0 0 0 0 0 0 0 0 6.73010165060026E-03 6.73275399136098E-03 6.73537717016359E-03 6.73788884786234E-03 6.73971574740956E-03 6.74169104025026E-03
0 0 0 0 0 0 0 0 0 0 0 0 0 0 0 0 0 0 0 0 0 0 0 0 0 0 0 0 0 0 0 0 0 0 0 0 0 0 0 0 0 0 0 0 0 0 0 0 0 0 0 0 0 0 6.71780721267654E-03 6.7211569933135E-03 6.72442050158221E-03 6.72756019980559E-03 6.73010165060026E-03 6.73275399136098E-03 6.73537717016359E-03 6.73788884786234E-03 6.74016459875178E-03 6.74235230805078E-03
0 0 0 0 0 0 0 0 0 0 0 0 0 0 0 0 0 0 0 0 0 0 0 0 0 0 0 0 0 0 0 0 0 0 0 0 0 0 0 0 0 0 0 0 0 0 0 0 0 0 0 6.7062392191788E-03 6.71040979688684E-03 6.71442248268361E-03 6.71780721267654E-03 6.7211569933135E-03 6.72442050158221E-03 6.72756019980559E-03 6.73047892436601E-03 6.73332312870646E-03 6.73605617472378E-03 6.73866905170504E-03 6.74112832426935E-03 6.74346899864478E-03
0 0 0 0 0 0 0 0 0 0 0 0 0 0 0 0 0 0 0 0 0 0 0 0 0 0 0 0 0 0 0 0 0 0 0 0 0 0 0 0 0 0 0 0 0 6.67579452161321E-03 6.68158921006081E-03 6.68707600422296E-03 6.69228350672964E-03 6.69728267994134E-03 6.70205829254173E-03 6.7062392191788E-03 6.71040979688684E-03 6.71442248268361E-03 6.71813291926377E-03 6.72166284173406E-03 6.72503636009727E-03 6.72827613032043E-03 6.73136385656587E-03 6.73434283036743E-03 6.73718759131609E-03 6.73990683539063E-03 6.74249005116659E-03 6.74494749071656E-03
0 0 0 0 0 0 0 0 0 0 0 0 0 0 0 0 0 0 0 0 0 0 0 0 0 0 0 0 0 0 0 0 0 0 0 0 0 0 0 0 0 0 0 6.66249378012014E-03 6.66948091434487E-03 6.67579452161321E-03 6.68158921006081E-03 6.68707600422296E-03 6.69228350672964E-03 6.69728267994134E-03 6.70205829254173E-03 6.7065833183916E-03 6.71091440660161E-03 6.71503903808781E-03 6.71891772503867E-03 6.72259524690975E-03 6.72609274691798E-03 6.72944402652801E-03 6.73265118058893E-03 6.73573481131198E-03 0.00673868408912 6.74150692266983E-03 6.74419830643682E-03 6.74676196541251E-03
6.21039218957747E-03 6.22463160131269E-03 6.23856429513801E-03 6.25222905749082E-03 6.26565165267716E-03 6.27893355261261E-03 6.29199055001945E-03 6.30482654336627E-03 6.31746473277954E-03 6.33002706450556E-03 6.34253106099379E-03 6.35502446135047E-03 6.36734614931626E-03 6.37942642221736E-03 6.39122208066842E-03 6.40283327213908E-03 6.41425265939543E-03 6.42555618506833E-03 6.43664227205345E-03 6.44752098572011E-03 6.45819260866374E-03 6.4687685341653E-03 6.47924339209943E-03 6.48966983923169E-03 6.4999099386462E-03 6.50991897356638E-03 6.51964203248151E-03 6.52915527997008E-03 6.53842121237831E-03 6.54750213971218E-03 6.55631782205624E-03 6.56491579728613E-03 6.57332994347988E-03 6.58172316239831E-03 6.59019649177882E-03 0 0 0 0 6.63141471949868E-03 6.63920302250114E-03 6.64730241677559E-03 6.65525062770121E-03 6.66249378012014E-03 6.66948091434487E-03 6.67598062398078E-03 6.68198299536575E-03 6.6875895058689E-03 6.69288434754329E-03 6.69795281965364E-03 6.70280378302413E-03 6.7074603279952E-03 6.71190532321565E-03 6.71613899963511E-03 6.72014347942172E-03 0.006723945285574 6.72756156135116E-03 6.73102412569767E-03 6.73434000469272E-03 6.73752563548883E-03 6.74057739431851E-03 6.7435027716155E-03 6.74629947382177E-03 6.74897077473123E-03
6.21039218957747E-03 6.22463160131269E-03 6.23856429513801E-03 6.25222905749082E-03 6.26565165267716E-03 6.27893355261261E-03 6.29199055001945E-03 6.30482654336627E-03 6.31746473277954E-03 6.33002706450556E-03 6.34253106099379E-03 6.35502446135047E-03 6.36734614931626E-03 6.37942642221736E-03 6.39122208066842E-03 6.40283327213908E-03 6.41425265939543E-03 6.42555618506833E-03 6.43664227205345E-03 6.44752098572011E-03 6.45819260866374E-03 6.4687685341653E-03 6.47924339209943E-03 6.48966983923169E-03 6.4999099386462E-03 6.50991897356638E-03 6.51964203248151E-03 6.52915527997008E-03 6.53842121237831E-03 6.54750213971218E-03 6.55631782205624E-03 6.56491579728613E-03 6.57332994347988E-03 6.58172316239831E-03 6.59019649177882E-03 6.59964457920581E-03 6.60792053337792E-03 6.61604094839524E-03 6.6240370835352E-03 6.63141471949868E-03 6.63920302250114E-03 6.64730241677559E-03 6.65525062770121E-03 6.66280253810866E-03 6.66992802045093E-03 6.67659362682245E-03 6.68277620558969E-03 6.68853800369441E-03 6.69396391663335E-03 6.69913954396276E-03 6.70408744470385E-03 6.70884353469287E-03 6.71338642150886E-03 6.71772060944627E-03 6.72183481792449E-03 6.72574870023861E-03 6.72947817537151E-03 6.73305105136336E-03 6.73647490190976E-03 6.73976433692326E-03 6.74291946467117E-03 6.74594793065735E-03 6.74885073662365E-03 6.75163148862636E-03
6.21073229059701E-03 6.22527362397648E-03 6.23935319830503E-03 6.25311052666735E-03 6.26660885153071E-03 6.27995139771746E-03 6.29306539388365E-03 6.30594433219565E-03 6.31862396016295E-03 6.33121381544829E-03 6.34374163234347E-03 6.35627139867896E-03 6.36862717069023E-03 6.38071260617824E-03 6.39251927721914E-03 6.40413925918795E-03 6.41557584901377E-03 6.42689017339565E-03 6.43799568582235E-03 6.44888865140924E-03 6.45958081323713E-03 6.4701661197417E-03 6.4806508795877E-03 6.49109434392224E-03 6.50135213861191E-03 6.51135819462781E-03 6.52108051494431E-03 6.53058371975567E-03 6.53983953489979E-03 6.54889326971301E-03 6.55767671290696E-03 6.56621833968704E-03 6.57455626974246E-03 6.58282656078123E-03 6.59111849554397E-03 6.59964457920581E-03 6.60792053337792E-03 6.61604094839524E-03 6.6240370835352E-03 6.63195378160179E-03 6.63997130616269E-03 6.64811393541067E-03 6.65607883514368E-03 6.66370513671754E-03 6.67092115869581E-03 6.67771936978459E-03 6.68406222005413E-03 6.6899870886273E-03 6.69556200625138E-03 6.70086328182568E-03 6.70592144503783E-03 6.71077669984889E-03 6.71541527271811E-03 6.71984527687925E-03 6.72406141553049E-03 6.72808072401079E-03 6.73191902164747E-03 6.73560022343527E-03 6.73913136815197E-03 6.74252456106208E-03 6.74578276455305E-03 6.74891447086618E-03 6.75192312354228E-03 6.75481226300644E-03
6.21181395470808E-03 6.22653442719381E-03 6.24078272343083E-03 6.25468430234409E-03 6.26831182296854E-03 6.28175733365188E-03 6.29497069480488E-03 6.3079423585482E-03 6.32071727273983E-03 6.33338056050981E-03 6.34596105432083E-03 6.35852733713018E-03 6.3709097735187E-03 6.38300861198406E-03 6.39484887296122E-03 6.40650123587793E-03 6.41797682524051E-03 6.42931700709919E-03 6.44046134449716E-03 6.45139593383103E-03 6.4621421697975E-03 6.47276569286872E-03 6.48327879769103E-03 6.49373619566804E-03 6.50400090823678E-03 6.5140002795056E-03 6.52372565252444E-03 6.53321980398467E-03 6.54246385482972E-03 6.55148319515029E-03 6.56023216812339E-03 6.56872364628714E-03 6.57700252205256E-03 6.58517109252022E-03 6.59330372416537E-03 6.60151653790161E-03 6.60965655566556E-03 6.6177118014022E-03 6.62570088260441E-03 6.63370638295802E-03 6.64174773369901E-03 6.64983074650231E-03 6.65774759394757E-03 6.66537535460453E-03 6.67264148724791E-03 6.67953522466853E-03 6.68600767077213E-03 6.69207757606143E-03 6.69779237138026E-03 6.70321727597351E-03 6.70838510505728E-03 6.71333728888509E-03 6.71806752589391E-03 6.7225878460917E-03 6.72689930830461E-03 6.73101778659397E-03 6.73495941955981E-03 6.73874434023472E-03 6.74237902969079E-03 6.7458730552386E-03 6.74923254900964E-03 6.7524655555162E-03 6.75557737210795E-03 6.75857101631593E-03
6.21341524838737E-03 6.22831476372763E-03 6.24276166293283E-03 6.25685288735317E-03 6.27065499347388E-03 6.28423987447983E-03 6.29758595324096E-03 6.31069915784013E-03 6.32361575013534E-03 6.3363977426312E-03 6.34906755260535E-03 6.36165990252489E-03 6.37405751234336E-03 6.38619804124552E-03 6.3981023059817E-03 6.40981879506369E-03 6.42135935076817E-03 6.4327488586861E-03 6.44395033496833E-03 6.45495753058651E-03 6.46578585360467E-03 6.47647757724111E-03 6.48704191201594E-03 6.49750270913798E-03 6.50775936223322E-03 6.51776102660175E-03 6.52749840087679E-03 6.53699315925569E-03 6.5462309748991E-03 6.55522389839692E-03 6.56394521091684E-03 6.57241082548137E-03 6.58066073244456E-03 6.58877363853104E-03 6.59681369693185E-03 6.60486210013736E-03 6.6128675479404E-03 6.62083014308442E-03 6.62876109471408E-03 6.63671419548926E-03 6.64467843400863E-03 6.65264270039264E-03 6.66046229127081E-03 6.66804458665612E-03 6.67531741291327E-03 6.68225611441489E-03 6.68881058449016E-03 6.69498400974303E-03 6.70080935262986E-03 6.70633794199112E-03 6.71160223498432E-03 6.71663799702842E-03 6.72144825113672E-03 6.7260477717863E-03 6.73044347213366E-03 6.73465197074553E-03 6.73868869161084E-03 6.74256925072798E-03 6.74629984357786E-03 6.74988891029727E-03 6.75334394400126E-03 6.75667323787248E-03 6.7598825119546E-03 6.76297431193918E-03
6.21549450577467E-03 6.23060317858755E-03 6.24527999927938E-03 6.25959610192862E-03 6.27360924272972E-03 6.28737419605534E-03 6.30089499937478E-03 6.31418892348312E-03 6.32727837097909E-03 6.34020616758762E-03 6.35298629616031E-03 6.3656263510127E-03 6.37807126362733E-03 6.39028998942032E-03 6.40228782103635E-03 6.41409620663114E-03 6.4257273146036E-03 6.43719522963178E-03 6.44848319449554E-03 6.45958912038794E-03 6.47051708125096E-03 6.48129072022664E-03 6.49191303591657E-03 6.50238450180833E-03 6.51264876124631E-03 6.52266965248393E-03 6.53242824267398E-03 6.54193145675921E-03 6.55117041429145E-03 6.56014971653743E-03 6.5688600579436E-03 6.57731861065741E-03 6.58555687941603E-03 6.59363673919888E-03 6.60161435440307E-03 6.60955187764612E-03 6.61744836494055E-03 0.006625317203727 6.63316387399951E-03 6.6410188603275E-03 6.64886826889609E-03 6.65669446629045E-03 6.66439625554443E-03 6.67189827104493E-03 6.67912992455957E-03 6.68605913622253E-03 6.69264101495762E-03 6.69886558683276E-03 6.70475630082797E-03 6.71035133054036E-03 6.71568153509536E-03 6.72077614106138E-03 6.72564822594119E-03 6.73031145733755E-03 6.7347785401504E-03 6.7390643301207E-03 6.74318336422221E-03 6.74714741032131E-03 6.75096417424058E-03 6.75463970412963E-03 6.75818264379871E-03 6.76160057090999E-03 6.76489928659501E-03 6.76808060046885E-03
6.21810872109775E-03 6.23346055602401E-03 6.24839711966743E-03 6.2629717997923E-03 6.27723209783561E-03 6.2912255857983E-03 6.30496515698986E-03 6.31847054820713E-03 6.33175838434235E-03 6.34485836040282E-03 6.35777752609079E-03 6.37051917257008E-03 6.38305958354649E-03 6.39538704713064E-03 6.40750412528148E-03 6.4194321939094E-03 6.4311811041965E-03 6.4427622679702E-03 6.4541662250126E-03 6.46539010975932E-03 6.47643113865889E-03 6.48730007512079E-03 6.49799351280385E-03 6.50850549150608E-03 6.51880037006706E-03 6.5288510099645E-03 6.53863574451525E-03 6.54815453023151E-03 6.55740060585316E-03 6.5663787916338E-03 6.57508778970702E-03 6.58354469518918E-03 6.59177605944175E-03 6.59983290973396E-03 6.60776475170868E-03 6.61562667078259E-03 6.62343764526059E-03 6.6312182611154E-03 6.63897302901303E-03 6.64672041771649E-03 6.65444599397065E-03 6.66213268764976E-03 6.66970161112629E-03 6.67708952529152E-03 6.68423341961139E-03 6.6911013620222E-03 6.69765173354715E-03 6.70387054335134E-03 6.70977369170952E-03 6.71539009887206E-03 6.72074735547433E-03 6.72587120567932E-03 6.73077820091041E-03 6.73548295782078E-03 6.74000007035093E-03 6.74434346696543E-03 6.74852619691504E-03 6.75255768697699E-03 6.7564452829392E-03 6.76019387639329E-03 6.76381201999147E-03 6.76730650454061E-03 6.7706824630117E-03 6.77394080082091E-03
6.22131325181898E-03 6.23695228084753E-03 6.25218564595743E-03 6.26705595540967E-03 6.28160244133266E-03 6.29586761499282E-03 6.30986539625091E-03 6.3236145378938E-03 6.33713029957734E-03 6.35043450024883E-03 6.36353139269407E-03 6.37642569532221E-03 6.38910916243772E-03 6.40158108070296E-03 6.41384759692246E-03 6.42592527356564E-03 6.43782215005918E-03 6.44954829386112E-03 6.46109496656502E-03 6.47245639562866E-03 6.48362613941055E-03 6.49460639275187E-03 6.50538956463624E-03 6.51596815732222E-03 6.52631468948203E-03 6.5364053728715E-03 6.54622074488519E-03 6.55575902771439E-03 6.56501582862107E-03 6.57399764065393E-03 6.58270689790467E-03 6.59116005120605E-03 6.59938226899691E-03 6.60741827915198E-03 6.61531323206124E-03 6.6231186238694E-03 6.63085969917693E-03 6.63855874506683E-03 6.64622157783004E-03 6.65386095678728E-03 6.66146131407258E-03 6.6690060903909E-03 6.6764284270246E-03 6.68367479139742E-03 6.69069323476113E-03 6.69745566871594E-03 6.70392521671393E-03 6.71008601514406E-03 6.71595021613953E-03 6.72154169991731E-03 6.72688627471221E-03 6.73200621481768E-03 6.73691920994645E-03 6.74163912544106E-03 6.74618128595804E-03 6.75055883475869E-03 6.75478400149721E-03 6.7588634675915E-03 6.7628038551654E-03 6.76660831646859E-03 6.77028503838117E-03 6.77384003062784E-03 6.77727741022393E-03 6.78059662287313E-03
6.22519315369563E-03 6.24116821881575E-03 6.25674166679754E-03 6.27194850317536E-03 6.28682229370139E-03 6.30139831632509E-03 6.3156916868771E-03 6.32972073471166E-03 6.34349960832505E-03 6.35704469366113E-03 6.37036022153814E-03 6.38345242471824E-03 6.39632246337999E-03 6.40897763552978E-03 6.42142770987473E-03 6.43368664953488E-03 6.44576168100627E-03 6.45766076888111E-03 6.46937427585194E-03 6.48089389589444E-03 6.49221003373769E-03 6.50331876041766E-03 0.006514209119158 6.52487391913168E-03 6.53528676606919E-03 6.54542482707502E-03 6.55527226668854E-03 6.56482930713437E-03 6.57409416593181E-03 6.58307588107261E-03 6.59177930018571E-03 6.60022106602305E-03 6.60842712310337E-03 0.006616439323852 6.62429967068588E-03 0.006632056720802 6.63973551211403E-03 6.64735643162346E-03 6.65492654802259E-03 6.66245578754076E-03 6.66992802494467E-03 6.67732176032799E-03 6.68458050930618E-03 6.69166106641696E-03 6.69852317660868E-03 6.70514219494778E-03 6.71148709174924E-03 6.71754435713244E-03 6.72332537170661E-03 6.72885189151742E-03 6.73414751138588E-03 6.7392314908582E-03 6.74412113911022E-03 6.74882897367938E-03 6.7533704756774E-03 6.75775841544635E-03 6.76200328999819E-03 6.76610911513246E-03 6.77008122619178E-03 6.77392166124655E-03 6.77763799589632E-03 6.78123483732503E-03 6.78471472171902E-03 6.78807536174197E-03
6.22985337984646E-03 6.2462135278495E-03 6.26217189124905E-03 6.27775663494343E-03 6.2929971407716E-03 6.30792176832502E-03 6.32254842022153E-03 6.33689440959066E-03 6.35097279904145E-03 6.36479595961446E-03 6.37836987017269E-03 6.39170136676912E-03 6.40479905612283E-03 6.4176756511034E-03 6.43034327244558E-03 6.4428140268133E-03 6.45509477642259E-03 6.46719114228192E-03 6.47909270191163E-03 6.49078882987459E-03 6.50226705811445E-03 6.5135186968763E-03 6.5245294816303E-03 6.5352914415782E-03 6.54577554373072E-03 6.55596031671613E-03 6.56583475245009E-03 6.57540300240419E-03 6.58466603120874E-03 6.59363582088192E-03 6.60231975298494E-03 6.61073671826942E-03 6.61891528817843E-03 6.62689587942372E-03 6.6347170920881E-03 6.64242418049871E-03 6.65003805801205E-03 6.65757611665077E-03 6.66504575608807E-03 6.67245432086886E-03 0.006679783675665 6.68700948425611E-03 6.69408785717943E-03 6.70098248313806E-03 6.70766415745834E-03 6.71411174430644E-03 6.72030336796391E-03 6.72622615512813E-03 6.7318934897662E-03 6.7373253900942E-03 6.74254355030112E-03 6.74756435787923E-03 6.75240541288626E-03 6.75707731781371E-03 6.76159639533248E-03 6.76597343053618E-03 6.77021645202665E-03 6.77432673582388E-03 6.77830928332649E-03 6.78216449576854E-03 6.78589900248763E-03 6.78951614382485E-03 6.79301655632909E-03 6.7963964524015E-03
6.23543718379394E-03 6.25223053792269E-03 6.26861838143893E-03 0.006284623037047 6.30026970678268E-03 6.31558218198916E-03 6.33057944291523E-03 6.3452783400336E-03 6.35969145844886E-03 6.37382882174542E-03 6.38769780081636E-03 6.40130598482921E-03 6.41466749550324E-03 6.42779952194955E-03 6.44071517774467E-03 6.45342502747359E-03 6.46593486343255E-03 6.47824719406279E-03 6.49035100916733E-03 6.50223487415288E-03 6.51388376213387E-03 6.52528458783221E-03 6.53641975794224E-03 6.5472767288885E-03 6.55782434316739E-03 6.56804499706259E-03 6.5779328810407E-03 6.58749598638749E-03 6.59673975267245E-03 6.60567804361106E-03 6.61432251996016E-03 6.62269732967473E-03 6.6308335994088E-03 6.63877005139406E-03 6.64654250919768E-03 6.65418989957034E-03 6.66172813502836E-03 6.66917236590637E-03 6.67652898881021E-03 6.68380138105308E-03 6.6909706574552E-03 6.69801167964229E-03 6.70489089938193E-03 6.71158163408699E-03 6.71806362531348E-03 6.72431954373822E-03 6.73033401297168E-03 6.73609943172737E-03 6.74163101519822E-03 6.74694660134912E-03 6.75206576322752E-03 6.75700328754367E-03 6.76177549571911E-03 6.76639298720202E-03 6.77087140181551E-03 6.77521774355678E-03 6.77943716709898E-03 6.78352983703439E-03 6.7874999123191E-03 6.79134701623799E-03 6.79507696745039E-03 6.79869041704957E-03 6.80218639431617E-03 6.80556063881075E-03
6.24211243254306E-03 6.25938685358543E-03 6.27624816667471E-03 6.2927132950478E-03 6.30880424574277E-03 6.32454114662415E-03 6.33994389575641E-03 6.35502878910434E-03 6.36980887649448E-03 6.38429248410818E-03 6.39848911689654E-03 6.41240639301487E-03 6.42606333549042E-03 6.43947985268436E-03 6.45266845357704E-03 6.46563735335099E-03 6.47839054243087E-03 6.49092807465288E-03 6.50323947000234E-03 6.51531212452149E-03 6.52712827036251E-03 6.53867089471813E-03 6.54991798119223E-03 6.56085328659911E-03 6.57144558621145E-03 6.58168034178793E-03 6.59155635484173E-03 6.60108765782571E-03 6.61028548036556E-03 6.61916692430414E-03 6.62775059974945E-03 6.63606395720513E-03 6.64413881353942E-03 6.65201254528833E-03 6.65971755904609E-03 6.66728771610505E-03 6.67473474821854E-03 6.68206871758512E-03 6.68929288405804E-03 6.69640861724839E-03 6.70339905344245E-03 6.7102388041531E-03 6.71690602823188E-03 6.72338096896435E-03 6.72965157517153E-03 6.73570390598085E-03 6.74153058967228E-03 6.74712630120305E-03 6.75250769959573E-03 6.75769274151692E-03 6.76270061803873E-03 6.76754321140996E-03 6.7722348396889E-03 6.77678453136451E-03 6.78120458148836E-03 6.78550031542414E-03 6.78967578386865E-03 6.79372942478632E-03 6.79766375612915E-03 6.80147755520899E-03 6.80517486862078E-03 6.8087559901906E-03 6.81221976864133E-03 6.81556121633215E-03
6.25008317810382E-03 6.26788408502012E-03 6.28525979599723E-03 6.30222306726419E-03 6.31879336807581E-03 6.33498828679777E-03 6.35082805137867E-03 6.36632910536798E-03 6.38150436129668E-03 6.39636194108886E-03 6.41091312022849E-03 6.4251666876701E-03 6.43914473510174E-03 6.45286782619753E-03 6.46634593480775E-03 6.47958451786633E-03 6.49258565162083E-03 6.50534757242917E-03 6.51785953036573E-03 6.53010797606598E-03 6.54207350914195E-03 6.55373641762197E-03 6.56507018592361E-03 6.57605390853954E-03 6.58665606655915E-03 6.59686814628068E-03 6.60669735125948E-03 6.61616454271851E-03 6.62528561523619E-03 6.63408248999037E-03 6.64257918331468E-03 6.65080603913665E-03 6.65879581638911E-03 6.66658447175931E-03 6.67420031627027E-03 6.68167130439862E-03 6.68900340123045E-03 6.69620277530779E-03 6.70327111203369E-03 6.71020911951168E-03 6.71700071914839E-03 6.72362434294664E-03 6.73006761224422E-03 6.73631800115981E-03 6.74236943562572E-03 6.74821149594111E-03 6.75384260820694E-03 6.75926062821893E-03 6.76448478146964E-03 6.7695326839092E-03 6.77442187418426E-03 6.77916073031719E-03 6.78376147698589E-03 6.78823031562223E-03 6.79257632954307E-03 6.79680300291448E-03 6.80091339183429E-03 6.80490435556537E-03 6.80877734663012E-03 6.81253013204704E-03 6.81616607071674E-03 6.81968508719369E-03 6.82308623387541E-03 6.82636391953654E-03
6.25958336024777E-03 6.2779526775091E-03 6.29587928135185E-03 6.31337331767194E-03 6.33045302730148E-03 6.34713456007187E-03 6.36343849229344E-03 6.37938091277688E-03 6.39497442350796E-03 6.41022756325306E-03 6.42515403263269E-03 6.43976418817427E-03 6.45408087105991E-03 6.46812252012346E-03 6.48189505420519E-03 6.49540141455496E-03 6.50864180012305E-03 6.52161287043558E-03 6.53430289987875E-03 6.54669731425807E-03 6.55877671655343E-03 6.57052094763743E-03 6.58189884724141E-03 6.59288256099614E-03 6.60344314139306E-03 6.61358502084859E-03 6.62332729330795E-03 6.63269580457359E-03 6.64170932832655E-03 6.65039258915483E-03 6.65877313285465E-03 6.66688462406905E-03 0.006674761641024 6.68243803165633E-03 6.68993657119311E-03 6.6972783751569E-03 6.70446395444652E-03 6.71149939330285E-03 6.71838805984614E-03 6.72512936967484E-03 6.73170865645507E-03 6.73810723027064E-03 6.74432159412117E-03 6.75034509459689E-03 6.75617664600265E-03 6.76180737039007E-03 6.76724138315448E-03 6.77247976984669E-03 6.77754524430769E-03 6.78245336162652E-03 6.78721767238212E-03 6.79184308868198E-03 6.79634044743367E-03 6.80071327439593E-03 6.80496806725726E-03 6.80910571727471E-03 6.81312744705945E-03 6.81702896782064E-03 6.82081175643227E-03 6.82447304503924E-03 6.82801623417877E-03 6.83144057007175E-03 6.83474452247871E-03 6.83792250363529E-03
6.27086935282346E-03 6.28984194264429E-03 6.30834850623928E-03 6.32639934523807E-03 6.34401174164966E-03 6.36120266839883E-03 6.37799173043072E-03 6.39439388716383E-03 6.41042141422472E-03 6.42608477275385E-03 6.44139830396467E-03 6.45637719567266E-03 6.47104096965599E-03 6.48540105643418E-03 6.49945946956298E-03 6.5132185367108E-03 6.52667604448327E-03 6.53982677979515E-03 6.55265732395599E-03 6.56515143898593E-03 6.5772915380613E-03 6.58905931877473E-03 6.60042359776021E-03 6.61134207989688E-03 6.62179952455321E-03 6.63182196327149E-03 6.64143754640132E-03 6.65067115547401E-03 6.65954365501934E-03 6.66808120737929E-03 6.67631428660788E-03 6.68427963201011E-03 6.69201239375512E-03 6.69954237014938E-03 6.70688967045654E-03 6.71406379141452E-03 6.72106520532323E-03 6.72790599390205E-03 6.73459167855887E-03 6.74111717955126E-03 6.74746875736679E-03 6.75363547937133E-03 6.75961979327866E-03 6.76541912567528E-03 6.77103377902308E-03 6.77645681052646E-03 6.78169521409383E-03 6.78675729771185E-03 6.79166692203394E-03 6.7964328665031E-03 6.80106376109293E-03 6.80556359255674E-03 6.80994192974737E-03 6.81419992222768E-03 6.81834197273995E-03 6.82236592497149E-03 6.82627099728889E-03 6.83005313352964E-03 6.83371365739694E-03 6.83725048274468E-03 6.84066700108084E-03 6.84396034577617E-03 6.8471282731761E-03 6.85016629237863E-03
