NongDo/Fusa 14h.grd
DSAA
463	323
2	464
2	324
0	10
[rows 56 to 83 of 323, columns 256 to 319 of 463]
0 0 0 0 0 0 0 0 0 0 0 0 0 0 0 0 0 0 0 0 0 0 0 0 0 0 0 0 0 0 0 0 0 0 0 0 0 0 0 0 0 0 0 0 0 0 0 0 0 0 0 0 0 0 0 0 0 0 0 0 0 0 0 0
0 0 0 0 0 0 0 0 0 0 0 0 0 0 0 0 0 0 0 0 0 0 0 0 0 0 0 0 0 0 0 0 0 0 0 0 0 0 0 0 0 0 0 0 0 0 0 0 0 0 0 0 0 0 0 0 0 0 0 0 0 0 0 0
0 0 0 0 0 0 0 0 0 0 0 0 0 0 0 0 0 0 0 0 0 0 0 0 0 0 0 0 0 0 0 0 0 0 0 0 0 0 0 0 0 0 0 0 0 0 0 0 0 0 0 0 0 0 0 0 0 0 0 0 0 0 0 0
0 0 0 0 0 0 0 0 0 0 0 0 0 0 0 0 0 0 0 0 0 0 0 0 0 0 0 0 0 0 0 0 0 0 0 0 0 0 0 0 0 0 0 0 0 0 0 0 0 0 0 0 0 0 0 0 0 0 0 0 0 0 0 0
0 0 0 0 0 0 0 0 0 0 0 0 0 0 0 0 0 0 0 0 0 0 0 0 0 0 0 0 0 0 0 0 0 0 0 0 0 0 0 0 0 0 0 0 0 0 0 0 0 0 0 0 0 0 0 0 0 0 0 0 0 0 0 0
0 0 0 0 0 0 0 0 0 0 0 0 0 0 0 0 0 0 0 0 0 0 0 0 0 0 0 0 0 0 0 0 0 0 0 0 0 0 0 0 0 0 0 0 0 0 0 0 0 0 0 0 0 0 0 0 0 0 0 0 0 0 0 0
0 0 0 0 0 0 0 0 0 0 0 0 0 0 0 0 0 0 0 0 0 0 0 0 0 0 0 0 0 0 0 0 0 0 0 0 0 0 0 0 0 0 0 0 0 0 0 0 0 0 0 0 0 0 0 0 0 0 0 0 0 0 0 0
0 0 0 0 0 0 0 0 0 0 0 0 0 0 0 0 0 0 0 0 0 0 0 0 0 0 0 0 0 0 0 0 0 0 0 0 0 0 0 0 0 0 0 0 0 0 0 0 0 0 0 0 0 0 0 0 0 0 0 0 0 0 6.67787091539026E-03 6.67841204239226E-03
0 0 0 0 0 0 0 0 0 0 0 0 0 0 0 0 0 0 0 0 0 0 0 0 0 0 0 0 0 0 0 0 0 0 0 0 0 0 0 0 0 0 0 0 0 0 0 0 0 0 0 0 0 0 0 0 0 0 6.67357365521916E-03 6.6749764192606E-03 6.67645217865843E-03 6.67779525993387E-03 6.67787091539026E-03 6.67841204239226E-03
0 0 0 0 0 0 0 0 0 0 0 0 0 0 0 0 0 0 0 0 0 0 0 0 0 0 0 0 0 0 0 0 0 0 0 0 0 0 0 0 0 0 0 0 0 0 0 0 0 0 0 0 0 0 6.66612084486898E-03 6.66829928208535E-03 6.67052341799129E-03 6.67262641210154E-03 6.67357365521916E-03 6.6749764192606E-03 6.67645217865843E-03 6.67779525993387E-03 6.67877798925796E-03 6.67969105181993E-03
0 0 0 0 0 0 0 0 0 0 0 0 0 0 0 0 0 0 0 0 0 0 0 0 0 0 0 0 0 0 0 0 0 0 0 0 0 0 0 0 0 0 0 0 0 0 0 0 0 0 0 6.65827914248991E-03 6.66133692750108E-03 6.66430568997854E-03 6.66612084486898E-03 6.66829928208535E-03 6.67052341799129E-03 6.67262641210154E-03 6.67440332528871E-03 6.67614058462099E-03 6.6777962481034E-03 6.67931495097351E-03 6.68063731788478E-03 6.68181350043881E-03
0 0 0 0 0 0 0 0 0 0 0 0 0 0 0 0 0 0 0 0 0 0 0 0 0 0 0 0 0 0 0 0 0 0 0 0 0 0 0 0 0 0 0 0 0 6.63329557924704E-03 6.63808590246976E-03 6.64276827464847E-03 6.64725395344567E-03 6.65153368387127E-03 6.65552498360456E-03 6.65827914248991E-03 6.66133692750108E-03 6.66430568997854E-03 6.66691025880039E-03 6.66941286047185E-03 6.67181397941098E-03 6.67408538398123E-03 6.67617901077087E-03 6.67814877129607E-03 6.67997630008597E-03 6.68165692867219E-03 6.68317399977001E-03 6.68453347952218E-03
0 0 0 0 0 0 0 0 0 0 0 0 0 0 0 0 0 0 0 0 0 0 0 0 0 0 0 0 0 0 0 0 0 0 0 0 0 0 0 0 0 0 0 6.62250837042358E-03 6.62848499902622E-03 6.63329557924704E-03 6.63808590246976E-03 6.64276827464847E-03 6.64725395344567E-03 6.65153368387127E-03 6.65552498360456E-03 6.65909972056765E-03 6.66248681421571E-03 6.66567166117261E-03 6.66860175782999E-03 6.67134577139204E-03 6.67392521815212E-03 6.67635503249435E-03 6.67862585667663E-03 6.68075212083157E-03 6.68272440899488E-03 6.68454531687677E-03 6.68620874665488E-03 6.68771628315265E-03
6.16287754053927E-03 6.17695490277168E-03 6.19092685107645E-03 6.20475523700812E-03 6.21841776294269E-03 6.23198838260962E-03 6.24535735652187E-03 6.25852018278846E-03 6.27149671121415E-03 6.28440989153711E-03 6.29726871448074E-03 6.31011473068355E-03 6.32277214404953E-03 6.33517108665519E-03 6.34727257586353E-03 6.3591874821873E-03 6.37090841732167E-03 6.38251468650268E-03 6.39389737202316E-03 6.40506927663706E-03 6.41603194259145E-03 6.42690179153983E-03 6.43766757566201E-03 6.44837920217861E-03 6.45888618447397E-03 6.46914243110871E-03 6.47909343139146E-03 6.48882353636136E-03 6.49829601217855E-03 6.50758137228226E-03 6.51660315235544E-03 6.52542761028265E-03 6.5341152348574E-03 6.54288095594521E-03 6.55191106299153E-03 0 0 0 0 6.59407521743754E-03 6.60144296439847E-03 6.60913784190686E-03 6.61656779658123E-03 6.62250837042358E-03 6.62848499902622E-03 6.63398236160856E-03 6.63912662020811E-03 6.64398048182482E-03 6.64857546300487E-03 6.65294576754156E-03 6.65706136853437E-03 6.66091398297177E-03 6.66452055276445E-03 6.66789259556295E-03 6.67102138110938E-03 6.67394131321946E-03 6.6766727156209E-03 6.67923988180536E-03 6.68164539687646E-03 6.68389952411618E-03 6.68599814570192E-03 6.68794518779695E-03 6.68973849252139E-03 6.69138107286796E-03
6.16287754053927E-03 6.17695490277168E-03 6.19092685107645E-03 6.20475523700812E-03 6.21841776294269E-03 6.23198838260962E-03 6.24535735652187E-03 6.25852018278846E-03 6.27149671121415E-03 6.28440989153711E-03 6.29726871448074E-03 6.31011473068355E-03 6.32277214404953E-03 6.33517108665519E-03 6.34727257586353E-03 6.3591874821873E-03 6.37090841732167E-03 6.38251468650268E-03 6.39389737202316E-03 6.40506927663706E-03 6.41603194259145E-03 6.42690179153983E-03 6.43766757566201E-03 6.44837920217861E-03 6.45888618447397E-03 6.46914243110871E-03 6.47909343139146E-03 6.48882353636136E-03 6.49829601217855E-03 6.50758137228226E-03 6.51660315235544E-03 6.52542761028265E-03 6.5341152348574E-03 6.54288095594521E-03 6.55191106299153E-03 6.56241444990092E-03 6.57100422143109E-03 6.5793150051886E-03 6.58736444799721E-03 6.59407521743754E-03 6.60144296439847E-03 6.60913784190686E-03 6.61656779658123E-03 6.62336560389264E-03 6.6297056521376E-03 6.63557675268639E-03 6.64100479584148E-03 6.64605652816785E-03 6.65079875634596E-03 6.65528908686155E-03 6.65952753921474E-03 6.66353165464084E-03 6.66728634471122E-03 6.67080159082837E-03 6.67407597436367E-03 6.67713463044037E-03 6.6799969904943E-03 6.68268774161506E-03 6.68521317885145E-03 6.68758364838581E-03 6.68979858728744E-03 6.69186329129541E-03 6.69377899358523E-03 6.69554989391811E-03
6.16372999489635E-03 6.17830736009923E-03 6.19250499950347E-03 6.20646132643892E-03 6.22022003430755E-03 6.23386533274161E-03 6.24730324453379E-03 6.26052001604526E-03 6.27354967576135E-03 6.28650091901653E-03 6.29939257867512E-03 6.31228134134143E-03 6.32497613455303E-03 6.33738013205699E-03 6.34949294753918E-03 6.36141663168266E-03 6.37315522852548E-03 6.38477100558105E-03 6.3961715929106E-03 6.40735605264583E-03 6.41833907140032E-03 6.42921763588917E-03 6.43999215201837E-03 6.45071766896936E-03 6.4612371966381E-03 6.47148258675021E-03 6.48142481495358E-03 6.49113550912863E-03 6.50058777735863E-03 6.50983268961549E-03 6.51880626451529E-03 6.52755303623217E-03 6.53613243740862E-03 6.54471044404981E-03 6.55340109148394E-03 6.56241444990092E-03 6.57100422143109E-03 6.5793150051886E-03 6.58736444799721E-03 6.59511134717975E-03 6.60289527147998E-03 6.61072469658069E-03 6.61825707109063E-03 6.62531675468447E-03 6.63188839485201E-03 6.63799945619438E-03 6.64364777272275E-03 6.64888767509265E-03 6.65378607386377E-03 6.65840460955563E-03 6.66276039926347E-03 6.66687986564131E-03 6.67074927793557E-03 6.67437866411383E-03 6.67777004542154E-03 6.6809452887443E-03 6.6839235480633E-03 6.6867274256325E-03 6.68936411921868E-03 6.69184321705694E-03 6.69416702736703E-03 6.69634280211766E-03 6.6983743070741E-03 6.7002659151184E-03
6.16576562597483E-03 6.18065875321042E-03 6.19511008569571E-03 6.20926287384105E-03 6.22318608573512E-03 6.23696034492033E-03 6.25052008956029E-03 6.26385062888936E-03 6.27699660995376E-03 6.29004066372999E-03 6.30300201261872E-03 0.006315938833568 6.32866599091955E-03 6.34108602252144E-03 6.35323597089355E-03 6.36519511771464E-03 6.37697538237715E-03 6.38861761616352E-03 6.40005756344613E-03 6.41128408016929E-03 0.006422322678381 6.43324034443139E-03 6.44404315883299E-03 6.45477830981685E-03 6.46529573299786E-03 6.47552215691336E-03 6.48545482035924E-03 6.49514222485535E-03 6.50456697121709E-03 6.51375834529596E-03 6.52267550540888E-03 6.5313444238593E-03 6.53982641200909E-03 6.54823915369044E-03 6.55665944109562E-03 6.56517908280279E-03 6.57356526768024E-03 6.58179042250982E-03 6.5898591801716E-03 6.59783197541736E-03 6.60574407269083E-03 6.61359016379471E-03 6.62114879570253E-03 6.62830277751316E-03 6.63500749366454E-03 6.64127816801326E-03 6.6470947983177E-03 6.6524954177298E-03 6.65753449667843E-03 6.66227208487073E-03 6.66673357245138E-03 6.67095016177988E-03 6.67491423233352E-03 6.67863815065376E-03 6.68212824091907E-03 6.68540451942075E-03 6.68848608741528E-03 6.69139283016574E-03 6.69413189115569E-03 6.69671190902085E-03 6.69913839215782E-03 6.70141875940384E-03 6.70355849379052E-03 6.7055619272239E-03
6.16856300058115E-03 6.1837308785449E-03 6.19845748941723E-03 6.21285740002739E-03 6.22699930606661E-03 6.24094789744462E-03 6.25467078083901E-03 6.26817132581495E-03 6.28148552374932E-03 6.29467158800784E-03 6.30774273387955E-03 6.32072018121416E-03 6.33347321438013E-03 6.34594565397823E-03 6.35817064016253E-03 6.37020321266513E-03 6.38205604994112E-03 6.39375260947443E-03 6.40525325854853E-03 6.41655531996999E-03 6.42767818878283E-03 6.43866407186207E-03 6.44951637977127E-03 6.46024807797689E-03 6.47074632089813E-03 6.48096261571616E-03 6.49089432613925E-03 6.50056714922635E-03 6.50996836867732E-03 6.51911287163004E-03 6.52797856966086E-03 6.53659303586277E-03 6.54500900084702E-03 6.55331358748733E-03 6.56156880405922E-03 6.56983614571908E-03 6.57802896321691E-03 6.58613084911305E-03 6.59414020066068E-03 6.60209479128923E-03 6.60997163822298E-03 6.61774279588848E-03 6.62525337020201E-03 6.63241773507911E-03 6.63918221989022E-03 6.64554060282344E-03 6.65146580004723E-03 6.65698080488947E-03 6.66212937487887E-03 6.66696352008951E-03 6.67151289767083E-03 6.67580632582541E-03 6.67984515706846E-03 6.68364466432097E-03 6.68721529549653E-03 6.69057749954436E-03 6.69374948257586E-03 6.69674719576809E-03 6.69957751564037E-03 6.70224916121156E-03 6.70476913740566E-03 6.70714546676957E-03 6.70938406717637E-03 6.71148889123722E-03
6.17196392051062E-03 6.18742135479754E-03 6.20244929459256E-03 6.21713313597217E-03 6.23153437173721E-03 6.24570416341723E-03 6.25963998185109E-03 6.27335617656788E-03 6.28687287246745E-03 6.30022855063867E-03 6.31342870815266E-03 6.32647058317595E-03 6.33929159018357E-03 6.35186437393388E-03 6.36420231443195E-03 6.37634236252518E-03 6.38829798091583E-03 6.40008264801431E-03 0.00641167857437 6.42308567536532E-03 6.43430999177181E-03 6.44537443801742E-03 6.45627667309405E-03 6.46700854959762E-03 6.47750565359591E-03 6.48773207162406E-03 6.49767293061023E-03 6.50733876550933E-03 6.51672301219907E-03 6.52583343784829E-03 6.53466568562883E-03 6.54324564923586E-03 6.55161396333232E-03 6.55983816448235E-03 6.56797227459242E-03 6.57606595735282E-03 6.58409890732937E-03 6.5920702422972E-03 6.59997272996202E-03 6.60782218740457E-03 6.61558852255183E-03 6.62323715856407E-03 6.63065689417692E-03 6.63777450059692E-03 6.64453096113382E-03 6.65090829879203E-03 6.6568802324836E-03 6.66245481715435E-03 6.66766721697588E-03 6.67256001928297E-03 6.67716424969778E-03 6.68150639739097E-03 6.68559834436929E-03 6.68945460799621E-03 6.69309010243625E-03 6.69652271844589E-03 6.69976937133382E-03 6.70284331236158E-03 6.70575302396655E-03 6.70850557929069E-03 6.71110915385097E-03 6.71357126877402E-03 6.71589790616665E-03 6.7180924657451E-03
6.17599036571673E-03 6.19176422858477E-03 6.20712120150724E-03 6.22212502127894E-03 6.23682681042927E-03 6.25127249013838E-03 6.26547046932279E-03 6.27943709678547E-03 6.29318554141776E-03 6.30674101716964E-03 6.32010370181189E-03 6.33327019336953E-03 6.34621274522137E-03 6.35892150983048E-03 6.3714037000073E-03 6.38368460979274E-03 6.39577539512858E-03 6.4076875401611E-03 6.41941110873455E-03 6.43094386939201E-03 6.44228345132003E-03 6.45343945939451E-03 6.46440431341882E-03 6.47516617954763E-03 6.48568416791773E-03 6.49593019277178E-03 6.50588451586675E-03 6.51555002780737E-03 6.52492268030095E-03 6.53401086587592E-03 6.54281806038182E-03 6.55136788798335E-03 6.55969349077916E-03 6.56785012859693E-03 6.57588630281207E-03 6.5838495129346E-03 6.59174661688901E-03 6.59958613592528E-03 6.60736053336122E-03 6.61507478637321E-03 6.62269940079831E-03 6.63020186943101E-03 6.63749356884802E-03 6.64451013164973E-03 6.65119514423215E-03 6.65752681550829E-03 6.66347821339002E-03 6.66905133634401E-03 6.67427352478227E-03 6.67917966403064E-03 6.68379963549928E-03 6.68815926530991E-03 6.69227508603664E-03 6.69616298664783E-03 6.69983915011419E-03 6.70331985369571E-03 6.70662022339379E-03 6.70975183227331E-03 6.71272317499139E-03 6.71554070482376E-03 6.71821267649089E-03 6.72074586220721E-03 6.72314560329918E-03 6.72541444187739E-03
6.18067823647947E-03 6.1968116412477E-03 6.2125356098813E-03 6.22789989429171E-03 6.24294644432849E-03 6.25771668396528E-03 6.27222079244615E-03 6.2864741936375E-03 6.30048855739852E-03 6.31428151919015E-03 6.32785205072608E-03 6.34120056373547E-03 6.35431652466686E-03 6.3672002730259E-03 6.37986063928202E-03 6.39231656407391E-03 6.4045768795639E-03 6.41665162399359E-03 6.42853137516966E-03 6.44021026499898E-03 6.45168154951929E-03 6.46294613018416E-03 6.47399329164043E-03 6.48481161912415E-03 6.49537007908731E-03 6.50564371221561E-03 6.51561407590426E-03 6.52528175513383E-03 6.53464510908194E-03 6.54371414655842E-03 0.006552495621588 6.56101121016882E-03 6.56929117411311E-03 0.00657738363753 6.58533352749575E-03 6.5931875699512E-03 6.6009625812067E-03 6.60867089352295E-03 6.61630753930968E-03 6.62387325693667E-03 6.6313393286273E-03 6.63867582257458E-03 6.64580697053162E-03 6.65267685760588E-03 6.65923717178139E-03 6.66546674370213E-03 6.67134006554853E-03 6.67685446208931E-03 6.68203237475929E-03 6.68690433581154E-03 6.69149965772241E-03 6.69584249380197E-03 6.69995151257374E-03 6.7038422723283E-03 6.70753136875911E-03 6.7110340342753E-03 6.7143644100591E-03 6.71753173449862E-03 6.72054409786118E-03 6.72340667188869E-03 6.72612750186789E-03 6.7287127677475E-03 6.73116682916841E-03 6.7334908097602E-03
6.18610535493727E-03 6.20265070855323E-03 6.2187886102301E-03 6.23455880068596E-03 6.24999660881411E-03 6.26513603227892E-03 6.27998883947238E-03 6.29457035210201E-03 6.30889139677066E-03 6.32296460678877E-03 6.33679018514652E-03 6.35037151335156E-03 6.36370840946146E-03 6.37680891200122E-03 6.38968430566165E-03 6.40234963802278E-03 6.41481222659149E-03 6.42707948423897E-03 6.43914066763474E-03 6.45098701812197E-03 6.46260838667782E-03 6.47399957578507E-03 6.48514723972529E-03 6.49604152886049E-03 6.50665352373059E-03 6.51695952274192E-03 6.52694463320551E-03 6.53661122057937E-03 6.54596013114523E-03 6.55500367810158E-03 6.56375058621955E-03 6.57222197055967E-03 6.58044804753544E-03 6.58847350003794E-03 6.59634041650469E-03 6.60409387750937E-03 6.61175254339188E-03 6.61932855854575E-03 6.62681977246304E-03 6.63422566559931E-03 6.64151912480049E-03 6.64866718831764E-03 6.65560568669251E-03 6.66228926052156E-03 6.66867976301037E-03 6.67475717482383E-03 6.68049877387505E-03 6.68590211094863E-03 6.69098722934177E-03 6.69578224208325E-03 6.70031468584359E-03 6.70460665605413E-03 6.70867708486434E-03 6.71254069040566E-03 6.71621404401467E-03 6.71971187500249E-03 6.72304656730081E-03 6.72622499829683E-03 6.72925421200196E-03 6.73213873175488E-03 6.73488629154885E-03 6.73750176144758E-03 6.73998803904434E-03 6.74234456493308E-03
6.19237047984195E-03 6.20938354165511E-03 6.22598602527759E-03 6.24220910397006E-03 6.25808311378114E-03 6.2736350883789E-03 6.28888014434913E-03 6.3038326754225E-03 6.31850261296841E-03 6.33289911330702E-03 6.34702517922461E-03 6.36088568494123E-03 6.37448852535533E-03 6.38784677519916E-03 6.40097312697824E-03 6.41387985619563E-03 6.42657328518385E-03 6.43905797574716E-03 6.45132207600392E-03 6.46335420440743E-03 6.47514124726608E-03 6.48667345567786E-03 6.49793472146071E-03 6.50891500798555E-03 6.51958331187762E-03 6.52991799725235E-03 6.53990951001611E-03 6.54956423187887E-03 6.55888564446706E-03 6.56788871542667E-03 6.5765843439284E-03 6.58499556038469E-03 6.5931548078944E-03 6.60110484569739E-03 6.60888419744193E-03 6.61653504954796E-03 6.62407294623723E-03 6.6315084976514E-03 6.63884139653878E-03 6.64607005707633E-03 6.65316719186663E-03 6.66009970488323E-03 6.66681771037101E-03 6.67328307407458E-03 6.67946780264724E-03 6.68535429266036E-03 6.69092679855931E-03 6.69618132550043E-03 6.70113817187029E-03 6.70582286097122E-03 6.71026078830461E-03 6.71447166850899E-03 6.71847506002603E-03 6.72228433397333E-03 6.72591684910298E-03 6.72938521370228E-03 6.73269926884162E-03 6.73586346362098E-03 6.73888476612595E-03 6.74176645106428E-03 6.7445155997848E-03 6.74713609535911E-03 6.74962909153313E-03 6.7519926655439E-03
6.19961790391643E-03 6.21715523197232E-03 6.23427437621679E-03 6.25099935927315E-03 6.26735577850929E-03 6.28336610973556E-03 6.29904697469182E-03 6.31441247896327E-03 6.32947232195954E-03 6.34423376943425E-03 6.35870198472174E-03 6.37288319982478E-03 6.38679118103717E-03 6.40044314535699E-03 6.41385199056723E-03 6.42702769788895E-03 6.43997503640272E-03 6.45269496222448E-03 6.46517480973571E-03 6.47740235167888E-03 6.48936195653663E-03 6.50103967313105E-03 6.51241657087884E-03 6.52347825169403E-03 6.53419198876871E-03 6.54454101919173E-03 6.5545217345274E-03 6.56414452655546E-03 6.57341742276105E-03 6.5823570707268E-03 6.59097834447553E-03 6.59930950846805E-03 6.60738527797594E-03 6.61524616619056E-03 6.62292765859765E-03 6.63046542371739E-03 6.63787042546936E-03 6.6451522888691E-03 6.65231111025557E-03 6.65934268108208E-03 6.6662208128923E-03 6.67291414521616E-03 6.67938476700599E-03 6.68560495830051E-03 0.006691555340755 6.69722140121023E-03 6.70259220291746E-03 6.70766747814091E-03 6.7124679053458E-03 6.71701562929634E-03 6.72133325785738E-03 6.7254389546457E-03 6.72935111729858E-03 6.73308337568276E-03 6.73665271891601E-03 6.74006778394129E-03 6.74333540687402E-03 6.74645916911807E-03 6.74944554830302E-03 6.75229734618793E-03 6.75502135577726E-03 6.75761900238739E-03 6.76008999234107E-03 6.7624321048271E-03
6.20801691526203E-03 6.22613619989706E-03 6.24382471724171E-03 6.26110014331537E-03 6.27798453051258E-03 6.29449675729131E-03 6.31065473643207E-03 6.32647223773074E-03 6.34195971344321E-03 6.3571231008238E-03 6.37197030856132E-03 6.38650797212863E-03 6.40075497584333E-03 6.41473083098548E-03 6.42844705500789E-03 6.44191061838374E-03 6.45512407154732E-03 6.46808581634708E-03 6.48078379731709E-03 6.49320452805482E-03 6.50532964992244E-03 6.51714156504118E-03 6.52861732305773E-03 6.53973951701242E-03 6.55047610711643E-03 6.56081386882887E-03 6.57075428115143E-03 6.58031428903785E-03 6.58950796873079E-03 6.59835539017997E-03 6.60687840224504E-03 6.61510802189497E-03 6.62307907378925E-03 6.63083032936802E-03 6.63839351239294E-03 6.64579934850764E-03 6.6530549963884E-03 6.66016547511967E-03 6.66712870345802E-03 6.67394007855648E-03 6.68057728877523E-03 6.68701099446544E-03 6.69321652634513E-03 6.69917368522956E-03 6.70487117342003E-03 6.71029769697229E-03 6.71544925110538E-03 6.72032624148838E-03 6.72494941381037E-03 6.72934031775904E-03 6.73352055465983E-03 6.73750502616216E-03 6.74131003122693E-03 6.74494733200181E-03 6.74843081323268E-03 6.75176776994662E-03 6.75496406107484E-03 6.75802149558737E-03 6.76094523120251E-03 6.76373736036012E-03 6.76640342707494E-03 6.76894512554912E-03 6.77136229873434E-03 6.77365205211855E-03
6.21777584388416E-03 6.23653271082819E-03 6.25484071677802E-03 6.27271270630405E-03 6.29016799414578E-03 6.30722299682835E-03 6.32389624595293E-03 6.34020188400647E-03 6.35615043837752E-03 6.37174797154273E-03 6.38700457888937E-03 6.40192837912947E-03 6.41654137921962E-03 6.43086318873688E-03 6.44490206028197E-03 6.45866170652174E-03 6.47214256830877E-03 6.48534126526463E-03 6.49824565253098E-03 6.51084139833242E-03 6.52310874631895E-03 6.53502785028031E-03 6.54657187447589E-03 6.55771934151639E-03 6.56843870573224E-03 6.57872356809994E-03 6.58858442156619E-03 6.59804543469395E-03 6.60712546844886E-03 6.61584961556825E-03 0.006624245086912 6.6323452946977E-03 6.64018543594017E-03 6.64780247406298E-03 6.65522381558891E-03 6.66247421608665E-03 6.66955533220815E-03 6.67646887335718E-03 6.6832120612697E-03 6.68978100250966E-03 6.69615565507747E-03 6.70231255064683E-03 6.70823776720718E-03 6.71391889060857E-03 6.71935058322377E-03 6.72452499480021E-03 6.72944314345751E-03 6.73410755620119E-03 6.73854044352494E-03 6.74276218728679E-03 6.74679219150624E-03 6.75064144459053E-03 6.75432388687861E-03 6.75784820099139E-03 6.76122510594715E-03 6.76446037435698E-03 6.76755914049306E-03 6.77052173865581E-03 6.77335243914135E-03 6.77605259838047E-03 6.77862750430536E-03 6.78107905319456E-03 6.78340774940324E-03 6.7856102640305E-03
6.22913343356341E-03 6.24858010467686E-03 6.26755335328889E-03 6.28606301744338E-03 6.30412708985603E-03 6.32176066335295E-03 6.33898284192956E-03 6.35580753235208E-03 6.37224508418216E-03 6.38830221493758E-03 6.40399174350888E-03 6.41932351298424E-03 6.43432008334099E-03 6.44899837982063E-03 6.46336199474599E-03 6.47741188538773E-03 6.49114658806221E-03 6.50456131698498E-03 6.51764320399976E-03 6.53037718881647E-03 6.54274401157222E-03 6.55472412199826E-03 6.56628682320051E-03 6.57740439988773E-03 6.58804882651673E-03 6.59822792234431E-03 6.60796483810642E-03 6.61728875789737E-03 6.62622126060828E-03 6.63479001845655E-03 6.64302551402348E-03 6.65096418904358E-03 6.65864267363188E-03 6.66609546628882E-03 6.67334421885823E-03 6.68040692990205E-03 6.68728007669281E-03 6.6939661364587E-03 6.70046500300485E-03 6.70677252199343E-03 6.71287121538663E-03 6.71874177296988E-03 6.72438017135894E-03 6.72978034313677E-03 6.7349420141654E-03 6.73985879366463E-03 6.7445368377469E-03 6.74898114593445E-03 6.7532166242664E-03 6.75726083740766E-03 6.76112860313426E-03 6.76482711019392E-03 6.7683687078568E-03 6.7717593508934E-03 6.7750071954238E-03 6.77811557117555E-03 6.78108804845978E-03 6.78392400968112E-03 6.78662796416277E-03 6.78920106624885E-03 6.79164904510035E-03 6.79397358832372E-03 6.79617506083405E-03 6.79825039592918E-03
6.24234981529709E-03 6.26253099208311E-03 6.28220743136737E-03 6.30138902153481E-03 6.3200926821058E-03 6.33833446571874E-03 6.35613255801126E-03 6.37349975065808E-03 6.39044614430891E-03 6.40698060107647E-03 6.42311653670136E-03 6.43886881776624E-03 6.45425631260498E-03 6.46928818739166E-03 6.48396384190827E-03 6.49828375970736E-03 6.51224418986514E-03 6.52583867453837E-03 6.53905299626088E-03 6.55187084143127E-03 6.56427546205195E-03 6.5762501401068E-03 6.58776561924525E-03 6.5987806246391E-03 6.60928216139649E-03 6.61930122801496E-03 6.62887038345479E-03 6.63801734422952E-03 6.6467653493938E-03 6.65514326617117E-03 6.66318404128639E-03 6.67092686029127E-03 6.67840852799236E-03 6.6856591875021E-03 6.69269800890045E-03 6.69953170175502E-03 6.70615699495253E-03 6.71258354651737E-03 6.71881428499452E-03 6.72484134246357E-03 6.73064866178012E-03 6.73622586066001E-03 6.7415755502134E-03 6.74669589100386E-03 6.75158803994542E-03 6.75624745306474E-03 6.76068272050504E-03 6.76490521649277E-03 6.76894088360406E-03 6.77279961626798E-03 6.77649080343416E-03 6.78002038159845E-03 6.78339958602565E-03 6.78663190839932E-03 6.7897236659212E-03 6.79267521891033E-03 6.7954883777911E-03 6.79816290544058E-03 6.80070350241936E-03 6.80311215604857E-03 6.8053952038018E-03 6.80755252908059E-03 6.80958417211896E-03 6.81148835303738E-03
