NongDo/Fusa 12.2h.grd
DSAA
463	323
2	464
2	324
0	10
[rows 56 to 83 of 323, columns 256 to 319 of 463]
0 0 0 0 0 0 0 0 0 0 0 0 0 0 0 0 0 0 0 0 0 0 0 0 0 0 0 0 0 0 0 0 0 0 0 0 0 0 0 0 0 0 0 0 0 0 0 0 0 0 0 0 0 0 0 0 0 0 0 0 0 0 0 0
0 0 0 0 0 0 0 0 0 0 0 0 0 0 0 0 0 0 0 0 0 0 0 0 0 0 0 0 0 0 0 0 0 0 0 0 0 0 0 0 0 0 0 0 0 0 0 0 0 0 0 0 0 0 0 0 0 0 0 0 0 0 0 0
0 0 0 0 0 0 0 0 0 0 0 0 0 0 0 0 0 0 0 0 0 0 0 0 0 0 0 0 0 0 0 0 0 0 0 0 0 0 0 0 0 0 0 0 0 0 0 0 0 0 0 0 0 0 0 0 0 0 0 0 0 0 0 0
0 0 0 0 0 0 0 0 0 0 0 0 0 0 0 0 0 0 0 0 0 0 0 0 0 0 0 0 0 0 0 0 0 0 0 0 0 0 0 0 0 0 0 0 0 0 0 0 0 0 0 0 0 0 0 0 0 0 0 0 0 0 0 0
0 0 0 0 0 0 0 0 0 0 0 0 0 0 0 0 0 0 0 0 0 0 0 0 0 0 0 0 0 0 0 0 0 0 0 0 0 0 0 0 0 0 0 0 0 0 0 0 0 0 0 0 0 0 0 0 0 0 0 0 0 0 0 0
0 0 0 0 0 0 0 0 0 0 0 0 0 0 0 0 0 0 0 0 0 0 0 0 0 0 0 0 0 0 0 0 0 0 0 0 0 0 0 0 0 0 0 0 0 0 0 0 0 0 0 0 0 0 0 0 0 0 0 0 0 0 0 0
0 0 0 0 0 0 0 0 0 0 0 0 0 0 0 0 0 0 0 0 0 0 0 0 0 0 0 0 0 0 0 0 0 0 0 0 0 0 0 0 0 0 0 0 0 0 0 0 0 0 0 0 0 0 0 0 0 0 0 0 0 0 0 0
0 0 0 0 0 0 0 0 0 0 0 0 0 0 0 0 0 0 0 0 0 0 0 0 0 0 0 0 0 0 0 0 0 0 0 0 0 0 0 0 0 0 0 0 0 0 0 0 0 0 0 0 0 0 0 0 0 0 0 0 0 0 4.86203777371943E-03 4.85208708693418E-03
0 0 0 0 0 0 0 0 0 0 0 0 0 0 0 0 0 0 0 0 0 0 0 0 0 0 0 0 0 0 0 0 0 0 0 0 0 0 0 0 0 0 0 0 0 0 0 0 0 0 0 0 0 0 0 0 0 0 4.88929907719961E-03 4.88477851995236E-03 4.8817083579265E-03 4.87792973632021E-03 4.86203777371943E-03 4.85208708693418E-03
0 0 0 0 0 0 0 0 0 0 0 0 0 0 0 0 0 0 0 0 0 0 0 0 0 0 0 0 0 0 0 0 0 0 0 0 0 0 0 0 0 0 0 0 0 0 0 0 0 0 0 0 0 0 4.8996206496722E-03 4.89865637324893E-03 4.89928229603629E-03 4.89956750896928E-03 4.88929907719961E-03 4.88477851995236E-03 4.8817083579265E-03 4.87792973632021E-03 4.8713975115555E-03 4.86502601477532E-03
0 0 0 0 0 0 0 0 0 0 0 0 0 0 0 0 0 0 0 0 0 0 0 0 0 0 0 0 0 0 0 0 0 0 0 0 0 0 0 0 0 0 0 0 0 0 0 0 0 0 0 4.90099617397057E-03 4.9033047450301E-03 4.90622293558092E-03 4.8996206496722E-03 4.89865637324893E-03 4.89928229603629E-03 4.89956750896928E-03 4.89763207944057E-03 4.89610577061252E-03 4.89469180227617E-03 4.89268607391451E-03 4.88959542606377E-03 4.88586763644998E-03
0 0 0 0 0 0 0 0 0 0 0 0 0 0 0 0 0 0 0 0 0 0 0 0 0 0 0 0 0 0 0 0 0 0 0 0 0 0 0 0 0 0 0 0 0 4.8603790575443E-03 4.86752092136562E-03 4.87656467767368E-03 4.88608313572389E-03 4.89530695583124E-03 4.90332433469312E-03 4.90099617397057E-03 4.9033047450301E-03 4.90622293558092E-03 4.90742415203347E-03 4.90923876950895E-03 4.91137134966468E-03 4.91321458837851E-03 4.91429642804269E-03 4.91496207361187E-03 4.91517446966109E-03 4.91478923937597E-03 4.91368853235355E-03 4.91189696978606E-03
0 0 0 0 0 0 0 0 0 0 0 0 0 0 0 0 0 0 0 0 0 0 0 0 0 0 0 0 0 0 0 0 0 0 0 0 0 0 0 0 0 0 0 4.84884358533002E-03 4.85837928083868E-03 4.8603790575443E-03 4.86752092136562E-03 4.87656467767368E-03 4.88608313572389E-03 4.89530695583124E-03 4.90332433469312E-03 4.90875462268078E-03 4.91398852961318E-03 4.91886118838918E-03 4.92300118608798E-03 4.92685936112225E-03 4.93047491751466E-03 4.93371381489503E-03 4.93642197593131E-03 4.93860827080376E-03 4.94023417200179E-03 4.94126430859194E-03 4.94166844447519E-03 4.94145734031712E-03
3.91093979539658E-03 3.93442778356373E-03 3.95957097665672E-03 3.98532127535298E-03 4.01118442917346E-03 4.03711073008329E-03 4.06272764441127E-03 4.08797140873662E-03 4.11285814053417E-03 4.13765619998117E-03 4.16236878847905E-03 4.18709925540082E-03 4.21144664504604E-03 4.23526227934647E-03 4.25847290392866E-03 4.28137114648091E-03 4.30396718262818E-03 4.32648099804656E-03 4.34868168072038E-03 4.37062827550706E-03 4.39234401152923E-03 4.41412885932708E-03 4.43596394931858E-03 4.45799200096677E-03 4.47983892279898E-03 4.50137430615928E-03 4.52243536470526E-03 4.54323284241372E-03 4.56366271894376E-03 4.58392250081687E-03 4.60383860761492E-03 4.62367931312694E-03 4.64380945645175E-03 4.66528396644008E-03 4.68960700331964E-03 0 0 0 0 4.79518366284226E-03 4.80991517606302E-03 4.82688381384326E-03 4.8432380725435E-03 4.84884358533002E-03 4.85837928083868E-03 4.86729846812857E-03 4.8770307657837E-03 4.88726105146036E-03 4.89753111688748E-03 4.90746433981635E-03 4.91658913212937E-03 4.92460086288165E-03 4.93184084099066E-03 4.93840251888022E-03 4.94427759130737E-03 4.9496249705035E-03 4.95450843721132E-03 4.95893547148422E-03 4.96285965086839E-03 4.96626628046671E-03 4.9691238672443E-03 4.97141825466686E-03 4.97314397171537E-03 4.97432835370278E-03
3.91093979539658E-03 3.93442778356373E-03 3.95957097665672E-03 3.98532127535298E-03 4.01118442917346E-03 4.03711073008329E-03 4.06272764441127E-03 4.08797140873662E-03 4.11285814053417E-03 4.13765619998117E-03 4.16236878847905E-03 4.18709925540082E-03 4.21144664504604E-03 4.23526227934647E-03 4.25847290392866E-03 4.28137114648091E-03 4.30396718262818E-03 4.32648099804656E-03 4.34868168072038E-03 4.37062827550706E-03 4.39234401152923E-03 4.41412885932708E-03 4.43596394931858E-03 4.45799200096677E-03 4.47983892279898E-03 4.50137430615928E-03 4.52243536470526E-03 4.54323284241372E-03 4.56366271894376E-03 4.58392250081687E-03 4.60383860761492E-03 4.62367931312694E-03 4.64380945645175E-03 4.66528396644008E-03 4.68960700331964E-03 4.72373963599736E-03 4.74574867217866E-03 4.76646312738221E-03 4.78588114274748E-03 4.79518366284226E-03 4.80991517606302E-03 4.82688381384326E-03 4.8432380725435E-03 4.85670917554759E-03 4.86951523684877E-03 4.88163299641842E-03 4.89340636278039E-03 4.90492687424471E-03 4.91613817230542E-03 4.92692647166732E-03 4.93705636179893E-03 4.94642368109066E-03 4.95500598546076E-03 4.96285200725916E-03 4.96998923237735E-03 4.97651581307946E-03 4.9824968481559E-03 4.98798274076448E-03 4.99296879206581E-03 4.99745405483351E-03 5.0014185903603E-03 5.00486357270591E-03 5.00779783355751E-03 5.01025731543905E-03
3.91855162399435E-03 3.94503166465694E-03 3.97142588643392E-03 3.99781583446787E-03 4.02409573969691E-03 4.05030905931566E-03 4.07616200321364E-03 4.10159425978016E-03 4.12667074007692E-03 4.15161703127482E-03 4.17644798243959E-03 4.2012839685869E-03 4.22570638422506E-03 4.24951144709233E-03 4.27273022832888E-03 4.29563403466767E-03 4.31826529928058E-03 4.34078896631355E-03 4.3630228456304E-03 4.38500386838334E-03 4.40679742617245E-03 4.42864392512488E-03 4.45054256484248E-03 4.47263126047699E-03 4.49453239517362E-03 4.5160594439296E-03 4.53712291714361E-03 4.55789236867997E-03 4.57829066292046E-03 4.59844152030647E-03 4.61819715835053E-03 4.63773848629246E-03 0.004657354816566 4.67773788562866E-03 4.69957443861669E-03 4.72373963599736E-03 4.74574867217866E-03 4.76646312738221E-03 4.78588114274748E-03 4.80317610219337E-03 4.82095792306706E-03 4.83924802805773E-03 4.85679145099769E-03 4.87288324224947E-03 4.88784202733076E-03 4.90191100293459E-03 4.91522603130018E-03 4.92794009132761E-03 4.94012805865142E-03 4.95178729407206E-03 4.9628090167028E-03 4.97315214298925E-03 4.98274039455859E-03 4.99159444064876E-03 4.99973554364774E-03 5.00724596255608E-03 5.01419210828459E-03 5.02063500830937E-03 5.02658582363713E-03 5.03205246852077E-03 5.03702460184587E-03 5.04152046962716E-03 5.04555977874361E-03 5.04917771178602E-03
3.93443582959062E-03 3.9627099190909E-03 3.99029208352302E-03 4.01749323812511E-03 4.0443858791389E-03 4.07105656343321E-03 4.0973096446511E-03 4.12310725576829E-03 4.14855497000357E-03 4.17382160434939E-03 4.19891217002776E-03 4.22390908216652E-03 4.24839918084019E-03 4.27221177111683E-03 4.29549261008669E-03 4.31846641706747E-03 4.34119089550056E-03 4.36377594533193E-03 4.38610993044613E-03 4.40821467847027E-03 4.43019083134231E-03 4.45220931629752E-03 4.47427239063632E-03 4.49646291288778E-03 4.51840681119318E-03 4.53992094187884E-03 4.56099991236751E-03 4.58175466617791E-03 4.60212449471697E-03 4.62216351337834E-03 4.64177251639468E-03 4.66105790050943E-03 4.68025881626848E-03 4.69980592120297E-03 4.72003881913972E-03 4.74120025625698E-03 4.76203747765906E-03 4.78235675343659E-03 4.80211034080463E-03 4.8213803548981E-03 4.84056742712352E-03 4.85971901906221E-03 4.87817077885913E-03 4.89557841502615E-03 4.91193575947805E-03 4.92738167094686E-03 4.94193797101791E-03 4.95571564548004E-03 4.96880516481355E-03 4.98126978130736E-03 4.9930706351519E-03 5.00420729789791E-03 5.01460673455974E-03 5.02428429799341E-03 5.03326305189238E-03 5.04161638217673E-03 5.04941291970685E-03 5.05671560946747E-03 5.06353921922149E-03 5.06989848862355E-03 5.0757960511594E-03 5.08125367212973E-03 5.0862964973694E-03 5.09095998595564E-03
3.95586798625875E-03 3.98537260152298E-03 4.01402782738024E-03 4.04211471141037E-03 4.06975185982694E-03 4.09701388097299E-03 4.12378982754709E-03 4.15010358912574E-03 4.17605614008813E-03 4.20176326681253E-03 4.22722362465966E-03 4.25240535217403E-03 4.27698953393227E-03 4.30093599001332E-03 4.32440986551005E-03 4.34757844276178E-03 4.37050245310434E-03 4.39324958502658E-03 4.4157600352409E-03 4.43808768151678E-03 4.46033038803378E-03 4.48260116087063E-03 4.50490030963404E-03 4.52719719921468E-03 4.54917568753835E-03 4.57073884596809E-03 4.59190086980927E-03 4.61270792763819E-03 4.63310498001429E-03 4.65309977383751E-03 4.6726242750212E-03 4.69177935998329E-03 4.71075478720505E-03 4.72983566880191E-03 4.74924625149136E-03 4.76912305262097E-03 4.78903463370821E-03 4.8088583959362E-03 4.82856505542661E-03 4.84823948835498E-03 0.004867871913429 4.8873899113362E-03 4.90634476665974E-03 4.92451590689475E-03 4.94180450409575E-03 4.95822129978556E-03 4.97371436086085E-03 4.98834890570589E-03 5.00220487977826E-03 5.01535995863042E-03 5.02782290217503E-03 5.03960316845708E-03 5.05065057070321E-03 5.0609930240029E-03 5.07065704585045E-03 5.0797219447235E-03 5.08825702853937E-03 5.09631628581795E-03 5.10391258180512E-03 5.11107001917383E-03 5.11779757056261E-03 5.12412142531097E-03 5.13006716262811E-03 5.13566581295382E-03
3.98141478272422E-03 4.01204718304715E-03 4.04177092790576E-03 4.0708063941635E-03 4.0992755571581E-03 4.12725392136435E-03 4.15471357463296E-03 4.18169054767409E-03 4.2082403501543E-03 4.2344397533953E-03 4.26027653399914E-03 4.28570083129161E-03 4.31056237619519E-03 4.33485333893672E-03 4.3586769499313E-03 4.38216808421832E-03 4.40539720626686E-03 4.42842537225211E-03 4.4512500017709E-03 4.47391922409221E-03 4.49649121286682E-03 4.51903728509488E-03 4.54154547112506E-03 4.56395879035021E-03 4.5860852935947E-03 4.60783088602316E-03 4.62916156351188E-03 4.6500873563272E-03 4.67056906309516E-03 4.69060112953457E-03 4.71015765934528E-03 4.72931154607866E-03 4.74819288003792E-03 4.76700803398158E-03 4.78593079388191E-03 4.80509509864177E-03 4.8243903231228E-03 4.84378333874676E-03 4.86325023279589E-03 4.88283587612179E-03 4.90246723269186E-03 4.92204581904889E-03 4.94124527357624E-03 4.95984844581728E-03 4.97769048534395E-03 4.99471827519321E-03 5.01085309492531E-03 5.0260984349323E-03 5.04051263141692E-03 5.05416901612288E-03 5.06710208386507E-03 5.07934251263566E-03 5.09088204821419E-03 5.1017473217989E-03 5.11197531322775E-03 5.12163248949586E-03 5.1307838379198E-03 5.13948312544475E-03 5.14775262963293E-03 5.1556134699544E-03 5.16307980104908E-03 5.17017577862564E-03 5.17692564749013E-03 5.18335564563919E-03
4.01088561854536E-03 4.04264962144341E-03 4.07348832117489E-03 4.10356535999344E-03 4.13298879055856E-03 4.16184000960859E-03 4.19012504916573E-03 4.21787537805258E-03 4.24512146767946E-03 4.27191373421197E-03 4.29824076650662E-03 4.32408019555917E-03 4.34937463400424E-03 4.37413643017544E-03 4.39843522362626E-03 4.42237913283351E-03 4.44604028083488E-03 4.46948763057776E-03 4.49274424214228E-03 4.51584613301332E-03 4.53882271489152E-03 4.5617141436972E-03 4.5845025977717E-03 4.60714038443644E-03 4.62950335762144E-03 0.004651499379686 4.67306009995087E-03 4.69416911823206E-03 4.71479342446716E-03 4.73493274210737E-03 4.7545817225002E-03 4.77379350143798E-03 4.79265877579612E-03 4.81133605920701E-03 4.82997644147471E-03 4.84872546732373E-03 4.86760700263122E-03 4.88664652006774E-03 4.90583403874156E-03 4.92519556508621E-03 4.9446602541386E-03 4.96413461689909E-03 4.98334952127938E-03 5.00208794212362E-03 5.02015485032964E-03 5.03746315229881E-03 5.05390970003488E-03 5.06947340772752E-03 5.08419071330141E-03 5.09812295932375E-03 5.11131859886133E-03 5.1238278904706E-03 5.13567038205646E-03 5.1468833228022E-03 5.15750749451271E-03 5.16760146298163E-03 5.17722382471375E-03 5.18642779733318E-03 5.19523967846231E-03 5.20368128982831E-03 5.21176865590829E-03 5.21952198311271E-03 5.22696126417871E-03 5.23410534814561E-03
4.04419148171627E-03 4.07717334065343E-03 4.10922109893283E-03 4.14045835108562E-03 4.17097406539766E-03 4.20084562659919E-03 4.23008548991854E-03 4.25872269046389E-03 4.28678278653646E-03 4.31430291942683E-03 4.34127852070377E-03 4.36771022656888E-03 4.39358703434507E-03 4.41893971118316E-03 4.44383280778347E-03 4.46835781065898E-03 4.49258397865569E-03 4.5165821810746E-03 4.54038045803553E-03 4.56400657721667E-03 4.58747658320873E-03 4.61080971760241E-03 4.6339836218407E-03 4.65695989934492E-03 4.67964454182581E-03 4.70194441183148E-03 4.72377846310361E-03 4.74511476999027E-03 4.7659233883754E-03 4.78620780406329E-03 4.80597099521109E-03 4.82525653063065E-03 4.8441381933954E-03 4.8627489268946E-03 4.88122743258759E-03 4.89972619157915E-03 4.91832307777413E-03 4.93707615412624E-03 4.9559925684369E-03 4.97509536840896E-03 4.99431821043288E-03 5.01357585524862E-03 5.03262242363196E-03 5.05125082087805E-03 5.06926825953334E-03 5.0865749435192E-03 5.10305666803855E-03 5.11866717690814E-03 5.13342839058461E-03 5.1474015833201E-03 5.16065038841156E-03 5.17323640975279E-03 5.18519878588002E-03 5.19657988258156E-03 5.20742375212673E-03 5.2177874187201E-03 5.22772852609143E-03 5.23729386306206E-03 5.24651109635904E-03 5.25539859785369E-03 5.26397326501147E-03 5.27225394937817E-03 5.28025523595332E-03 5.28798541502098E-03
4.08143886994433E-03 4.11577241439194E-03 4.14915779614182E-03 4.18168943907165E-03 4.21344105043613E-03 4.24447342759709E-03 4.27480162623578E-03 4.30445802722382E-03 4.33346948183949E-03 4.36186515125256E-03 4.3896483512999E-03 4.41683393866473E-03 4.44343762615841E-03 4.46950929379688E-03 4.49511854856552E-03 4.52034687807498E-03 4.54526057716953E-03 4.5699262932874E-03 4.59437024780605E-03 4.61861648775602E-03 4.64267449564424E-03 4.6665487417866E-03 4.6902096790352E-03 4.71362408504557E-03 4.73670325619457E-03 4.75934903574764E-03 4.78147842481171E-03 4.80305631942016E-03 4.82405514475148E-03 4.84448277050854E-03 4.86434692109903E-03 4.88368970015807E-03 4.9025842455929E-03 4.9211550560354E-03 4.93953422790855E-03 4.95787319912616E-03 4.97626616963558E-03 4.99477987021755E-03 5.0134348523724E-03 5.03225576088052E-03 5.05118391988595E-03 5.07011843035435E-03 5.08882810319837E-03 5.10713397753259E-03 5.12486493672589E-03 5.14191671785712E-03 5.15816734131345E-03 5.17357192347066E-03 5.1881459433072E-03 5.20195381609589E-03 5.2150670010631E-03 5.22755290026415E-03 5.23946222533505E-03 5.25084253654596E-03 5.26174198944896E-03 5.27222056916534E-03 5.28233237705035E-03 5.29211579252785E-03 5.30159577861592E-03 5.31079025587089E-03 5.31971833093488E-03 5.32839365281414E-03 5.33682344865276E-03 5.34500381378159E-03
4.12274516563077E-03 4.15859282148888E-03 4.1934633191065E-03 4.22742876104627E-03 4.26055028304693E-03 4.29287641399438E-03 4.32443161560959E-03 4.35524673418331E-03 4.3853480403749E-03 4.41476168905875E-03 4.44350169274242E-03 4.47159094265554E-03 4.49906581839408E-03 4.52598870572501E-03 4.55243326458249E-03 4.57847667995998E-03 4.60418381340855E-03 4.62961650732402E-03 4.65479928952013E-03 4.67975183859708E-03 4.70447911214524E-03 4.72897660932458E-03 4.75320622692663E-03 4.77712932596781E-03 4.80064282620068E-03 4.82364441481418E-03 4.8460583831401E-03 4.8678556856473E-03 4.88901212170004E-03 4.90954093627853E-03 4.92945417523306E-03 4.94880289225476E-03 4.96767323331268E-03 4.98619115331148E-03 5.00448111987852E-03 5.02268878591881E-03 5.0408988262738E-03 5.05917489994216E-03 5.07754297883084E-03 5.09602509408247E-03 5.11455513131915E-03 5.13303183433222E-03 5.15125666228377E-03 5.16906615486676E-03 5.1863159946367E-03 5.20291039386811E-03 5.2187447064845E-03 5.23376426258899E-03 5.2479889532741E-03 5.26148218328262E-03 5.27431715857208E-03 5.28656269348565E-03 5.29828266003948E-03 5.30952805805258E-03 5.32035912943326E-03 5.33083176074926E-03 5.34099121334167E-03 5.35086528495455E-03 5.36048163098919E-03 5.36985373836726E-03 5.37900134026731E-03 5.38793591379535E-03 5.39665575808823E-03 5.40514673636443E-03
4.16842401952216E-03 4.20595408311509E-03 4.24246690278746E-03 4.27801543900514E-03 4.31264998856561E-03 4.34641107601716E-03 4.37932888251085E-03 4.41143503509173E-03 4.44275729930203E-03 4.47332147721617E-03 4.5031504756467E-03 4.53227426209813E-03 4.56074458714981E-03 4.5886352477343E-03 4.61602217000419E-03 4.64297859754899E-03 4.66956760718075E-03 4.69584247891725E-03 4.72182515154614E-03 4.74753641704678E-03 4.77297856441879E-03 4.79813847480771E-03 4.82297018250058E-03 4.84741606782834E-03 4.87135060356353E-03 4.89467400544513E-03 4.91732200790815E-03 4.93927324364709E-03 4.96051434778231E-03 4.98106345163752E-03 5.00094065882787E-03 5.02021974542862E-03 5.03900414824713E-03 5.05742236519882E-03 5.07559574268068E-03 5.09365228989526E-03 5.11165479747658E-03 5.12966134623148E-03 5.14769591717629E-03 5.16576708931983E-03 5.18380249231967E-03 5.20170222703227E-03 5.21929752334359E-03 5.23645831558224E-03 5.25306963653006E-03 5.26904661597482E-03 5.2842969735605E-03 5.29878098856133E-03 5.31252738835873E-03 5.32559185103181E-03 5.33804326646998E-03 5.34995207050585E-03 5.36138618988545E-03 5.37240459267827E-03 5.38307825313376E-03 5.39344865572498E-03 5.40354823975172E-03 5.41340038103241E-03 5.42303380760848E-03 5.4324603161192E-03 5.44170344947622E-03 5.4507638917381E-03 5.45963234016205E-03 5.46829089610871E-03
4.21883427179348E-03 4.25822462126733E-03 4.29654231314144E-03 4.33382387916576E-03 4.37011171184052E-03 4.4054408907945E-03 4.43984705909185E-03 4.4733637136283E-03 4.50602292059009E-03 4.53785122466488E-03 4.56888218986765E-03 4.59915111813322E-03 4.62872468836934E-03 4.65768391237191E-03 4.68610161597368E-03 4.71404333478966E-03 4.74156639659529E-03 4.76871995753509E-03 4.79552823821321E-03 4.82200923802541E-03 4.84815905419991E-03 4.87395737525022E-03 4.89934581329027E-03 4.92425680495601E-03 4.94854890790065E-03 4.97211266565786E-03 4.99488904929266E-03 5.0168769854651E-03 5.03808168358436E-03 5.05853591695077E-03 5.07828290045727E-03 5.0974078097075E-03 5.11602100420941E-03 5.13425726820197E-03 5.15223238050415E-03 5.17006728810407E-03 5.18780650840929E-03 5.20548207234526E-03 5.22309931216478E-03 5.24066132292581E-03 5.25810016420132E-03 5.27531529097043E-03 5.29217936837221E-03 5.3085862156682E-03 5.32445158497228E-03 5.33970445822163E-03 5.35428034462684E-03 5.36813909707002E-03 5.38131503391447E-03 5.39387098468963E-03 5.40588151882023E-03 5.41740811963691E-03 5.42851659742033E-03 5.43926053762071E-03 5.44970407021269E-03 5.45988728411507E-03 5.46984150410723E-03 5.47958002134916E-03 5.48912691738504E-03 5.49848980533497E-03 5.50768854093859E-03 5.51672758102028E-03 5.52560036853432E-03 5.53428442862988E-03
4.27446596018754E-03 4.31588362706005E-03 4.35615811226182E-03 4.39531260643563E-03 4.43338421022501E-03 4.47040489197869E-03 4.50641483619948E-03 4.54145130037939E-03 4.57554925274683E-03 4.60873876966468E-03 4.64106324203612E-03 4.67256715965107E-03 4.70333052424429E-03 4.73343539395383E-03 4.76294493296199E-03 4.79191398139596E-03 4.82039364566747E-03 4.84842845451735E-03 4.87604216778442E-03 4.90324971585616E-03 4.93004276569446E-03 4.95639741221017E-03 4.98224562749761E-03 5.00750489930086E-03 5.03201217500196E-03 5.05566095768344E-03 5.0784132959862E-03 5.10029404577172E-03 5.12132379255446E-03 5.14155482458708E-03 5.1610501598318E-03 5.17990655040252E-03 5.19824118627361E-03 5.21619448960483E-03 5.23387591622405E-03 5.25139359564007E-03 5.26876450225562E-03 5.28599963818242E-03 5.30309116521177E-03 5.32003989034116E-03 5.33677484655198E-03 5.35320753628616E-03 5.36924859162441E-03 5.38481948637134E-03 5.39986206980527E-03 5.41431831488587E-03 5.42814610409687E-03 5.44131276755981E-03 5.45386747240961E-03 5.46587622074088E-03 5.47741412537448E-03 5.48852855303202E-03 5.49928014397516E-03 5.50971178189598E-03 5.51987634577763E-03 5.52980850720005E-03 5.53953900614802E-03 5.54907270665393E-03 5.55842938855258E-03 5.56761225669807E-03 5.57664122121601E-03 5.58552259370137E-03 0.005594255610541 5.60281548036001E-03
4.33588280694216E-03 4.37948003067437E-03 4.42184487759833E-03 4.46299178826963E-03 4.50295654939131E-03 4.54177198130202E-03 4.57948410046553E-03 4.61613222957663E-03 4.65175297540552E-03 4.68638055432098E-03 4.72007007298646E-03 4.75287618544297E-03 4.78488754535182E-03 4.81618110606876E-03 4.84680398736742E-03 4.87680025941243E-03 4.90621393757811E-03 4.93508410468575E-03 4.96342954947671E-03 4.9912599520871E-03 5.01856467777726E-03 5.04532336081632E-03 5.0714589527735E-03 5.09686828338099E-03 5.12137003818191E-03 5.14489126220244E-03 5.16743719941773E-03 5.18905483049067E-03 5.20977225175051E-03 5.22965037298248E-03 5.24876242220331E-03 5.26722003126658E-03 5.28515168568098E-03 5.30270005803922E-03 5.3199603461152E-03 5.33702486157445E-03 5.35387837096198E-03 5.37052829041517E-03 5.38697271324333E-03 5.40320866224659E-03 5.41916300190735E-03 5.43474966651449E-03 5.44991748967568E-03 5.46461249987661E-03 5.47880168389356E-03 5.49243015211884E-03 5.50547948051019E-03 5.51792547363318E-03 5.52984267161032E-03 5.54129351767142E-03 5.55233958654315E-03 5.56301123323302E-03 5.57336712930034E-03 5.58344034829212E-03 5.59327497424713E-03 5.6028935288019E-03 5.61231974279676E-03 5.62155076085682E-03 5.63060751421436E-03 5.6394902043367E-03 5.6482230248413E-03 5.65681115546565E-03 5.66525382731842E-03 5.67352673604479E-03
4.4036710043227E-03 4.44957053247511E-03 4.49412833997517E-03 4.53735981120697E-03 4.57930081837269E-03 4.61999075174509E-03 4.65947937092645E-03 4.69780548440188E-03 4.73500694585305E-03 4.77112662383925E-03 4.80622471631558E-03 4.84037481990753E-03 4.87366672009168E-03 4.90615510354292E-03 4.93787013837736E-03 4.96885199788453E-03 4.99913637336551E-03 5.02875307860694E-03 5.05771086041796E-03 5.08600833744648E-03 5.11363403703791E-03 5.14057549843927E-03 5.16676463073055E-03 5.1920546986453E-03 5.21628235319761E-03 5.23945193790675E-03 5.26160915051098E-03 5.28280057007748E-03 5.30305515780047E-03 5.32243944571173E-03 5.34103238128135E-03 5.35895896485322E-03 5.37635305654342E-03 5.39334814973959E-03 5.41003475399148E-03 5.42647005380438E-03 5.44262313345572E-03 5.45852918840598E-03 5.47419963342319E-03 5.48961546643096E-03 5.5046944933262E-03 5.51937707080809E-03 5.53364146396947E-03 5.54745022208573E-03 5.56078057505286E-03 5.57358144750118E-03 5.58584736275102E-03 5.59757936680783E-03 5.60887530121153E-03 5.61976911725481E-03 5.63030122552022E-03 5.64049398980543E-03 5.65040683762625E-03 5.66006156804117E-03 5.66949714075872E-03 5.67872044285657E-03 5.68774542612755E-03 5.69656696652955E-03 5.70520694299672E-03 5.71366648298606E-03 5.72197550588905E-03 5.73012868184851E-03 5.73812229846585E-03 5.74593676491294E-03
