NongDo/Fusa 15.7h.grd
DSAA
463	323
2	464
2	324
0	10
[rows 252 to 279 of 323, columns 126 to 188 of 463]
8.67715366327649E-03 8.77230834523304E-03 8.86110622391376E-03 8.9430587760055E-03 9.01776480103964E-03 9.08491324779534E-03 9.14433120843046E-03 9.19598663295626E-03 9.23999091124396E-03 9.27659780790546E-03 9.3061876102019E-03 9.32925135808838E-03 9.34632889491182E-03 9.35800521212631E-03 9.36490034700436E-03 9.36765393069014E-03 9.36691060777815E-03 9.36330549317589E-03 9.35744829456005E-03 0.009349908719444 9.34120737955573E-03 9.3318067306688E-03 9.32210702691426E-03 9.31243862306313E-03 9.30307339500448E-03 9.2942177386881E-03 9.2860342863861E-03 9.27863286252829E-03 9.27208090153505E-03 9.26639458833265E-03 9.26155633567491E-03 9.25750713633013E-03 9.25416697629416E-03 9.25143461722615E-03 9.24921459306286E-03 9.24743251332237E-03 9.24603045424087E-03 9.24499506553994E-03 9.24437378055044E-03 9.24432556061242E-03 0 0 0 0 0 0 0 0 0 0 0 0 0 0 0 0 0 0 0 0 0 0 0
8.74698308432121E-03 8.83860535115607E-03 8.92350724786986E-03 9.00124627789815E-03 9.07148307432883E-03 9.13397895922227E-03 9.18863751033517E-03 9.23550457831194E-03 9.27476639766418E-03 9.30674369378776E-03 9.33187274056378E-03 9.35068883458135E-03 9.3637754843031E-03 9.37175457955133E-03 9.37527567845593E-03 9.37500055010681E-03 9.37158782619223E-03 9.36567772446328E-03 9.35787455774769E-03 9.34873203029313E-03 9.33874738302654E-03 9.32835341139564E-03 9.31791825793759E-03 9.30773877336715E-03 9.29805359172689E-03 9.2890379008273E-03 9.28082506696236E-03 9.27349882080825E-03 9.26710350708948E-03 9.26163546771568E-03 9.25705933485394E-03 9.25330126897664E-03 9.25026578830426E-03 9.24783744250868E-03 9.24590513820119E-03 9.24438381874329E-03 9.24321208699845E-03 9.2423771465591E-03 9.24191769755292E-03 9.24200498755233E-03 0 0 0 0 0 0 0 0 0 0 0 0 0 0 0 0 0 0 0 0 0 0 0
8.81506414746536E-03 8.90286706542872E-03 8.98361369334659E-03 9.05691652015886E-03 9.12250372092976E-03 9.18021059007079E-03 9.23001999505366E-03 9.27205473582179E-03 9.30657297033089E-03 9.33395744736098E-03 9.35469754721396E-03 9.36937042096136E-03 9.37859688281674E-03 9.3830314258474E-03 9.38334921061797E-03 9.38022977757854E-03 9.37434094031809E-03 9.36632306717851E-03 9.35676998938941E-03 9.34621411058144E-03 9.33512544930192E-03 9.3239046014001E-03 9.31288556952808E-03 9.30233020820492E-03 9.29244345600575E-03 9.28336911345176E-03 9.27521241725895E-03 9.26803271264379E-03 9.26185294180597E-03 9.25665098611061E-03 9.25237654376827E-03 9.24894349799692E-03 9.24624365832627E-03 9.24414605743705E-03 9.24252305955524E-03 9.24127652758049E-03 9.24034196741371E-03 9.23971682057657E-03 9.23946249850127E-03 9.24200498755233E-03 0 0 0 0 0 0 0 0 0 0 0 0 0 0 0 0 0 0 0 0 0 0 0
8.88115898448434E-03 8.96487103036372E-03 9.04122591433131E-03 9.10989791841948E-03 9.17068751584651E-03 9.22350371187429E-03 9.26840908177012E-03 9.30560095370041E-03 9.33540455177063E-03 9.35825991859808E-03 9.3747046953246E-03 9.38535528688155E-03 9.3908661230102E-03 9.3919199398008E-03 9.38921371144344E-03 9.38344040077835E-03 9.37527211051523E-03 9.36534429245531E-03 9.35423546351179E-03 9.34245144272971E-03 9.33043227997798E-03 9.31854404418755E-03 9.30708502342855E-03 9.29628062772954E-03 9.28630222240026E-03 9.27726237107711E-03 9.26923904979068E-03 9.2622690193005E-03 9.2563554804466E-03 9.25145984408326E-03 9.24752049574219E-03 9.24444317021032E-03 9.24210956512831E-03 9.24037444776034E-03 9.23908891994823E-03 9.23813908405304E-03 9.23745896641014E-03 9.23706515300562E-03 9.23715494035618E-03 0 0 0 0 0 0 0 0 0 0 0 0 0 0 0 0 0 0 0 0 0 0 0 0
8.94503653552092E-03 9.0244098090253E-03 9.09616712823187E-03 9.16004766842371E-03 9.21592351288314E-03 9.26378170010421E-03 9.30376234893439E-03 9.33613123621823E-03 9.36127529380064E-03 9.37968748226324E-03 9.39195064078906E-03 9.39871523118116E-03 9.40066557121568E-03 9.39851078452063E-03 9.39296633002148E-03 9.3847341323311E-03 9.37448546686065E-03 9.36284522808353E-03 9.35037123936378E-03 9.33753971785967E-03 9.3247579168365E-03 9.31235505732162E-03 9.30059187539133E-03 9.28965698313722E-03 9.27968782441329E-03 9.27076701192206E-03 9.26294668613043E-03 9.2562411499415E-03 9.25063461832504E-03 9.2460761413125E-03 9.24249729450485E-03 9.23979917010668E-03 9.23785762473267E-03 9.23651634146993E-03 9.23560733169288E-03 9.23498443562215E-03 9.23457172580097E-03 9.23441013105589E-03 9.23715494035618E-03 0 0 0 0 0 0 0 0 0 0 0 0 0 0 0 0 0 0 0 0 0 0 0 0
9.00646193766431E-03 9.08128386565354E-03 9.14827450983021E-03 9.20724085691047E-03 9.25812857418165E-03 9.30100207181416E-03 9.33607086110135E-03 9.36366462113957E-03 9.38422697907864E-03 9.39829977189535E-03 9.40650600884028E-03 9.40952858039503E-03 9.40808165207587E-03 9.40289740304815E-03 9.39470559947529E-03 9.38421249611518E-03 9.3720831743112E-03 9.35892588447091E-03 9.3452733255507E-03 9.33156924460476E-03 9.31818528040336E-03 9.30541184178415E-03 9.29347144058289E-03 9.28251570042046E-03 9.2726477718072E-03 9.26392191383271E-03 9.25636432932053E-03 9.24996793502106E-03 9.24470065479595E-03 9.24050348473143E-03 9.23730379586464E-03 9.2350062803967E-03 9.23349222368177E-03 9.23260446126577E-03 9.23213905238647E-03 9.2318742679367E-03 9.23171202003188E-03 9.23182010828346E-03 0 0 0 0 0 0 0 0 0 0 0 0 0 0 0 0 0 0 0 0 0 0 0 0 0
9.06524239025156E-03 9.13533831702712E-03 9.19743271681781E-03 9.25140186735867E-03 9.29726275351414E-03 9.3351529167925E-03 9.36534699647494E-03 9.38823332848717E-03 9.40430775183418E-03 9.41415683698546E-03 9.41844177780583E-03 9.41787652031969E-03 9.41320301984394E-03 9.40517422153032E-03 9.39453027506194E-03 9.38197667203242E-03 9.36816662539382E-03 9.35368613143409E-03 9.33903770086795E-03 9.32463001988853E-03 9.31079688978249E-03 9.29778910088756E-03 9.28579032160122E-03 9.27491441408837E-03 9.26523091079113E-03 9.25676617741312E-03 9.24952189869786E-03 9.24347076136292E-03 9.2385662653078E-03 9.23474238006125E-03 9.23192705175177E-03 9.23003899138299E-03 9.2289862314341E-03 9.22863598923345E-03 9.22874757231344E-03 9.22889756778173E-03 9.22893527894638E-03 9.23182010828346E-03 0 0 0 0 0 0 0 0 0 0 0 0 0 0 0 0 0 0 0 0 0 0 0 0 0
9.12120355859912E-03 9.18644296133574E-03 9.24355366507414E-03 9.29248121509922E-03 9.33330994977416E-03 9.36624601479781E-03 9.39162372536134E-03 9.40988666389948E-03 9.42157868905863E-03 9.42732882071826E-03 9.42783476105994E-03 9.4238417376528E-03 9.41611847892457E-03 9.40543511258668E-03 9.39253743995817E-03 9.37812458852881E-03 9.3628322816607E-03 9.34721894040922E-03 9.33175274186384E-03 9.31680439237889E-03 9.30266746757028E-03 9.28955319960259E-03 9.2776061492396E-03 9.26690157837602E-03 9.25747632687058E-03 9.24933035271756E-03 9.2424420209365E-03 9.23676487326873E-03 9.23223749292248E-03 9.22878661197412E-03 9.22634421109265E-03 9.22485727523534E-03 9.22429792992829E-03 9.22463702874364E-03 0.009225646844223 9.22629587136057E-03 9.22640318116619E-03 0 0 0 0 0 0 0 0 0 0 0 0 0 0 0 0 0 0 0 0 0 0 0 0 0 0
9.17422233336742E-03 9.23451640893959E-03 9.28659401434099E-03 9.33046693017386E-03 9.36628290266104E-03 9.39431215298098E-03 9.41494556616751E-03 9.42867867120136E-03 9.43610142855181E-03 9.43788378560054E-03 9.43475980362495E-03 9.42750615664458E-03 9.4169160612229E-03 9.40377286027123E-03 9.38882263993164E-03 9.37275239791181E-03 9.35617486472605E-03 9.33961616356961E-03 9.32350562166899E-03 9.30817279184385E-03 9.29386930293769E-03 9.2807673332035E-03 9.26897253931973E-03 9.25852070738698E-03 9.24941822384509E-03 9.24164040151738E-03 9.23514368880754E-03 9.22986178484381E-03 9.22571638702825E-03 9.2226229815524E-03 9.22051407230072E-03 9.21936884512323E-03 9.21927070683937E-03 9.22049084831518E-03 9.2233230690404E-03 9.22461341435003E-03 9.22640318116619E-03 0 0 0 0 0 0 0 0 0 0 0 0 0 0 0 0 0 0 0 0 0 0 0 0 0 0
9.22421348435597E-03 9.27951227442647E-03 9.32653903180521E-03 9.36536938346334E-03 9.39621046289852E-03 9.41939414357009E-03 9.43536435044978E-03 9.44466769434632E-03 9.44793943810446E-03 9.44589047330522E-03 9.43929115868203E-03 9.42895016924957E-03 9.41568202281678E-03 9.40027780279331E-03 9.38347777613135E-03 9.36595087468519E-03 9.34828165671685E-03 9.33095956241951E-03 9.3143716284551E-03 9.29880301231477E-03 9.28446154023191E-03 9.27148063853354E-03 9.25992859603102E-03 9.24980091755123E-03 9.24107743570966E-03 9.23371096740958E-03 9.22763594885537E-03 9.22276548435973E-03 9.21900134936397E-03 9.21624178474105E-03 9.21440350530509E-03 9.21346885145786E-03 9.21359814820245E-03 9.21559383463814E-03 9.2233230690404E-03 9.22461341435003E-03 0 0 0 0 0 0 0 0 0 0 0 0 0 0 0 0 0 0 0 0 0 0 0 0 0 0 0
9.27114363644668E-03 9.32142622039125E-03 9.36340638912138E-03 9.3972206248293E-03 9.42313512185234E-03 9.44153957201921E-03 9.45293136502131E-03 9.45790775884111E-03 9.45715042126348E-03 9.45141190373694E-03 9.44149893557408E-03 9.42825106315457E-03 9.41249993798238E-03 9.39503718613349E-03 9.37659111028289E-03 9.35780666399955E-03 9.33923591234527E-03 9.32132644427502E-03 9.30442082387491E-03 9.28875633221228E-03 9.27449768628896E-03 9.26173718611497E-03 9.25050448103129E-03 9.24076233763303E-03 9.23246788713533E-03 9.22555089019643E-03 9.21992366674179E-03 9.21547722356284E-03 9.21209099811129E-03 9.20963857464189E-03 9.20800325456029E-03 9.20708955860691E-03 9.20679496984034E-03 9.20685811649051E-03 0 0 0 0 0 0 0 0 0 0 0 0 0 0 0 0 0 0 0 0 0 0 0 0 0 0 0 0 0
9.31502548830063E-03 9.36028722684998E-03 9.39723580370041E-03 9.42606720962601E-03 9.44710515610747E-03 9.46079682029083E-03 9.46769458418693E-03 9.46844782446844E-03 9.46378674415922E-03 9.45450633968475E-03 9.44144910528855E-03 9.42548209025705E-03 9.40744879584346E-03 9.38813255897065E-03 9.36824467721011E-03 9.34839884363822E-03 9.32911126238969E-03 9.31078081762341E-03 9.29370678711333E-03 9.27807314054867E-03 9.26400461907187E-03 9.2515500147003E-03 9.2407071919423E-03 9.23141128281037E-03 9.22359344473466E-03 9.21716231615335E-03 9.21200885419037E-03 9.20800355131531E-03 9.20500363289505E-03 9.20286018902673E-03 9.20142430420019E-03 9.20055870854753E-03 9.20013659145549E-03 9.20010633925239E-03 0 0 0 0 0 0 0 0 0 0 0 0 0 0 0 0 0 0 0 0 0 0 0 0 0 0 0 0 0
9.35588802639055E-03 9.39613011638218E-03 9.42806476135391E-03 9.45194622681372E-03 9.46815706851069E-03 9.47720218807418E-03 9.47969147164185E-03 9.47632882983981E-03 9.46789489809464E-03 9.45522773717641E-03 9.43920368331009E-03 9.42071206229611E-03 9.40060043224193E-03 9.37963809428849E-03 9.35851158822109E-03 9.33779820256962E-03 9.31797136536059E-03 9.29938020284298E-03 9.28227509884612E-03 9.26679034450732E-03 9.25300966403848E-03 9.24094142742875E-03 9.23055285621465E-03 9.22175419527375E-03 9.21445419647077E-03 9.20853983825797E-03 9.20388208521172E-03 9.20033190475539E-03 9.19772741064385E-03 9.19589980879726E-03 9.19468161105196E-03 9.19392306095325E-03 9.19351615207844E-03 9.1935000648006E-03 0 0 0 0 0 0 0 0 0 0 0 0 0 0 0 0 0 0 0 0 0 0 0 0 0 0 0 0 0
9.39377975427065E-03 9.42900192097088E-03 9.45593617759682E-03 9.47489601611578E-03 9.48632407377109E-03 9.49078587149777E-03 9.48895223234476E-03 9.48158424361059E-03 9.46951450334574E-03 9.45362305255582E-03 9.43481648502765E-03 9.41399940208965E-03 9.39201630185183E-03 9.36961480275765E-03 9.34744910383645E-03 9.32605442075772E-03 9.30585764831188E-03 9.2871558495755E-03 9.2701491972104E-03 9.25492448372447E-03 9.24152288306086E-03 9.22991627954587E-03 9.22004258776054E-03 9.2117899875993E-03 9.20504385888953E-03 9.19967319047693E-03 9.19553077803515E-03 9.19245102932467E-03 9.19025416695794E-03 9.18875698996963E-03 9.18778169495124E-03 9.18718518867514E-03 9.18688900183201E-03 9.18718995731471E-03 0 0 0 0 0 0 0 0 0 0 0 0 0 0 0 0 0 0 0 0 0 0 0 0 0 0 0 0 0
9.42874364265207E-03 9.45893724612607E-03 9.48087687961897E-03 9.49493643332148E-03 9.50162227297712E-03 9.50156389909985E-03 9.49549621043398E-03 9.48423999934162E-03 9.46868017685107E-03 9.44973658207395E-03 9.42834104524066E-03 9.40540642107274E-03 9.38176488867733E-03 9.35813351311488E-03 9.33512699397862E-03 9.3132348057448E-03 9.29283333174042E-03 9.27416436856205E-03 9.25737753074759E-03 9.24251348569692E-03 9.22957339006931E-03 9.21849477678607E-03 9.20918755161712E-03 9.20151786207933E-03 9.19535173616469E-03 9.19054155574782E-03 9.18692480917726E-03 9.18432009901957E-03 9.18253200375787E-03 9.18136568265844E-03 9.18064217672056E-03 9.18024146661492E-03 9.18017907731733E-03 9.18718995731471E-03 0 0 0 0 0 0 0 0 0 0 0 0 0 0 0 0 0 0 0 0 0 0 0 0 0 0 0 0 0
9.46081765050224E-03 9.48596519183479E-03 9.50290646900162E-03 9.51208008887893E-03 9.51406055922015E-03 9.50954570023868E-03 9.49933768841583E-03 9.4843187144508E-03 9.46542506461084E-03 9.44361236861497E-03 9.41983068716213E-03 9.39499270623166E-03 9.36991016942561E-03 9.34525903782134E-03 9.3216087170703E-03 9.29939809534585E-03 9.2789500308888E-03 9.26044704690234E-03 9.24399243781171E-03 9.22958137486547E-03 9.21717668387591E-03 9.20668467964024E-03 9.1979876399691E-03 9.1909322821195E-03 9.18536441927072E-03 9.18112415043167E-03 9.17803390778159E-03 0.009175899987294 9.17451452755139E-03 9.17367740588009E-03 9.17320900917405E-03 9.17300096681492E-03 9.17333740954332E-03 0 0 0 0 0 0 0 0 0 0 0 0 0 0 0 0 0 0 0 0 0 0 0 0 0 0 0 0 0 0
9.49002104300856E-03 9.51009379996087E-03 9.52202437063863E-03 9.52632164296598E-03 9.5236340757082E-03 9.51473163632004E-03 9.50048629679468E-03 9.4818421583486E-03 9.45978426117273E-03 9.4352990835798E-03 9.40934730588833E-03 9.38283004207117E-03 9.35652689440963E-03 9.33106832190921E-03 9.30697226965024E-03 9.28461989776086E-03 9.26427444973682E-03 9.24606366236905E-03 9.23004370033432E-03 9.21616778045077E-03 9.2043639910263E-03 9.19450657896452E-03 9.18645135431535E-03 9.18002718321767E-03 9.17506587597568E-03 9.17139226595145E-03 9.16881158569505E-03 9.16711933526095E-03 9.16610661866929E-03 9.16557092268787E-03 9.16534361872295E-03 9.16539966547142E-03 9.17333740954332E-03 0 0 0 0 0 0 0 0 0 0 0 0 0 0 0 0 0 0 0 0 0 0 0 0 0 0 0 0 0 0
9.51635904388327E-03 9.53131744843418E-03 9.53821849127241E-03 9.53764776943227E-03 9.53033263661453E-03 9.51711987458923E-03 9.49895296013404E-03 9.47683641904998E-03 9.45179914750679E-03 9.42485130393938E-03 9.39695411845522E-03 9.36898465303362E-03 9.3416833293261E-03 9.3156281577069E-03 9.29127749584817E-03 9.26894897763859E-03 9.24884735090379E-03 9.23104900993426E-03 9.21556117863635E-03 9.20229937871393E-03 9.19115506760545E-03 9.18197400681105E-03 9.17458757292421E-03 9.1688118688575E-03 9.1644602052286E-03 9.16134396952846E-03 9.15925408276292E-03 9.15797647703977E-03 9.1572953670488E-03 9.15700722572593E-03 9.15693764414835E-03 9.15734130626286E-03 0 0 0 0 0 0 0 0 0 0 0 0 0 0 0 0 0 0 0 0 0 0 0 0 0 0 0 0 0 0 0
9.53980828797486E-03 9.5496057381206E-03 9.5514566184046E-03 9.54603009221776E-03 9.53413806897233E-03 9.51670721949381E-03 9.49475239361581E-03 9.46933501646819E-03 9.44152121366738E-03 9.41233557944397E-03 9.38272908576198E-03 9.3535441086227E-03 9.32547060325896E-03 9.2990273646108E-03 9.27460804521098E-03 9.2524647812689E-03 9.23274317161233E-03 9.21546823243982E-03 9.20060029726201E-03 9.18801779992624E-03 9.17757963452142E-03 9.16910437786045E-03 9.16240422869123E-03 0.009157280545192 9.1535321566724E-03 9.15095499251475E-03 9.14932437979624E-03 9.14841243808396E-03 9.14799300211792E-03 9.14787311483023E-03 9.14798799862142E-03 9.15734130626286E-03 0 0 0 0 0 0 0 0 0 0 0 0 0 0 0 0 0 0 0 0 0 0 0 0 0 0 0 0 0 0 0
9.56033142219473E-03 9.56491664501271E-03 9.56169880975882E-03 9.55143747015899E-03 9.5350338334737E-03 9.51349594910299E-03 9.48790759796225E-03 9.45938131197817E-03 9.42901149418769E-03 9.39782591611094E-03 9.36675375400954E-03 9.33659159071119E-03 9.30797131868562E-03 9.28134419605894E-03 9.25703510668611E-03 9.2352303267031E-03 9.21601623420634E-03 9.19936631817416E-03 9.18519672104389E-03 9.1733524131524E-03 9.16366218677333E-03 9.15592237140199E-03 9.14992410362408E-03 9.14545660305824E-03 9.14230333951096E-03 9.14024596155811E-03 9.13904706703609E-03 9.13846588835741E-03 9.13826688838719E-03 9.13825685553523E-03 9.13872218563193E-03 0 0 0 0 0 0 0 0 0 0 0 0 0 0 0 0 0 0 0 0 0 0 0 0 0 0 0 0 0 0 0 0
9.57786791204361E-03 9.57719239414958E-03 9.56889635655191E-03 9.55383647681047E-03 9.53300672410999E-03 9.50749603074814E-03 9.47845244565159E-03 9.44703152313636E-03 9.41434454070461E-03 9.38141053427003E-03 9.34912500946155E-03 9.3182281649408E-03 9.28928436646385E-03 9.26267128990737E-03 9.23864335637384E-03 9.21732168619989E-03 9.19873310426789E-03 9.1827986246587E-03 9.16939288501711E-03 0.009158331126639 9.14941907029579E-03 9.14243139795114E-03 9.13714158678143E-03 9.13332598254129E-03 9.13075382088857E-03 9.1291901064856E-03 9.12838592161436E-03 9.12809026017019E-03 9.12807209028758E-03 9.12823961759525E-03 9.13872218563193E-03 0 0 0 0 0 0 0 0 0 0 0 0 0 0 0 0 0 0 0 0 0 0 0 0 0 0 0 0 0 0 0 0
9.59235036367249E-03 9.58637145497587E-03 9.5730010662512E-03 9.55319853997734E-03 9.5280518542349E-03 9.49872831066473E-03 9.46643247139201E-03 9.43235257840173E-03 9.39760323234417E-03 9.36318134407334E-03 9.32993699231039E-03 9.29854226735152E-03 9.2694907846148E-03 9.24307980912963E-03 9.21949323242968E-03 9.19878738205735E-03 9.18093024564618E-03 9.16578984026638E-03 9.15320375774931E-03 9.14296346608423E-03 9.13485422754284E-03 9.12863607285198E-03 9.12406439214248E-03 9.12090806558429E-03 9.11891539821425E-03 9.11783035244348E-03 9.11738901934839E-03 9.11733462050535E-03 9.11743259528196E-03 9.11795091051884E-03 0 0 0 0 0 0 0 0 0 0 0 0 0 0 0 0 0 0 0 0 0 0 0 0 0 0 0 0 0 0 0 0 0
9.60369925065418E-03 9.59238680167704E-03 9.57396588834226E-03 9.54950166832808E-03 9.52017445200907E-03 9.48722533675948E-03 9.45190627109781E-03 9.41542342646519E-03 9.37888061527546E-03 9.3432390488504E-03 9.3092911532946E-03 9.27763291012365E-03 9.24867837305644E-03 9.22264679973392E-03 9.19965201171592E-03 9.17968354950391E-03 9.16264919884374E-03 9.14836932810607E-03 9.13664783497931E-03 9.12725675246018E-03 9.11996492473208E-03 9.11452137739338E-03 9.11068240471523E-03 9.10820079885503E-03 9.10679595806979E-03 9.10618335480484E-03 9.10606454598359E-03 9.10618536259862E-03 9.10648260761636E-03 9.11795091051884E-03 0 0 0 0 0 0 0 0 0 0 0 0 0 0 0 0 0 0 0 0 0 0 0 0 0 0 0 0 0 0 0 0 0
9.61183298707589E-03 9.59517481506781E-03 9.57175184976928E-03 9.54273559582434E-03 9.50939342583848E-03 9.47303343687745E-03 9.43494164697708E-03 9.39632543657651E-03 9.35826482475091E-03 9.32167029806124E-03 9.28726849058811E-03 9.25557017387597E-03 9.22690842733015E-03 9.20142375201174E-03 9.1791552647714E-03 9.16002714425268E-03 9.1438934808896E-03 9.13053528591709E-03 9.11972258790314E-03 9.11122127748461E-03 9.10478436492139E-03 9.10015889139256E-03 9.09708977888504E-03 9.09531259851078E-03 9.09453116893223E-03 9.0944301709891E-03 9.09466638541291E-03 9.09490767660039E-03 9.09546220967427E-03 0 0 0 0 0 0 0 0 0 0 0 0 0 0 0 0 0 0 0 0 0 0 0 0 0 0 0 0 0 0 0 0 0 0
9.61666487695703E-03 9.59467500770197E-03 9.56632850169116E-03 9.53290054071118E-03 9.49573959596989E-03 9.45620866088443E-03 9.41561359165685E-03 9.37514813338695E-03 9.33585257764026E-03 9.29857517253641E-03 9.26396529649813E-03 9.23244618684662E-03 9.20426487418858E-03 9.17948004307931E-03 9.15805760401778E-03 9.13985884553322E-03 9.12468982040861E-03 9.11229595356427E-03 9.10242867840255E-03 9.09484726354634E-03 9.08929691101734E-03 9.08552342822126E-03 9.08326139787414E-03 9.08223376306298E-03 9.08213389842133E-03 9.08262835661774E-03 9.08331757571234E-03 9.08375393854912E-03 9.09546220967427E-03 0 0 0 0 0 0 0 0 0 0 0 0 0 0 0 0 0 0 0 0 0 0 0 0 0 0 0 0 0 0 0 0 0 0
9.61811717475948E-03 9.59083907708279E-03 9.55767870208079E-03 9.52000955926247E-03 9.47925196798716E-03 9.4368099650136E-03 9.39399521925799E-03 9.35197103778206E-03 9.31172466794538E-03 9.27403032159076E-03 9.23945387813538E-03 9.20832642391381E-03 9.18080541066218E-03 9.15686424811363E-03 9.1363978036821E-03 9.11921083410443E-03 9.10506711437259E-03 9.09368079891651E-03 9.08478227651034E-03 9.07813141336718E-03 0.009073477343246 9.07056934630761E-03 9.06913861638139E-03 9.06890373017678E-03 9.06956733285573E-03 9.07080366120693E-03 9.07209936558651E-03 9.0721948952527E-03 0 0 0 0 0 0 0 0 0 0 0 0 0 0 0 0 0 0 0 0 0 0 0 0 0 0 0 0 0 0 0 0 0 0 0
9.61612415144619E-03 9.58363170201052E-03 9.54579796607151E-03 9.50408685054062E-03 9.45997899153532E-03 9.4149056459217E-03 9.37016828841705E-03 9.32688355232175E-03 9.28597199173662E-03 9.24812616896287E-03 0.009213820064349 9.18328729068806E-03 9.15659351328226E-03 9.13362433308062E-03 9.11420915746589E-03 9.09810107387058E-03 9.08502578070544E-03 9.07466423341298E-03 9.06673596908767E-03 9.06100444772802E-03 9.05723025182869E-03 9.05517428696854E-03 9.05457437409934E-03 9.05515956427438E-03 9.05667220630603E-03 9.05893896046225E-03 9.06175993947739E-03 9.06226513513548E-03 0 0 0 0 0 0 0 0 0 0 0 0 0 0 0 0 0 0 0 0 0 0 0 0 0 0 0 0 0 0 0 0 0 0 0
9.61063381226974E-03 9.5730316159283E-03 9.53069448600881E-03 9.48516620425629E-03 9.43797403805925E-03 9.39056076632643E-03 9.34420370266762E-03 9.29995508382656E-03 9.25866034048967E-03 9.22091997268595E-03 9.1871107762213E-03 9.15735908096352E-03 9.1316453591615E-03 9.10976317640698E-03 9.09148490993572E-03 9.0765150318257E-03 9.06454495099856E-03 9.05522342264005E-03 9.04825458216999E-03 9.04341377777017E-03 9.04047561827896E-03 9.03922275654163E-03 9.03942000839948E-03 9.0408093205487E-03 9.04314416024111E-03 9.0465754869837E-03 9.05404864022889E-03 9.06226513513548E-03 0 0 0 0 0 0 0 0 0 0 0 0 0 0 0 0 0 0 0 0 0 0 0 0 0 0 0 0 0 0 0 0 0 0 0
