NongDo/Fusa 18.4h.grd
DSAA
463	323
2	464
2	324
0	10
[rows 252 to 279 of 323, columns 0 to 63 of 463]
0 0 0 0 0 0 0 0 0 0 0 0 0 0 0 0 0 0 0 0 0 0 0 0 0 0 0 0 0 0 0 0 0 0 0 0 0 0 3.95465074318079E-03 3.96696603909865E-03 3.97367763065188E-03 3.97945567769785E-03 3.98603160539049E-03 3.99379330828956E-03 4.00292014633185E-03 4.01350404639079E-03 4.02567939829946E-03 4.03953515436624E-03 4.05520592461196E-03 4.07280585703668E-03 4.09245528464513E-03 4.11426473508302E-03 4.13830340242358E-03 4.16462537618636E-03 4.19322619844925E-03 4.22410545329739E-03 4.25718658149376E-03 4.29238575188711E-03 4.32956448979592E-03 4.36861085214668E-03 4.40934848840037E-03 4.45154941510999E-03 4.4949609671413E-03 4.53931379259573E-03
0 0 0 0 0 0 0 0 0 0 0 0 0 0 0 0 0 0 0 0 0 0 0 0 0 0 0 0 0 0 0 0 0 0 0 0 0 3.94388961993434E-03 3.95465074318079E-03 3.96042860448966E-03 3.96673424647706E-03 3.97345511248393E-03 3.98108085578201E-03 3.98987089694788E-03 4.0000319355091E-03 4.01169555595099E-03 4.02501777330631E-03 4.04010971014139E-03 4.05711717129877E-03 4.07617069984421E-03 4.09739405621443E-03 4.12089616999802E-03 4.14673706924047E-03 4.17495748930912E-03 4.20553436009362E-03 4.23844175285854E-03 4.27357763614933E-03 4.31082651366699E-03 4.35001735306932E-03 4.39099963166107E-03 4.43356638626739E-03 4.47745970091026E-03 4.52240071481746E-03 4.56809844300509E-03
0 0 0 0 0 0 0 0 0 0 0 0 0 0 0 0 0 0 0 0 0 0 0 0 0 0 0 0 0 0 0 0 0 0 0 0 3.93472987963919E-03 3.94388961993434E-03 3.94898246033989E-03 3.95466747656503E-03 3.96114363273448E-03 3.96850013535929E-03 3.97696483391252E-03 3.9866928460605E-03 3.99786909467704E-03 4.0106356680404E-03 4.02515724599204E-03 4.04155743640592E-03 4.05998870609447E-03 4.08059220756237E-03 4.10349185370368E-03 4.12879072086327E-03 4.15653551589958E-03 4.18674840213745E-03 4.21938167299449E-03 4.25438369498811E-03 4.29162125102338E-03 4.33094224108612E-03 4.37213937754547E-03 4.41502588532346E-03 4.45936069576078E-03 4.50485734830347E-03 4.55121366006877E-03 4.59812101957594E-03
0 0 0 0 0 0 0 0 0 0 0 0 0 0 0 0 0 0 0 0 0 0 0 0 0 0 0 0 0 0 0 0 0 0 0 3.93021797001653E-03 3.93472987963919E-03 3.93879745920799E-03 3.94360368341082E-03 3.94935591980134E-03 3.95618203575083E-03 3.96415542321963E-03 3.97342197714561E-03 3.98408273309745E-03 3.99630579103297E-03 4.01023771838243E-03 4.02604321703621E-03 4.04385359567537E-03 4.06382057711345E-03 4.08609505189586E-03 4.11079308079939E-03 4.13800841447456E-03 4.16776855221422E-03 4.20007360560353E-03 4.23484357107127E-03 4.27200020521906E-03 4.31137322686234E-03 4.35276838190398E-03 0.004395942198724 4.44067243356146E-03 4.48668888972898E-03 4.53367557183459E-03 4.58131117606848E-03 4.62927385170094E-03
0 0 0 0 0 0 0 0 0 0 0 0 0 0 0 0 0 0 0 0 0 0 0 0 0 0 0 0 0 0 0 0 0 0 0 3.93021797001653E-03 3.93060310923917E-03 3.93352460608231E-03 3.93813679413441E-03 3.94411744850403E-03 3.95143135315191E-03 3.96009471330954E-03 3.97021484996961E-03 3.98187622505514E-03 3.9952333540821E-03 4.01043452710967E-03 4.02764161315316E-03 4.04699203345264E-03 4.06863492503454E-03 4.09272143387384E-03 4.11935645253568E-03 4.14861785969341E-03 4.18050956520366E-03 4.21500434679318E-03 4.2519899032126E-03 4.29134899119105E-03 4.33286849458274E-03 4.37631471522113E-03 0.004421411307714 4.46790190979633E-03 4.51548556281647E-03 0.004563823678744 4.61258094600688E-03 4.66142903245598E-03
0 0 0 0 0 0 0 0 0 0 0 0 0 0 0 0 0 0 0 0 0 0 0 0 0 0 0 0 0 0 0 0 0 0 3.91436047930889E-03 3.92277037445916E-03 3.92411817711353E-03 3.92731495797316E-03 3.93222847762629E-03 3.93868764348813E-03 3.9466529868781E-03 3.95612686470344E-03 3.96719993189035E-03 3.97997327859963E-03 3.99458891842638E-03 4.01119908314044E-03 4.02995474107372E-03 4.0510043361493E-03 4.07448520266638E-03 4.10054401673018E-03 4.12926852519739E-03 4.16071547483029E-03 4.19485828248603E-03 4.2316366433448E-03 4.27090278488883E-03 4.31248640310858E-03 4.35613743290343E-03 4.40158242945955E-03 4.44851624542608E-03 4.49664710398146E-03 4.54565521960244E-03 4.59518297072833E-03 0.004644885672887 4.69443511094419E-03
0 0 0 0 0 0 0 0 0 0 0 0 0 0 0 0 0 0 0 0 0 0 0 0 0 0 0 0 0 0 0 0 0 0 3.91436047930889E-03 3.91480228656039E-03 3.91659544304613E-03 3.92028014984549E-03 3.92576021351776E-03 3.93290603849238E-03 3.94169040391803E-03 3.95212178450596E-03 3.96429297733651E-03 3.97832451571224E-03 3.99435701933165E-03 4.01254404620103E-03 4.03302581245559E-03 4.05595323075947E-03 4.08145073178141E-03 4.10965327970594E-03 4.14062639776142E-03 4.17439815731824E-03 4.21090450425417E-03 4.25004499599572E-03 4.2916287071726E-03 4.33543495506198E-03 4.38117338141177E-03 4.42853490664835E-03 4.47718785989542E-03 4.52681519672344E-03 4.5770818609014E-03 4.6276174707971E-03 4.67807484428379E-03 4.72813488483943E-03
0 0 0 0 0 0 0 0 0 0 0 0 0 0 0 0 0 0 0 0 0 0 0 0 0 0 0 0 0 0 0 0 0 0 3.90570735311571E-03 3.90582954479317E-03 3.90810627727797E-03 3.91245524138447E-03 3.9186988796207E-03 3.92671223592001E-03 3.93648176528692E-03 3.94803259108847E-03 3.96146985785995E-03 3.97693617284948E-03 3.99457026670099E-03 4.01453034416512E-03 4.03693633864629E-03 4.06194026220271E-03 4.08964377871468E-03 4.12016863243308E-03 4.15355051081026E-03 4.1897797058441E-03 4.22874547218667E-03 4.27030027387258E-03 4.31420879470997E-03 4.36020117177176E-03 4.40794981785518E-03 4.45711094826107E-03 4.50733364826067E-03 4.55828294397946E-03 4.60962161542778E-03 4.66096715972315E-03 4.71197876920307E-03 4.76235714398509E-03
0 0 0 0 0 0 0 0 0 0 0 0 0 0 0 0 0 0 0 0 0 0 0 0 0 0 0 0 0 0 0 0 0 0 3.89532730546984E-03 3.89556006508142E-03 3.89856872433325E-03 3.90380294733215E-03 3.91101289274217E-03 3.92008400971844E-03 3.93102303641024E-03 3.94387700249419E-03 3.95876694375949E-03 3.97586726454005E-03 3.99531194892302E-03 4.01725880137893E-03 4.04180313231894E-03 4.06909290155835E-03 4.09919485375216E-03 4.13222038676277E-03 4.1681637311869E-03 4.20696429436443E-03 4.24845701648486E-03 4.29244608618196E-03 4.33865087661738E-03 4.38675653057649E-03 4.43640174715569E-03 4.48721507133009E-03 4.53883192108918E-03 4.59090975445937E-03 4.64311765934256E-03 4.69506297872788E-03 4.74642531602855E-03 4.79693722188146E-03
0 0 0 0 0 0 0 0 0 0 0 0 0 0 0 0 0 0 0 0 0 0 0 0 0 0 0 0 0 0 0 0 0 3.86709842360382E-03 3.88154924322234E-03 3.88359290463861E-03 3.8879468065931E-03 3.89435940467375E-03 3.90275348509033E-03 3.91307865343339E-03 3.92538226566593E-03 3.93974029473843E-03 3.95628327169616E-03 3.97523848399429E-03 3.99671522658845E-03 4.02087832206518E-03 4.04777844209045E-03 4.07757356131987E-03 4.1102640392587E-03 4.14596438935451E-03 4.18460160436923E-03 4.22605528246334E-03 4.27010431384554E-03 4.31650523319025E-03 4.36493655752451E-03 4.41503924600579E-03 4.46643126755175E-03 4.51871833459062E-03 4.57153360497062E-03 4.62452543217775E-03 4.67738984733918E-03 4.72971932571719E-03 4.78123811512336E-03 4.83171814974087E-03
0 0 0 0 0 0 0 0 0 0 0 0 0 0 0 0 0 0 0 0 0 0 0 0 0 0 0 0 0 0 0 0 0 3.86709842360382E-03 3.86783651400164E-03 3.87079907426351E-03 3.87646732235222E-03 3.88426602747921E-03 3.89404518216837E-03 3.90581706945177E-03 3.91968457397176E-03 3.93576014789841E-03 3.9541893711073E-03 3.97522332224082E-03 3.99896294152859E-03 4.02556304676597E-03 4.0550440748264E-03 4.08754620999165E-03 4.12302672923299E-03 4.16154968987638E-03 4.20297068514664E-03 4.24711128773816E-03 4.29370255896294E-03 4.34245028128084E-03 4.39299386670835E-03 4.44494129489756E-03 4.49789616365842E-03 4.55145902053557E-03 4.60526648198795E-03 4.6589655722004E-03 4.71225011121219E-03 4.76475699133056E-03 4.8162642555485E-03 4.86657161624325E-03
0 0 0 0 0 0 0 0 0 0 0 0 0 0 0 0 0 0 0 0 0 0 0 0 0 0 0 0 0 0 0 0 0 3.8529710263713E-03 3.85334497741126E-03 3.85751147988522E-03 3.86458287744324E-03 3.87383647199163E-03 3.88513329602418E-03 3.8985143297573E-03 3.91413335819897E-03 3.93213536297604E-03 3.95269370290065E-03 3.97604287785879E-03 4.00228385913004E-03 4.03154696350061E-03 4.06382787539738E-03 4.09921952046907E-03 4.13765701693387E-03 4.17908917678743E-03 4.22333447156881E-03 4.27014664726785E-03 4.31922189991833E-03 4.37020221880121E-03 4.42270621315027E-03 0.004476311927954 4.53062061792363E-03 4.5852385845813E-03 4.63981359445044E-03 4.69400201028521E-03 4.7474963690084E-03 4.80003352087512E-03 4.85139646313181E-03 4.90141420182056E-03
0 0 0 0 0 0 0 0 0 0 0 0 0 0 0 0 0 0 0 0 0 0 0 0 0 0 0 0 0 0 0 0 3.80503141245788E-03 3.83361015904721E-03 3.83739250009904E-03 3.84375289967617E-03 3.85251685816615E-03 3.86336272266606E-03 3.8763026877035E-03 3.89145069064554E-03 3.90900595435155E-03 3.92914443311134E-03 3.95204928785584E-03 3.97793969143864E-03 4.00690062179417E-03 4.03903306475028E-03 4.0742943422941E-03 4.11272680053721E-03 4.15421096312103E-03 4.19860551191215E-03 4.24567199595089E-03 4.29510723444207E-03 4.34656449643678E-03 4.39963907872416E-03 4.45392810615898E-03 4.50899505795935E-03 4.56444602046917E-03 4.61990147948363E-03 4.67502956096445E-03 4.72950718263471E-03 4.78305836245323E-03 4.83548096812301E-03 4.88657204431934E-03 4.93617748855978E-03
0 0 0 0 0 0 0 0 0 0 0 0 0 0 0 0 0 0 0 0 0 0 0 0 0 0 0 0 0 0 0 3.79470435440737E-03 3.80503141245788E-03 3.81464670474254E-03 3.82191913065876E-03 3.83034283515161E-03 3.84075887318391E-03 3.85322148135376E-03 3.86789356231136E-03 3.88494841087608E-03 3.90461383426922E-03 3.92708169319171E-03 3.95253218969347E-03 3.98116556782603E-03 4.01303930785368E-03 4.04821072369825E-03 4.08658784229833E-03 4.12815000899939E-03 4.1727198962866E-03 4.22007747693804E-03 4.26992205002333E-03 4.32189150700071E-03 4.37560006035057E-03 4.43060810449611E-03 4.48649768055932E-03 4.54282889845577E-03 4.59921833303851E-03 4.65531067830248E-03 4.71080460676124E-03 4.76540911876674E-03 4.81887815183798E-03 4.87104596402061E-03 4.92173402932144E-03 4.97079980799323E-03
0 0 0 0 0 0 0 0 0 0 0 0 0 0 0 0 0 0 0 0 0 0 0 0 0 0 0 0 0 0 0 3.79470435440737E-03 3.7953830015497E-03 3.80062300755526E-03 3.80809179831498E-03 3.81769530140782E-03 3.82957190337909E-03 3.84367802930117E-03 3.86018674941687E-03 3.87929938583303E-03 3.90125021159038E-03 3.92623066475574E-03 3.95440286683093E-03 3.98594999714241E-03 4.02089018534503E-03 4.05922590803426E-03 4.10080528615253E-03 4.14554511286013E-03 4.19320015246595E-03 4.24347983592826E-03 4.29601912251786E-03 4.35040180734911E-03 4.40620586759717E-03 4.46296781324238E-03 4.52026592755048E-03 4.57766091333578E-03 4.63478923953006E-03 4.69132781155813E-03 4.74701201661233E-03 4.8015847073285E-03 4.85483422755106E-03 4.90661951693483E-03 4.95678035577839E-03 5.00518307631468E-03
0 0 0 0 0 0 0 0 0 0 0 0 0 0 0 0 0 0 0 0 0 0 0 0 0 0 0 0 0 0 0 3.78179307647549E-03 3.78214744427239E-03 3.78692458215245E-03 3.7949669343788E-03 3.80573746665664E-03 3.81910698710139E-03 3.83494976490847E-03 3.85343292813026E-03 3.87476944533781E-03 3.89918149739333E-03 3.92685043924037E-03 3.95790394087168E-03 3.99251096285686E-03 4.03063737287859E-03 4.07221923505217E-03 4.11704169663629E-03 4.16495516543109E-03 4.21565234075052E-03 4.26876662365709E-03 4.32387854713891E-03 4.38051919282804E-03 4.43824175638942E-03 4.49656315498919E-03 4.55507162732356E-03 4.61332958420511E-03 4.67100541911129E-03 4.72781342198077E-03 4.78352792672024E-03 4.83792569488352E-03 4.89082420473377E-03 4.94210285647597E-03 4.9916160370194E-03 5.03923357974802E-03
0 0 0 0 0 0 0 0 0 0 0 0 0 0 0 0 0 0 0 0 0 0 0 0 0 0 0 0 0 0 3.74602060220407E-03 3.76395941656147E-03 3.76671893890519E-03 3.77281890390651E-03 3.78211870935356E-03 3.79434109728339E-03 3.80940209174632E-03 3.82718379694098E-03 3.84783910534624E-03 3.87158749609455E-03 3.89863706929696E-03 3.92915855063676E-03 3.96324589906747E-03 4.00102817432642E-03 4.04241489808521E-03 4.08727932481596E-03 4.13534608873958E-03 4.18639518252534E-03 4.24004977414499E-03 4.29587702266749E-03 4.35340445150824E-03 4.41212405691932E-03 4.47156860353122E-03 4.53124723593517E-03 4.59075565735766E-03 4.64967933056672E-03 4.70772440986185E-03 4.76463842882206E-03 4.82022952650414E-03 4.87431043204103E-03 4.92673346240575E-03 4.97738783790186E-03 5.02613407115532E-03 5.07284694956055E-03
0 0 0 0 0 0 0 0 0 0 0 0 0 0 0 0 0 0 0 0 0 0 0 0 0 0 0 0 0 0 3.74602060220407E-03 3.74705821859105E-03 3.75114573634436E-03 3.75879322382888E-03 3.76970339832917E-03 3.78366649600276E-03 3.80063998836039E-03 3.82057282784975E-03 3.84361216842582E-03 3.8699724633811E-03 3.89983346720547E-03 3.9333628289686E-03 3.97061665551128E-03 4.0116572306042E-03 4.05634591537144E-03 4.10449090831121E-03 4.15576141893104E-03 4.2098532279895E-03 4.26633878512141E-03 4.32471576485118E-03 4.38447012662142E-03 4.44506248504591E-03 4.50601666675788E-03 4.5668431269002E-03 4.62714975739149E-03 4.68656293731684E-03 4.74481502395665E-03 4.80168522937948E-03 4.85701385923099E-03 4.91065185659186E-03 4.96247948805853E-03 5.01238797386006E-03 5.06024724544958E-03 5.10593598148095E-03
0 0 0 0 0 0 0 0 0 0 0 0 0 0 0 0 0 0 0 0 0 0 0 0 0 0 0 0 0 3.70664566898152E-03 3.72647790504905E-03 3.72936398349118E-03 3.73552857271699E-03 3.74505035316199E-03 3.75785899816831E-03 3.7738310936468E-03 3.7929790996789E-03 3.81530331634269E-03 3.84094927638025E-03 3.87011945014684E-03 3.90296382361455E-03 3.93963482578797E-03 3.98014667786046E-03 4.02449911212896E-03 4.07249623054966E-03 4.12388540237092E-03 4.17827593256534E-03 4.23529295932879E-03 4.29445027075642E-03 4.35519069335006E-03 4.41696272883581E-03 4.47921023251892E-03 4.54145601430843E-03 4.60322317783004E-03 4.66414111032464E-03 4.72387223205217E-03 4.78217697284512E-03 4.83886134305753E-03 0.004893793891606 4.94686079186115E-03 4.9979688457764E-03 5.04701111959998E-03 5.09386189013686E-03 5.13840594640359E-03
0 0 0 0 0 0 0 0 0 0 0 0 0 0 0 0 0 0 0 0 0 0 0 0 0 0 0 0 0 3.70664566898152E-03 3.70776210127232E-03 3.71219866061197E-03 3.72032766821995E-03 3.73189003950593E-03 3.74682061103053E-03 3.76504598578567E-03 3.78662093277464E-03 3.81157330853171E-03 3.84004127382717E-03 3.87221158082844E-03 3.90819394650846E-03 3.94811891423388E-03 3.99195404700445E-03 4.03963933343243E-03 4.09092242827307E-03 4.1454837573491E-03 4.20287537937025E-03 4.26265675267831E-03 4.32429811707025E-03 4.38718939717112E-03 4.45075213390403E-03 4.51442783518148E-03 4.57774973167085E-03 4.64026279509258E-03 4.70161593652006E-03 4.76150687074298E-03 4.8197191314983E-03 4.8760835162955E-03 4.93049026359943E-03 4.9828607149557E-03 5.03312565229677E-03 5.08117735285761E-03 5.1268934705976E-03 5.17016858132892E-03
0 0 0 0 0 0 0 0 0 0 0 0 0 0 0 0 0 0 0 0 0 0 0 0 0 0 0 0 3.66529846455431E-03 3.68596959870216E-03 3.68892471085373E-03 3.69547548903184E-03 3.70573759161556E-03 3.71952827950727E-03 3.73680591158394E-03 3.7575254469819E-03 3.78177109065073E-03 3.80957951699974E-03 3.84106930975916E-03 3.87640784088483E-03 3.91565732084712E-03 3.95892284456053E-03 4.0061177868337E-03 4.05712971871685E-03 4.11164589936892E-03 4.16927857800769E-03 4.22952365775417E-03 4.29188809828768E-03 4.35580474230103E-03 4.42061567358798E-03 4.48573097158095E-03 4.55060763320717E-03 4.61479674461151E-03 4.67786728741759E-03 4.73948763457033E-03 4.7993876946663E-03 4.85737049123704E-03 4.91328457160069E-03 4.96703617096189E-03 5.01858080591141E-03 5.06787424035327E-03 5.11480210287483E-03 5.1592491467778E-03 5.20112810283562E-03
0 0 0 0 0 0 0 0 0 0 0 0 0 0 0 0 0 0 0 0 0 0 0 0 0 0 0 0 3.66529846455431E-03 3.66634552272606E-03 3.67079147446302E-03 3.67946193635067E-03 3.69204097609742E-03 3.70826400105583E-03 3.72810657359098E-03 3.7515386559503E-03 3.77866783635951E-03 3.80952984694453E-03 3.84421021620415E-03 3.88286303878549E-03 3.92547918028116E-03 3.97215002493788E-03 4.02271720768212E-03 4.07702023534917E-03 4.13468697441462E-03 4.19525558951786E-03 4.25817926271174E-03 4.32290971292212E-03 4.38887044408041E-03 4.45534976193552E-03 4.52177556700416E-03 4.58763378707186E-03 4.65249244519553E-03 4.71594752646555E-03 4.77767497914557E-03 4.83744360887748E-03 4.89506224823833E-03 4.95039758701028E-03 5.00336127525205E-03 5.05394493550544E-03 5.10213177155973E-03 5.14779066018294E-03 5.19082856116929E-03 5.23118561240977E-03
0 0 0 0 0 0 0 0 0 0 0 0 0 0 0 0 0 0 0 0 0 0 0 0 0 0 0 0 3.64569163250354E-03 3.64632122119599E-03 3.65299833544882E-03 3.66426699881321E-03 3.67948575659382E-03 3.69838937297051E-03 3.72100992327368E-03 3.74735252758189E-03 3.77754281701459E-03 3.81161667327038E-03 3.84962873798163E-03 3.89169995136206E-03 3.93776237948594E-03 3.98786934752926E-03 4.04179912178616E-03 4.09932600254767E-03 4.16001714115985E-03 4.22335662418662E-03 4.28876541626718E-03 4.35564338264578E-03 4.42338193838796E-03 4.4912778805018E-03 4.55878970286456E-03 4.62542807226129E-03 4.69077153077313E-03 4.75444112363649E-03 4.81612421322485E-03 4.87561675313728E-03 4.93273084440637E-03 4.98734788785715E-03 5.03938846230829E-03 5.08887193773498E-03 5.13579222058535E-03 5.18002553432208E-03 5.22151470524649E-03 5.26023280755986E-03
0 0 0 0 0 0 0 0 0 0 0 0 0 0 0 0 0 0 0 0 0 0 0 0 0 0 0 3.57888887443924E-03 3.61869586914387E-03 3.6252044523463E-03 3.63593557724064E-03 3.65040232717741E-03 3.66853618575859E-03 3.69030814676184E-03 3.71586475926983E-03 3.74526543029225E-03 3.77864765036194E-03 3.81605378330138E-03 3.8575004081813E-03 3.90306411780866E-03 3.9526145815092E-03 4.00614742899059E-03 4.06338946521955E-03 4.12402192829991E-03 4.18757781803766E-03 4.2534875901798E-03 4.32116055292434E-03 4.38993746541145E-03 4.45920007928837E-03 4.52830007065188E-03 4.59669645982217E-03 4.66393306552298E-03 4.72958552309758E-03 4.79331268654975E-03 4.85479186759662E-03 4.91385455501881E-03 4.97030555922422E-03 5.02404892963124E-03 5.07500484009302E-03 5.12321853273094E-03 5.16871003798338E-03 5.21137198029558E-03 5.25118548712936E-03 5.28816454998601E-03
0 0 0 0 0 0 0 0 0 0 0 0 0 0 0 0 0 0 0 0 0 0 0 0 0 0 3.55409649703865E-03 3.57888887443924E-03 3.59371084079887E-03 3.60633724985249E-03 3.62093691599102E-03 3.6385543763679E-03 3.65963798159302E-03 3.68436221053665E-03 3.71295930484626E-03 3.74552313063616E-03 3.7821923395349E-03 3.82300350638123E-03 3.86794016331755E-03 3.91702482701757E-03 3.97006470652897E-03 4.02698500213633E-03 4.08744026978726E-03 4.15104205221979E-03 4.21727912631746E-03 4.28555155832611E-03 4.35525241604884E-03 4.42569559663848E-03 4.49626776091082E-03 4.56636124631479E-03 4.63545450063345E-03 4.70310552198534E-03 4.7688956430147E-03 4.8325015520258E-03 4.89361188313121E-03 4.95206913771512E-03 5.00768227831809E-03 5.06037339300968E-03 5.11007934023093E-03 5.15686377187756E-03 5.20075740576153E-03 5.24169789903249E-03 5.27972045033107E-03 5.31488077532041E-03
0 0 0 0 0 0 0 0 0 0 0 0 0 0 0 0 0 0 0 0 0 0 0 0 0 3.54288180979017E-03 3.55409649703865E-03 3.56459206089317E-03 3.57724753774882E-03 3.59167334663834E-03 3.60882642027449E-03 3.62917866205368E-03 3.65310710402238E-03 3.68080758452952E-03 3.71251443451166E-03 3.74832156932699E-03 3.78834494190469E-03 3.83260879799453E-03 3.88105869037507E-03 3.93365396514884E-03 0.003990139369547 4.05035081240885E-03 4.11388370697673E-03 4.18028277326059E-03 4.24900286076714E-03 4.31942253974239E-03 4.39092949764154E-03 4.46283132881599E-03 4.53451813389009E-03 4.60542069214033E-03 4.6750326113838E-03 4.74292206260204E-03 4.80867153900485E-03 4.8719704272678E-03 4.93252131332097E-03 4.99016724671544E-03 5.04473954177537E-03 5.09617493849241E-03 5.14443972728203E-03 5.18960803496657E-03 5.23174951704209E-03 5.27085494309524E-03 5.30700471161295E-03 5.34029945450827E-03
0 0 0 0 0 0 0 0 0 0 0 0 0 0 0 0 0 0 0 0 0 0 0 0 0 3.54288180979017E-03 3.54387357862068E-03 3.55158533943074E-03 3.56392258731135E-03 3.57980538770488E-03 3.59920705973553E-03 3.62218688598538E-03 3.64897575939744E-03 3.67972798509918E-03 3.71463841736653E-03 3.75377033837187E-03 3.79719888374828E-03 3.84493463967717E-03 3.89688802521007E-03 3.95294804916977E-03 4.01279845032948E-03 4.07618634230185E-03 4.14264155479227E-03 4.21165541515502E-03 4.28265247105595E-03 4.35500610860136E-03 4.42810414386353E-03 4.50125771149221E-03 4.57386327002492E-03 4.64538716744814E-03 4.71533570453223E-03 4.78327303026032E-03 4.84878127897154E-03 4.91156052845145E-03 0.004971335347938 5.0279501316877E-03 5.08126414558276E-03 5.13123937334198E-03 5.17788226914058E-03 0.005221285557277 5.26154910376706E-03 5.29872664412721E-03 5.33295172182387E-03 5.36436250592823E-03
0 0 0 0 0 0 0 0 0 0 0 0 0 0 0 0 0 0 0 0 0 0 0 0 3.50505289383046E-03 3.52461852089186E-03 3.52870957985645E-03 3.53794629323508E-03 3.55182016493789E-03 3.56976111938939E-03 3.5916429561269E-03 3.61740362229307E-03 3.64719380259124E-03 3.68114057047303E-03 3.71937718717488E-03 3.76193379492895E-03 3.80881974069816E-03 3.86004604563156E-03 3.91547918520574E-03 3.97492660234815E-03 4.0380301912454E-03 4.10443219071731E-03 4.17362820191502E-03 4.24504943404765E-03 4.31811035516483E-03 4.39218467924908E-03 4.46666573693332E-03 4.54087813095481E-03 4.61420931628941E-03 4.68617476505768E-03 4.75626814969891E-03 4.82404621723359E-03 4.88908997350753E-03 4.95111348916371E-03 5.00987450433126E-03 5.06521338973271E-03 5.11704435656747E-03 5.16535126390268E-03 5.21020175149686E-03 5.25170021652716E-03 5.2899971771366E-03 5.32520434027011E-03 5.35749539805375E-03 5.38703939587426E-03
