NongDo/Fusa 17.6h.grd
DSAA
463	323
2	464
2	324
0	10
[rows 56 to 83 of 323, columns 256 to 319 of 463]
0 0 0 0 0 0 0 0 0 0 0 0 0 0 0 0 0 0 0 0 0 0 0 0 0 0 0 0 0 0 0 0 0 0 0 0 0 0 0 0 0 0 0 0 0 0 0 0 0 0 0 0 0 0 0 0 0 0 0 0 0 0 0 0
0 0 0 0 0 0 0 0 0 0 0 0 0 0 0 0 0 0 0 0 0 0 0 0 0 0 0 0 0 0 0 0 0 0 0 0 0 0 0 0 0 0 0 0 0 0 0 0 0 0 0 0 0 0 0 0 0 0 0 0 0 0 0 0
0 0 0 0 0 0 0 0 0 0 0 0 0 0 0 0 0 0 0 0 0 0 0 0 0 0 0 0 0 0 0 0 0 0 0 0 0 0 0 0 0 0 0 0 0 0 0 0 0 0 0 0 0 0 0 0 0 0 0 0 0 0 0 0
0 0 0 0 0 0 0 0 0 0 0 0 0 0 0 0 0 0 0 0 0 0 0 0 0 0 0 0 0 0 0 0 0 0 0 0 0 0 0 0 0 0 0 0 0 0 0 0 0 0 0 0 0 0 0 0 0 0 0 0 0 0 0 0
0 0 0 0 0 0 0 0 0 0 0 0 0 0 0 0 0 0 0 0 0 0 0 0 0 0 0 0 0 0 0 0 0 0 0 0 0 0 0 0 0 0 0 0 0 0 0 0 0 0 0 0 0 0 0 0 0 0 0 0 0 0 0 0
0 0 0 0 0 0 0 0 0 0 0 0 0 0 0 0 0 0 0 0 0 0 0 0 0 0 0 0 0 0 0 0 0 0 0 0 0 0 0 0 0 0 0 0 0 0 0 0 0 0 0 0 0 0 0 0 0 0 0 0 0 0 0 0
0 0 0 0 0 0 0 0 0 0 0 0 0 0 0 0 0 0 0 0 0 0 0 0 0 0 0 0 0 0 0 0 0 0 0 0 0 0 0 0 0 0 0 0 0 0 0 0 0 0 0 0 0 0 0 0 0 0 0 0 0 0 0 0
0 0 0 0 0 0 0 0 0 0 0 0 0 0 0 0 0 0 0 0 0 0 0 0 0 0 0 0 0 0 0 0 0 0 0 0 0 0 0 0 0 0 0 0 0 0 0 0 0 0 0 0 0 0 0 0 0 0 0 0 0 0 7.02463983039889E-03 7.03348716072776E-03
0 0 0 0 0 0 0 0 0 0 0 0 0 0 0 0 0 0 0 0 0 0 0 0 0 0 0 0 0 0 0 0 0 0 0 0 0 0 0 0 0 0 0 0 0 0 0 0 0 0 0 0 0 0 0 0 0 0 6.98958614992426E-03 6.9982382318149E-03 7.00680209899387E-03 7.01541799595046E-03 7.02463983039889E-03 7.03348716072776E-03
0 0 0 0 0 0 0 0 0 0 0 0 0 0 0 0 0 0 0 0 0 0 0 0 0 0 0 0 0 0 0 0 0 0 0 0 0 0 0 0 0 0 0 0 0 0 0 0 0 0 0 0 0 0 6.95387957189003E-03 6.96297810323689E-03 6.9718133696915E-03 6.98056382390263E-03 6.98958614992426E-03 6.9982382318149E-03 7.00680209899387E-03 7.01541799595046E-03 7.02412842028316E-03 7.03281753174536E-03
0 0 0 0 0 0 0 0 0 0 0 0 0 0 0 0 0 0 0 0 0 0 0 0 0 0 0 0 0 0 0 0 0 0 0 0 0 0 0 0 0 0 0 0 0 0 0 0 0 0 0 6.92407219300242E-03 6.93423014428328E-03 6.9441044260563E-03 6.95387957189003E-03 6.96297810323689E-03 6.9718133696915E-03 6.98056382390263E-03 6.98926821962938E-03 6.9979138956601E-03 7.00643790621962E-03 7.01494550016843E-03 7.02343867861502E-03 7.03195361546589E-03
0 0 0 0 0 0 0 0 0 0 0 0 0 0 0 0 0 0 0 0 0 0 0 0 0 0 0 0 0 0 0 0 0 0 0 0 0 0 0 0 0 0 0 0 0 6.8577383060817E-03 6.8698024818135E-03 6.88124110077392E-03 6.89221653841894E-03 6.90294720981122E-03 6.91348152866305E-03 6.92407219300242E-03 6.93423014428328E-03 6.9441044260563E-03 6.95363216673081E-03 6.96278902240334E-03 6.97166914703678E-03 6.98041900976902E-03 6.98905901402645E-03 6.99766068134439E-03 7.00615893668136E-03 7.01461485047432E-03 7.02302896990865E-03 7.03144609771072E-03
0 0 0 0 0 0 0 0 0 0 0 0 0 0 0 0 0 0 0 0 0 0 0 0 0 0 0 0 0 0 0 0 0 0 0 0 0 0 0 0 0 0 0 6.83081505154709E-03 6.8442814504843E-03 6.8577383060817E-03 6.8698024818135E-03 6.88124110077392E-03 6.89221653841894E-03 6.90294720981122E-03 6.91348152866305E-03 6.92392974642042E-03 6.93410553168948E-03 6.94399914662215E-03 6.95355046590319E-03 6.9628032507822E-03 6.97179614251266E-03 6.98063344331807E-03 6.98933962603829E-03 6.9979745504206E-03 7.00651842251011E-03 7.01501066129524E-03 7.0234547914728E-03 7.03188084199629E-03
6.32902415364253E-03 6.3421206021018E-03 6.35498714764202E-03 6.36765171105207E-03 6.38013845883678E-03 6.39255278023079E-03 6.40481526593873E-03 6.41692698182296E-03 6.42890750565435E-03 6.44088473836064E-03 6.45289177210546E-03 6.46500049355713E-03 6.47705923384596E-03 6.48898814986848E-03 6.50072431019368E-03 6.51236351679534E-03 6.52389762090773E-03 6.53541609876992E-03 6.54681471993793E-03 6.55810138249951E-03 6.56927343187181E-03 6.58046483406398E-03 6.59169328011418E-03 6.6030537475839E-03 6.61441143414588E-03 6.62571239193089E-03 6.63687339309719E-03 6.64797348785418E-03 6.65895412948194E-03 6.66988198956666E-03 6.6806307591208E-03 6.69122489731537E-03 6.70167592405791E-03 6.71220157284304E-03 6.72301296363621E-03 0 0 0 0 6.77925858306869E-03 6.79092364602199E-03 6.80376810363804E-03 6.81714546484262E-03 6.83081505154709E-03 6.8442814504843E-03 6.85731659295788E-03 6.86954499943565E-03 6.88113019515935E-03 6.89224544883318E-03 6.90308794385617E-03 6.91370448859471E-03 6.92418052241062E-03 6.93442263081101E-03 6.94441771651974E-03 6.95411131654262E-03 6.96353890587888E-03 6.97272394159409E-03 6.98174378274183E-03 6.99061997134082E-03 6.99940261501443E-03 7.00809076239371E-03 7.01671817046314E-03 7.02529376886457E-03 7.03384627906408E-03
6.32902415364253E-03 6.3421206021018E-03 6.35498714764202E-03 6.36765171105207E-03 6.38013845883678E-03 6.39255278023079E-03 6.40481526593873E-03 6.41692698182296E-03 6.42890750565435E-03 6.44088473836064E-03 6.45289177210546E-03 6.46500049355713E-03 6.47705923384596E-03 6.48898814986848E-03 6.50072431019368E-03 6.51236351679534E-03 6.52389762090773E-03 6.53541609876992E-03 6.54681471993793E-03 6.55810138249951E-03 6.56927343187181E-03 6.58046483406398E-03 6.59169328011418E-03 6.6030537475839E-03 6.61441143414588E-03 6.62571239193089E-03 6.63687339309719E-03 6.64797348785418E-03 6.65895412948194E-03 6.66988198956666E-03 6.6806307591208E-03 6.69122489731537E-03 6.70167592405791E-03 6.71220157284304E-03 6.72301296363621E-03 6.7357278010599E-03 6.74674307523656E-03 6.75775644166772E-03 6.7688470875154E-03 6.77925858306869E-03 6.79092364602199E-03 6.80376810363804E-03 6.81714546484262E-03 6.83071700716134E-03 6.8441078871985E-03 6.85712412536987E-03 6.86954277680199E-03 6.88138586230666E-03 6.8927710960984E-03 6.90385542518895E-03 6.91468308821908E-03 6.92534037966281E-03 6.93577048334967E-03 6.94597415578463E-03 6.95590779920884E-03 6.9655951535542E-03 6.97505533348008E-03 6.9843492284531E-03 6.99349410996483E-03 7.0025314993694E-03 7.01146738315832E-03 7.02033245712436E-03 7.02914383993539E-03 7.03793226185883E-03
6.32930802231225E-03 6.34268731322367E-03 6.35571062887816E-03 6.36848855558593E-03 6.38107439744439E-03 6.3935719013871E-03 6.40591371918163E-03 6.41809000143613E-03 6.43013205073571E-03 6.44215402082205E-03 6.45419909380368E-03 6.4663577531619E-03 6.47846800140858E-03 6.49042045086076E-03 6.50218607391157E-03 6.5138514396997E-03 6.52542095297898E-03 6.53696878929561E-03 6.5484093880083E-03 6.55973532226225E-03 6.57095560923011E-03 6.58218305451556E-03 6.59344802910838E-03 6.60485584008603E-03 6.61627006080758E-03 6.62760970008647E-03 6.63881636453742E-03 6.64995378255782E-03 6.66097534813656E-03 6.67192518663097E-03 6.68269146183818E-03 6.69326767258921E-03 6.70366018753485E-03 6.71403546731842E-03 6.72456829566992E-03 6.7357278010599E-03 6.74674307523656E-03 6.75775644166772E-03 6.7688470875154E-03 6.78015579663287E-03 6.79211653357683E-03 6.8049157893506E-03 6.81815994546467E-03 6.83156749821078E-03 6.84488313649989E-03 6.85797203252999E-03 6.87062904972419E-03 6.88280886816063E-03 6.89456203754529E-03 6.90599770339924E-03 6.91715498577687E-03 6.92811675664568E-03 6.93884794233105E-03 6.94935788812013E-03 6.95961697246814E-03 6.9696433182388E-03 6.97945566085659E-03 6.98910454347555E-03 6.99860395190388E-03 7.00798567655781E-03 7.01725956830423E-03 7.02645565936932E-03 7.03559676458715E-03 7.0447148206073E-03
6.33043325060433E-03 6.34401234838938E-03 6.35723839177162E-03 6.37020485739755E-03 6.38296890070752E-03 6.39561909868042E-03 6.40810906996781E-03 6.42042578424316E-03 6.43260995557314E-03 6.44475107079642E-03 6.45689197736927E-03 6.46912668874634E-03 6.48130118720117E-03 6.49330275161862E-03 6.50513807030849E-03 6.51687279847709E-03 6.52852050909414E-03 6.54013474590735E-03 6.55165961406537E-03 6.56307842916641E-03 6.5744120310729E-03 6.58574179336035E-03 6.59710287972479E-03 6.60859506901959E-03 6.62009186360809E-03 6.63150425922248E-03 6.64280238430246E-03 6.65402391182492E-03 6.6651327567908E-03 6.67614624370946E-03 6.68697979861164E-03 6.69760483547515E-03 6.70803278861089E-03 6.71837699643716E-03 6.72876800561274E-03 6.73947775879129E-03 6.75030844767323E-03 6.76124474968119E-03 6.77233718395555E-03 6.78378187291121E-03 6.79572520364818E-03 6.80832000224302E-03 6.8213341283704E-03 6.83456435132845E-03 6.84781834749712E-03 6.86099241891697E-03 6.87388739782104E-03 6.8864183972342E-03 6.89857435033779E-03 6.91041850406082E-03 6.92197576546349E-03 6.93331957004664E-03 6.94442524526807E-03 6.95530769658232E-03 6.96595092598093E-03 6.97637148161193E-03 6.98659031580464E-03 6.99665039736369E-03 7.00656354087493E-03 7.01635241967445E-03 7.02603166467948E-03 7.03562828721008E-03 7.04516951345323E-03 7.05468617701199E-03
6.33234087197559E-03 6.34616585308889E-03 6.35966189836782E-03 6.37289642654744E-03 6.38591861541522E-03 6.39879345034154E-03 6.41149915855989E-03 6.42403887284769E-03 6.43644693045863E-03 6.44879005292672E-03 6.46110378549261E-03 6.47344195245121E-03 6.48569730774254E-03 6.49780038625767E-03 6.50976064888143E-03 6.52162301293858E-03 0.006533402887732 6.5451360771219E-03 6.55679184692607E-03 6.56836635527155E-03 6.57987871225681E-03 6.59138559028026E-03 6.60291800983058E-03 6.61453450029518E-03 6.62614231194573E-03 6.63768219296173E-03 6.64912974232701E-03 6.66049714853097E-03 6.67175169810519E-03 6.6828909263672E-03 6.6938515693758E-03 6.70461237261798E-03 6.71518192471883E-03 6.72563817445388E-03 6.73607882474822E-03 6.74668372217957E-03 6.75741843062151E-03 6.76830566260268E-03 6.7793931976217E-03 6.79082583600578E-03 6.80268519639874E-03 6.81507996177488E-03 6.82787886633147E-03 6.84095758434714E-03 6.85416570443664E-03 6.86740478102173E-03 6.88049645062597E-03 6.89333226151182E-03 0.006905862894101 6.91810818449844E-03 6.93007715822827E-03 6.94181828582373E-03 6.95331685147442E-03 6.96458956227217E-03 6.97563148402219E-03 6.98646375341676E-03 6.99710871947913E-03 7.00760086033641E-03 7.01795028175442E-03 7.02817562540287E-03 7.03829207295006E-03 7.04832631862914E-03 7.05830622077876E-03 7.06826111760013E-03
6.33511842485254E-03 6.34927295310054E-03 6.36311869256433E-03 6.37670124872841E-03 6.39006104072814E-03 6.40324442807913E-03 6.41625253068798E-03 6.42909970474847E-03 6.44180756026936E-03 6.45442371771882E-03 6.46697311991683E-03 6.47947750317532E-03 6.49188831816053E-03 6.50417050687461E-03 6.51632308305542E-03 6.52837715402325E-03 6.54035063718732E-03 6.5522694717992E-03 6.56412668342758E-03 6.57592722138528E-03 6.58768200878629E-03 6.59942888308764E-03 6.61119023061581E-03 6.62299289395802E-03 6.63478937290053E-03 6.64653828768895E-03 6.6582062860264E-03 6.66978748117975E-03 6.68125379912241E-03 6.69259131096817E-03 6.70375877774419E-03 6.71473993232543E-03 6.72553569175083E-03 6.73620066193739E-03 6.74680850801305E-03 6.75748545999687E-03 6.76826889111412E-03 6.77921324771053E-03 6.7903666426585E-03 6.80183679858726E-03 6.81368750473624E-03 6.82600168186243E-03 6.83871007354843E-03 6.85172880049752E-03 6.86493136823883E-03 6.8782285604068E-03 6.89147280311919E-03 6.9045425266015E-03 6.91737060574028E-03 6.92994498020732E-03 6.94226282334573E-03 6.95434949911535E-03 6.9662042085002E-03 6.97783661184906E-03 6.98925333990648E-03 7.0004739195951E-03 7.01152208094742E-03 7.02242574335362E-03 0.007033199383573 7.04385486398394E-03 7.05440854934095E-03 7.06488458506793E-03 7.07531073863015E-03 7.08571332724588E-03
6.33894295943863E-03 6.35352064005568E-03 6.3678032568845E-03 6.38182236317203E-03 6.39560919101391E-03 6.40920235854177E-03 6.42261063315799E-03 6.43585047979124E-03 6.44893769009651E-03 6.46190618366563E-03 6.47477129510677E-03 6.48754617143856E-03 6.50021164503203E-03 6.5127542251004E-03 6.52517403604575E-03 6.5374958148512E-03 6.54973820334473E-03 6.56192733147095E-03 6.57406814994429E-03 6.58616925966598E-03 6.59823759798707E-03 6.61029831858041E-03 6.62236505346234E-03 6.63445234646856E-03 6.64653330796101E-03 6.6585760336709E-03 6.67054218764235E-03 6.6824150832959E-03 6.69416699845345E-03 6.70578273806199E-03 6.71723281687981E-03 6.72850434153678E-03 6.73959459624503E-03 6.75054448156707E-03 6.76141299718723E-03 6.77230052566495E-03 6.78327120486345E-03 6.79439651004207E-03 6.80572812383262E-03 6.81735504925961E-03 6.8293314766156E-03 6.84172621484558E-03 6.85449123374548E-03 6.86755896580659E-03 6.88081772677643E-03 6.89419009033493E-03 6.90754808781945E-03 6.92077832832125E-03 6.93380788833371E-03 6.94660954372456E-03 6.95917363789632E-03 6.9715160346586E-03 6.98364002287058E-03 6.99555593917829E-03 7.00727433866801E-03 7.01881538479946E-03 7.03020306582335E-03 7.04146286556153E-03 7.05260972140381E-03 7.06365276871879E-03 7.07460752468125E-03 7.0854958568986E-03 7.09634365257314E-03 7.10717309677849E-03
6.34398322679501E-03 6.35909168053227E-03 6.37391150963094E-03 6.38846647407582E-03 6.40278067054988E-03 6.41688751102911E-03 6.43079576414645E-03 6.44452072860056E-03 6.45807672425183E-03 6.47148892633218E-03 0.006484767030214 6.49792186001259E-03 6.5109480062856E-03 6.52384502304854E-03 6.53662063222274E-03 6.54929887880037E-03 6.56190013525304E-03 6.57445292380349E-03 6.5869674063875E-03 6.59945382695366E-03 6.61191886159668E-03 6.62437977262718E-03 6.63684381627503E-03 6.6493196698006E-03 6.66178708814623E-03 6.67421465457182E-03 6.68656205334072E-03 6.6988063148156E-03 6.7109198177126E-03 6.7228880364286E-03 6.73468757062619E-03 6.74630783017368E-03 6.75774741203074E-03 6.76904177293545E-03 6.78024377076919E-03 6.79144292763817E-03 6.80271189882639E-03 6.81412809458473E-03 6.82574629623985E-03 6.83764688225152E-03 6.84987435553639E-03 6.86248583596098E-03 6.87542975695609E-03 6.88864097251285E-03 6.90201778051956E-03 6.91549239301345E-03 6.92895069220404E-03 6.94228632624167E-03 6.95543006516877E-03 6.96835570823446E-03 6.98105893729984E-03 6.99355314619605E-03 7.00584650421065E-03 7.01794942999795E-03 7.02987566019401E-03 7.04164779511255E-03 7.05329354378302E-03 7.06483473685952E-03 7.07628648942415E-03 7.08765378975276E-03 7.09895167504019E-03 7.11020083018123E-03 7.12142479536061E-03 7.13263914588262E-03
6.35044565238596E-03 6.36620143361304E-03 6.38167000970723E-03 6.39686971136509E-03 6.41182002287849E-03 6.42654668522163E-03 6.44105828457415E-03 6.45536982232695E-03 6.46949468793158E-03 6.48345152182549E-03 6.49724725427619E-03 6.51089126186955E-03 6.52438591521632E-03 6.53774105496113E-03 6.55097261758594E-03 6.56410635022141E-03 6.57716573357126E-03 6.59018119395117E-03 6.60316591689497E-03 6.61613219096906E-03 6.62908745225524E-03 6.64204394709242E-03 6.65500338402441E-03 6.66797165077834E-03 6.68092570728674E-03 6.69382834185533E-03 6.70663670983065E-03 6.71932527769616E-03 6.73186626840426E-03 6.74424709355667E-03 6.75644787230885E-03 6.76846064660448E-03 6.78028943656553E-03 6.79197180990714E-03 6.80356055122671E-03 6.81514213041329E-03 6.82679021715624E-03 6.83857943851424E-03 6.85056485932457E-03 6.86282154379061E-03 6.87538647159125E-03 6.88829328059673E-03 6.90147795856961E-03 6.91487736829238E-03 6.92839886302336E-03 6.94197833749977E-03 6.95550844717714E-03 6.96889687108431E-03 6.98208336983846E-03 6.99505142436149E-03 7.00780511070819E-03 7.02036009561186E-03 7.03273037955635E-03 7.04492846888034E-03 7.05697303929742E-03 7.06889264590546E-03 7.08071727891066E-03 7.09246452494681E-03 7.10414827862271E-03 7.11577181675505E-03 7.12735088780724E-03 7.13890371998014E-03 7.15044987944411E-03 7.16199648897898E-03
6.3585653861367E-03 6.3750899938153E-03 6.39132483059579E-03 6.40728284681406E-03 6.42297979097338E-03 6.43843420349336E-03 6.45365672106321E-03 6.46866097921032E-03 6.48345897322971E-03 6.49806447073785E-03 6.51248428238059E-03 6.52672624227687E-03 6.5407993981535E-03 6.55472120777904E-03 6.56851438066359E-03 6.58220743078114E-03 6.59582765333118E-03 6.60940720353823E-03 6.62296200225442E-03 6.63650587904639E-03 6.6500472290856E-03 6.66359551084256E-03 6.67714726761129E-03 6.6907043789853E-03 6.70423250999973E-03 6.71768567870708E-03 6.73101893033621E-03 6.74420678484836E-03 6.7572210596119E-03 6.77005183743237E-03 6.78268142167381E-03 6.79510752510263E-03 6.80734480339661E-03 6.81943828021128E-03 6.83144248432813E-03 6.84344516409623E-03 6.85551385945117E-03 6.86771648609902E-03 6.88010487136227E-03 6.89274700804016E-03 6.90566448664174E-03 6.91887055735962E-03 6.93229835241732E-03 6.94587892684083E-03 6.95952884428242E-03 6.97318665476316E-03 6.98676078119486E-03 7.00016247166059E-03 7.01334609251618E-03 7.02630447996586E-03 7.03905030604247E-03 7.05160189062914E-03 7.06398421867056E-03 7.07621147206317E-03 7.08831448108068E-03 7.10032454310755E-03 7.11227088376937E-03 7.12416461332488E-03 7.13602263313366E-03 7.14784488035917E-03 7.15964788477982E-03 0.00717144876794 7.18326161965947E-03 7.19508511670513E-03
6.36864871961254E-03 6.38606774460929E-03 6.40319141787556E-03 6.42002726990098E-03 6.43658678605035E-03 6.45288317162415E-03 6.46892747043534E-03 6.48473249964874E-03 6.50030951588357E-03 6.51566917729042E-03 6.53081861927363E-03 6.54576527752534E-03 6.56052397746526E-03 6.57511975513817E-03 6.58958088415334E-03 6.6039384773727E-03 6.61822284257877E-03 6.63246586398672E-03 6.64668524377921E-03 6.66089801874875E-03 0.00667511373424 6.68933926213209E-03 6.70356637006326E-03 6.71778738226276E-03 6.73195202662117E-03 6.74600644026038E-03 6.75990341982098E-03 6.77361731515563E-03 6.78712260311784E-03 6.80041102556179E-03 6.81346867696432E-03 6.82630589161037E-03 6.83895029880834E-03 6.85145569996212E-03 6.86388148831684E-03 6.87631352584509E-03 6.8888092519797E-03 6.90143017786284E-03 6.91422124245006E-03 6.92723668396927E-03 6.94048223510885E-03 6.95395083235531E-03 6.96757267528251E-03 6.98128357394996E-03 6.99501122536225E-03 7.00869663642622E-03 7.02225854414921E-03 7.03562289370845E-03 7.04875980847626E-03 7.06166774406221E-03 7.07436579011913E-03 7.08687739438824E-03 7.09923438469779E-03 7.11145779190606E-03 0.007123589789156 7.13565757587524E-03 7.14768651443413E-03 7.15968530363531E-03 7.17167279600017E-03 7.18364800395768E-03 7.19563009667294E-03 7.2076293553837E-03 7.21965472250833E-03 7.23170058126508E-03
6.38105795919549E-03 6.39950335123748E-03 6.41764366363009E-03 6.43548046089684E-03 6.45302130345154E-03 6.47027465869467E-03 6.48725186487479E-03 6.50396490001977E-03 6.52042546824551E-03 6.53664192756408E-03 6.5526236211968E-03 6.56837786649998E-03 6.58392652948755E-03 6.59930143681363E-03 6.61453427475033E-03 6.6296566700206E-03 6.64469962709052E-03 6.65969500662616E-03 6.67466349789603E-03 6.68962354616183E-03 6.70458366957624E-03 6.7195480900006E-03 6.7345009724227E-03 6.74942721117732E-03 6.76426088606465E-03 6.7789345713199E-03 6.79339543833297E-03 6.80762323053393E-03 6.82159902638644E-03 6.8353199420353E-03 6.84878411939179E-03 6.86201189336628E-03 6.87503959085645E-03 6.88793163977877E-03 6.90075079921866E-03 6.9135856164558E-03 6.92648554816603E-03 6.93949684658303E-03 6.95264818132558E-03 6.96598170343442E-03 6.97949372651515E-03 6.9931555187487E-03 7.00690527491472E-03 7.02068121441422E-03 7.03442554390891E-03 7.04808170341586E-03 7.06158805765213E-03 7.0748757367243E-03 0.007087927313653 7.10075306968568E-03 7.11338560153302E-03 7.1258487151502E-03 7.13817787825876E-03 7.15039617549695E-03 7.16254479191214E-03 7.1746511487239E-03 7.18674302152882E-03 7.19882481040538E-03 7.21091325972416E-03 7.22300596245078E-03 7.23511914051265E-03 7.24726317844197E-03 7.25944843488277E-03 7.27166598972934E-03
6.39624013061044E-03 6.41584734549111E-03 6.43513422666786E-03 6.45409653217098E-03 6.47273818102913E-03 6.49106377412074E-03 6.50908455805667E-03 6.52681255430608E-03 6.54425932606841E-03 6.56143263940579E-03 6.57834466381193E-03 6.59500534139662E-03 6.61144428615345E-03 6.6276985710941E-03 6.64380007005557E-03 6.6597787956425E-03 6.67566520550806E-03 0.006691490305964 6.70727559663809E-03 6.72303955946919E-03 6.73878885386469E-03 6.75452565606155E-03 6.77022614865611E-03 6.78586476843745E-03 6.80135298095802E-03 6.81661346356438E-03 6.83159687270728E-03 6.84629413414178E-03 6.86069263226478E-03 0.006874798687598 6.88862172397407E-03 6.90219277052242E-03 6.91555743765839E-03 6.92879115997703E-03 6.94195861218624E-03 6.95514834467519E-03 6.96839378440065E-03 6.98172617423667E-03 6.99516079264943E-03 7.00873094764258E-03 7.02242021072807E-03 7.03618711123025E-03 7.04998023698024E-03 7.06374569617233E-03 7.07744035007714E-03 7.09101042620005E-03 7.10441076493254E-03 7.11757960489654E-03 7.13051826945906E-03 7.14324745581926E-03 7.1558097021576E-03 7.16822476878327E-03 7.18053034924859E-03 7.19274800733398E-03 7.20491523179368E-03 7.21705607346384E-03 7.22919974087458E-03 7.24134598556489E-03 7.25351009114518E-03 7.26568694702531E-03 7.27789290494548E-03 7.29013742408164E-03 7.30243378996232E-03 7.31477074168405E-03
6.41472204298741E-03 6.4356291909348E-03 6.45619258695598E-03 6.47640295774523E-03 6.49626182402197E-03 6.51577138332496E-03 6.53494358353048E-03 6.55379002692656E-03 6.57232181501441E-03 6.59054698201232E-03 6.60848255666478E-03 6.62614305782322E-03 6.64356546676486E-03 6.66078938591233E-03 6.67784291357222E-03 6.69475332552411E-03 6.71154939095829E-03 6.72826028396364E-03 6.74490518377411E-03 6.76149972928219E-03 6.77804756611514E-03 6.79455078473549E-03 6.81097607272647E-03 6.8272813048541E-03 6.84335187099206E-03 6.8591163900141E-03 6.87454468421799E-03 6.88964120564966E-03 6.90439734419586E-03 6.91882543336666E-03 6.93294166113973E-03 6.94678931768362E-03 6.96042621837559E-03 6.97393709597053E-03 6.98738273778757E-03 7.00084814032739E-03 7.01434284621219E-03 7.02789056873255E-03 7.04150584036002E-03 7.05521486772082E-03 7.06899037138778E-03 7.08277673340411E-03 7.09653786842386E-03 7.11022891543071E-03 7.12382336068124E-03 7.13726463750155E-03 7.15052503813888E-03 7.16354824112286E-03 7.17636323653204E-03 7.18899760804018E-03 7.20149348643755E-03 7.21386195301385E-03 7.22614500030802E-03 7.23836121224415E-03 7.25054651282139E-03 7.26271782063104E-03 7.27490055336916E-03 7.28708823902978E-03 7.29929838269542E-03 7.3115228205231E-03 7.32378224033891E-03 7.33608421547846E-03 7.34844055213762E-03 7.36083834837466E-03
6.43709971404724E-03 6.4594416420594E-03 6.4814058036661E-03 6.50298116836073E-03 6.52416722269335E-03 6.54496682730119E-03 6.56539192544941E-03 6.58545269369443E-03 6.60515983441287E-03 6.62452472969306E-03 6.64356762648904E-03 6.66231410757613E-03 6.68080557068778E-03 6.69907524573867E-03 0.006717145211971 6.73504257453416E-03 6.75279300503293E-03 6.77042171323433E-03 6.78794175907802E-03 6.80536086286011E-03 6.82267830318166E-03 6.83989639591841E-03 6.85697910022725E-03 6.87384639350687E-03 6.89037612789291E-03 6.90653331613969E-03 6.92231165039342E-03 6.93771870610435E-03 6.95274776247283E-03 6.96741613982344E-03 6.98174600246826E-03 6.99579352344477E-03 7.00962598070187E-03 7.02332832227011E-03 7.03696136668775E-03 7.05058772119031E-03 7.06420055381204E-03 7.07783605513185E-03 7.09151566670088E-03 7.1052506165298E-03 7.11900040867872E-03 7.1327149875151E-03 7.14637311223701E-03 7.15993817909645E-03 7.17339143821307E-03 7.18667508043549E-03 7.19977094764488E-03 7.21264275393963E-03 7.2253452089055E-03 7.23789539188951E-03 7.25032681870477E-03 7.26264734338217E-03 7.27490356159916E-03 7.28710914116468E-03 7.29929968861501E-03 7.31148279477439E-03 7.3236774139315E-03 7.33587473357106E-03 7.34809352699346E-03 7.36032629033122E-03 7.37259872249645E-03 7.38491047704382E-03 7.39726908518428E-03 7.40966322655743E-03
