NongDo/Fusa 14.8h.grd
DSAA
463	323
2	464
2	324
0	10
[rows 56 to 83 of 323, columns 256 to 319 of 463]
0 0 0 0 0 0 0 0 0 0 0 0 0 0 0 0 0 0 0 0 0 0 0 0 0 0 0 0 0 0 0 0 0 0 0 0 0 0 0 0 0 0 0 0 0 0 0 0 0 0 0 0 0 0 0 0 0 0 0 0 0 0 0 0
0 0 0 0 0 0 0 0 0 0 0 0 0 0 0 0 0 0 0 0 0 0 0 0 0 0 0 0 0 0 0 0 0 0 0 0 0 0 0 0 0 0 0 0 0 0 0 0 0 0 0 0 0 0 0 0 0 0 0 0 0 0 0 0
0 0 0 0 0 0 0 0 0 0 0 0 0 0 0 0 0 0 0 0 0 0 0 0 0 0 0 0 0 0 0 0 0 0 0 0 0 0 0 0 0 0 0 0 0 0 0 0 0 0 0 0 0 0 0 0 0 0 0 0 0 0 0 0
0 0 0 0 0 0 0 0 0 0 0 0 0 0 0 0 0 0 0 0 0 0 0 0 0 0 0 0 0 0 0 0 0 0 0 0 0 0 0 0 0 0 0 0 0 0 0 0 0 0 0 0 0 0 0 0 0 0 0 0 0 0 0 0
0 0 0 0 0 0 0 0 0 0 0 0 0 0 0 0 0 0 0 0 0 0 0 0 0 0 0 0 0 0 0 0 0 0 0 0 0 0 0 0 0 0 0 0 0 0 0 0 0 0 0 0 0 0 0 0 0 0 0 0 0 0 0 0
0 0 0 0 0 0 0 0 0 0 0 0 0 0 0 0 0 0 0 0 0 0 0 0 0 0 0 0 0 0 0 0 0 0 0 0 0 0 0 0 0 0 0 0 0 0 0 0 0 0 0 0 0 0 0 0 0 0 0 0 0 0 0 0
0 0 0 0 0 0 0 0 0 0 0 0 0 0 0 0 0 0 0 0 0 0 0 0 0 0 0 0 0 0 0 0 0 0 0 0 0 0 0 0 0 0 0 0 0 0 0 0 0 0 0 0 0 0 0 0 0 0 0 0 0 0 0 0
0 0 0 0 0 0 0 0 0 0 0 0 0 0 0 0 0 0 0 0 0 0 0 0 0 0 0 0 0 0 0 0 0 0 0 0 0 0 0 0 0 0 0 0 0 0 0 0 0 0 0 0 0 0 0 0 0 0 0 0 0 0 6.71974893070738E-03 6.72515856619871E-03
0 0 0 0 0 0 0 0 0 0 0 0 0 0 0 0 0 0 0 0 0 0 0 0 0 0 0 0 0 0 0 0 0 0 0 0 0 0 0 0 0 0 0 0 0 0 0 0 0 0 0 0 0 0 0 0 0 0 6.69756471148119E-03 6.70317064247879E-03 6.70854839229968E-03 6.71386131488576E-03 6.71974893070738E-03 6.72515856619871E-03
0 0 0 0 0 0 0 0 0 0 0 0 0 0 0 0 0 0 0 0 0 0 0 0 0 0 0 0 0 0 0 0 0 0 0 0 0 0 0 0 0 0 0 0 0 0 0 0 0 0 0 0 0 0 6.67383143536706E-03 6.67996561783913E-03 6.68575444064909E-03 6.69140528509285E-03 6.69756471148119E-03 6.70317064247879E-03 6.70854839229968E-03 6.71386131488576E-03 6.7192087723701E-03 6.72445254740872E-03
0 0 0 0 0 0 0 0 0 0 0 0 0 0 0 0 0 0 0 0 0 0 0 0 0 0 0 0 0 0 0 0 0 0 0 0 0 0 0 0 0 0 0 0 0 0 0 0 0 0 0 6.65339428388351E-03 6.66030959998825E-03 6.66690485304563E-03 6.67383143536706E-03 6.67996561783913E-03 6.68575444064909E-03 6.69140528509285E-03 6.69703405778209E-03 6.70252365386551E-03 6.70784068145607E-03 6.71307081161312E-03 6.71823744378438E-03 6.72335516088128E-03
0 0 0 0 0 0 0 0 0 0 0 0 0 0 0 0 0 0 0 0 0 0 0 0 0 0 0 0 0 0 0 0 0 0 0 0 0 0 0 0 0 0 0 0 0 6.60783882694657E-03 6.61642702562229E-03 6.62430815052089E-03 6.63171420789908E-03 6.63886449868731E-03 6.64585919603926E-03 6.65339428388351E-03 6.66030959998825E-03 6.66690485304563E-03 6.67327759020386E-03 6.67930206572868E-03 6.68505054655957E-03 6.69064574143358E-03 6.69612675846085E-03 6.70152399356417E-03 6.70679700922474E-03 6.71198545057779E-03 6.71709473333275E-03 6.72215255333182E-03
0 0 0 0 0 0 0 0 0 0 0 0 0 0 0 0 0 0 0 0 0 0 0 0 0 0 0 0 0 0 0 0 0 0 0 0 0 0 0 0 0 0 0 6.5878336533605E-03 6.59778619285525E-03 6.60783882694657E-03 6.61642702562229E-03 6.62430815052089E-03 6.63171420789908E-03 6.63886449868731E-03 6.64585919603926E-03 6.65286068670567E-03 6.65961078964104E-03 6.66610530222627E-03 6.67233173462046E-03 6.67830361124018E-03 6.68404787523547E-03 6.68963942976727E-03 6.69510301338238E-03 6.70047610175874E-03 6.70574719576781E-03 6.71093975401623E-03 6.71605542136229E-03 6.72110984999246E-03
6.06155646847697E-03 6.07901261762061E-03 6.0958067337644E-03 6.1120819503576E-03 6.12792673611753E-03 6.14349625962257E-03 6.15872169875875E-03 6.17362292340392E-03 6.18823737048118E-03 6.20271353056826E-03 6.21708499708128E-03 6.23141751217437E-03 6.24554069738735E-03 6.25937937955686E-03 6.27288488679054E-03 6.28616727091325E-03 6.29921994342044E-03 6.31212922233162E-03 6.32478514351118E-03 6.33719918309393E-03 6.34937266678868E-03 6.36143145041155E-03 6.37337510484616E-03 6.38526695065967E-03 6.39695894581017E-03 6.40840340769228E-03 6.41953915648478E-03 6.43044791978084E-03 6.44108435164242E-03 6.45151047990953E-03 6.46162425004739E-03 6.47145440687262E-03 6.48099713797919E-03 6.49035554125938E-03 6.49948963230129E-03 0 0 0 0 6.54664956604055E-03 6.55657492275882E-03 6.56682907916708E-03 6.57706757130524E-03 6.5878336533605E-03 6.59778619285525E-03 6.60715546401155E-03 6.61569228151886E-03 6.6235844810098E-03 6.6310204548816E-03 6.63818451928401E-03 6.64515078947417E-03 6.65200061430121E-03 6.65865339363925E-03 6.66509519577497E-03 6.67129618890673E-03 6.67727952763234E-03 6.68306361004656E-03 6.68870065426761E-03 6.69420793409349E-03 6.69961780137883E-03 6.7049305706278E-03 6.71016609239519E-03 6.71532717783601E-03 6.72042526666426E-03
6.06155646847697E-03 6.07901261762061E-03 6.0958067337644E-03 6.1120819503576E-03 6.12792673611753E-03 6.14349625962257E-03 6.15872169875875E-03 6.17362292340392E-03 6.18823737048118E-03 6.20271353056826E-03 6.21708499708128E-03 6.23141751217437E-03 6.24554069738735E-03 6.25937937955686E-03 6.27288488679054E-03 6.28616727091325E-03 6.29921994342044E-03 6.31212922233162E-03 6.32478514351118E-03 6.33719918309393E-03 6.34937266678868E-03 6.36143145041155E-03 6.37337510484616E-03 6.38526695065967E-03 6.39695894581017E-03 6.40840340769228E-03 6.41953915648478E-03 6.43044791978084E-03 6.44108435164242E-03 6.45151047990953E-03 6.46162425004739E-03 6.47145440687262E-03 6.48099713797919E-03 6.49035554125938E-03 6.49948963230129E-03 6.50888360190653E-03 6.51814842944859E-03 6.52743186991179E-03 6.53679417290933E-03 6.54664956604055E-03 6.55657492275882E-03 6.56682907916708E-03 6.57706757130524E-03 6.58722033212322E-03 6.59690703321221E-03 6.60606121397377E-03 6.61457865968022E-03 6.62253089738956E-03 6.63004963493664E-03 6.63727951277653E-03 6.6442809103311E-03 6.65112412173101E-03 6.65777374236827E-03 6.66423034802546E-03 6.67046980378699E-03 6.67651128252568E-03 6.68237136522289E-03 6.68809006629604E-03 6.69368001560655E-03 6.6991679373539E-03 6.70455874173351E-03 6.70987017457406E-03 6.71510888389967E-03 6.72028509696768E-03
6.06117354383634E-03 6.07866189714654E-03 6.09547680932129E-03 6.11177723885541E-03 6.12765598791578E-03 6.1432564525866E-03 6.15851663588774E-03 6.17344064633017E-03 6.18807737943224E-03 6.20256166419204E-03 6.21693985765471E-03 6.23129824731555E-03 6.24544973781137E-03 6.25928858323571E-03 6.2728025314684E-03 6.28609209162968E-03 6.29916207892043E-03 6.31208404327474E-03 6.32476430277756E-03 6.33719750662774E-03 6.34939603038461E-03 6.36146728308701E-03 6.37342515147523E-03 6.38534238573546E-03 6.3970636042415E-03 6.40851730438782E-03 6.41966635578271E-03 6.43057996271612E-03 6.44122318477342E-03 6.45164160682343E-03 6.4617481470984E-03 6.47155392279053E-03 6.48107023559396E-03 6.49040394482766E-03 6.49960066575422E-03 6.50888360190653E-03 6.51814842944859E-03 6.52743186991179E-03 6.53679417290933E-03 6.5464350738647E-03 6.55629331368682E-03 6.56641206559929E-03 6.57648941015709E-03 6.58636626172717E-03 6.59587335016844E-03 6.60495319918178E-03 6.61351114834759E-03 6.62156992502925E-03 6.62921361501303E-03 6.63655400793675E-03 6.64364545561115E-03 6.65055483602294E-03 6.65726587758814E-03 6.66378822585286E-03 6.67010819552207E-03 6.67624217450331E-03 6.68220661346288E-03 6.68803394796193E-03 6.69373411396074E-03 6.69932798449976E-03 6.70482387283458E-03 6.71023843167185E-03 6.71558101310005E-03 6.72086130333639E-03
6.06102551225395E-03 6.07847009259036E-03 6.09530519851555E-03 6.11164886447061E-03 6.12758425005868E-03 6.14323032871016E-03 6.15854415413591E-03 6.17352144668682E-03 6.18821784228062E-03 6.20273941289064E-03 6.21713478431858E-03 6.23150081022261E-03 6.2456605036848E-03 6.25950013405918E-03 6.27304001230992E-03 6.28635577444892E-03 6.29946146914039E-03 6.31240770295886E-03 6.32512956686492E-03 6.33760915083286E-03 0.006349867729572 6.36198083435428E-03 6.37397042537532E-03 6.38590927643414E-03 6.39765295832401E-03 6.40912006575118E-03 6.42029606299393E-03 6.43122530139071E-03 6.44188418740607E-03 6.45229769482278E-03 6.46240550911455E-03 6.47220474816952E-03 6.48172260878532E-03 6.49104928661248E-03 6.50025296580792E-03 6.50949030294209E-03 6.51872162658141E-03 6.52796743935334E-03 6.53727520601414E-03 6.54677638661466E-03 6.55646219508222E-03 6.56634937281799E-03 6.57621071007444E-03 6.58589796006716E-03 6.59528977011424E-03 6.60434021733921E-03 6.61295339728504E-03 6.62112692857388E-03 6.62890779733914E-03 6.63637951077272E-03 6.64358971939826E-03 6.65060084782154E-03 6.65740742115259E-03 6.66402520755873E-03 6.67045038982949E-03 6.67669826854289E-03 6.68278581127083E-03 6.68873915269186E-03 6.69456708041009E-03 6.70028489510167E-03 6.70590459117496E-03 6.71144123192078E-03 6.71690659558944E-03 6.7223088097393E-03
6.06125093432308E-03 6.07869849640761E-03 6.09558912928288E-03 0.006112008658057 6.12802642856867E-03 6.14373218271631E-03 6.15911150383929E-03 6.17417365284921E-03 6.18896172473518E-03 6.20355470658086E-03 6.21799265144376E-03 6.23233791714503E-03 6.24647551080518E-03 6.26032929421167E-03 6.27391171632589E-03 6.28727421464452E-03 6.30043166749704E-03 6.31341698059634E-03 6.32619202246803E-03 6.33874593697722E-03 6.35109194947912E-03 6.36327958472679E-03 6.37532668265945E-03 6.38727591254953E-03 6.39902692636048E-03 6.41051866777964E-03 6.42173294849302E-03 6.43269115328585E-03 6.44337499734342E-03 6.45379540943343E-03 6.46391508750432E-03 6.4737361073853E-03 6.48328486329425E-03 6.49263547940148E-03 6.5018554156758E-03 6.51105864823511E-03 6.52024213238742E-03 6.52943671138403E-03 6.53867747652723E-03 6.54805083461007E-03 6.55755899030728E-03 6.56721155967734E-03 6.57685466496893E-03 6.58637459766791E-03 6.59566608208305E-03 6.60467975372245E-03 6.61332859459441E-03 6.62159108465995E-03 6.62949137300123E-03 6.63708764162949E-03 6.64442011306948E-03 6.65153956734349E-03 6.6584520800432E-03 6.6651754782755E-03 6.67171487896362E-03 6.67808621537853E-03 6.68430552783065E-03 6.69039264030643E-03 6.69635620846529E-03 6.70220823933933E-03 6.70796204506019E-03 6.71363238292078E-03 6.71923146853057E-03 6.72476663907491E-03
6.06209657517912E-03 6.07959116038178E-03 6.09656859298155E-03 6.11308964294802E-03 6.12921234480663E-03 6.1450018752056E-03 6.16046884476277E-03 6.17563600036431E-03 6.19053200331464E-03 6.20521324085796E-03 6.21970884529509E-03 6.23404483326115E-03 6.24817173379431E-03 6.26205334140105E-03 6.27568891469907E-03 6.28911074947942E-03 6.30233348632532E-03 6.31537624670429E-03 6.32822251711371E-03 6.34086836263002E-03 6.35331623561109E-03 6.36559449680514E-03 6.37771333613325E-03 6.38968499421022E-03 6.40145570539919E-03 6.41298443430914E-03 6.42424465388067E-03 6.43524035616562E-03 6.44595837973163E-03 6.45640002062435E-03 6.46654760021407E-03 6.47640840802137E-03 6.48600397025462E-03 6.49539370811381E-03 6.50463871030913E-03 6.51382225998244E-03 6.52297054720783E-03 6.53212190960846E-03 6.54130241272924E-03 6.55056881314914E-03 6.55992785049681E-03 6.56938393435354E-03 6.57883645931914E-03 6.58820055818551E-03 6.59738423399689E-03 6.60633652485875E-03 6.61498365235013E-03 6.62329141538305E-03 6.63127144907487E-03 6.63896100333264E-03 6.64639428987095E-03 6.65360799881158E-03 6.66061916053903E-03 6.66744329162831E-03 6.67409388618084E-03 6.68058578819693E-03 6.6869345882229E-03 6.69315372426553E-03 6.69925351866038E-03 6.70524195171772E-03 6.71113356721139E-03 6.71694190420941E-03 6.72267925476169E-03 6.72835164332855E-03
6.06379376094083E-03 6.08137072995881E-03 6.09845832378984E-03 6.11510232280402E-03 6.13134980026883E-03 6.14725544944394E-03 6.16283791003308E-03 6.1781233763683E-03 6.19313523312192E-03 6.2079145001265E-03 6.22248002944745E-03 6.23684756542771E-03 6.2509991359219E-03 6.2649231732466E-03 6.27862024122458E-03 6.29211294934718E-03 6.30541335386532E-03 6.31853663474235E-03 6.33147406286871E-03 6.34422268145655E-03 6.35677916109531E-03 6.3691574619753E-03 6.38135881883364E-03 6.39338413350655E-03 6.40519959160021E-03 6.41677588730252E-03 6.42808585989845E-03 6.43912581863191E-03 6.44988406204092E-03 6.46036102109024E-03 6.47054795209679E-03 6.48045462513439E-03 6.4901003869196E-03 6.49953482230776E-03 6.50881139319513E-03 6.51799945629126E-03 6.5271355070333E-03 6.53626025789615E-03 6.54539617169257E-03 6.55458414029491E-03 6.56382932848521E-03 6.57313587441699E-03 6.58242999626346E-03 6.59164628973516E-03 6.60070928683015E-03 6.60957417444716E-03 6.61817690234022E-03 6.62648147621616E-03 6.63449114848016E-03 6.64223043208864E-03 6.64972701980203E-03 6.65700964764535E-03 6.66409759507373E-03 6.67100667063349E-03 6.67775324572422E-03 6.68435210741518E-03 6.69081769755699E-03 6.6971598498898E-03 6.70338788891124E-03 6.70950757947375E-03 6.71553295041634E-03 6.72147649981755E-03 6.72734957947276E-03 6.73315688017234E-03
6.06652862616689E-03 6.0842266848927E-03 6.10145203270201E-03 6.1182427056994E-03 6.1346380612425E-03 6.15068668815936E-03 6.16640792032927E-03 6.18182695358841E-03 6.19696599017584E-03 6.21185655246211E-03 6.22651216065474E-03 6.24094675299442E-03 6.25515752323873E-03 6.26914631889516E-03 6.28292042192661E-03 6.29649903316179E-03 6.30989307968186E-03 6.32311659662726E-03 6.33616221365125E-03 6.34902469368527E-03 6.36169758095772E-03 6.37418516322832E-03 6.38648245682739E-03 6.39858575901924E-03 6.41046785638376E-03 6.42210290990311E-03 6.43346699914364E-03 6.44455466845387E-03 6.45535640545511E-03 6.46587412583079E-03 6.47610344875332E-03 6.48605468139161E-03 6.4957476108713E-03 6.50522617274052E-03 6.51453878866708E-03 6.52374766040338E-03 6.53289064238349E-03 6.54200608431717E-03 6.5511153734594E-03 6.56025056067012E-03 6.56941310963321E-03 6.57860527210176E-03 6.58776634736284E-03 6.59684369140393E-03 6.60577852836775E-03 6.6145347615124E-03 6.62305841055733E-03 6.63131524050252E-03 6.63930597815781E-03 6.6470487867502E-03 6.65456816722058E-03 6.6618867360686E-03 6.66902386055763E-03 0.00667599389881 6.68281454136702E-03 6.68950019880495E-03 6.69606487393151E-03 6.70251479275859E-03 6.70885804133375E-03 6.71509761472581E-03 6.72124677959886E-03 6.72731674063827E-03 6.73331743271198E-03 6.73925144789193E-03
6.07049103761957E-03 6.08834861831052E-03 6.1057429382863E-03 6.12270702433605E-03 6.13927563362562E-03 6.15548962330067E-03 6.17136968494861E-03 6.1869406186094E-03 6.20222343210095E-03 6.21724297678094E-03 6.23201117945031E-03 6.24654160634784E-03 6.26084071951802E-03 6.27491978366271E-03 6.2887918309983E-03 6.30247497000612E-03 6.31598048050328E-03 6.32932103363718E-03 6.34248919223197E-03 6.3554775321658E-03 6.36827647028728E-03 6.38088324514971E-03 6.39328795169749E-03 6.40548529341044E-03 6.41744731549499E-03 6.42914804064736E-03 6.44056708291264E-03 6.45170094022748E-03 6.46254273104032E-03 6.47309714144314E-03 6.48336271609844E-03 6.49335060865036E-03 6.50308255341593E-03 6.51260024077364E-03 6.52194873416886E-03 6.53118585013506E-03 6.54034645848757E-03 6.54946393157298E-03 6.55855862083087E-03 6.56765704771055E-03 6.57675705896197E-03 6.58585235044847E-03 6.59489215940457E-03 6.60383460153203E-03 6.61263565348267E-03 6.62126558905397E-03 0.006629681022402 6.63785327290036E-03 6.64578472239282E-03 6.6534922051123E-03 6.66099785219816E-03 6.66832014925558E-03 6.67547758285004E-03 6.68248247373212E-03 6.68935317492666E-03 6.69610420728092E-03 6.70274791591653E-03 6.70928720392348E-03 6.71572844262914E-03 6.72207268986074E-03 6.72833201027506E-03 6.73451570058174E-03 6.74063140135293E-03 6.74667915068664E-03
6.07587731476491E-03 6.0939297329453E-03 6.11152361536538E-03 6.12868722448242E-03 6.14545228137113E-03 6.16185234108581E-03 6.17791116745758E-03 6.19365277005959E-03 6.20909716284883E-03 6.22426425055722E-03 6.23916679659505E-03 6.25381783429253E-03 6.26823137632194E-03 6.28242533914499E-03 6.29641687509696E-03 6.31022347307249E-03 6.32385722180896E-03 6.33732917021192E-03 6.35063186755605E-03 6.36375598751819E-03 6.37668900839531E-03 6.38942243770534E-03 6.40194164840866E-03 6.41423924344045E-03 6.42628281978181E-03 6.43804614400125E-03 6.44951284323637E-03 6.46068309582406E-03 6.47155276222442E-03 6.48212985072989E-03 6.49241597945524E-03 6.50242510741914E-03 6.51218251298747E-03 6.52172909916386E-03 6.53110670295047E-03 6.54036940330806E-03 6.54954631077679E-03 6.55866538754414E-03 6.56774524220589E-03 6.5768072744965E-03 6.58584433004629E-03 6.59484252593809E-03 6.60376252264793E-03 6.61256877516347E-03 6.62123017596454E-03 6.6297215215514E-03 6.63801240855135E-03 6.64607759618001E-03 6.65392452825335E-03 6.66156993639964E-03 6.66903498975865E-03 6.67633497504878E-03 6.68348899872912E-03 6.69050680844045E-03 6.69740829955249E-03 6.70420624078498E-03 6.71091053422865E-03 6.71752065005185E-03 6.72404248800697E-03 6.7304746975436E-03 6.73682783463774E-03 6.74310917966296E-03 6.74932357575803E-03 6.75546859602268E-03
0.006082915062549 6.1011939039032E-03 6.11901526745118E-03 6.13640325715627E-03 6.15338630747525E-03 6.16999339037757E-03 6.18624959998134E-03 6.20217879328853E-03 6.21780073032159E-03 6.23313255714735E-03 6.24818798624656E-03 6.26298029188776E-03 6.27752932836001E-03 6.2918587092971E-03 6.30598806987744E-03 6.31993449074008E-03 6.33370989449522E-03 6.34732277171026E-03 6.36076573173274E-03 6.37402901401152E-03 6.3870974101989E-03 6.39995714902101E-03 6.41258884083065E-03 6.42497888730564E-03 6.43709106539625E-03 6.44890135806393E-03 6.4603975314681E-03 6.47158323086567E-03 6.48245887506915E-03 6.49303445234969E-03 6.5033166958613E-03 6.5133256302996E-03 6.52308992830743E-03 6.53264947326307E-03 6.54204361278546E-03 6.55131975383572E-03 6.56050101322086E-03 6.56961125582908E-03 6.5786660197292E-03 6.58768012989736E-03 6.59664271567423E-03 6.60553474548513E-03 6.6143255546005E-03 6.62298856825709E-03 6.63150238066082E-03 6.6398461235787E-03 6.64799845660959E-03 6.65594220289812E-03 6.66368922453107E-03 6.67125595228724E-03 6.67866282710697E-03 6.68592409584818E-03 6.69305797463775E-03 6.70007461550655E-03 6.7069932852996E-03 6.71382282960731E-03 6.72057022557009E-03 6.72723364167664E-03 6.73381779354645E-03 6.74032019263603E-03 6.74674982286555E-03 6.75311016297088E-03 6.75940358068522E-03 6.76562644464871E-03
6.09185288112456E-03 6.1103876567494E-03 6.1284619981406E-03 6.14609593619642E-03 6.16331552508128E-03 6.18014629817593E-03 6.19661466498369E-03 6.21274432861068E-03 6.22855594381226E-03 6.24406492706064E-03 6.25928720715157E-03 6.27423604581181E-03 6.28893684736466E-03 6.30341716109392E-03 6.31769728380674E-03 6.33179282086518E-03 6.34571455546514E-03 6.35946872958975E-03 6.37304888920553E-03 6.38644442812808E-03 6.39963726292684E-03 6.4126088190749E-03 6.42533377388166E-03 6.43779267129513E-03 6.44994713113302E-03 6.46177492101988E-03 6.47326767116367E-03 6.48443478162982E-03 6.49528262889937E-03 6.50582436711326E-03 6.51607458990036E-03 6.52605786141598E-03 6.53580455687625E-03 6.54535379318881E-03 6.55474169100775E-03 6.56400990141411E-03 6.57317634091468E-03 6.58225830901005E-03 6.59126628875357E-03 6.60021040511302E-03 6.60907921058633E-03 6.61784941881246E-03 6.62650094190243E-03 6.6350133661299E-03 6.64337407162982E-03 6.65156539230663E-03 6.6595761730518E-03 6.66739370413078E-03 0.006675033682008 6.68251429977702E-03 6.68985724507889E-03 6.69707454468229E-03 6.70418290935109E-03 6.71119174423224E-03 6.71811655422454E-03 6.72496414077772E-03 6.73174037504451E-03 6.73844169641839E-03 6.74507067052848E-03 6.75162383318603E-03 6.75810739375949E-03 6.76452346828114E-03 6.77087358029376E-03 6.77715275028673E-03
6.10297749729902E-03 6.12179303502501E-03 6.14014053275146E-03 6.15803687012604E-03 6.17550637460832E-03 6.19257252189645E-03 6.20926263101244E-03 6.2256011714665E-03 6.24160920734177E-03 6.25730230911117E-03 6.27269868895681E-03 6.28781334253927E-03 6.30267572319971E-03 6.31731516617026E-03 6.33175029118317E-03 6.34599444212715E-03 6.3600568186301E-03 6.37394190732766E-03 6.38764309683846E-03 6.40114889077704E-03 6.41443929431016E-03 6.42749220476075E-03 6.44027608871931E-03 6.45276454084981E-03 6.46491637849601E-03 6.47671413521316E-03 6.48815772839789E-03 6.49926360166634E-03 6.51004303071766E-03 6.52051428692492E-03 6.53069816090401E-03 6.54062325320511E-03 6.5503219762344E-03 6.55983262627904E-03 6.56918703740566E-03 6.57842016689488E-03 6.58754267618706E-03 6.59656636173177E-03 6.60549847208606E-03 6.61434625366951E-03 6.6230965499398E-03 6.63172699937906E-03 6.64022600877601E-03 6.64858001083159E-03 6.65678261916009E-03 6.66481956401698E-03 6.67268701438671E-03 6.68037716031023E-03 6.68791061382025E-03 6.69530686195373E-03 6.70258706166071E-03 6.70976013786088E-03 6.71684133883193E-03 6.72383758737134E-03 6.73076099371022E-03 6.73761610863972E-03 6.74440760940274E-03 6.7511300705888E-03 6.75778481803097E-03 6.76436694743359E-03 6.77088144425559E-03 6.7773291645973E-03 6.78371112030476E-03 6.79002094328226E-03
6.11660678882809E-03 6.13572220801912E-03 6.15435611378897E-03 6.17252362695345E-03 6.19024884624061E-03 6.2075546824705E-03 6.22446974686398E-03 6.24101889722499E-03 6.25722352400424E-03 6.27310025186357E-03 6.28867072083151E-03 6.30395260094987E-03 6.31897744075113E-03 6.33377330849222E-03 6.34835503863289E-03 6.36273355691565E-03 6.37691624797676E-03 6.39090588179936E-03 6.40469466780769E-03 6.41826977202127E-03 6.43161075377945E-03 6.44469435200573E-03 6.45748259008368E-03 6.46993930293548E-03 6.48202324136183E-03 6.49372945399436E-03 6.50507043193644E-03 6.51606811252748E-03 6.52673690204418E-03 6.53709833050772E-03 6.54717743568309E-03 6.55700716047622E-03 6.56662279549708E-03 6.5760609411608E-03 6.58534729173651E-03 6.59450859628629E-03 6.60354825035105E-03 6.61247662260354E-03 6.62130143361946E-03 6.63002660566186E-03 6.63863836386823E-03 0.006647115161788 6.65545390837327E-03 6.66364662738733E-03 6.6716921306601E-03 6.67957724626912E-03 6.68730527614781E-03 6.69487310584446E-03 6.70230717983156E-03 6.70962596879767E-03 6.71684706333511E-03 6.72397601735096E-03 6.73102733898518E-03 6.73800525518181E-03 6.74491919844857E-03 6.75177064096102E-03 6.75856190261474E-03 6.76528600444015E-03 6.77194435097368E-03 6.77853107687356E-03 6.78505094834837E-03 6.79150328302572E-03 6.79788753141109E-03 6.80419660043981E-03
6.13307775108072E-03 6.1525026178322E-03 6.17142590842244E-03 6.18986410069128E-03 6.20784160649919E-03 6.22538347529618E-03 6.24251866951433E-03 6.25927168096877E-03 6.27566430577714E-03 6.29171615335457E-03 6.30745072017528E-03 6.32289227544165E-03 6.33807061017867E-03 6.35300685498522E-03 6.36771162262807E-03 6.38219519765894E-03 6.39646237426476E-03 6.41051364582758E-03 6.42433893847898E-03 6.43792299183343E-03 6.45124658074261E-03 6.46428773151116E-03 6.47700698168152E-03 6.48934951973809E-03 6.50128637645326E-03 6.51283558424984E-03 6.52401973501381E-03 6.53485981906181E-03 6.54537261582459E-03 6.55558132655435E-03 6.56551469817389E-03 6.5752097817784E-03 6.58470322612056E-03 6.59402741446488E-03 6.60320475113695E-03 6.61224742336961E-03 6.62115774098423E-03 6.62995162664031E-03 6.63863799527228E-03 6.64721369763927E-03 6.65566445126946E-03 6.66397583125443E-03 6.67215042830049E-03 6.68018433738327E-03 6.68807738019485E-03 6.69581811141809E-03 6.70341351508809E-03 6.71087054104166E-03 6.71821787849793E-03 6.7254670220844E-03 6.73263043550548E-03 6.73971337431937E-03 6.74672920255321E-03 6.75367972884408E-03 6.76057190049625E-03 6.76740345841444E-03 6.77417403254769E-03 6.78087690184176E-03 6.78751305536621E-03 6.79407752968503E-03 6.80057444627135E-03 6.80699977244133E-03 6.81335120348177E-03 6.81962254795546E-03
