NongDo/Fusa 11h.grd
DSAA
463	323
2	464
2	324
0	10
[rows 252 to 279 of 323, columns 0 to 63 of 463]
0 0 0 0 0 0 0 0 0 0 0 0 0 0 0 0 0 0 0 0 0 0 0 0 0 0 0 0 0 0 0 0 0 0 0 0 0 0 3.60889796004432E-03 3.60758687410468E-03 3.6104202910213E-03 3.61806509006258E-03 3.62927773614514E-03 3.64325185219806E-03 3.6594778657946E-03 3.67750650152532E-03 3.69709409962979E-03 3.71800387874188E-03 3.74015176380671E-03 3.76347470570695E-03 3.78797392270685E-03 3.81367276529252E-03 3.84057928460665E-03 3.86871730273862E-03 3.89807900956754E-03 3.92868780052347E-03 3.96051043241206E-03 3.99352791009655E-03 4.02768371085836E-03 4.06295279224111E-03 4.09924774809463E-03 4.13643808186545E-03 4.1743754351196E-03 4.21289840068244E-03
0 0 0 0 0 0 0 0 0 0 0 0 0 0 0 0 0 0 0 0 0 0 0 0 0 0 0 0 0 0 0 0 0 0 0 0 0 3.60919389368283E-03 3.60889796004432E-03 3.61249296084256E-03 3.61961252150617E-03 3.63007823801495E-03 3.64328906195465E-03 3.65864812354502E-03 3.67580990850117E-03 3.69448130453981E-03 3.7145245611538E-03 3.73580143494548E-03 3.75828535510833E-03 3.78197154035027E-03 3.80688737652848E-03 3.83307522440801E-03 3.86055242462324E-03 3.8893462729494E-03 3.91944633138326E-03 3.95086435131568E-03 3.98355727464427E-03 4.01748764054047E-03 4.05257839241872E-03 4.08877564320149E-03 4.12597128559814E-03 4.16401281412427E-03 4.20273152367455E-03 4.24194818205275E-03
0 0 0 0 0 0 0 0 0 0 0 0 0 0 0 0 0 0 0 0 0 0 0 0 0 0 0 0 0 0 0 0 0 0 0 0 3.60993420251692E-03 3.60919389368283E-03 3.6128020840196E-03 3.61978191968926E-03 3.62975532956677E-03 3.64228699457237E-03 3.65696491258077E-03 3.67335832787262E-03 3.69125346151956E-03 3.71047425507531E-03 3.73096081477522E-03 3.75264276101669E-03 3.77553897808123E-03 3.79968507063849E-03 3.82513115557627E-03 3.85193092939858E-03 3.88010621361456E-03 3.90968174672542E-03 3.94063934983777E-03 3.97297966355262E-03 4.00664390783839E-03 4.04157166094231E-03 4.07766178672508E-03 4.11483392596178E-03 4.15295444539945E-03 4.19184941584922E-03 4.23133129399125E-03 4.27120516610505E-03
0 0 0 0 0 0 0 0 0 0 0 0 0 0 0 0 0 0 0 0 0 0 0 0 0 0 0 0 0 0 0 0 0 0 0 3.61389752892722E-03 3.60993420251692E-03 3.61288252386397E-03 3.61926796627435E-03 3.62864895102755E-03 3.64056358662096E-03 3.65454140870585E-03 3.67027444995079E-03 3.68744232066204E-03 3.70592746219237E-03 3.72564399265729E-03 3.74658263092824E-03 3.76872419236264E-03 3.79211377370289E-03 3.81682384528245E-03 0.003842914752008 3.87044828709099E-03 3.89944429629471E-03 3.92992226359639E-03 3.96184904882136E-03 3.99521389606265E-03 4.0299363123479E-03 4.06592713075637E-03 4.10306045911927E-03 4.14122909990741E-03 4.18027755216761E-03 4.22000780896703E-03 4.26021556521556E-03 4.30069250058095E-03
0 0 0 0 0 0 0 0 0 0 0 0 0 0 0 0 0 0 0 0 0 0 0 0 0 0 0 0 0 0 0 0 0 0 0 3.61389752892722E-03 3.61412930313268E-03 3.61902751929633E-03 3.62739567987694E-03 3.63845565129795E-03 3.65169431924781E-03 0.003666674958286 3.68315734502187E-03 3.70091808883561E-03 3.71991204325488E-03 3.74010856081154E-03 3.76152921620803E-03 3.78419336791512E-03 3.80817088323725E-03 3.8335540531217E-03 3.86040901436853E-03 3.88879822817171E-03 3.91873593148503E-03 3.95023114236611E-03 3.98323649390666E-03 4.01771813502001E-03 4.05356697998841E-03 4.09066689627076E-03 4.12886902868097E-03 4.16803940069442E-03 4.20799662442748E-03 4.24852293177639E-03 4.28940012300009E-03 4.33041074644532E-03
0 0 0 0 0 0 0 0 0 0 0 0 0 0 0 0 0 0 0 0 0 0 0 0 0 0 0 0 0 0 0 0 0 0 3.62198480674866E-03 3.61652003558856E-03 3.61964717570746E-03 3.62646530651186E-03 3.63634282730826E-03 3.64858444411105E-03 3.66273330425525E-03 3.67842134901742E-03 3.69546468050822E-03 3.71373905055542E-03 3.73322300541359E-03 3.7539294705131E-03 3.77589497591648E-03 3.79917861519004E-03 3.82385663443479E-03 3.8500358806892E-03 0.00387778326773 3.90715759181837E-03 3.93816116664538E-03 3.97078750597193E-03 4.00497054914681E-03 4.04063981238293E-03 4.07766343513653E-03 4.11589662729882E-03 4.15516880205832E-03 4.19531573561444E-03 4.23613894116719E-03 4.27740183653764E-03 4.31887442109239E-03 4.36033415690185E-03
0 0 0 0 0 0 0 0 0 0 0 0 0 0 0 0 0 0 0 0 0 0 0 0 0 0 0 0 0 0 0 0 0 0 3.62198480674866E-03 3.62199840522642E-03 3.62650611394815E-03 3.63462025707852E-03 3.64554781823293E-03 0.003658606870691 3.67339600531245E-03 3.68961318775121E-03 3.70713292890602E-03 3.72589322724002E-03 3.74589353976664E-03 3.76717188241036E-03 3.78977646886655E-03 3.81379053211029E-03 3.83929635491718E-03 3.8664060763053E-03 3.89518269383454E-03 3.92567481710337E-03 3.95786690585588E-03 3.99173021004955E-03 4.02717191004637E-03 4.0640863599122E-03 4.10231420742309E-03 4.1416840437696E-03 4.18200328581111E-03 4.22308412192483E-03 4.26471135237115E-03 4.3066331244194E-03 4.34861192874336E-03 4.39042641642547E-03
0 0 0 0 0 0 0 0 0 0 0 0 0 0 0 0 0 0 0 0 0 0 0 0 0 0 0 0 0 0 0 0 0 0 3.6282435049739E-03 3.6285510426871E-03 3.63385257652998E-03 3.64283946209794E-03 3.65450145747372E-03 3.66815412358496E-03 3.68344076581175E-03 3.70012018238449E-03 3.71810364642558E-03 3.73738014493277E-03 3.75796248742908E-03 3.77991234269579E-03 3.80327497019773E-03 3.82815426862678E-03 3.85462868012071E-03 3.88281420670434E-03 3.91276381325951E-03 3.94450772828208E-03 3.97800393768734E-03 4.01319450994386E-03 4.0499579470484E-03 4.0881528223314E-03 4.12759250203133E-03 4.16807730545255E-03 4.2093965951568E-03 4.25134302899482E-03 4.2936936960351E-03 4.33618023500358E-03 4.37856371451388E-03 4.42063194677806E-03
0 0 0 0 0 0 0 0 0 0 0 0 0 0 0 0 0 0 0 0 0 0 0 0 0 0 0 0 0 0 0 0 0 0 3.63420533775574E-03 3.63470998824602E-03 3.64082064987974E-03 3.65056923617549E-03 3.66282428705337E-03 3.67696803999452E-03 3.69270758959761E-03 3.70984933090576E-03 3.72833567714387E-03 3.74820308196457E-03 3.76947445266428E-03 3.79222333554365E-03 3.81648815430859E-03 3.84238658887243E-03 3.86998302591885E-03 3.8994005456364E-03 3.93067166173871E-03 3.96379648061051E-03 3.99869909609435E-03 4.03529046060274E-03 4.0734177428267E-03 4.11290549197198E-03 4.15353972142702E-03 4.19509570781132E-03 4.23734698601425E-03 4.28007388437421E-03 4.32305095691669E-03 4.36599344398825E-03 4.40867178131368E-03 4.45089270134705E-03
0 0 0 0 0 0 0 0 0 0 0 0 0 0 0 0 0 0 0 0 0 0 0 0 0 0 0 0 0 0 0 0 0 3.63763498742936E-03 3.63556115040618E-03 3.6391131444341E-03 3.6467764401884E-03 3.65737743411813E-03 3.67021118926429E-03 3.68484984021671E-03 3.70107838198865E-03 3.71875453941406E-03 3.7378318758951E-03 3.75841746968191E-03 3.78051520887399E-03 3.80421978470097E-03 3.82954447527177E-03 3.85663607386678E-03 3.88551761418573E-03 3.91633234810308E-03 3.94906881796833E-03 3.98368835842873E-03 4.02007873424885E-03 4.0581186427544E-03 4.09762560321628E-03 4.13838816493039E-03 4.18017311711728E-03 4.22273168065504E-03 4.26582867606327E-03 4.30922917053162E-03 4.35272221866608E-03 4.39600098001445E-03 4.43886510964545E-03 4.4811472640013E-03
0 0 0 0 0 0 0 0 0 0 0 0 0 0 0 0 0 0 0 0 0 0 0 0 0 0 0 0 0 0 0 0 0 3.63763498742936E-03 3.63782653071471E-03 3.64282739077091E-03 3.65167045437432E-03 3.66306249527898E-03 3.67650909067895E-03 3.69170727626755E-03 3.70851312954195E-03 3.7268299337506E-03 3.74664969650257E-03 3.76810294416766E-03 3.79119117350726E-03 3.81601442176224E-03 3.84258143884954E-03 0.003871041358282 3.90139898997133E-03 3.93377080628928E-03 3.96809515185471E-03 4.00429649600291E-03 4.04223148095219E-03 4.08174199506125E-03 4.12261428572417E-03 4.1646076932243E-03 4.2074723017149E-03 4.25094750710045E-03 4.29479194609394E-03 4.33876056717245E-03 4.38263201745132E-03 4.42612658033605E-03 4.46908198018371E-03 4.5113484902435E-03
0 0 0 0 0 0 0 0 0 0 0 0 0 0 0 0 0 0 0 0 0 0 0 0 0 0 0 0 0 0 0 0 0 3.6387416618104E-03 3.63926736603474E-03 3.64539457777077E-03 3.65526328478674E-03 3.66750043710788E-03 3.68166651403822E-03 3.69754569641083E-03 3.71506781739907E-03 3.73418668451293E-03 3.75492865478338E-03 3.77741853044449E-03 3.8016791689461E-03 3.82780618758526E-03 3.85580876325739E-03 3.8858121187108E-03 3.91782077556946E-03 3.95186595732648E-03 3.98787024785146E-03 4.02571035703051E-03 4.06521939128964E-03 4.10618775582271E-03 4.14838302521884E-03 4.19153489884773E-03 4.23538452680227E-03 4.27966666002475E-03 4.32413838511871E-03 4.36855168777017E-03 4.41267658808622E-03 4.45631062507402E-03 4.49928827881483E-03 4.54147965563105E-03
0 0 0 0 0 0 0 0 0 0 0 0 0 0 0 0 0 0 0 0 0 0 0 0 0 0 0 0 0 0 0 0 3.6241679171405E-03 3.63411353518221E-03 3.63842001987018E-03 3.64653338305239E-03 3.65760405326776E-03 3.6707661752328E-03 3.68575645535866E-03 3.70244718941611E-03 3.72083431009001E-03 3.74091854814067E-03 3.76275485468838E-03 3.7864670470693E-03 3.81208942483511E-03 3.83971250672535E-03 3.86933554422769E-03 3.90105732162843E-03 3.93485059101695E-03 3.97068278032859E-03 4.00844163462055E-03 4.04796397050429E-03 4.08904962012223E-03 4.13144857962565E-03 4.17490626288369E-03 4.21913319996357E-03 4.26386593545103E-03 4.30884061403383E-03 4.35381999661757E-03 4.39856284555103E-03 4.44285946478729E-03 4.48655415595062E-03 4.52948629523644E-03 4.57153509003619E-03
0 0 0 0 0 0 0 0 0 0 0 0 0 0 0 0 0 0 0 0 0 0 0 0 0 0 0 0 0 0 0 3.62169562759963E-03 3.6241679171405E-03 3.6297105112305E-03 3.63689516670607E-03 3.64669639554133E-03 3.65890973098014E-03 3.67302734288996E-03 3.68892285374559E-03 3.70654930023933E-03 3.72595090602875E-03 3.74716887181542E-03 3.77027460549814E-03 3.79539674038693E-03 3.82257183445699E-03 3.85187547163425E-03 3.88328718424433E-03 3.91686798682505E-03 3.95255652631336E-03 3.99026366027265E-03 4.02983366521177E-03 4.07105867027786E-03 4.11370579205776E-03 4.15749187524598E-03 4.20214297175936E-03 4.24735829938498E-03 4.29287354222651E-03 4.33843455508578E-03 4.38381922909853E-03 4.42880442930944E-03 4.47319971399212E-03 4.5168754196604E-03 4.55968598883327E-03 4.60151542202186E-03
0 0 0 0 0 0 0 0 0 0 0 0 0 0 0 0 0 0 0 0 0 0 0 0 0 0 0 0 0 0 0 3.62169562759963E-03 3.6220615538829E-03 3.62703973190421E-03 3.63527944213584E-03 3.64620139717875E-03 3.65941420532743E-03 3.67448567089632E-03 3.69135610374118E-03 3.71003385818116E-03 3.73059575089112E-03 3.75310763180873E-03 3.77765156531389E-03 3.80436316651152E-03 3.83327062215285E-03 3.86442417154769E-03 3.89777322435478E-03 3.93334047483884E-03 3.9710186032407E-03 4.01066702640087E-03 4.05208075589622E-03 4.09500802060217E-03 4.13918281247385E-03 4.18429601745951E-03 4.23006202970224E-03 4.27617123963302E-03 4.32236621360965E-03 4.36841001137808E-03 4.41410233539896E-03 4.45924081173005E-03 4.50365812158018E-03 4.54724072992396E-03 4.58985384718752E-03 4.63138445540705E-03
0 0 0 0 0 0 0 0 0 0 0 0 0 0 0 0 0 0 0 0 0 0 0 0 0 0 0 0 0 0 0 3.61808440862666E-03 3.6185240999546E-03 3.62403938404528E-03 3.63318649006045E-03 3.64507484880396E-03 3.65925206703651E-03 3.67531772093629E-03 3.69325092461552E-03 3.71310796214305E-03 3.73498013566179E-03 3.75895254053514E-03 3.78510242149858E-03 3.81357750305779E-03 3.84438431173353E-03 3.87753638796603E-03 3.91294755576007E-03 3.95059633403526E-03 3.99033194690405E-03 4.03195473454784E-03 4.07521536293155E-03 4.11981599967925E-03 4.16546451072736E-03 4.21182784822526E-03 4.25861927863584E-03 4.30552080979192E-03 4.35229238748744E-03 4.39872006682061E-03 4.44462909486809E-03 4.48983918972718E-03 4.53420164141176E-03 4.57761529705195E-03 4.61995339100269E-03 4.66110150361508E-03
0 0 0 0 0 0 0 0 0 0 0 0 0 0 0 0 0 0 0 0 0 0 0 0 0 0 0 0 0 0 3.60142538008975E-03 3.60968051277503E-03 3.61302659376782E-03 3.62011098553432E-03 3.63041127336371E-03 3.64333399071335E-03 3.65853603869387E-03 3.67569330974691E-03 3.69481748061849E-03 3.71599573385419E-03 3.73933114280739E-03 3.76492519705482E-03 3.79285391210627E-03 3.82325266084575E-03 3.85609978625814E-03 3.89137231807459E-03 3.92894688284378E-03 3.96875186927226E-03 4.01058289619152E-03 4.05418627344631E-03 4.09926650814989E-03 4.14548819891777E-03 4.19253467784944E-03 4.24005746466311E-03 4.28776663113325E-03 4.33535350226145E-03 4.38260150623384E-03 4.42931817007158E-03 4.47535170862262E-03 4.52054649297339E-03 4.56477744391624E-03 4.60794673179947E-03 4.64992830483516E-03 4.69060750687418E-03
0 0 0 0 0 0 0 0 0 0 0 0 0 0 0 0 0 0 0 0 0 0 0 0 0 0 0 0 0 0 3.60142538008975E-03 3.60215726143265E-03 3.60701410821122E-03 3.61552506063428E-03 3.62704931456132E-03 3.64110229275323E-03 3.65742878646269E-03 3.67581277800793E-03 3.6962798421697E-03 3.71894057233472E-03 3.74390021122779E-03 3.77128392109548E-03 3.80115749270788E-03 3.83362002485994E-03 3.86862784415914E-03 3.90611661148666E-03 3.9459252576469E-03 3.98791669014945E-03 4.03184503791416E-03 4.07739684467659E-03 4.12423728200566E-03 4.17199748592587E-03 4.22034416240503E-03 4.2689200910781E-03 4.31743659727955E-03 4.36561079466171E-03 4.41324120506336E-03 4.46015685472118E-03 4.50622901531904E-03 4.55132985463327E-03 4.5953520838914E-03 4.63819377802491E-03 4.67973232768851E-03 4.71985180273183E-03
0 0 0 0 0 0 0 0 0 0 0 0 0 0 0 0 0 0 0 0 0 0 0 0 0 0 0 0 0 3.57905833308546E-03 3.59019483940762E-03 3.59352134604307E-03 3.60035243975008E-03 3.61037659898392E-03 3.62321827246158E-03 3.63852292550243E-03 3.65612601345732E-03 3.67589249217989E-03 3.69786970704389E-03 3.72218142689895E-03 3.74893473363231E-03 3.77826573618141E-03 3.81022514353238E-03 3.84487613086902E-03 3.88214172776975E-03 3.92191646282763E-03 3.96399420665156E-03 4.00817976470899E-03 4.05417579095345E-03 4.10161810095796E-03 4.15013384053646E-03 4.19933101085708E-03 4.24886542541643E-03 4.29838055226569E-03 4.34759782239144E-03 4.3962578089752E-03 4.44417692771322E-03 4.4912028076084E-03 4.53722765052401E-03 4.58214950844342E-03 4.62587750799668E-03 4.66830506369359E-03 4.70930836840075E-03 4.74877179416958E-03
0 0 0 0 0 0 0 0 0 0 0 0 0 0 0 0 0 0 0 0 0 0 0 0 0 0 0 0 0 3.57905833308546E-03 3.57989297833372E-03 3.58480970387878E-03 3.5933204452643E-03 3.60485078036071E-03 3.61909369217095E-03 3.63578543189417E-03 3.65483279784067E-03 3.6761567108613E-03 3.69982063750986E-03 3.72596004206083E-03 3.75467378344165E-03 3.78610160131955E-03 3.8202731392546E-03 3.8572150261747E-03 3.89681360236948E-03 3.93891396366179E-03 3.98326363476268E-03 4.02960996772971E-03 4.07761303811538E-03 4.12685739801629E-03 4.17693902383993E-03 4.22745344727127E-03 4.27805499680509E-03 4.32839652141123E-03 4.37820937275408E-03 4.42725833530827E-03 4.47537476528739E-03 4.52242410933516E-03 4.56831467553575E-03 4.61297082219917E-03 4.65631566115855E-03 4.69823517924259E-03 4.73860292204965E-03 4.77730611695159E-03
0 0 0 0 0 0 0 0 0 0 0 0 0 0 0 0 0 0 0 0 0 0 0 0 0 0 0 0 3.55272474333642E-03 3.56574713962466E-03 3.56896920680565E-03 3.57582031870472E-03 3.5860086791281E-03 3.59909676813552E-03 3.61485515686736E-03 3.63308824135554E-03 3.65375897523349E-03 3.67682420521051E-03 3.70235640782299E-03 3.73049755124842E-03 3.76133087578528E-03 3.79499381870367E-03 3.83148648207941E-03 3.87080233780451E-03 3.91278411328692E-03 3.95722308261031E-03 4.0038180930125E-03 4.05226734573213E-03 4.1021908032542E-03 4.15312374552968E-03 4.20464230017925E-03 4.25634379249947E-03 4.30788817992806E-03 4.3589409271281E-03 4.40924480504813E-03 4.45858738939134E-03 4.50681281350863E-03 4.55379884496093E-03 4.5994652910255E-03 4.64376218875057E-03 4.68662713589675E-03 4.72793281728088E-03 4.76755258753849E-03 4.80538324301723E-03
0 0 0 0 0 0 0 0 0 0 0 0 0 0 0 0 0 0 0 0 0 0 0 0 0 0 0 0 3.55272474333642E-03 3.55350391812584E-03 3.55815814990087E-03 3.56672090505747E-03 3.57859544349646E-03 3.59332281710958E-03 3.61072875350311E-03 3.63066309310598E-03 3.65313466516299E-03 3.67812510819678E-03 3.70570174592552E-03 3.73601703877913E-03 3.7691166584136E-03 3.80514297290504E-03 3.84404989581818E-03 3.88579956824975E-03 3.93018885242628E-03 3.97694707958053E-03 4.02573183427604E-03 4.07618797331085E-03 4.12791678407163E-03 4.18039741302752E-03 4.23320936175005E-03 4.28596372097968E-03 4.33832729280603E-03 4.38998246853046E-03 4.44067477624893E-03 4.4902212083317E-03 4.53846732441084E-03 4.58530323239777E-03 4.63065042879226E-03 4.67448632450896E-03 4.71676509400068E-03 4.75733582298547E-03 4.79608427407709E-03 4.8329247679598E-03
0 0 0 0 0 0 0 0 0 0 0 0 0 0 0 0 0 0 0 0 0 0 0 0 0 0 0 0 3.53991162354913E-03 3.54052377928622E-03 3.54699762427846E-03 3.55751316731874E-03 3.5712381985352E-03 3.5877526874905E-03 3.60695767270352E-03 3.62875784406404E-03 3.65319903981255E-03 3.68028426995666E-03 3.71007555640948E-03 3.74271630063307E-03 3.77822202236896E-03 3.81671833753224E-03 3.85811731062294E-03 3.90233436650308E-03 3.94911724768247E-03 3.99814565921314E-03 4.04904108103993E-03 4.10139614057212E-03 4.15477539486681E-03 4.20865053314358E-03 4.26261565191369E-03 4.31629472513114E-03 4.36935834817096E-03 4.42150556236269E-03 4.4724885740643E-03 4.52214443952154E-03 4.57031752004927E-03 4.61690622289153E-03 4.66183539580763E-03 4.70510203688672E-03 4.74666137782506E-03 4.78635908609496E-03 4.82410549763151E-03 4.8598380635422E-03
0 0 0 0 0 0 0 0 0 0 0 0 0 0 0 0 0 0 0 0 0 0 0 0 0 0 0 3.48816381521339E-03 3.51978214050413E-03 3.52580097102804E-03 3.53560236826465E-03 3.54850975999363E-03 3.56427148213962E-03 3.58271093689364E-03 3.60384976717848E-03 3.62766110929644E-03 3.65421997101313E-03 3.68355413509207E-03 3.71571106085459E-03 3.75081332041487E-03 3.78884094713602E-03 3.82988470111026E-03 3.8738220075744E-03 3.92049667600635E-03 3.96962607922196E-03 4.02083881817441E-03 4.07373455149646E-03 4.12784496770728E-03 4.18271597865513E-03 4.2378531369851E-03 4.29284235813424E-03 4.34732904811912E-03 4.40097775903726E-03 4.45351626122402E-03 4.5046850491528E-03 4.55434801094914E-03 4.60233808132075E-03 4.64856743938167E-03 4.69295364311033E-03 4.73550980870848E-03 4.77620627173224E-03 4.81489413189319E-03 4.85151075988227E-03 4.88602497718072E-03
0 0 0 0 0 0 0 0 0 0 0 0 0 0 0 0 0 0 0 0 0 0 0 0 0 0 3.4676282455655E-03 3.48816381521339E-03 3.50093251098057E-03 3.51212831537924E-03 3.52501730117974E-03 3.54025759747439E-03 3.55808297726968E-03 0.003578526477606 3.60170745642377E-03 3.62765192097281E-03 3.6564561781925E-03 3.68816134330849E-03 3.72280190920052E-03 3.76046913956566E-03 3.80110378180805E-03 3.84474909308111E-03 0.003891229433558 3.94033198700284E-03 3.99173383084379E-03 4.04502902187049E-03 4.0997909108777E-03 4.15551550494184E-03 4.21174344021785E-03 4.26800573914217E-03 4.32389709535758E-03 4.37907033901358E-03 4.43319195625183E-03 4.48600220653629E-03 4.53724679743144E-03 4.58679477152379E-03 4.63447563041763E-03 4.68020922139235E-03 4.72391839127451E-03 4.76562485853196E-03 4.80530036853451E-03 4.84282788011066E-03 4.87818779897165E-03 4.91138331075187E-03
0 0 0 0 0 0 0 0 0 0 0 0 0 0 0 0 0 0 0 0 0 0 0 0 0 3.45883293105334E-03 3.4676282455655E-03 0.003477002014729 3.48834850125672E-03 3.50112495789763E-03 3.51599318061411E-03 3.53321612850724E-03 3.55302321965451E-03 3.57550532869945E-03 3.60081076547453E-03 3.62899118623141E-03 3.66014574469106E-03 3.69432275021379E-03 3.73153830804892E-03 3.77184209565932E-03 3.81513212872565E-03 3.86138512985352E-03 3.91037896615944E-03 3.96184442036895E-03 4.01542422878623E-03 4.07068427609197E-03 4.12718050665422E-03 4.18439157098885E-03 4.24185335160661E-03 4.29912234366451E-03 4.3558003276286E-03 4.41154524788255E-03 4.46602208687536E-03 4.51897872796111E-03 4.57016673145673E-03 4.61944874548849E-03 4.66666471886702E-03 4.71173710467673E-03 4.75460342913318E-03 4.79528499108733E-03 4.83378210173241E-03 4.87002032179621E-03 4.90401747803799E-03 4.93581688763947E-03
0 0 0 0 0 0 0 0 0 0 0 0 0 0 0 0 0 0 0 0 0 0 0 0 0 3.45883293105334E-03 3.45970997929806E-03 3.46687704219056E-03 3.4779995598962E-03 3.49188875932362E-03 3.50839208678049E-03 3.52746677185936E-03 3.5492542112986E-03 3.57384093930926E-03 3.60136676581847E-03 3.63188243544094E-03 3.66547527256948E-03 3.70219882886543E-03 3.74204990480457E-03 3.78502861870006E-03 3.83098698337631E-03 3.87983193054163E-03 3.93128697197335E-03 3.98503424886257E-03 4.04068382297062E-03 4.09778611161319E-03 4.15588550432151E-03 4.21445286373787E-03 4.27302308351837E-03 4.33117719445144E-03 4.38852325403333E-03 4.44471313975467E-03 4.49940831905884E-03 4.55236098593286E-03 4.60333302789188E-03 4.65217902184507E-03 4.69875221743299E-03 4.74298528631679E-03 4.78483922401368E-03 4.82434284362778E-03 4.86151918343008E-03 4.8963483712712E-03 4.92889646454339E-03 4.9592432381982E-03
0 0 0 0 0 0 0 0 0 0 0 0 0 0 0 0 0 0 0 0 0 0 0 0 3.42801818685988E-03 3.44383003933853E-03 3.44773592147801E-03 3.45617569820517E-03 3.46841722505331E-03 3.4837617749431E-03 3.50199520775585E-03 3.52299533918877E-03 3.5468560177574E-03 3.5736625079572E-03 3.60352357805367E-03 3.6364843568657E-03 3.67259919710211E-03 3.71193736622515E-03 3.75446809536097E-03 3.8001298303815E-03 3.84874001019222E-03 3.90011842610596E-03 3.95395548419299E-03 4.00987696728796E-03 4.06747547036605E-03 4.12629142035235E-03 4.18586403944316E-03 4.24566639589675E-03 4.30522055257107E-03 4.36414494581844E-03 4.42203330679969E-03 4.47852773026472E-03 4.53328344152298E-03 4.58605747686875E-03 4.63662937948969E-03 4.68483793982208E-03 4.73057216330618E-03 4.77377107924359E-03 4.81443916776623E-03 4.85260728224573E-03 4.88834340528884E-03 4.92168204996308E-03 4.95272908163575E-03 4.98159761595629E-03
