NongDo/Fusa 10.5h.grd
DSAA
463	323
2	464
2	324
0	10
[rows 140 to 167 of 323, columns 63 to 125 of 463]
0 0 0 0 0 0 0 0 0 0 0 0 0 0 0 0 0 0 0 0 0 0 0 0 0 0 0 0 0 0 0 0 0 0 0 0 0 6.159190251485E-21 6.35291443843695E-21 8.20659894132028E-21 1.14861734826988E-20 1.65273518994423E-20 2.40620963125363E-20 3.52779521691356E-20 5.19904741859987E-20 7.69577253274909E-20 1.14382850017433E-19 1.70535859630055E-19 2.54859813037557E-19 3.8143644901811E-19 5.71404037551189E-19 8.55853802664376E-19 1.28051210266321E-18 1.91205261984492E-18 2.84734946248099E-18 4.22596108765213E-18 6.24684382553786E-18 9.19045334635053E-18 1.34467703389665E-17 1.95652098213488E-17 2.83094472672255E-17 4.07467972470221E-17 5.83504833325028E-17
0 0 0 0 0 0 0 0 0 0 0 0 0 0 0 0 0 0 0 0 0 0 0 0 0 0 0 0 0 0 0 0 0 0 0 0 1.32992154034211E-20 9.12114566240336E-21 1.11358169557241E-20 1.51185331166236E-20 2.14204134261713E-20 3.0903177844643E-20 4.50181370005147E-20 6.6025110975753E-20 9.73508559542653E-20 1.44199205673228E-19 2.14519816721983E-19 3.2015867057061E-19 4.7894793560148E-19 7.17447776484035E-19 1.07551373305865E-18 1.61158555218028E-18 2.41126183667272E-18 3.59917067398892E-18 5.35570206849491E-18 7.93993752476909E-18 1.17196196263971E-17 1.72127823067086E-17 2.5137320004919E-17 3.65061838130978E-17 5.27267919258979E-17 7.57686859336317E-17 1.0835151529343E-16
0 0 0 0 0 0 0 0 0 0 0 0 0 0 0 0 0 0 0 0 0 0 0 0 0 0 0 0 0 0 0 0 0 0 0 1.74882870170182E-20 1.32992154034211E-20 1.50974038086044E-20 1.99348172132504E-20 2.7804506822422E-20 3.97054820052675E-20 5.74253793199023E-20 8.37493051823119E-20 1.22928896915872E-19 1.81403688704223E-19 2.68954518015685E-19 4.0053632151676E-19 5.9837160673439E-19 8.95918746279289E-19 1.34296955023421E-18 2.01408793340656E-18 3.018183051191E-18 4.51410422817485E-18 6.73283862087292E-18 1.00074389445089E-17 1.48149556083263E-17 2.18288569826003E-17 3.19973520178024E-17 4.66331218811624E-17 6.75939890060013E-17 9.74588287478528E-17 1.39838068829676E-16 1.99727239684584E-16
0 0 0 0 0 0 0 0 0 0 0 0 0 0 0 0 0 0 0 0 0 0 0 0 0 0 0 0 0 0 0 0 0 0 2.30241909784165E-20 1.74882870170182E-20 1.99546585273764E-20 2.60454165270685E-20 3.59865432088508E-20 5.09694189057679E-20 7.32019889979537E-20 1.06137623416661E-19 1.55028703365343E-19 2.27818074655973E-19 3.36566827311284E-19 4.99568236014433E-19 7.44744054424482E-19 1.1135434947849E-18 1.66829739752249E-18 2.50168895027691E-18 3.7518209061071E-18 5.61997873241868E-18 8.39821831437599E-18 1.25108121277972E-17 1.85670527561279E-17 2.74374892482494E-17 4.03446932954469E-17 5.90102268949971E-17 8.5824818683255E-17 1.2417194812582E-16 1.78752678556964E-16 2.56142683606082E-16 3.65482284559631E-16
0 0 0 0 0 0 0 0 0 0 0 0 0 0 0 0 0 0 0 0 0 0 0 0 0 0 0 0 0 0 0 0 0 3.20860352410729E-20 2.30241909784165E-20 2.59412276121138E-20 3.36209961318562E-20 4.62713330190322E-20 6.52557042077206E-20 9.32139877785347E-20 1.34427823077027E-19 1.95365050410247E-19 2.85828871455864E-19 4.20594000107147E-19 6.22167330645088E-19 9.24526008685891E-19 1.37944962268936E-18 2.06376534515104E-18 3.09275455662239E-18 4.63738761689992E-18 6.95089743803511E-18 1.04018547984349E-17 1.55224394531542E-17 2.3085310395449E-17 3.41943108693555E-17 5.04222269333426E-17 7.39710538775496E-17 1.07952569231305E-16 1.56697378107594E-16 2.26323422634658E-16 3.25353193510625E-16 4.65715209309521E-16 6.64034476310979E-16
0 0 0 0 0 0 0 0 0 0 0 0 0 0 0 0 0 0 0 0 0 0 0 0 0 0 0 0 0 0 0 3.23961483864939E-20 3.76358551846432E-20 3.20860352410729E-20 3.43597472007489E-20 4.36928782752225E-20 5.96027338980858E-20 8.35968258256203E-20 1.18830229002852E-19 1.70440964809862E-19 2.46420229967445E-19 3.58744295955014E-19 5.2556542285138E-19 7.74234572669547E-19 1.14643600896989E-18 1.7049975673897E-18 2.54513157561794E-18 3.80815262902289E-18 5.70547465244855E-18 8.54972422404414E-18 1.28011361468089E-17 1.91278095774515E-17 2.84927287808247E-17 4.22897776085562E-17 6.2503597291488E-17 9.19546979867891E-17 1.34594269468956E-16 1.96009066079568E-16 2.84000815289767E-16 4.0957660245714E-16 5.88092163688888E-16 8.41055694653067E-16 1.19843417573868E-15
0 0 0 0 0 0 0 0 0 0 0 0 0 0 0 0 0 0 0 0 0 0 0 0 0 0 0 0 0 0 4.41811776526586E-20 3.23961483864939E-20 3.76358551846432E-20 4.47691971850692E-20 5.7450206471273E-20 7.77258544156518E-20 1.08045145383273E-19 1.52406714419897E-19 2.17125743837346E-19 3.1186283816856E-19 4.51389687388641E-19 6.57785175111539E-19 9.64495162756803E-19 1.4218636474387E-18 2.10664105672956E-18 3.13404317303211E-18 4.67779246296468E-18 6.99597230916134E-18 1.0472773647207E-17 1.56743596695126E-17 2.34295339245827E-17 3.49408993471293E-17 5.19368692130672E-17 7.69096485557389E-17 1.13402593918367E-16 1.66449025594655E-16 2.43105277350952E-16 3.53350644037552E-16 5.11165908457424E-16 7.36233214523793E-16 1.05605081412467E-15 1.50909692217128E-15 2.14896838122241E-15
0 0 0 0 0 0 0 0 0 0 0 0 0 0 0 0 0 0 0 0 0 0 0 0 0 0 0 0 0 6.8301739515764E-20 4.41811776526586E-20 4.74255435271349E-20 5.85470220501572E-20 7.63765401298294E-20 1.0295721730634E-19 1.41704340887584E-19 1.97805574782886E-19 2.79122761217156E-19 3.97545433968549E-19 5.70926168014892E-19 8.2644501340236E-19 1.20459919715375E-18 1.76666472932886E-18 2.60476417211877E-18 3.85934263065807E-18 5.74028684933292E-18 8.56257641808305E-18 1.27934252443572E-17 1.91253221719118E-17 2.85752732254245E-17 4.26250202790682E-17 6.34215734054699E-17 9.40424048691636E-17 1.389157884332E-16 2.0433270460308E-16 2.99225301981781E-16 4.36120722644603E-16 6.32749040422086E-16 9.13994231780874E-16 1.31484541512847E-15 1.88419735699973E-15 2.69041294657636E-15 3.82866463514218E-15
0 0 0 0 0 0 0 0 0 0 0 0 0 0 0 0 0 0 0 0 0 0 0 0 0 0 0 0 0 6.8301739515764E-20 6.85840387365626E-20 8.13896315487494E-20 1.04552732459503E-19 1.39322212988614E-19 1.89330009206289E-19 2.60905746097713E-19 3.6372397688413E-19 5.12350985168549E-19 7.28680681468569E-19 1.04543897063506E-18 1.51238359732684E-18 2.20335727879253E-18 3.23005381069508E-18 4.76022919207394E-18 7.04930995722824E-18 1.04768630497111E-17 1.56099961454533E-17 2.32879032334667E-17 3.47489204165803E-17 5.18060297827549E-17 7.70880600579389E-17 1.14399573647854E-16 1.69182399641111E-16 2.49260955588312E-16 3.65740133289123E-16 5.34374273555497E-16 7.77276575685785E-16 1.12577048715777E-15 1.62385859093171E-15 2.33332732965133E-15 3.34051734270304E-15 4.76600552228469E-15 6.77757621460724E-15
0 0 0 0 0 0 0 0 0 0 0 0 0 0 0 0 0 0 0 0 0 0 0 0 0 0 0 0 1.86152868809771E-19 1.0581471977338E-19 1.19827893011204E-19 1.48698550818978E-19 1.936998108163E-19 2.58687314002683E-19 3.50878955823318E-19 4.82073522786082E-19 6.70081466096104E-19 9.41535631928902E-19 1.3364510209222E-18 1.91448408072938E-18 2.766190503739E-18 4.02563284646665E-18 5.89533163561181E-18 8.67901012945732E-18 1.28376560836185E-17 1.90533084997839E-17 2.83396450227899E-17 4.21925709900532E-17 6.28104129146721E-17 9.34009673603504E-17 1.38595992365335E-16 2.05089892193532E-16 3.02450859962233E-16 4.44419538165521E-16 6.50486040550378E-16 9.48276665123495E-16 1.37662246066694E-15 1.99050337931025E-15 2.8671984532393E-15 4.11507562032789E-15 5.88550887114019E-15 8.38967842352005E-15 1.19212367853169E-14
0 0 0 0 0 0 0 0 0 0 0 0 0 0 0 0 0 0 0 0 0 0 0 0 0 0 0 0 1.86152868809771E-19 1.86127015231716E-19 2.19701096640375E-19 2.77354312411565E-19 3.62163357818906E-19 4.8226614964752E-19 6.51554078715869E-19 8.91734108960939E-19 1.23544346963299E-18 1.7311739766597E-18 2.45177657258488E-18 3.50549184811987E-18 5.05625989873805E-18 7.34627859748739E-18 1.07409385002172E-17 1.57867205271446E-17 2.33093912123106E-17 3.45254578944964E-17 5.12337955095809E-17 7.60825098716393E-17 1.12945128615428E-16 1.67455548147647E-16 2.47720011165719E-16 3.65449227025105E-16 5.37369237609782E-16 7.87464892850236E-16 1.14974412201552E-15 1.67239761582825E-15 2.42322732341436E-15 3.49811041516391E-15 5.03184311388803E-15 7.21315607330939E-15 1.0305575675294E-14 1.46763098859835E-14 2.0835527960289E-14
0 0 0 0 0 0 0 0 0 0 0 0 0 0 0 0 0 0 0 0 0 0 0 0 0 0 0 5.40741377823274E-19 3.00772025685512E-19 3.36068546845584E-19 4.09314925697997E-19 5.2075873109102E-19 6.79005149128496E-19 9.00224497258672E-19 1.21072757501872E-18 1.65038677900685E-18 2.27876459277269E-18 3.18391496481163E-18 4.49777280410978E-18 6.41611943629294E-18 9.23389766316306E-18 1.33866540361351E-17 1.95297551018702E-17 2.86404641284006E-17 4.2186524028363E-17 6.23224924091526E-17 9.22196274865092E-17 1.36531191771155E-16 2.0203579710171E-16 2.98563788647486E-16 4.40225802832647E-16 6.47381191674945E-16 9.49109836795583E-16 1.38704461752271E-15 2.02019155405131E-15 2.93212348871693E-15 4.24048941742239E-15 6.11144282138007E-15 8.77844409337793E-15 1.25679412682265E-14 1.79354178058568E-14 2.55148023947168E-14 3.61858662164447E-14
0 0 0 0 0 0 0 0 0 0 0 0 0 0 0 0 0 0 0 0 0 0 0 0 0 0 0 5.40741377823274E-19 5.39180390922666E-19 6.24768367113378E-19 7.70401513071849E-19 9.80898956377881E-19 1.27394056184346E-18 1.68054448290838E-18 2.2498361165079E-18 3.05470372999957E-18 4.20352125083032E-18 5.85549402598329E-18 8.24867589907664E-18 1.17349580251507E-17 1.68424250314813E-17 2.43512376304869E-17 3.54295805197492E-17 5.18113517864616E-17 7.6086648913049E-17 1.12047960282928E-16 1.65245883160576E-16 2.43798668631945E-16 3.59490142449036E-16 5.29376763467765E-16 7.77882892440563E-16 1.14021940200335E-15 1.66666314587132E-15 2.4290567008241E-15 3.52920264183768E-15 5.11122465019572E-15 7.37798348141086E-15 1.06154887086941E-14 1.52253724853857E-14 2.1768459571181E-14 3.10263961189086E-14 4.40855167943631E-14 6.24520017124264E-14
0 0 0 0 0 0 0 0 0 0 0 0 0 0 0 0 0 0 0 0 0 0 0 0 0 0 1.62609964352721E-18 8.96802013047854E-19 9.87615179451175E-19 1.1739209653144E-18 1.45515785063366E-18 1.84859100040345E-18 2.38949225973636E-18 3.1359297066347E-18 4.17907285334829E-18 5.65165794119744E-18 7.74988514218239E-18 1.07606136156336E-17 1.5111508081246E-17 2.14319517924675E-17 3.06634728840753E-17 4.4194015515916E-17 6.40919803354668E-17 9.34143532723092E-17 1.36704693705938E-16 2.00589015968079E-16 2.94715893459251E-16 4.33160512299345E-16 6.36291037550985E-16 9.33533917568545E-16 1.36693039810297E-15 1.99706039183083E-15 2.91034860989527E-15 4.23010343086561E-15 6.13096700889422E-15 8.85997009650399E-15 1.27646416166786E-14 1.83342108906029E-14 2.62550901293658E-14 3.74840287870361E-14 5.33528689220415E-14 7.57101001067345E-14 1.07116338610357E-13
0 0 0 0 0 0 0 0 0 0 0 0 0 0 0 0 0 0 0 0 0 0 0 0 0 0 1.62609964352721E-18 1.61824429142408E-18 1.84351308759356E-18 2.21842069352181E-18 2.75128348144712E-18 3.4814739999401E-18 4.47694329129547E-18 5.84599376507744E-18 7.75663746158375E-18 1.04486008484505E-17 1.42755139230412E-17 1.97525623603862E-17 2.76441042527096E-17 3.90711105407383E-17 5.57016947194722E-17 7.99873885838852E-17 1.15566909873622E-16 1.67801936677273E-16 2.44603531833275E-16 3.57461788303496E-16 5.23044751714617E-16 7.6562453658003E-16 1.12020804123739E-15 1.63725600821157E-15 2.38877393274522E-15 3.47845714193056E-15 5.05404718962223E-15 7.32602182865658E-15 1.05922159345585E-14 1.52734179946431E-14 2.19613093812812E-14 3.14876000801556E-14 4.50174433244888E-14 6.41716957498221E-14 9.12040219203297E-14 1.29238240370639E-13 1.82597567297162E-13
0 0 0 0 0 0 0 0 0 0 0 0 0 0 0 0 0 0 0 0 0 0 0 0 0 5.03464403398248E-18 2.73506724553521E-18 2.97702302578274E-18 3.47279025989336E-18 4.20184867756979E-18 5.20002833919897E-18 6.54910170302196E-18 8.3781639689384E-18 1.08874524442964E-17 1.43845683193858E-17 1.9300823305934E-17 2.62693958368898E-17 3.62121882046024E-17 5.04839186372922E-17 7.10748076492878E-17 1.00915150390336E-16 1.44313833050912E-16 2.07625680899848E-16 3.00197162862224E-16 4.35676854242694E-16 6.33870952858117E-16 9.23423147953888E-16 1.34594046656918E-15 1.96127907157582E-15 2.85548275641442E-15 4.15141742876359E-15 6.0255288263454E-15 8.72905742944675E-15 1.26191811438143E-14 1.82009037424701E-14 2.61866578234205E-14 3.7577703356966E-14 5.37789142771222E-14 7.67540044885103E-14 1.09231145108038E-13 1.54998060654336E-13 2.19298068404425E-13 3.09380568419997E-13
0 0 0 0 0 0 0 0 0 0 0 0 0 0 0 0 0 0 0 0 0 0 0 0 0 5.03464403398248E-18 4.99730472545412E-18 5.59590301991385E-18 6.58446696857925E-18 7.9645274266619E-18 9.81687854961484E-18 1.22992784738963E-17 1.56530354482431E-17 2.02492120401653E-17 2.66452027881177E-17 3.56105133376511E-17 4.82743315448164E-17 6.6271754532952E-17 9.19905957046023E-17 1.28939020715423E-16 1.82234394620566E-16 2.59414586671193E-16 3.71496641583333E-16 5.34616532750055E-16 7.721487120174E-16 1.11808372967202E-15 1.62136358969035E-15 2.35291242433027E-15 3.41452728102395E-15 4.95234081997923E-15 7.17498523561815E-15 1.03809895628676E-14 1.49952102006081E-14 2.16202709745597E-14 3.11075533450406E-14 4.46563894585868E-14 6.39505861012482E-14 9.13468030195098E-14 1.30132475599412E-13 1.84870061461426E-13 2.61883961987358E-13 3.69918511214033E-13 5.21047351220973E-13
0 0 0 0 0 0 0 0 0 0 0 0 0 0 0 0 0 0 0 0 0 0 0 0 1.65088484089326E-17 8.65734185299743E-18 9.26151686949244E-18 1.05594113078108E-17 1.24749295495397E-17 1.50613617763718E-17 1.8488268717423E-17 2.30510044398621E-17 2.91966473466931E-17 3.76043084303063E-17 4.92655196585649E-17 6.55491659742844E-17 8.84554600126386E-17 1.20865226604407E-16 1.66972986791899E-16 2.32908891262059E-16 3.27580423685831E-16 4.64052029271525E-16 6.61306811397126E-16 9.4700156813501E-16 1.36105796585001E-15 1.96139604162208E-15 2.83125092797659E-15 4.09088460759455E-15 5.91256609704703E-15 8.54322915868164E-15 1.23349714207099E-14 1.77904115758388E-14 2.56236585617931E-14 3.68459534607527E-14 5.28840253624715E-14 7.57447429919173E-14 1.08241158555129E-13 1.54302725637746E-13 2.19398946453948E-13 3.11111312233779E-13 4.39933780272228E-13 6.20353729769492E-13 8.72344527583059E-13
0 0 0 0 0 0 0 0 0 0 0 0 0 0 0 0 0 0 0 0 0 0 0 2.73901554764744E-17 1.65088484089326E-17 1.57788858023977E-17 1.7240294354781E-17 1.9885446847578E-17 2.35486322447393E-17 2.83772490100835E-17 3.47121368259772E-17 4.31025925772577E-17 5.43659539193079E-17 6.97068880740072E-17 9.08701558040504E-17 1.20289409258373E-16 1.61481267777683E-16 2.19496735278947E-16 3.01665535205661E-16 4.18633592855565E-16 5.85811536896778E-16 8.25654820315468E-16 1.1706709449569E-15 1.66803325852987E-15 2.38563499758567E-15 3.42164713862117E-15 4.91688410590022E-15 7.07414452150289E-15 1.01834691369033E-14 1.46599171000903E-14 2.1094214955232E-14 3.03278460441122E-14 4.3554236669689E-14 6.24608071730231E-14 8.94242379593032E-14 1.27782138411271E-13 1.82204609194859E-13 2.59202728549871E-13 3.67821984425869E-13 5.20585676905893E-13 7.34796337684642E-13 1.03429898430016E-12 1.45192541571371E-12
0 0 0 0 0 0 0 0 0 0 0 0 0 0 0 0 0 0 0 0 0 0 4.50369964311493E-17 2.73901554764744E-17 2.64118510038852E-17 2.82680960404148E-17 3.20418922052572E-17 3.73579807887848E-17 4.43080700937749E-17 5.32922133114827E-17 6.49811995314088E-17 8.03801711652885E-17 1.00958916981462E-16 1.28846698132591E-16 1.67095019972571E-16 2.19982350721014E-16 2.93656787345137E-16 3.96917298272454E-16 5.42497849703848E-16 7.48774042812359E-16 1.04221519823827E-15 1.46119439173921E-15 2.06107054483255E-15 2.92187641014808E-15 4.15844972133685E-15 5.93635306993265E-15 8.49241195034883E-15 1.21668720795219E-14 1.74454683401278E-14 2.50219366385171E-14 3.58814749742863E-14 5.14249368492677E-14 7.36354967513913E-14 1.05312373807658E-13 1.50391127658368E-13 2.14388752452646E-13 3.05011043127796E-13 4.3298166288969E-13 6.13172816201077E-13 8.66144134668067E-13 1.22024814256445E-12 1.7144890354873E-12 2.40251291046503E-12
0 0 0 0 0 0 0 0 0 0 0 0 0 0 0 0 0 0 0 0 0 7.19332656258915E-17 4.50369964311493E-17 4.34915055015069E-17 4.63541176132736E-17 5.19976246343521E-17 5.99147476826771E-17 7.01481228950079E-17 8.31626160554941E-17 9.97964421333346E-17 1.21303177475887E-16 1.49488043110867E-16 1.86965383538436E-16 2.37456214115269E-16 3.06266879106378E-16 4.00863730689966E-16 5.31923554307698E-16 7.14703998527701E-16 9.71177848367862E-16 1.33282741958014E-15 1.84482907329525E-15 2.57239454333395E-15 3.6092686475795E-15 5.09044591199548E-15 7.20909418795374E-15 1.02428844601361E-14 1.45878665564657E-14 2.08119006692938E-14 2.97239106313007E-14 4.24766522638881E-14 6.07035718775385E-14 8.67235841955587E-14 1.2381299075882E-13 1.76588060769267E-13 2.51526973164044E-13 3.57695004142856E-13 5.07730043695925E-13 7.19187353508666E-13 1.01637282507471E-12 1.43283165638555E-12 2.0147448330362E-12 2.82555041126841E-12 3.95235105047889E-12
0 0 0 0 0 0 0 0 0 0 0 0 0 0 0 0 0 0 0 0 0 7.19332656258915E-17 7.13478366964512E-17 7.63334121930572E-17 8.5069162536355E-17 9.70882062826158E-17 1.1244046030912E-16 1.31663970096807E-16 1.55814374441139E-16 1.86472232841565E-16 2.25901998089971E-16 2.77300354188123E-16 3.45264444781899E-16 4.36273802870848E-16 5.5950376668411E-16 7.27890356541353E-16 9.59871375475284E-16 1.28171348609875E-15 1.73103785395073E-15 2.36144911957734E-15 3.249574232252E-15 4.50556471680156E-15 6.28719898717434E-15 8.82087589949811E-15 1.242968054953E-14 1.75766773880996E-14 2.49204141925913E-14 3.54032458510325E-14 5.03644622941931E-14 7.17086543194531E-14 1.02128355137001E-13 1.45439831851371E-13 2.07023697612892E-13 2.94448338320854E-13 4.1831449071323E-13 5.93429574174937E-13 8.40396214317785E-13 1.18778404342678E-12 1.67508519853077E-12 2.35671126813821E-12 3.30744580819034E-12 4.62982637057791E-12 6.46432701327195E-12
0 0 0 0 0 0 0 0 0 0 0 0 0 0 0 0 0 0 0 0 2.36221903673421E-16 1.22536082858488E-16 1.28105703703131E-16 1.40841285703479E-16 1.59047639057997E-16 1.82314944002046E-16 2.11172603664607E-16 2.46880153106766E-16 2.91465329098056E-16 3.47755038193639E-16 4.19778553289428E-16 5.13158961141294E-16 6.35916442225204E-16 7.99216235141172E-16 1.01885816642692E-15 1.31714522809281E-15 1.72570766157767E-15 2.28943961331973E-15 3.07225964084571E-15 4.16486062606064E-15 5.69638468638503E-15 7.8517257519881E-15 1.08947878126234E-14 1.52030792990412E-14 2.13138183515516E-14 2.99945978934039E-14 4.23340489500384E-14 5.98870529147951E-14 8.48577362600066E-14 1.20374389792731E-13 1.70849391477146E-13 2.42526273859811E-13 3.44188918305723E-13 4.8817290718491E-13 6.91722124115806E-13 9.78879767378523E-13 1.38303202798064E-12 1.95040083074939E-12 2.7447769881407E-12 3.85389459404526E-12 5.39812809177194E-12 7.5421653707655E-12 1.05110296004482E-11
0 0 0 0 0 0 0 0 0 0 0 0 0 0 0 0 0 0 0 3.7889195404999E-16 2.36221903673421E-16 2.22447590042592E-16 2.36581185261085E-16 2.63364874663075E-16 2.98880900757905E-16 3.42823075090688E-16 3.96547725050419E-16 4.6255255110425E-16 5.44534496459731E-16 6.47503598387133E-16 7.78542572830206E-16 9.47467336843284E-16 1.1681444053951E-15 1.45975960881463E-15 1.84943052219848E-15 2.37532035314567E-15 3.09131277438415E-15 4.07358251087588E-15 5.42987769524458E-15 7.31262663184144E-15 9.93798395174037E-15 1.36143988142278E-14 1.87804238314309E-14 2.60617717362873E-14 3.63462241158403E-14 5.08986608474212E-14 7.15077880076867E-14 1.00723575945366E-13 1.42151278497834E-13 2.00899323641878E-13 2.84156314522282E-13 4.02075432871871E-13 5.68911245574403E-13 8.0464829811766E-13 1.13716918837997E-12 1.6052806929472E-12 2.26275925427731E-12 3.18393910292603E-12 4.47124909889733E-12 6.26529158916407E-12 8.75861431054715E-12 1.22140291616358E-11 1.69895160516861E-11
0 0 0 0 0 0 0 0 0 0 0 0 0 0 0 0 0 0 0 3.7889195404999E-16 3.75596424152093E-16 3.98046162783661E-16 4.3877762273176E-16 4.93874016027762E-16 5.62015369029281E-16 6.44391350336355E-16 7.44086352090973E-16 8.65746572412458E-16 1.01598652333106E-15 1.20366917218267E-15 1.44113417639251E-15 1.74532714415101E-15 2.14010523162329E-15 2.65837813075104E-15 3.34647102563089E-15 4.26917127046567E-15 5.51758207190078E-15 7.21984904062911E-15 9.55625981341426E-15 1.27813855101426E-14 1.7254507292194E-14 2.34867879193364E-14 3.2202421485957E-14 4.44323098690098E-14 6.16343035000647E-14 8.58803311809708E-14 1.20090502031348E-13 1.68420088959386E-13 2.36730956917331E-13 3.33317469117356E-13 4.69819342218955E-13 6.6264778977442E-13 9.34794784935375E-13 1.31843983780681E-12 1.8583915195969E-12 2.61690207031202E-12 3.68006242431084E-12 5.16669387793089E-12 7.24027069124816E-12 1.01247281009749E-11 1.4126050083741E-11 1.96607236497049E-11 2.72944771260049E-11
0 0 0 0 0 0 0 0 0 0 0 0 0 0 0 0 0 0 1.16693872213974E-15 6.42761220753503E-16 6.73478290585434E-16 7.34816010177044E-16 8.2075212995395E-16 9.27859115580157E-16 1.05646641766269E-15 1.20993510714694E-15 1.39431865874461E-15 1.61796048594956E-15 1.89250325812585E-15 2.23339824410196E-15 2.66195141819658E-15 3.20727692612832E-15 3.91027560574289E-15 4.82700722892295E-15 6.03606429333305E-15 7.64658909325166E-15 9.81133420514733E-15 1.27443519432128E-14 1.67450748983438E-14 2.2235622798177E-14 2.98090579962378E-14 4.03073070263119E-14 5.49190102717534E-14 7.5331537365598E-14 1.03922607627526E-13 1.4406538803058E-13 2.00495554939862E-13 2.79945029390632E-13 3.91888945821966E-13 5.49711129217961E-13 7.72138301809971E-13 1.08553849577471E-12 1.52676730583482E-12 2.14731669794294E-12 3.01874328819175E-12 4.24029231825772E-12 5.9489346750662E-12 8.33338907178766E-12 1.16528791325622E-11 1.62616736332606E-11 2.26427024288963E-11 3.14516961039888E-11 4.35769555983842E-11
0 0 0 0 0 0 0 0 0 0 0 0 0 0 0 0 0 0 1.16693872213974E-15 1.15384119754334E-15 1.24038821234587E-15 1.37200471620404E-15 1.54052158540422E-15 1.74352835578484E-15 1.98383181051838E-15 2.2683702088319E-15 2.60828937290325E-15 3.01824521413943E-15 3.51844320191908E-15 4.13532176369578E-15 4.90540030184366E-15 5.87855231172913E-15 7.12445012786746E-15 8.73811006319358E-15 1.08516519158334E-14 1.36471559717578E-14 1.73788683078328E-14 2.24016660055173E-14 2.92092201385204E-14 3.84961846100285E-14 5.12355193685056E-14 6.88060599809051E-14 9.31466268647021E-14 1.27000108545501E-13 1.74219121703094E-13 2.40254702270715E-13 3.32744838652949E-13 4.62535932346503E-13 6.44848096996874E-13 9.01126584173856E-13 1.26131941230455E-12 1.76753907885849E-12 2.47848569465619E-12 3.47602655246444E-12 4.87369745299507E-12 6.82870321159658E-12 9.55758160402446E-12 1.33582301340462E-11 1.8638807529784E-11 2.59558591040675E-11 3.60664666740399E-11 4.99964382057836E-11 6.91310801468464E-11
0 0 0 0 0 0 0 0 0 0 0 0 0 0 0 0 0 3.7192688234586E-15 2.02000604824567E-15 2.11485582843689E-15 2.30992248881221E-15 2.5731585942306E-15 2.89490644000456E-15 3.27497143195215E-15 3.72094566838381E-15 4.24621031515339E-15 4.87055641455381E-15 5.61944797596055E-15 6.52732186084057E-15 7.63927214421094E-15 9.01738178385411E-15 1.07464424218027E-14 1.29437308928157E-14 1.57690913072456E-14 1.94417588453719E-14 2.42638954722235E-14 3.0655186429401E-14 3.92000859241958E-14 5.07066419679581E-14 6.63102806714958E-14 8.75985908623289E-14 1.16812622564571E-13 1.57093932340593E-13 2.12869422819385E-13 2.90345256698037E-13 3.98269679753217E-13 5.48908638416851E-13 7.59607622765439E-13 1.05466429983016E-12 1.46821222298929E-12 2.04788481724101E-12 2.86048126697979E-12 3.99888788771506E-12 5.59243396365116E-12 7.82010873252108E-12 1.09293344435851E-11 1.5260167861039E-11 2.12797439254345E-11 2.96258378930565E-11 4.11672030340062E-11 5.70825008127088E-11 7.89659393022601E-11 1.08962356721521E-10
