NongDo/Fusa 12.7h.grd
DSAA
463	323
2	464
2	324
0	10
[rows 140 to 167 of 323, columns 192 to 255 of 463]
6.96867419716433E-03 7.05013832850984E-03 7.13076616618385E-03 7.21041530267859E-03 7.28890941700202E-03 7.36602104363123E-03 7.4415310876922E-03 7.51520935103274E-03 7.58682975281673E-03 7.6561511210294E-03 7.72293800689523E-03 7.78695550563438E-03 7.84800016358988E-03 7.90589858483975E-03 7.96051085147587E-03 8.01173728894388E-03 8.05952411781189E-03 8.10386898843764E-03 8.14480768893571E-03 8.18241285605505E-03 8.21678391169959E-03 8.24804165415865E-03 8.27631658842268E-03 8.30174534416893E-03 8.32446274994004E-03 8.34459589418028E-03 8.36226533969609E-03 8.37759092786474E-03 8.39072701266311E-03 8.40185673679044E-03 8.41117938156564E-03 8.41888886619494E-03 8.42516345091281E-03 8.43016860922067E-03 8.43405134091376E-03 8.43693995245547E-03 8.43893464143272E-03 8.44011541316106E-03 8.44054636145564E-03 8.44028141268478E-03 8.4393659677647E-03 8.43783342205767E-03 0.008435705917243 8.43299956015637E-03 8.42972473220867E-03 8.42587047757498E-03 8.42140656196957E-03 8.41092866644627E-03 0 0 0 0 0 0 0 0 0 0 0 0 0 0 0 0
7.04869132284357E-03 7.12914871013008E-03 7.20859319534449E-03 7.28688505709042E-03 7.36385096760769E-03 7.43926553208289E-03 7.51292756661234E-03 7.58462349211169E-03 7.6541414568261E-03 7.72125139013303E-03 7.78572935608394E-03 7.84735037859443E-03 7.90592253412731E-03 7.96128354335968E-03 8.01330352433905E-03 0.008061894034758 8.10701616321572E-03 8.14868577778425E-03 8.18695614359638E-03 8.22191829296581E-03 8.25368743150476E-03 8.28239709296989E-03 8.30818994890054E-03 8.33121367617424E-03 8.35161218097667E-03 8.36952105928523E-03 8.38506953545711E-03 8.39838357975359E-03 8.40963415160731E-03 8.41902417947718E-03 8.42675849332563E-03 8.4330291898031E-03 8.43800987845563E-03 8.44185925019617E-03 8.44471392431834E-03 8.44669212149083E-03 8.44788430717263E-03 8.44835965105461E-03 8.44817112609009E-03 8.44736239866445E-03 8.44597376788222E-03 8.44403307710964E-03 8.44154990663762E-03 8.43852601510597E-03 8.4349651614288E-03 8.43087058409881E-03 8.42140656196957E-03 0 0 0 0 0 0 0 0 0 0 0 0 0 0 0 0 0
7.1263845725972E-03 7.20573639582601E-03 7.28390800108595E-03 7.36075748358123E-03 7.43611252167073E-03 7.50976083283222E-03 7.58152430836561E-03 7.65120427977559E-03 7.71859841694696E-03 7.7834837988432E-03 7.84564429805783E-03 7.90486621039501E-03 7.96096861193988E-03 8.01379885299546E-03 8.06323717195612E-03 8.10920881772652E-03 8.15169199426117E-03 8.19072130283957E-03 8.22636919652251E-03 8.25874657304574E-03 8.28798491241232E-03 8.3142299319347E-03 8.33763524990132E-03 8.3583577863501E-03 8.37654863901137E-03 8.3923505383034E-03 8.40590042922432E-03 8.41733409468368E-03 8.42684032214403E-03 8.43463543168155E-03 8.44092251159243E-03 8.4458888481216E-03 8.44970203806824E-03 8.45251446845433E-03 8.45445447015079E-03 8.45562858300983E-03 8.45611539873982E-03 8.45597507047092E-03 8.45525191811798E-03 8.45397541946338E-03 8.45217297245524E-03 8.44986671878096E-03 8.44704972575519E-03 8.44369164993479E-03 8.43977227868999E-03 8.43087058409881E-03 0 0 0 0 0 0 0 0 0 0 0 0 0 0 0 0 0 0
7.20185461704277E-03 7.2800129541608E-03 7.35683162013681E-03 7.43216171517325E-03 7.50583719503125E-03 7.57767461366036E-03 7.64750790252685E-03 7.71515072281901E-03 7.7804041487549E-03 7.84305118634508E-03 7.90288164982839E-03 7.95969696993943E-03 8.01332371557042E-03 8.06361905499869E-03 8.11047557410076E-03 8.15383619924137E-03 8.19369845797589E-03 8.23011649803798E-03 8.26318516403138E-03 8.29303622890564E-03 8.31981764548612E-03 8.34368564955378E-03 8.36480332146631E-03 8.38333455356716E-03 8.39943527970233E-03 8.41325417099486E-03 8.42493591774129E-03 8.43462883963492E-03 8.44253398983867E-03 8.4488755051578E-03 8.45385108684732E-03 8.45764029315935E-03 8.46040444146584E-03 8.46228964114884E-03 8.4634168398875E-03 8.46387973546551E-03 8.46374466407535E-03 8.4630630726716E-03 8.46187152690753E-03 8.46018400033088E-03 8.45800645024413E-03 8.45534879253853E-03 8.45217932029632E-03 8.44842676882679E-03 8.43977227868999E-03 0 0 0 0 0 0 0 0 0 0 0 0 0 0 0 0 0 0 0
7.27525217357799E-03 7.35213585543635E-03 7.42752283585586E-03 7.50126544725048E-03 7.57321405261221E-03 7.64320961994152E-03 7.71108619413886E-03 7.77666660193551E-03 7.8397529863481E-03 7.90013667794193E-03 7.95761488530733E-03 8.01200239491191E-03 8.06313174306464E-03 8.11087357773543E-03 8.15513719662368E-03 8.19588607118885E-03 8.23313930240172E-03 8.26697395857951E-03 8.29750986098929E-03 8.32489877173418E-03 8.34930318397617E-03 8.37088902137304E-03 8.38982668878305E-03 8.4062838257141E-03 8.42041892734511E-03 8.43238558548306E-03 8.44233673838479E-03 8.45043416209128E-03 8.4568860859758E-03 8.46191556175602E-03 8.46571016660573E-03 8.46844327604194E-03 8.47027126898601E-03 8.47133208595585E-03 8.47173602350328E-03 8.47156585964477E-03 8.47087726676565E-03 8.46970810773171E-03 8.46807995359069E-03 8.46599159550631E-03 8.46342697068785E-03 8.46037024975598E-03 8.45676182037879E-03 8.44842676882679E-03 0 0 0 0 0 0 0 0 0 0 0 0 0 0 0 0 0 0 0 0
7.34679114165123E-03 7.42232826110375E-03 7.4962177718389E-03 7.56831936827771E-03 7.63849560505952E-03 7.70660180769036E-03 7.77247739898516E-03 7.83594862826752E-03 7.89682113727538E-03 0.007954894878205 8.00997581849031E-03 8.06188867194539E-03 8.11047919449284E-03 8.15563491430815E-03 8.1972864044726E-03 8.23541966601985E-03 8.2700789762414E-03 8.30136689469256E-03 8.32942751911543E-03 8.35443058687047E-03 8.37655025229852E-03 8.39596028386235E-03 8.41283408072946E-03 8.42734002013253E-03 8.43963821991517E-03 8.44988564911057E-03 8.45824178150085E-03 8.46488197162824E-03 8.47001761988986E-03 8.47386188071457E-03 8.47659393024154E-03 8.4783821377425E-03 8.47937787160181E-03 8.47970993951488E-03 8.47947780270394E-03 8.4787523396258E-03 8.47757366616175E-03 8.47596008450393E-03 8.47391447416671E-03 8.47141444199047E-03 8.46841443869373E-03 8.46486785889257E-03 8.45676182037879E-03 0 0 0 0 0 0 0 0 0 0 0 0 0 0 0 0 0 0 0 0 0
7.41661834181083E-03 7.49073902833332E-03 7.56306790351141E-03 7.6334717474772E-03 7.70181930651517E-03 7.76797699908769E-03 7.83179163265826E-03 7.89309214263703E-03 7.95168956403097E-03 8.00739205940441E-03 8.06001474534259E-03 0.008109394520304 8.15539715947145E-03 8.19793182442737E-03 8.23695454193312E-03 8.27247532997554E-03 8.30456633449761E-03 8.33335707936043E-03 8.35901393912714E-03 8.38172166327237E-03 8.4016625171394E-03 8.41901326770506E-03 8.4339457538043E-03 8.44662842145671E-03 8.45722237938159E-03 8.46588724037831E-03 8.47278820465855E-03 8.47810684018598E-03 8.48204795751662E-03 8.48481760306366E-03 8.48659323889201E-03 8.4875361416296E-03 8.48778973134677E-03 8.48747587276351E-03 8.48668735499485E-03 8.48547981486048E-03 8.48386651150528E-03 8.48183221308073E-03 8.47935800772452E-03 8.47639705660422E-03 8.47288619969792E-03 8.46486785889257E-03 0 0 0 0 0 0 0 0 0 0 0 0 0 0 0 0 0 0 0 0 0 0
7.4848078993258E-03 7.55743321101108E-03 7.62812606230146E-03 7.6967589726869E-03 7.76320678857508E-03 7.82734653032534E-03 7.88903026000539E-03 7.94808953290002E-03 8.0043414442597E-03 8.05760401607663E-03 8.10770491945007E-03 8.15449722720071E-03 8.1978703182115E-03 8.23776029160005E-03 8.27415175857768E-03 8.3070797178391E-03 8.33664560742948E-03 8.36300625643701E-03 8.38634653203115E-03 8.40686204736071E-03 8.42473881155847E-03 8.44015181050713E-03 8.45327001347239E-03 8.46426103928911E-03 8.47328444626057E-03 8.48050062261179E-03 8.48607767401145E-03 8.49019973380094E-03 8.49306582369312E-03 8.49487355094749E-03 8.49579607490825E-03 8.49598794912962E-03 8.4955851676768E-03 8.49470502519469E-03 8.49343771267613E-03 8.49182254471692E-03 8.48982435597423E-03 8.48735739573159E-03 8.48439730082618E-03 8.48087505795694E-03 8.47288619969792E-03 0 0 0 0 0 0 0 0 0 0 0 0 0 0 0 0 0 0 0 0 0 0 0
7.55137521618582E-03 7.62241457388298E-03 7.69138317964531E-03 7.75816006694262E-03 7.82262732865157E-03 7.88467102023656E-03 7.94414641357493E-03 8.00088824136383E-03 8.0547216172089E-03 8.10547683750753E-03 8.15299808848767E-03 8.19715827721678E-03 8.23787439537442E-03 8.2751128531207E-03 8.30888891411268E-03 8.3392644632182E-03 8.36637077110157E-03 8.39038863503081E-03 8.41151615226407E-03 8.42995486423362E-03 8.44588998569945E-03 8.45949276797742E-03 8.47092863288273E-03 8.48036170922431E-03 8.4879470808184E-03 8.49384451622459E-03 8.4982233783724E-03 8.50126860329608E-03 8.50317346697466E-03 8.50412646964446E-03 8.50429356475123E-03 8.50382190994014E-03 8.50284193784647E-03 8.50146960166127E-03 8.49980080494721E-03 8.49786732268025E-03 8.49554744629741E-03 8.49253933790622E-03 8.48895447771257E-03 8.48087505795694E-03 0 0 0 0 0 0 0 0 0 0 0 0 0 0 0 0 0 0 0 0 0 0 0 0
7.61629035780757E-03 7.68564127725823E-03 7.75278657928025E-03 7.81761318299736E-03 7.88001052630552E-03 7.93987225154744E-03 7.99705733927631E-03 8.05140492596185E-03 8.10275012906167E-03 8.15093859943857E-03 8.19583458461725E-03 8.23733440909933E-03 8.27538642794978E-03 8.30998986519154E-03 8.34119173393844E-03 8.36908116523294E-03 8.39381592504982E-03 8.4155966148534E-03 8.43462990939371E-03 8.45111824756756E-03 8.46524260532301E-03 8.47716854749991E-03 8.48705531567823E-03 8.49506118611642E-03 8.50133627627971E-03 8.50603852873397E-03 8.50933761275206E-03 8.51141844835168E-03 8.51246954184658E-03 8.51266886482801E-03 8.51217146124604E-03 8.51111365708242E-03 8.50961866528764E-03 8.50781057666874E-03 8.50582666888601E-03 8.50374575744268E-03 8.5013390408422E-03 8.49738761007831E-03 8.48895447771257E-03 0 0 0 0 0 0 0 0 0 0 0 0 0 0 0 0 0 0 0 0 0 0 0 0 0
7.67948477096712E-03 7.74703661249773E-03 7.81225316718878E-03 7.87503062328498E-03 7.93526584937995E-03 7.9928583935715E-03 8.04767207722684E-03 8.09955326338278E-03 8.14835009751047E-03 8.1939253426482E-03 8.23616653187247E-03 8.27499815417534E-03 8.3104028476672E-03 8.34241265904153E-03 8.37110581756932E-03 8.39659834878315E-03 8.41907039091502E-03 8.43873640748345E-03 8.45580660474904E-03 8.47048028232121E-03 8.48293112670093E-03 8.4933169414583E-03 8.50178815449681E-03 8.50849522963165E-03 8.51358305024554E-03 8.51720803730062E-03 8.51954022902768E-03 8.52076307806647E-03 8.52105927584107E-03 8.52059693540437E-03 8.51951696306222E-03 8.51793412862095E-03 8.51594984753022E-03 8.51370065308341E-03 8.51145158847995E-03 8.5095392064857E-03 8.50820310508497E-03 8.49738761007831E-03 0 0 0 0 0 0 0 0 0 0 0 0 0 0 0 0 0 0 0 0 0 0 0 0 0 0
7.74085950841923E-03 7.80649739551344E-03 7.86967707693785E-03 7.93030544162003E-03 7.98828713789667E-03 8.04352619306068E-03 8.0958935563989E-03 8.14524651967624E-03 8.19144871567515E-03 0.008234382285795 8.27396143819806E-03 8.3101429611802E-03 8.34294319347045E-03 8.37242635360182E-03 8.39870023150474E-03 8.4219059535618E-03 8.44224011587922E-03 8.45992552887134E-03 8.47517254329708E-03 8.48817299819257E-03 8.49909010903552E-03 8.50807205812357E-03 8.51525896320676E-03 8.5207916583769E-03 8.52481034984582E-03 8.52746989789439E-03 8.52894021222086E-03 8.52940322766848E-03 8.52903840204846E-03 8.52800475258665E-03 8.5264226439986E-03 8.52436447264985E-03 8.52185913727651E-03 8.51899361236953E-03 8.51628692035636E-03 8.51454262187637E-03 8.5142747629286E-03 0 0 0 0 0 0 0 0 0 0 0 0 0 0 0 0 0 0 0 0 0 0 0 0 0 0 0
7.80029995839862E-03 7.86391089569312E-03 7.92494969359716E-03 7.98333404222919E-03 8.03897633958983E-03 0.008091786374248 8.14164510877329E-03 8.18842282224876E-03 8.23200151955646E-03 8.27228637833554E-03 8.30922128916046E-03 8.34279515784147E-03 8.37305693683642E-03 8.40010290213148E-03 0.008424068393561 8.44511350490279E-03 8.46344543653725E-03 8.47929292982407E-03 8.49286244942875E-03 8.50433432872308E-03 8.51385871272926E-03 8.52157166511157E-03 8.5276011010843E-03 8.53207937331551E-03 8.53514308292853E-03 8.53694411521798E-03 8.53765040230299E-03 8.53744354763558E-03 8.5365048942598E-03 8.53499037793305E-03 8.53300023467466E-03 8.53053833587111E-03 8.52743169727488E-03 8.52336799719819E-03 8.5194800173941E-03 8.51745475860785E-03 8.5142747629286E-03 0 0 0 0 0 0 0 0 0 0 0 0 0 0 0 0 0 0 0 0 0 0 0 0 0 0 0
7.85768262047504E-03 7.9191605378819E-03 7.97796218618614E-03 8.03401725098087E-03 8.08724693331261E-03 8.13756818606322E-03 8.18487282233182E-03 8.22904714380457E-03 8.26999551403962E-03 8.30764909889575E-03 8.34198145997394E-03 8.3730119668725E-03 8.4008219032835E-03 8.42553806175321E-03 8.44731964836849E-03 8.46633924328434E-03 8.48281239824132E-03 8.49697117503681E-03 8.50901140760723E-03 8.51909797578206E-03 8.52736636988022E-03 8.53393988096416E-03 8.53893545825056E-03 8.54247768085725E-03 8.54469825126146E-03 8.5457447567199E-03 8.54578157636927E-03 8.54499010845044E-03 8.54356101871892E-03 8.54166351579081E-03 8.53940480132814E-03 8.53675957427335E-03 8.53322231484227E-03 8.52635871328155E-03 8.5194800173941E-03 8.51745475860785E-03 0 0 0 0 0 0 0 0 0 0 0 0 0 0 0 0 0 0 0 0 0 0 0 0 0 0 0 0
7.91289511320799E-03 7.97214433978549E-03 8.02862448029267E-03 8.08227887988579E-03 8.13303859822464E-03 8.18082712051735E-03 8.22554984470117E-03 8.26711350784026E-03 8.30544834980324E-03 8.34051170423855E-03 8.3723060130043E-03 8.40087983761087E-03 8.4263445670459E-03 8.44885367574666E-03 8.4685850563479E-03 8.48572285744618E-03 8.50048860339191E-03 8.51311035176773E-03 8.52376669059775E-03 8.53260549665924E-03 8.53974772979562E-03 8.54530568604789E-03 8.54938728837592E-03 8.55210892433974E-03 8.55359556332702E-03 8.55398970259399E-03 8.55345078623541E-03 8.5521551982992E-03 8.55030403134509E-03 8.54810459341866E-03 8.54574449865151E-03 8.54346421199064E-03 8.54165543407944E-03 8.52635871328155E-03 0 0 0 0 0 0 0 0 0 0 0 0 0 0 0 0 0 0 0 0 0 0 0 0 0 0 0 0 0 0
7.96583727700714E-03 8.02277554600221E-03 8.07686459369455E-03 8.1280625677003E-03 8.17631157248327E-03 8.22154032567629E-03 8.26367376020875E-03 8.30264280576546E-03 8.33840490879103E-03 8.37094223240314E-03 8.40028600112989E-03 8.42651186598738E-03 8.4497565045138E-03 8.47019610446188E-03 8.48802219576928E-03 0.008503429979636 8.5166393016319E-03 8.52786814327053E-03 8.53727731830272E-03 8.54499733530203E-03 8.55113611842183E-03 8.55579665627625E-03 8.55907859929356E-03 8.56108961869658E-03 8.56194780242336E-03 8.56178817843965E-03 8.56075944670107E-03 8.55902337176064E-03 8.55678386961795E-03 8.55428243791091E-03 8.55176221625346E-03 8.54971920150382E-03 8.54936431225026E-03 0 0 0 0 0 0 0 0 0 0 0 0 0 0 0 0 0 0 0 0 0 0 0 0 0 0 0 0 0 0 0
8.01642353638421E-03 8.07098620293143E-03 8.12263458517576E-03 8.17133936480642E-03 8.2170535827995E-03 8.25971698564868E-03 8.29927871357461E-03 0.008335694052002 8.36894662931658E-03 8.39904346391794E-03 8.42604333348919E-03 8.45004610883312E-03 8.47120917524112E-03 8.48972554234853E-03 8.50579631085277E-03 8.51962504254428E-03 8.53142369191303E-03 8.54139524695327E-03 8.5496831333403E-03 8.55640388405461E-03 8.56165532959585E-03 8.56553132265554E-03 8.56812227822439E-03 8.56952838680755E-03 8.56986107179697E-03 8.56924449422347E-03 8.5678082335212E-03 8.56567973398165E-03 8.56303210862684E-03 8.56009897533265E-03 0.008557016362247 8.55382638103981E-03 8.54936431225026E-03 0 0 0 0 0 0 0 0 0 0 0 0 0 0 0 0 0 0 0 0 0 0 0 0 0 0 0 0 0 0 0
8.06457796894397E-03 8.11671993983848E-03 8.16589795225805E-03 8.21209421372967E-03 8.25527615162333E-03 8.2954000645305E-03 8.33243645331061E-03 8.36636550980443E-03 8.39719600042578E-03 8.42495931481603E-03 8.4497375085675E-03 8.47165174468977E-03 8.49087529149914E-03 8.50761214423624E-03 8.52206976660063E-03 8.5344576093205E-03 8.54497757247302E-03 8.55381242239093E-03 8.56109162377836E-03 8.5669206382812E-03 8.57138879244718E-03 8.57458129118779E-03 8.5765814647818E-03 8.57748272683909E-03 8.57738753749149E-03 8.57640340233419E-03 8.57462841795576E-03 8.57213578416391E-03 0.008569045700894 8.56555877188461E-03 8.56172782707711E-03 8.55382638103981E-03 0 0 0 0 0 0 0 0 0 0 0 0 0 0 0 0 0 0 0 0 0 0 0 0 0 0 0 0 0 0 0 0
8.11027226138114E-03 8.15996978420894E-03 8.20666831576501E-03 8.25036449160005E-03 8.29104284907336E-03 8.32867564837347E-03 8.36325342464272E-03 8.39478153074791E-03 8.42329284860355E-03 8.44884042251377E-03 8.47152602185186E-03 8.49148908586742E-03 8.50891414260507E-03 8.52401230847518E-03 8.53699418722027E-03 8.54807010984631E-03 8.55742799421154E-03 8.56523291105003E-03 8.57160475192886E-03 8.57663866111556E-03 8.58041536906501E-03 8.58301358823196E-03 8.58451283135969E-03 8.58500010292368E-03 8.58456670922352E-03 8.58329327802321E-03 8.5812148015573E-03 8.57831232694733E-03 8.57470795331928E-03 8.57058418898721E-03 8.56172782707711E-03 0 0 0 0 0 0 0 0 0 0 0 0 0 0 0 0 0 0 0 0 0 0 0 0 0 0 0 0 0 0 0 0 0
8.15351791985033E-03 8.2007707482197E-03 8.24500519323298E-03 8.28623466259749E-03 8.32445902233394E-03 8.35966436591798E-03 8.39186341890984E-03 8.42108639872705E-03 8.44738874262413E-03 8.47084109739009E-03 8.49156305175839E-03 8.50970932114651E-03 8.52547138338354E-03 8.53906367789273E-03 8.55069566668819E-03 8.56057560335473E-03 8.56887912992057E-03 8.57575552953598E-03 8.58131500794442E-03 8.58564383180212E-03 8.58881579475429E-03 8.59090486717473E-03 8.59198751536372E-03 8.59214622831183E-03 8.5914649084167E-03 8.58999862549383E-03 8.58767893561479E-03 8.58421651525137E-03 8.57993230773258E-03 8.57058418898721E-03 0 0 0 0 0 0 0 0 0 0 0 0 0 0 0 0 0 0 0 0 0 0 0 0 0 0 0 0 0 0 0 0 0 0
8.19436172559469E-03 8.23919121895241E-03 8.28099899025189E-03 8.31981308574929E-03 8.35564644284124E-03 8.38850077720649E-03 8.41841207154763E-03 8.44543352382781E-03 8.46964002616251E-03 8.49111847081088E-03 8.51000419261976E-03 8.52646354013745E-03 8.54069108096761E-03 8.55290113485919E-03 8.56329938645232E-03 8.57208991304082E-03 8.57943676216775E-03 8.58547641923212E-03 8.59031051040689E-03 8.59401829545641E-03 8.59666880400389E-03 8.59833097507463E-03 8.59907588713441E-03 8.59898472600031E-03 8.59814983502517E-03 8.59664394197602E-03 8.59431387205572E-03 8.5897904757557E-03 8.57993230773258E-03 0 0 0 0 0 0 0 0 0 0 0 0 0 0 0 0 0 0 0 0 0 0 0 0 0 0 0 0 0 0 0 0 0 0 0
8.23287639921826E-03 8.27532171875349E-03 8.31475534641592E-03 8.35121764900498E-03 8.38473585163405E-03 8.41532899369672E-03 8.44305363681294E-03 8.46798403290125E-03 8.49021181482718E-03 8.50983877577288E-03 8.52701178352651E-03 8.54190593763387E-03 8.55471630423938E-03 8.56565443578276E-03 8.57492152968648E-03 8.58271625350911E-03 8.58919337842166E-03 8.59447849728644E-03 8.59866617068972E-03 8.60183040540498E-03 8.60403649165314E-03 8.60534850973979E-03 8.60583089060061E-03 8.60556065354161E-03 8.60465099331397E-03 8.60333518402519E-03 8.60216228342589E-03 8.5897904757557E-03 0 0 0 0 0 0 0 0 0 0 0 0 0 0 0 0 0 0 0 0 0 0 0 0 0 0 0 0 0 0 0 0 0 0 0 0
8.2691667079332E-03 8.30928049599412E-03 8.34640362708637E-03 8.38058759258713E-03 8.41187485114342E-03 8.44030325327448E-03 8.46594758069589E-03 8.4888994620627E-03 8.50926425938455E-03 8.52715801039755E-03 8.54273583992405E-03 8.55617749680657E-03 8.56767661576402E-03 8.57744167384003E-03 8.58566947494838E-03 8.59255224814346E-03 8.59823644103141E-03 8.60283963483751E-03 8.6064512826383E-03 8.60914177049094E-03 8.61097419871827E-03 8.61200885155192E-03 8.6123011577455E-03 8.61190234420421E-03 8.61086348055251E-03 8.60941027450119E-03 8.60910138663114E-03 0 0 0 0 0 0 0 0 0 0 0 0 0 0 0 0 0 0 0 0 0 0 0 0 0 0 0 0 0 0 0 0 0 0 0 0 0
8.30335994828141E-03 8.34120503996873E-03 8.37609018320233E-03 8.40807711994766E-03 8.43722367541614E-03 8.46358741703228E-03 8.48725808712362E-03 8.50834158742918E-03 8.52695443685282E-03 8.54322577310136E-03 8.55731527625108E-03 8.56940433219337E-03 8.5796861624213E-03 8.58836551640147E-03 8.59563487182215E-03 8.60167917681515E-03 8.60663882951516E-03 8.61062533208829E-03 8.61372364836425E-03 8.61600189045225E-03 8.61752305197012E-03 8.61834805950679E-03 8.61852998920196E-03 8.61808362859466E-03 8.61681904509056E-03 8.61362306299459E-03 8.60910138663114E-03 0 0 0 0 0 0 0 0 0 0 0 0 0 0 0 0 0 0 0 0 0 0 0 0 0 0 0 0 0 0 0 0 0 0 0 0 0
8.33559688246525E-03 8.37124107864433E-03 8.40396353494956E-03 8.43383709105688E-03 8.4609353611458E-03 8.48533353216369E-03 8.50713369256576E-03 8.52645451727966E-03 8.54342155290185E-03 8.55817268289373E-03 8.57086932428245E-03 8.58169556520556E-03 8.59084447515273E-03 8.59851645490244E-03 8.60489894820076E-03 8.61017064894718E-03 8.61446769554113E-03 8.61789624747379E-03 8.62053715494057E-03 8.62245629389169E-03 8.62371679595114E-03 8.62438822365483E-03 8.62455218085422E-03 8.62430143850856E-03 8.6237475314216E-03 8.61362306299459E-03 0 0 0 0 0 0 0 0 0 0 0 0 0 0 0 0 0 0 0 0 0 0 0 0 0 0 0 0 0 0 0 0 0 0 0 0 0 0
8.3660248472051E-03 8.39953828405874E-03 8.43017532114791E-03 8.45801980190373E-03 8.4831600624628E-03 8.50568671416555E-03 8.52571279321037E-03 8.54336809263758E-03 8.55878442332481E-03 8.57210500115104E-03 8.58349431275152E-03 8.59314028334342E-03 8.6012339550214E-03 8.60797080292972E-03 8.61353303193283E-03 8.61809420336144E-03 8.62178599391377E-03 8.62470943199757E-03 8.62694229210806E-03 8.62854868768567E-03 8.62959156190042E-03 8.63014782979025E-03 8.63032250188204E-03 8.63026383092163E-03 8.62999452256663E-03 0 0 0 0 0 0 0 0 0 0 0 0 0 0 0 0 0 0 0 0 0 0 0 0 0 0 0 0 0 0 0 0 0 0 0 0 0 0 0
8.39478069512316E-03 8.42623282287161E-03 8.45485958751089E-03 8.48075642770137E-03 8.50402545999808E-03 8.52477087634428E-03 8.54311470560649E-03 8.55919428787382E-03 8.57314555297967E-03 8.58511758975743E-03 8.59527946018707E-03 8.6038212899813E-03 8.6109304952861E-03 8.61679817978887E-03 8.62160205616608E-03 8.6255099389913E-03 8.62864782615416E-03 8.63111243903738E-03 8.63297996462723E-03 8.63431431346272E-03 8.63517938360115E-03 8.63564771084952E-03 8.63580347055754E-03 8.63572058910085E-03 8.62999452256663E-03 0 0 0 0 0 0 0 0 0 0 0 0 0 0 0 0 0 0 0 0 0 0 0 0 0 0 0 0 0 0 0 0 0 0 0 0 0 0 0
8.42199089021651E-03 8.4514502130718E-03 8.47814116588582E-03 8.50217084426673E-03 8.52365296058943E-03 8.54270358676269E-03 8.55945105752938E-03 8.57403731674074E-03 8.58660305404115E-03 8.5973033894086E-03 8.60631086097322E-03 8.61381582068466E-03 8.62000347005864E-03 8.62506015225989E-03 8.6291592225795E-03 8.63246159787759E-03 8.63508845048351E-03 8.63713230069411E-03 8.63866772877295E-03 8.63975884778216E-03 8.64046863485991E-03 8.64085960975314E-03 8.64099299057555E-03 8.64078380207436E-03 0 0 0 0 0 0 0 0 0 0 0 0 0 0 0 0 0 0 0 0 0 0 0 0 0 0 0 0 0 0 0 0 0 0 0 0 0 0 0 0
