NongDo/Fusa 13.1h.grd
DSAA
463	323
2	464
2	324
0	10
[rows 140 to 167 of 323, columns 192 to 255 of 463]
6.97272074835844E-03 7.04750255242007E-03 7.12155624240116E-03 7.19474990741242E-03 7.2669175683532E-03 7.33784749474414E-03 7.4073368462528E-03 7.47517219392138E-03 7.54114365411538E-03 7.60502806056913E-03 7.66660907029103E-03 7.72567317271899E-03 7.78203764647518E-03 7.83554794441265E-03 7.88608042481249E-03 7.93354790327774E-03 7.97790390177806E-03 8.0191465754936E-03 8.05730593395689E-03 8.09244318122375E-03 8.12464187519504E-03 8.15400367501458E-03 8.18063858253856E-03 8.20466283254209E-03 8.22619233625891E-03 8.24533816660138E-03 8.26220839328129E-03 8.27691321003928E-03 8.28959653780081E-03 8.30042813513322E-03 8.30958985638185E-03 8.31725568083332E-03 8.32358272477574E-03 8.32871544016207E-03 8.33278039987092E-03 8.33588718133307E-03 8.3381196134046E-03 8.33954482626467E-03 8.34021764696182E-03 8.34018632165592E-03 8.33949134436974E-03 8.33816037119982E-03 8.33620784123503E-03 8.33363871911848E-03 8.33044448798831E-03 8.32658186203469E-03 8.32197221229077E-03 8.31073427268332E-03 0 0 0 0 0 0 0 0 0 0 0 0 0 0 0 0
7.04655169276749E-03 7.12049105643123E-03 7.19354309345546E-03 7.26557827144327E-03 7.33643309032987E-03 7.40589717773802E-03 7.47378291899718E-03 7.53989061954136E-03 7.60402201699428E-03 7.66596310713769E-03 7.72550730160814E-03 7.78244942226324E-03 7.83661655701516E-03 7.88786371178101E-03 7.93607592085782E-03 7.98117588580404E-03 8.02313035761956E-03 8.06195362366295E-03 8.09769100497187E-03 8.13041984815478E-03 8.1602377210419E-03 8.18725819341785E-03 8.21160344066672E-03 8.23340138839683E-03 8.2527782340856E-03 8.26985505882646E-03 8.28474993971971E-03 8.29758032831978E-03 8.30850664401247E-03 8.31771733056711E-03 8.32539885120593E-03 8.3317228072095E-03 8.33684135061405E-03 8.34089200629655E-03 8.34399117279272E-03 8.34623921633209E-03 8.34771122251103E-03 8.34846446377921E-03 8.34854365476832E-03 8.3479881751719E-03 8.34683375925395E-03 8.34510052887933E-03 8.34278642572391E-03 8.33987531142212E-03 8.33633955414019E-03 8.33213151113565E-03 8.32197221229077E-03 0 0 0 0 0 0 0 0 0 0 0 0 0 0 0 0 0
7.11833615655947E-03 7.19133712306884E-03 7.26329922743399E-03 7.33409095879933E-03 7.40354968880238E-03 7.47147652180468E-03 7.53770389066767E-03 7.60204455682306E-03 7.66430794084702E-03 7.7242859042741E-03 7.78177844708853E-03 7.83659004910157E-03 7.88855715093936E-03 7.93754290896392E-03 7.98344097407863E-03 8.02618593095605E-03 8.0657595214785E-03 8.10219238359332E-03 8.13554654982806E-03 8.16591679949098E-03 8.19341522882332E-03 8.21816698759147E-03 8.24030554505569E-03 8.25996916231909E-03 8.27729287098071E-03 8.29240662860487E-03 8.30543758153742E-03 8.31651379552873E-03 8.32581312776589E-03 8.33353641694436E-03 8.33986767920816E-03 8.34497329361763E-03 8.34899918075524E-03 8.35207663730543E-03 8.35431413251464E-03 8.35580113967168E-03 8.35660174683822E-03 8.35676521272606E-03 8.3563284607324E-03 8.35531717879525E-03 8.3537528842167E-03 8.35164594841459E-03 8.34897069312892E-03 8.34566636423323E-03 8.34166362845618E-03 8.33213151113565E-03 0 0 0 0 0 0 0 0 0 0 0 0 0 0 0 0 0 0
7.18813274862682E-03 7.26010993594506E-03 7.33090367443212E-03 7.40037601204311E-03 7.46837023660743E-03 7.53471342049422E-03 7.59924810055715E-03 7.66179742608162E-03 7.72217308847336E-03 7.7801717548712E-03 7.83559832855138E-03 7.88827046180285E-03 7.93803060808369E-03 7.98475007676202E-03 8.02833293449485E-03 8.06872901046133E-03 0.008105936759847 8.14000371455891E-03 8.17101150595965E-03 8.19907338051977E-03 8.22431641165702E-03 8.24687609543943E-03 8.26689613851447E-03 8.28452334258747E-03 8.2998996128379E-03 8.31316276909961E-03 8.32444902725162E-03 8.33389942515121E-03 8.34170360019893E-03 8.34806935776839E-03 8.35317479594175E-03 8.35717819779681E-03 8.36021907617028E-03 8.36242278365186E-03 8.3638909705081E-03 8.36470074105541E-03 8.36490470031582E-03 8.36454432496938E-03 8.3636493878621E-03 8.36222877190762E-03 8.36027876751746E-03 8.35779018561114E-03 8.3547002014584E-03 8.35088997489951E-03 8.34166362845618E-03 0 0 0 0 0 0 0 0 0 0 0 0 0 0 0 0 0 0 0
7.25605559603135E-03 7.32693113900349E-03 7.39648105590471E-03 7.46456855195389E-03 7.53105243934388E-03 7.59578177481776E-03 7.65859816264242E-03 7.71933222023375E-03 7.77779576082272E-03 7.83379239874444E-03 7.8871332192162E-03 0.00793764727735 7.98518136076182E-03 8.02961802119199E-03 8.07087549234858E-03 8.10892122536655E-03 8.14377224733672E-03 8.17549607005851E-03 8.20419645905049E-03 8.23000459291221E-03 8.25306113868748E-03 8.27351163598355E-03 8.29150845395314E-03 8.30720420454889E-03 8.32074566471186E-03 8.33227755205058E-03 8.34194554649779E-03 8.34990423394545E-03 8.35634986895736E-03 8.36148843453701E-03 8.36548734428325E-03 8.36849839862876E-03 8.37065620468354E-03 8.37207834525495E-03 8.37285626003709E-03 8.37305648921451E-03 8.37272166533145E-03 8.37187986362921E-03 8.3705451092861E-03 8.36870774803957E-03 8.36633563356684E-03 8.36338181884227E-03 8.35973959857189E-03 8.35088997489951E-03 0 0 0 0 0 0 0 0 0 0 0 0 0 0 0 0 0 0 0 0
7.32229502213135E-03 7.39200206856914E-03 7.46024748845417E-03 7.52690139634436E-03 7.59183419670931E-03 7.65490753940398E-03 7.71596672698499E-03 7.77484436630206E-03 7.83135461415777E-03 7.88530821301157E-03 7.9365235082503E-03 7.98483761808113E-03 8.03010817559607E-03 8.07223184327898E-03 8.11114500584684E-03 8.14683446567112E-03 8.1793391904669E-03 8.20874917291966E-03 8.23518991007821E-03 8.25880906591579E-03 8.27975873696878E-03 8.29819327117648E-03 8.31427000911829E-03 8.32814473554941E-03 8.33996820715699E-03 8.34989037725942E-03 8.35806440189469E-03 8.36465824381026E-03 8.3698708355921E-03 8.37389749980768E-03 8.37689655067675E-03 8.37901465866363E-03 8.38038172978209E-03 8.38110660742829E-03 8.38127022479009E-03 8.38092738289381E-03 8.38010500838304E-03 8.37881068322182E-03 8.3770371212645E-03 8.37474738187758E-03 8.37186856998885E-03 8.36830843432958E-03 8.35973959857189E-03 0 0 0 0 0 0 0 0 0 0 0 0 0 0 0 0 0 0 0 0 0
7.38699927445555E-03 7.45547631728559E-03 7.52236241181472E-03 7.5875341173666E-03 7.6508674585358E-03 7.71223345630105E-03 7.7714828577562E-03 7.82844951896578E-03 7.88295167877229E-03 7.93480670444069E-03 7.98384033472894E-03 8.02989976706467E-03 8.07285977192921E-03 8.11263541697743E-03 8.14918500666874E-03 8.18251612590409E-03 8.21269238570932E-03 8.23982784691446E-03 8.26406821267662E-03 8.28557536153096E-03 8.30451003291847E-03 8.32103118360697E-03 8.33529700606167E-03 8.34746593278099E-03 8.35769203288856E-03 8.36612955644567E-03 8.37293798906847E-03 8.37829090381936E-03 8.38237988464613E-03 8.38539261509752E-03 8.38748530720835E-03 8.38879746924556E-03 8.38945145986369E-03 8.38954979709597E-03 8.38916711684633E-03 8.38834221078846E-03 8.38707339599398E-03 8.38533163069259E-03 8.38308271650563E-03 8.38025600164265E-03 8.37674644152566E-03 8.36830843432958E-03 0 0 0 0 0 0 0 0 0 0 0 0 0 0 0 0 0 0 0 0 0 0
7.45025908149783E-03 7.51743893433664E-03 7.58290187032861E-03 7.64652921848412E-03 7.70820201837316E-03 7.76779996226201E-03 7.82517722890462E-03 7.88016890353794E-03 7.93259788989393E-03 7.98228962892788E-03 8.02908032832805E-03 8.07283102051995E-03 8.11343704759089E-03 8.15083688769682E-03 8.1850137255502E-03 8.21599699039744E-03 8.24387654135975E-03 8.26879116125952E-03 8.29090362988079E-03 8.31038662011409E-03 8.32740583012828E-03 8.34212059344163E-03 8.35468882918346E-03 8.36527071899349E-03 8.37402100755615E-03 8.3810960297413E-03 8.38665834060815E-03 8.39088316871816E-03 8.3939554171007E-03 8.39605401118609E-03 8.39733071461812E-03 8.39791840282842E-03 8.39793256776721E-03 8.39747210564979E-03 8.3966091058355E-03 8.39536352944464E-03 8.39368073678668E-03 8.39145390936772E-03 8.3886360298919E-03 8.38512311917937E-03 8.37674644152566E-03 0 0 0 0 0 0 0 0 0 0 0 0 0 0 0 0 0 0 0 0 0 0 0
7.51211351224808E-03 7.57791921932837E-03 7.64188371554308E-03 7.70389341345085E-03 7.76383501208389E-03 7.82159518462419E-03 7.87702956967622E-03 7.92997500756141E-03 7.98026089308102E-03 8.02772304194934E-03 8.07221189769076E-03 8.11360585388361E-03 8.15182471388337E-03 8.18683368560689E-03 8.21864293695956E-03 8.24730580706707E-03 8.27293931908131E-03 8.29570423951148E-03 8.31577587094547E-03 8.33333342189869E-03 8.3485435783154E-03 8.36156448234276E-03 8.37255325146192E-03 8.38166904919168E-03 8.38906406102338E-03 8.39489486758103E-03 8.39932504990074E-03 8.40252961717795E-03 8.40468676684787E-03 0.008405965985051 8.40651180528843E-03 8.40645001086686E-03 0.008405891368126 8.40493439304981E-03 8.40365628944988E-03 8.40206500752668E-03 8.40000983950673E-03 8.39715028271927E-03 8.39357364927314E-03 8.38512311917937E-03 0 0 0 0 0 0 0 0 0 0 0 0 0 0 0 0 0 0 0 0 0 0 0 0
7.57255889708314E-03 7.63690198201918E-03 7.6992817076493E-03 7.75959051132008E-03 7.81772049884567E-03 7.87356381005165E-03 0.007926977994637 7.97780280204763E-03 8.02587601822203E-03 8.07104686483235E-03 8.11318353300511E-03 8.15218530153339E-03 8.18800015049267E-03 8.22062264967778E-03 8.25009132206483E-03 8.2764840736498E-03 8.29994229486524E-03 8.32064521009988E-03 8.33877662940587E-03 8.35451786649921E-03 8.36803359968372E-03 8.3794790598855E-03 8.38900798562847E-03 8.39677597187643E-03 8.40293171742866E-03 8.40763038022675E-03 8.41103530177165E-03 8.41332048439164E-03 8.41465845917212E-03 8.41520762443112E-03 8.41510144292324E-03 8.41445519716979E-03 8.41337329797722E-03 8.41196340999101E-03 8.41034414798233E-03 8.40856570852804E-03 8.40635286288791E-03 8.40238980998605E-03 8.39357364927314E-03 0 0 0 0 0 0 0 0 0 0 0 0 0 0 0 0 0 0 0 0 0 0 0 0 0
7.63155252571726E-03 7.69433517375749E-03 7.7550356898546E-03 7.8135535662444E-03 7.86978613770759E-03 7.9236294014364E-03 7.97494396321869E-03 8.02357517511496E-03 8.06937213271878E-03 8.1121993114343E-03 8.15194593046728E-03 8.18853685947109E-03 8.2219513209468E-03 8.25221362220185E-03 8.27939051213643E-03 8.30358444214308E-03 8.32495760493386E-03 8.34370241236003E-03 8.36000669530322E-03 8.37405030961532E-03 8.3859931903407E-03 0.008395985636575 8.40417525825517E-03 8.41071185939963E-03 8.41573994144342E-03 8.41941317688675E-03 8.42189458564675E-03 8.42335574766242E-03 8.42396239221079E-03 8.42386226532373E-03 8.42317417324274E-03 8.42199141276776E-03 8.42039652549313E-03 8.41851047215321E-03 8.41658364071112E-03 8.4149263774422E-03 8.4137316521925E-03 8.40238980998605E-03 0 0 0 0 0 0 0 0 0 0 0 0 0 0 0 0 0 0 0 0 0 0 0 0 0 0
7.68901818004423E-03 7.75013586946714E-03 7.80905719239726E-03 7.86568987685724E-03 7.91993666242258E-03 7.97169611575779E-03 8.02083421974997E-03 8.06720555404415E-03 8.11067297260447E-03 8.15111855460714E-03 8.18845607275883E-03 8.22264024081852E-03 8.25368135436731E-03 8.28163321232512E-03 8.30658958079374E-03 8.32867605164035E-03 8.34807026763929E-03 8.36497283823025E-03 8.37957263963539E-03 8.39204412907717E-03 8.40253946596163E-03 8.41120204218881E-03 8.41817158541228E-03 8.42358993465373E-03 8.42759750375181E-03 8.4303461795041E-03 8.43199817296317E-03 8.43272278724335E-03 8.43268164226578E-03 8.43201218216922E-03 8.43081105346246E-03 8.42912667937861E-03 8.42696541451373E-03 8.42439583068738E-03 8.42193480684656E-03 8.4203687319321E-03 8.42010791873306E-03 0 0 0 0 0 0 0 0 0 0 0 0 0 0 0 0 0 0 0 0 0 0 0 0 0 0 0
7.74485824895803E-03 7.8042047653799E-03 7.86124719446894E-03 7.91590153346638E-03 7.96807584412213E-03 8.01767259423712E-03 8.06456614313751E-03 8.10862247718894E-03 8.14972110517983E-03 8.18776541448451E-03 8.22269697347161E-03 8.25450057132667E-03 8.28321690150316E-03 8.30892950534209E-03 8.33175761588089E-03 8.35184436598508E-03 8.36937736748873E-03 8.38456333250272E-03 8.39758858148548E-03 8.40861840563566E-03 8.41779457168479E-03 8.42525074770041E-03 8.43111637680822E-03 8.43552607163063E-03 8.43861693392821E-03 8.44053742268413E-03 8.4414471322381E-03 8.44151477584774E-03 8.44090334525093E-03 8.43974548728984E-03 8.43811466770921E-03 8.43598437444447E-03 8.43314561120448E-03 8.42924647257456E-03 8.42546592672677E-03 8.42355413862107E-03 8.42010791873306E-03 0 0 0 0 0 0 0 0 0 0 0 0 0 0 0 0 0 0 0 0 0 0 0 0 0 0 0
7.79895899225988E-03 7.85643099471582E-03 7.91149851486894E-03 7.96408693661298E-03 8.01411070978289E-03 8.06147777412727E-03 8.10607196884017E-03 8.14777380338467E-03 8.18648344880961E-03 8.22212869824789E-03 8.25467926138042E-03 8.28414881936974E-03 8.31060859061029E-03 8.33417074688315E-03 8.35497675929143E-03 8.37318130460866E-03 8.38897995594168E-03 8.40258320896023E-03 8.41416849424411E-03 8.42388802054935E-03 8.43187129783704E-03 8.43824117340159E-03 0.008443117495425 8.44662788651503E-03 8.44890456281254E-03 8.4500910583217E-03 8.45034287731125E-03 8.44982899000754E-03 8.44872182735098E-03 8.44716514817267E-03 8.44523569200553E-03 8.44286916188088E-03 8.43949618121992E-03 8.43252456154977E-03 8.42546592672677E-03 8.42355413862107E-03 0 0 0 0 0 0 0 0 0 0 0 0 0 0 0 0 0 0 0 0 0 0 0 0 0 0 0 0
7.8512092204546E-03 7.90670970234738E-03 7.95971422063667E-03 8.01015921522436E-03 8.05796668533137E-03 8.10304974396021E-03 8.14530456563833E-03 8.18463062246841E-03 8.22095239177429E-03 8.25422257699284E-03 8.28443857117073E-03 0.008311642084981 8.33593316309684E-03 8.35744928426694E-03 8.37634943462374E-03 8.39279921063875E-03 8.40700020886475E-03 8.41915970196206E-03 8.42943959134792E-03 8.43797716070293E-03 8.44488931756058E-03 8.4502894150762E-03 8.45428922815181E-03 8.45700847404094E-03 8.45857225566661E-03 8.45911830978278E-03 8.4587968681504E-03 8.45777263945069E-03 8.45622858964855E-03 8.45434401879958E-03 8.45227406555996E-03 8.45022230529341E-03 8.44854106624652E-03 8.43252456154977E-03 0 0 0 0 0 0 0 0 0 0 0 0 0 0 0 0 0 0 0 0 0 0 0 0 0 0 0 0 0 0
7.90150268988842E-03 7.95494415954882E-03 8.00580860557717E-03 8.05404480563432E-03 8.09958366524451E-03 8.14234252248259E-03 8.18223582338591E-03 8.2191859302144E-03 8.25314326619231E-03 8.28408452127985E-03 0.008312034973486 8.33706263477016E-03 8.35929208539586E-03 8.3788826486011E-03 8.39600629911972E-03 8.41083916092977E-03 8.42358150090101E-03 8.43443146207851E-03 8.44353464453676E-03 8.45101258294469E-03 8.45697053852686E-03 8.46151358823805E-03 8.46474580747167E-03 8.46677803930247E-03 8.46772775584538E-03 8.46772430947278E-03 8.46690660259491E-03 8.46542498844187E-03 8.46346463303358E-03 8.46123358672704E-03 8.45893638461559E-03 8.45702674643906E-03 8.45667116043714E-03 0 0 0 0 0 0 0 0 0 0 0 0 0 0 0 0 0 0 0 0 0 0 0 0 0 0 0 0 0 0 0
7.94974081223135E-03 8.00104979612035E-03 8.04971367176863E-03 8.09569164403754E-03 8.13892366224872E-03 8.1793370742822E-03 8.21686953395187E-03 8.25146691965643E-03 8.28310499899194E-03 8.31178479455392E-03 8.33755860539804E-03 8.3605181949939E-03 8.38080848994803E-03 8.39860523170969E-03 8.41408966080216E-03 8.42744574410277E-03 8.43886614816256E-03 8.44853501538662E-03 8.45658171589074E-03 8.46311500504876E-03 8.46823105255704E-03 8.47202634821456E-03 8.47459572390343E-03 8.47604205137062E-03 8.47647514802495E-03 8.47601219283057E-03 8.47477144902849E-03 8.4728667388441E-03 8.47044841636314E-03 8.46770821371378E-03 8.46473383723644E-03 8.46151454004488E-03 8.45667116043714E-03 0 0 0 0 0 0 0 0 0 0 0 0 0 0 0 0 0 0 0 0 0 0 0 0 0 0 0 0 0 0 0
7.99582700224803E-03 8.04494655797877E-03 8.09136658786118E-03 8.13505597686657E-03 0.008175967415018 8.21404397379502E-03 8.24924429784977E-03 8.28153870616357E-03 8.31092764469056E-03 8.33743625926095E-03 8.36113995269971E-03 8.38215146629996E-03 8.40063140985044E-03 8.41676635921604E-03 8.43074371536707E-03 8.44275278586988E-03 8.45297635139299E-03 8.46157926774627E-03 8.46867776592824E-03 8.47437039399082E-03 8.47874550692761E-03 8.48189116734576E-03 8.48389471118063E-03 8.48485138328856E-03 8.48486056889842E-03 8.48402061276866E-03 8.48241478066686E-03 8.48009579020656E-03 8.47715297645163E-03 8.47373753283872E-03 8.46984799742131E-03 8.46151454004488E-03 0 0 0 0 0 0 0 0 0 0 0 0 0 0 0 0 0 0 0 0 0 0 0 0 0 0 0 0 0 0 0 0
8.03970372333176E-03 8.08659610004642E-03 8.13074802539158E-03 8.17214111479439E-03 8.21074395662705E-03 8.24651527445997E-03 8.27943372597081E-03 8.30949454834924E-03 8.33672208922265E-03 8.36116313480396E-03 8.38291275068886E-03 8.40210164626098E-03 8.4189015249762E-03 8.43350604244574E-03 8.44610567905316E-03 8.45689007827064E-03 8.46602786832447E-03 8.47366696226082E-03 0.00847991479567 8.48486017337768E-03 8.48858314982921E-03 8.49116535026681E-03 8.49268986089551E-03 8.49324430502275E-03 8.49291462237836E-03 8.49176797546745E-03 8.4898160519144E-03 8.48700576972182E-03 8.48342302330947E-03 8.47919818858915E-03 8.46984799742131E-03 0 0 0 0 0 0 0 0 0 0 0 0 0 0 0 0 0 0 0 0 0 0 0 0 0 0 0 0 0 0 0 0 0
8.08134969523179E-03 8.12599967789344E-03 8.16788325476348E-03 8.2069973879629E-03 8.2433253321027E-03 8.27683976974137E-03 8.30754160141617E-03 8.33545084211006E-03 8.36061434331705E-03 8.38309663499226E-03 8.4030105046846E-03 8.42050158033987E-03 8.43574833152672E-03 8.44894767046513E-03 8.46028886088644E-03 8.46995898890019E-03 8.47811417589226E-03 8.48488706487781E-03 8.49037604289911E-03 8.49466141674826E-03 8.49781633590879E-03 8.49991758086561E-03 0.008501044780726 8.50127966424917E-03 8.50069787018067E-03 8.49933446905316E-03 8.49708113319446E-03 8.49358016256121E-03 8.48913259322008E-03 8.47919818858915E-03 0 0 0 0 0 0 0 0 0 0 0 0 0 0 0 0 0 0 0 0 0 0 0 0 0 0 0 0 0 0 0 0 0 0
8.12077844619871E-03 8.16319289362419E-03 8.20283073760006E-03 8.23970257423616E-03 8.27380441003252E-03 8.30512476809706E-03 8.33368800995576E-03 8.35953725840642E-03 8.38273892277567E-03 8.40337390374557E-03 8.42157063590554E-03 8.43748599409959E-03 8.45130126806507E-03 8.46321307932809E-03 8.47340675509854E-03 8.48206483217764E-03 8.4893315738095E-03 8.49532714981695E-03 8.50014182162086E-03 8.50384916734567E-03 8.50651753296952E-03 8.50821827018567E-03 8.50902479801585E-03 8.50901622057459E-03 8.50827441783799E-03 8.50684666290936E-03 8.50451787359481E-03 8.49972909018057E-03 8.48913259322008E-03 0 0 0 0 0 0 0 0 0 0 0 0 0 0 0 0 0 0 0 0 0 0 0 0 0 0 0 0 0 0 0 0 0 0 0
8.15803061448521E-03 8.19823557868466E-03 8.23566710590212E-03 8.27034743075216E-03 8.30228671022389E-03 8.33149103701261E-03 8.35800575170633E-03 8.38189534570434E-03 8.40324324181489E-03 8.42214530161559E-03 8.43874135340724E-03 8.45319655575199E-03 8.46569226778845E-03 8.47642201125846E-03 8.48556634609619E-03 8.49330217939356E-03 8.49976436512549E-03 8.50506240625908E-03 8.50927982796706E-03 8.51248514594476E-03 8.51474280760689E-03 8.51611860992098E-03 8.51667791722048E-03 8.51649361804353E-03 8.51566679674812E-03 8.51441183974361E-03 8.51326696313674E-03 8.49972909018057E-03 0 0 0 0 0 0 0 0 0 0 0 0 0 0 0 0 0 0 0 0 0 0 0 0 0 0 0 0 0 0 0 0 0 0 0 0
8.19318124745833E-03 8.2312181789939E-03 8.2664959983571E-03 8.29904762287053E-03 8.3288984983082E-03 8.35607374997671E-03 8.38063743228701E-03 8.40267190395214E-03 8.42227468610104E-03 8.43955580508082E-03 8.45466311052192E-03 8.46776586919739E-03 8.47904336015172E-03 8.48868556192769E-03 8.49686836212072E-03 8.50376220002128E-03 8.50949358936344E-03 8.51416428084436E-03 8.5178530325267E-03 8.52062490904974E-03 8.5225419816161E-03 8.52366526170202E-03 8.52404854575315E-03 8.52373305063495E-03 8.52274507022179E-03 8.52127654210578E-03 8.52094623880453E-03 0 0 0 0 0 0 0 0 0 0 0 0 0 0 0 0 0 0 0 0 0 0 0 0 0 0 0 0 0 0 0 0 0 0 0 0 0
8.22633273783848E-03 8.26225557118578E-03 8.2954434604151E-03 8.32593931970421E-03 8.35378418801915E-03 8.37902312435311E-03 8.40173570485944E-03 8.42201909677448E-03 8.43998236431725E-03 8.45574842084102E-03 8.46946929009291E-03 8.48131517500801E-03 8.4914641024167E-03 8.50010182165605E-03 8.5073996951999E-03 8.51352107365759E-03 8.51858663607154E-03 8.52269242945908E-03 8.52591308361629E-03 8.52831157088949E-03 8.52994978804916E-03 8.53088854090341E-03 8.5311763524584E-03 8.5308085726814E-03 8.5295355079922E-03 8.52606219569183E-03 8.52094623880453E-03 0 0 0 0 0 0 0 0 0 0 0 0 0 0 0 0 0 0 0 0 0 0 0 0 0 0 0 0 0 0 0 0 0 0 0 0 0
8.25760726880684E-03 8.29147739817179E-03 8.32264432888765E-03 8.3511619039914E-03 8.37708729955238E-03 8.40048352529301E-03 8.42144307120769E-03 8.44007636033411E-03 8.45650185109705E-03 8.4708509307672E-03 8.48327671033929E-03 8.49395118979085E-03 8.50305139570951E-03 8.51075828863758E-03 8.51723811090452E-03 8.52264841108467E-03 8.52710615294609E-03 8.53070253341156E-03 8.53350840068174E-03 8.53558454175251E-03 8.53699283040398E-03 8.53780269635851E-03 8.53809150143602E-03 8.5379350237491E-03 8.5374111199538E-03 8.52606219569183E-03 0 0 0 0 0 0 0 0 0 0 0 0 0 0 0 0 0 0 0 0 0 0 0 0 0 0 0 0 0 0 0 0 0 0 0 0 0 0
8.28714069256037E-03 8.31902402857843E-03 8.34824288847832E-03 8.37486208274746E-03 8.39895393055897E-03 8.42059727758147E-03 8.43989612729507E-03 8.45697245941378E-03 8.47195126850222E-03 8.48496890347878E-03 8.49618070515064E-03 8.50576156674622E-03 8.51388576058488E-03 8.52072898854278E-03 8.52645232252571E-03 8.53120887460903E-03 8.53511189985383E-03 8.53824799160987E-03 8.54068520766334E-03 8.54248244828696E-03 8.54370087529808E-03 8.54441676724235E-03 8.54472952895125E-03 8.5447650845265E-03 8.54446985957288E-03 0 0 0 0 0 0 0 0 0 0 0 0 0 0 0 0 0 0 0 0 0 0 0 0 0 0 0 0 0 0 0 0 0 0 0 0 0 0 0
8.31506566438561E-03 8.34502914875044E-03 8.37237213765885E-03 8.3971710818849E-03 8.41951256214745E-03 8.43948949987784E-03 8.4572155208678E-03 0.008472820615906 8.48643402493031E-03 8.49819750413301E-03 8.50827018114148E-03 8.51682831491781E-03 8.52404187102997E-03 8.53008197967868E-03 8.53510549232413E-03 8.53926061177356E-03 8.54265564770614E-03 8.54537341216032E-03 8.54748067475879E-03 8.54903591231244E-03 8.55010031838119E-03 8.55074290870619E-03 8.5510353578361E-03 8.55102039868785E-03 8.54446985957288E-03 0 0 0 0 0 0 0 0 0 0 0 0 0 0 0 0 0 0 0 0 0 0 0 0 0 0 0 0 0 0 0 0 0 0 0 0 0 0 0
8.34150972328761E-03 8.36962048834525E-03 8.39515997371962E-03 8.41821646417931E-03 8.43888872009014E-03 8.45728210058582E-03 8.47351718171517E-03 8.48772901516906E-03 8.5000516248939E-03 8.51063233683673E-03 8.51963307182899E-03 8.52722963474643E-03 8.53358923605048E-03 8.53887817763883E-03 8.54324937612489E-03 8.54684500093557E-03 8.54976931130016E-03 8.5521013225979E-03 8.55390632952071E-03 8.55524252722606E-03 8.55616831558804E-03 8.5567372546802E-03 8.55698638199511E-03 8.55675835414064E-03 0 0 0 0 0 0 0 0 0 0 0 0 0 0 0 0 0 0 0 0 0 0 0 0 0 0 0 0 0 0 0 0 0 0 0 0 0 0 0 0
