NongDo/Fusa 17h.grd
DSAA
463	323
2	464
2	324
0	10
[rows 252 to 279 of 323, columns 0 to 63 of 463]
0 0 0 0 0 0 0 0 0 0 0 0 0 0 0 0 0 0 0 0 0 0 0 0 0 0 0 0 0 0 0 0 0 0 0 0 0 0 4.01538140808371E-03 4.02739889537884E-03 4.03385792856738E-03 4.03914726997825E-03 4.04503038661686E-03 4.05191862194071E-03 4.05999057825339E-03 4.06933434546613E-03 4.08006547530196E-03 4.09225728592774E-03 4.10601943930068E-03 4.12144349569031E-03 4.13862678046868E-03 4.15765957284485E-03 4.17859912158557E-03 4.20149252431084E-03 4.22634056565403E-03 4.25315029675951E-03 4.28186650868007E-03 4.31243043719417E-03 4.34473885246593E-03 4.37871044951198E-03 4.41420596864954E-03 4.4510410801804E-03 4.48901051484783E-03 4.52789469217544E-03
0 0 0 0 0 0 0 0 0 0 0 0 0 0 0 0 0 0 0 0 0 0 0 0 0 0 0 0 0 0 0 0 0 0 0 0 0 4.00494699588634E-03 4.01538140808371E-03 4.02088181355497E-03 4.02674051875939E-03 4.03282133619859E-03 4.0396212317876E-03 4.04741234629419E-03 4.05639338783147E-03 4.06668480886939E-03 4.07841982646489E-03 4.09169017694681E-03 4.10661561134346E-03 4.12330223060007E-03 4.14185107648206E-03 4.16235177029298E-03 0.004184854745391 4.20939695794732E-03 4.23596478577565E-03 4.26454502712616E-03 4.29506226533606E-03 4.32743231900978E-03 4.36152549386939E-03 4.39722858178387E-03 4.43437678287066E-03 4.47276054809044E-03 4.5121521800516E-03 4.55231312951349E-03
0 0 0 0 0 0 0 0 0 0 0 0 0 0 0 0 0 0 0 0 0 0 0 0 0 0 0 0 0 0 0 0 0 0 0 0 3.99609501970199E-03 4.00494699588634E-03 4.00975942943058E-03 4.01500924064275E-03 4.0208820690951E-03 4.02746339717618E-03 4.03497827162164E-03 4.04358413746504E-03 4.05345089533123E-03 4.06470369819097E-03 4.07748163451401E-03 4.09188683267138E-03 4.10804521677458E-03 4.12607281844433E-03 4.14607160497189E-03 4.16812728578123E-03 4.19228015586341E-03 4.21855284444926E-03 4.24691241977937E-03 4.2773254477449E-03 4.30969147257437E-03 4.34389656532925E-03 4.37978115080948E-03 4.41720165239039E-03 4.45596437905267E-03 4.49583513824476E-03 4.53656567073953E-03 4.57790129933661E-03
0 0 0 0 0 0 0 0 0 0 0 0 0 0 0 0 0 0 0 0 0 0 0 0 0 0 0 0 0 0 0 0 0 0 0 3.99163724481085E-03 3.99609501970199E-03 3.99991340955467E-03 4.00431483470219E-03 4.00949968027804E-03 4.01559225921368E-03 4.02266766548653E-03 4.03086295717734E-03 4.04027426783676E-03 4.05104879693873E-03 4.06331128358752E-03 4.07719943709883E-03 4.09282177792939E-03 4.11030449173483E-03 4.12977290117713E-03 4.15132351505812E-03 4.17503545886917E-03 4.20093424498959E-03 4.22902539166949E-03 4.25925031753485E-03 4.29155479375375E-03 4.32580831241308E-03 4.36186223536527E-03 4.39952668572893E-03 4.43862782828007E-03 4.47894655472871E-03 4.5202225705926E-03 4.56219004451953E-03 4.60458131883878E-03
0 0 0 0 0 0 0 0 0 0 0 0 0 0 0 0 0 0 0 0 0 0 0 0 0 0 0 0 0 0 0 0 0 0 0 3.99163724481085E-03 3.99199718543877E-03 3.99461459109652E-03 3.9987171496024E-03 4.00401517736946E-03 4.01047936905774E-03 4.01812735433227E-03 4.02705288776161E-03 4.0373284375254E-03 4.04908330860647E-03 4.0624410447693E-03 4.07753641417778E-03 4.09448350363022E-03 4.11340710637563E-03 4.13443438252267E-03 4.15765400008368E-03 4.18313339252182E-03 4.21087992279474E-03 4.24087783119151E-03 4.27304278718583E-03 4.30728933060704E-03 4.34345204676966E-03 4.38134934598658E-03 4.42076315110936E-03 4.46148983477378E-03 4.50328288215761E-03 4.54586096220696E-03 4.58894437283053E-03 4.63225772884457E-03
0 0 0 0 0 0 0 0 0 0 0 0 0 0 0 0 0 0 0 0 0 0 0 0 0 0 0 0 0 0 0 0 0 0 3.97612407519426E-03 3.98442047905928E-03 3.98557107463312E-03 3.98835006955786E-03 3.99264772872132E-03 3.99831759790963E-03 4.00532334583529E-03 4.01366408375366E-03 4.02341261393518E-03 4.03464964462793E-03 4.04749069973461E-03 4.06206109270514E-03 4.07848644029342E-03 4.09689122786946E-03 4.11739195348252E-03 4.14011392358129E-03 4.16513324056523E-03 4.19250157794432E-03 4.22220272380736E-03 4.25419507766116E-03 4.28836599522452E-03 4.32458641161924E-03 4.36266040628523E-03 4.40237272293624E-03 4.44347995293046E-03 4.48574669074317E-03 4.52890822649246E-03 4.57266458711703E-03 4.61672566240682E-03 4.66081353274393E-03
0 0 0 0 0 0 0 0 0 0 0 0 0 0 0 0 0 0 0 0 0 0 0 0 0 0 0 0 0 0 0 0 0 0 3.97612407519426E-03 3.97654859398773E-03 3.97806686954114E-03 3.98124037888817E-03 3.98600762194779E-03 3.99226297502654E-03 3.99997805054623E-03 4.00915239657364E-03 4.01985593814314E-03 4.03218291791327E-03 4.04624617529847E-03 4.06217182945516E-03 4.08007725476501E-03 4.10009097644458E-03 4.12232086370573E-03 4.14688482490602E-03 4.17384256338711E-03 4.2032239908843E-03 4.2349836944542E-03 4.26904837230472E-03 4.3052703469326E-03 4.34347859805098E-03 4.38344321207524E-03 4.42491802272144E-03 4.46763548026666E-03 4.51133625000437E-03 4.55573973208354E-03 4.60053199886073E-03 4.64541797835281E-03 4.69012460791299E-03
0 0 0 0 0 0 0 0 0 0 0 0 0 0 0 0 0 0 0 0 0 0 0 0 0 0 0 0 0 0 0 0 0 0 3.96755327682904E-03 3.96765695168803E-03 3.96958995629405E-03 3.97334002429063E-03 3.97877763022675E-03 3.98579890305196E-03 3.99438343889981E-03 4.00454108947033E-03 4.01634993103472E-03 4.02992123297004E-03 4.04536581496112E-03 4.06281430311193E-03 4.08236872296149E-03 4.10416123057069E-03 4.12828355214499E-03 4.15484547953686E-03 4.18388417868182E-03 4.21540051072573E-03 4.24931222136211E-03 4.28550819662421E-03 4.32380408257813E-03 4.36398723106986E-03 4.40579539844583E-03 4.4489514025318E-03 4.4931689831794E-03 4.53817051233852E-03 4.58367000693338E-03 4.6293396523367E-03 4.67488679406962E-03 4.72005222658509E-03
0 0 0 0 0 0 0 0 0 0 0 0 0 0 0 0 0 0 0 0 0 0 0 0 0 0 0 0 0 0 0 0 0 0 3.95732295175013E-03 3.95751885155576E-03 3.96009266414319E-03 3.96463064313488E-03 3.97093498980114E-03 3.97890367968608E-03 3.98852866315285E-03 3.99983556002371E-03 4.01291464693533E-03 4.02790376698808E-03 4.04490987095445E-03 4.06406484622121E-03 4.08545250707951E-03 4.10920489361991E-03 4.13538807643025E-03 4.16410677373708E-03 4.1953661381245E-03 4.22912708559253E-03 4.26526388562902E-03 4.30362600312247E-03 4.34399087732791E-03 4.38610685998619E-03 4.42968135173424E-03 4.47441103909386E-03 4.51999491540519E-03 4.56614555347948E-03 4.61257861739159E-03 4.6589536377737E-03 4.7049923272051E-03 4.75045986951461E-03
0 0 0 0 0 0 0 0 0 0 0 0 0 0 0 0 0 0 0 0 0 0 0 0 0 0 0 0 0 0 0 0 0 3.93001190424612E-03 3.94406560717054E-03 3.94580159342526E-03 3.9495559265234E-03 3.95515243827467E-03 3.96252727625873E-03 3.9716242230432E-03 3.98246558453313E-03 3.99509915412708E-03 4.00962320593096E-03 4.02622091930514E-03 4.04497963466384E-03 4.06603959652877E-03 4.08945004999941E-03 4.11535532768513E-03 4.14376918033639E-03 4.17480369758082E-03 4.20841043039014E-03 4.2445027338732E-03 4.28290907570519E-03 4.32343916813563E-03 4.36583504773282E-03 4.4098057706327E-03 4.4550384152097E-03 0.00450120659022 4.54800350187015E-03 4.59513028967117E-03 4.64232249304997E-03 4.68922246929754E-03 4.73558741797286E-03 4.78121401431147E-03
0 0 0 0 0 0 0 0 0 0 0 0 0 0 0 0 0 0 0 0 0 0 0 0 0 0 0 0 0 0 0 0 0 3.93001190424612E-03 3.93071535533473E-03 3.93325534035608E-03 3.93818181836362E-03 3.9450318133396E-03 3.95366082229521E-03 3.96405883171575E-03 3.97629263497113E-03 3.99043988886398E-03 4.00661036709574E-03 4.02500966653644E-03 4.04572095793356E-03 4.06887920216016E-03 4.09451148317102E-03 4.12275147656517E-03 4.15358012002655E-03 4.18707156069998E-03 4.22312117241932E-03 4.26159501300267E-03 4.30228148241317E-03 4.34494676042494E-03 4.38929816840182E-03 4.43501394717232E-03 4.48176555678496E-03 4.52921787059567E-03 4.57706253341762E-03 4.62499544137636E-03 4.67274748316645E-03 4.71999558572824E-03 4.76654072820901E-03 4.8122022209852E-03
0 0 0 0 0 0 0 0 0 0 0 0 0 0 0 0 0 0 0 0 0 0 0 0 0 0 0 0 0 0 0 0 0 3.91622842557718E-03 3.91655516766972E-03 3.9201761200011E-03 3.92637571743603E-03 3.93454630379873E-03 3.94454639706477E-03 3.95638572450852E-03 3.97017272643504E-03 3.98601198617237E-03 4.00403822013534E-03 4.02444462672986E-03 4.04731736567469E-03 4.07277442300438E-03 4.10082654586841E-03 4.13157214504681E-03 4.16497725076245E-03 4.20102188071112E-03 4.23957259379279E-03 4.28043921972229E-03 4.32338032347963E-03 4.3681062395418E-03 4.41430417587983E-03 4.46162337959987E-03 4.50972954911956E-03 4.55828803003304E-03 4.60699525138107E-03 4.65555056829659E-03 4.70368089949594E-03 4.75114860833669E-03 4.79775670214362E-03 4.84334913163945E-03
0 0 0 0 0 0 0 0 0 0 0 0 0 0 0 0 0 0 0 0 0 0 0 0 0 0 0 0 0 0 0 0 3.86999732152256E-03 3.89763886985747E-03 3.90098733647391E-03 3.90659221473923E-03 3.91433428978115E-03 3.92394955957057E-03 3.93542775509576E-03 3.94884175891521E-03 3.96433866409965E-03 3.98205025630378E-03 4.00212084849768E-03 4.02473309132702E-03 4.0499626856906E-03 4.0779070200333E-03 4.10854908326651E-03 4.14194911623413E-03 4.17803066739067E-03 4.21669900974947E-03 4.25777385986645E-03 4.30101689628235E-03 4.34614910044947E-03 4.39283839437244E-03 4.44075047599899E-03 4.48951820223674E-03 4.53880745166993E-03 4.58829144765526E-03 4.63767971856893E-03 4.6866853439885E-03 4.73506064005846E-03 4.78262070477922E-03 4.82917910073558E-03 4.87459353650227E-03
0 0 0 0 0 0 0 0 0 0 0 0 0 0 0 0 0 0 0 0 0 0 0 0 0 0 0 0 0 0 0 3.85988402780749E-03 3.86999732152256E-03 3.87913924475796E-03 3.88574827278249E-03 3.89325050567471E-03 3.90250007371945E-03 3.91357512277951E-03 3.92660198074015E-03 3.94170570189575E-03 3.95905869362906E-03 3.97880744729511E-03 4.00109649592415E-03 4.02609487909163E-03 4.05385837035327E-03 4.08445154442803E-03 4.11782017894211E-03 4.15397498752724E-03 4.1927924053512E-03 4.23411184690431E-03 4.27770021671341E-03 4.32326825435677E-03 4.37050155105477E-03 4.41903494661732E-03 4.46851743613076E-03 4.51857491950516E-03 4.56887845639143E-03 4.61911823642949E-03 4.6690265789694E-03 4.71834150886133E-03 4.76684007433944E-03 4.81436845988384E-03 4.86076039408578E-03 4.90588271897151E-03
0 0 0 0 0 0 0 0 0 0 0 0 0 0 0 0 0 0 0 0 0 0 0 0 0 0 0 0 0 0 0 3.85988402780749E-03 3.86053278743864E-03 3.86531859481298E-03 3.87200473735571E-03 3.88054957357757E-03 3.89111075308197E-03 3.90365608200152E-03 3.91831404093008E-03 3.93523274196538E-03 3.95459049984199E-03 3.97653550361237E-03 4.00119961981085E-03 4.02874084575051E-03 4.05918486815517E-03 4.09255373925994E-03 4.12874605739214E-03 4.16772210974158E-03 4.20930181169812E-03 4.25326424310463E-03 4.29932048296975E-03 4.34713307013605E-03 4.39635373733033E-03 4.44659307882015E-03 4.49749276096059E-03 4.54867512490229E-03 4.59982490466634E-03 4.65065699550645E-03 4.70093296018612E-03 4.75041822165344E-03 4.79891854539434E-03 4.84630092509719E-03 4.89241420793094E-03 4.93713210917073E-03
0 0 0 0 0 0 0 0 0 0 0 0 0 0 0 0 0 0 0 0 0 0 0 0 0 0 0 0 0 0 0 3.84717393415739E-03 3.84748337243525E-03 3.85171196593618E-03 3.85884097119602E-03 3.86840801676959E-03 3.88029712565162E-03 3.89438409488529E-03 3.91078595235921E-03 3.92965881890607E-03 3.95117190517331E-03 3.97546708623227E-03 4.00265077552876E-03 4.03287267926238E-03 4.06611755224402E-03 4.10235437357143E-03 4.14143075982688E-03 4.18325198236453E-03 4.22758465310163E-03 4.27414182673002E-03 4.32258585746611E-03 4.37253115137161E-03 4.42360455155507E-03 4.47539574427422E-03 4.52755101915386E-03 4.5796901275276E-03 4.63152248081077E-03 4.68279314434302E-03 4.73329603170933E-03 4.78282475765561E-03 4.83120927408008E-03 4.87833346380013E-03 4.92405810264783E-03 4.96825900518057E-03
0 0 0 0 0 0 0 0 0 0 0 0 0 0 0 0 0 0 0 0 0 0 0 0 0 0 0 0 0 0 3.81223294175284E-03 3.82989064263914E-03 3.83226966117078E-03 3.83761862626399E-03 3.84583920024962E-03 3.85669090569398E-03 3.87008299001615E-03 3.88588660166693E-03 3.90420107770963E-03 3.92518936796551E-03 3.94901185272094E-03 3.97580498610992E-03 4.00564945306399E-03 4.03866583111293E-03 4.07479503629873E-03 4.11395494102119E-03 4.15594249470927E-03 4.20060315767579E-03 4.24764304979688E-03 4.2967158849015E-03 4.34743545539714E-03 4.3993786116505E-03 4.45215042783108E-03 4.50532953150809E-03 4.5585649829995E-03 4.61149288977207E-03 4.66385308039524E-03 4.71541831142655E-03 4.76601133776736E-03 4.81545631839919E-03 4.86361238430515E-03 4.91037077792821E-03 4.95559659967831E-03 4.99916895156551E-03
0 0 0 0 0 0 0 0 0 0 0 0 0 0 0 0 0 0 0 0 0 0 0 0 0 0 0 0 0 0 3.81223294175284E-03 3.81321934071604E-03 3.81676200476211E-03 3.82347854815358E-03 3.83313357518527E-03 3.84553876130161E-03 3.86063128490878E-03 3.87833474132215E-03 3.89874474915737E-03 3.92202232596508E-03 3.94830814508667E-03 3.97774085362088E-03 4.01037363791381E-03 4.04627426478633E-03 4.08534559183932E-03 4.12745182868688E-03 4.17234271208466E-03 4.21979043923395E-03 4.26945480006817E-03 4.32092636234707E-03 4.3737791966268E-03 4.42755858671103E-03 4.48185726891254E-03 4.53625057911594E-03 4.59039479645313E-03 4.6439591137791E-03 4.69670455005882E-03 4.74843085907933E-03 4.79898887725143E-03 4.84823590302211E-03 4.89605420350232E-03 4.94233488056527E-03 4.98695014665697E-03 5.02978132904565E-03
0 0 0 0 0 0 0 0 0 0 0 0 0 0 0 0 0 0 0 0 0 0 0 0 0 0 0 0 0 3.77360565746248E-03 3.79322031658244E-03 3.79570674418269E-03 3.80108844632758E-03 3.80948554846363E-03 3.82084765556861E-03 3.83505238025279E-03 3.85207902858844E-03 3.87189456934404E-03 3.89459585945472E-03 3.92033868171115E-03 3.94924390961871E-03 3.98144345387705E-03 4.01695970038779E-03 4.05581074858755E-03 4.09785293408366E-03 4.14289934461155E-03 4.1906474479711E-03 4.24080626818167E-03 4.2929814536714E-03 4.34671162661884E-03 4.40153396045661E-03 4.45697423168305E-03 4.51261961175323E-03 4.56805225779279E-03 4.62294451461717E-03 4.67699538178093E-03 4.72998934729451E-03 4.78174946119148E-03 4.83215171784369E-03 4.8810841835114E-03 4.92845078796829E-03 4.97414207719041E-03 5.01803264892872E-03 5.0600078661011E-03
0 0 0 0 0 0 0 0 0 0 0 0 0 0 0 0 0 0 0 0 0 0 0 0 0 0 0 0 0 3.77360565746248E-03 3.7746746745676E-03 3.77852682132063E-03 3.78567293562024E-03 3.79591632661838E-03 3.80919461632688E-03 3.82542015023791E-03 3.8446056634851E-03 3.86674289933548E-03 3.89192779692335E-03 3.92030835879244E-03 3.95197799665477E-03 3.98705647758324E-03 4.02553129937169E-03 4.06737280560489E-03 4.11239040638815E-03 4.16033990160555E-03 4.21086763613226E-03 4.2636224870389E-03 4.31816734553858E-03 4.37398987759875E-03 4.43059885474926E-03 4.48751279587232E-03 4.54432342586745E-03 4.60062854349158E-03 4.65611571612183E-03 4.7105138226572E-03 4.7636269885074E-03 4.81530014368084E-03 4.86542887592232E-03 4.91393213580089E-03 4.96073303747936E-03 5.00571887510369E-03 5.04876546777841E-03 5.08976521004701E-03
0 0 0 0 0 0 0 0 0 0 0 0 0 0 0 0 0 0 0 0 0 0 0 0 0 0 0 0 3.73263374799172E-03 3.75330581018549E-03 3.75587419410281E-03 3.76161857129675E-03 3.77069872733055E-03 3.7829669377192E-03 3.79836767157086E-03 3.81683093833469E-03 3.83839386866199E-03 3.86305872002107E-03 3.89090975612325E-03 3.92208547826263E-03 3.95664588557575E-03 3.99469578586485E-03 4.03618113582786E-03 4.08103034801008E-03 4.12900165744077E-03 4.17979119256526E-03 4.23299386236037E-03 4.28820873848402E-03 4.34496058817595E-03 4.40268946136241E-03 4.46088880158723E-03 4.51908543942678E-03 4.57688286533297E-03 4.63389728969779E-03 4.68983225987127E-03 4.74444441584453E-03 4.79755462263391E-03 4.84902352707603E-03 4.89876120778928E-03 4.9467166661282E-03 4.9928328499374E-03 5.0369880834917E-03 5.07906241772532E-03 5.11896258285834E-03
0 0 0 0 0 0 0 0 0 0 0 0 0 0 0 0 0 0 0 0 0 0 0 0 0 0 0 0 3.73263374799172E-03 3.73365976318943E-03 3.73755773957717E-03 3.74523082226853E-03 3.7564273551391E-03 3.77091077516557E-03 3.78863083173459E-03 3.80952726712244E-03 3.83365888378402E-03 3.86103081219348E-03 3.89170593459505E-03 3.92581791078822E-03 3.96337291412528E-03 4.00447054147254E-03 4.04899929331575E-03 4.09684925483692E-03 4.14772726498987E-03 4.20126327530043E-03 4.25701078804553E-03 4.31451586683545E-03 0.004373289094896 4.43271688792287E-03 4.49230279529574E-03 4.55159444060505E-03 4.61020743290803E-03 4.66778010303784E-03 4.72402210220166E-03 4.7787242688305E-03 4.8317119791143E-03 4.88286162746584E-03 4.93208771134072E-03 4.9793709836418E-03 5.02467641996191E-03 5.06786348865957E-03 5.10882993631098E-03 5.14750516444721E-03
0 0 0 0 0 0 0 0 0 0 0 0 0 0 0 0 0 0 0 0 0 0 0 0 0 0 0 0 3.71292228859726E-03 3.71348441313003E-03 3.71941811631085E-03 3.72947460877981E-03 3.74308888024016E-03 3.76001257654213E-03 3.78024190214106E-03 3.80374836871693E-03 3.83061027321165E-03 3.86083837612836E-03 3.89447417174392E-03 3.93163029893662E-03 3.97226884079617E-03 4.01646299836075E-03 4.06405046597667E-03 4.11486719565313E-03 4.16856695200763E-03 4.22472879843519E-03 4.28287222776373E-03 4.34249224929483E-03 4.4030661968415E-03 4.46398054098304E-03 0.004524760481578 4.58497235028501E-03 4.64423954134173E-03 4.70222157881317E-03 4.75863786468842E-03 4.81330317222158E-03 4.86604474833464E-03 4.91675093867158E-03 4.96534292237466E-03 5.01182523982171E-03 5.05616940947142E-03 5.09823758287349E-03 5.13795769506652E-03 5.17528727885962E-03
0 0 0 0 0 0 0 0 0 0 0 0 0 0 0 0 0 0 0 0 0 0 0 0 0 0 0 3.64655280069265E-03 3.6862676927968E-03 3.69217630479901E-03 3.70183690711338E-03 3.71483642832301E-03 3.73111913528804E-03 3.75064772651784E-03 3.77352300082929E-03 3.79976843539921E-03 3.82947912103364E-03 3.86267714260517E-03 3.8993782150123E-03 3.93966244610542E-03 3.98344399716611E-03 4.03075143230829E-03 4.08138024191173E-03 4.13508681101076E-03 4.19149301241109E-03 4.25012668715512E-03 4.31049035601908E-03 4.37202020288091E-03 4.43417948741954E-03 4.49639770775234E-03 4.55819679748544E-03 4.61917020482067E-03 4.67893789240776E-03 4.73719266210161E-03 4.79364429125281E-03 4.84813870958671E-03 4.90049474029292E-03 4.9506190490716E-03 4.99842964147355E-03 5.04395219669187E-03 5.08717900310149E-03 5.12798372087239E-03 5.16632701239585E-03 5.20220244951156E-03
0 0 0 0 0 0 0 0 0 0 0 0 0 0 0 0 0 0 0 0 0 0 0 0 0 0 3.62195833330864E-03 3.64655280069265E-03 3.66104269921555E-03 3.67278874253545E-03 3.68605968199171E-03 3.70196121219254E-03 3.72093474247391E-03 3.74313384976634E-03 3.76874146285771E-03 3.79781779577337E-03 3.8304658593751E-03 3.86670982063488E-03 3.90654185940077E-03 3.95000091202269E-03 3.9969510659894E-03 4.04736371976375E-03 4.10097354519206E-03 4.1574750644057E-03 4.21644857023814E-03 4.27738964254292E-03 4.3397795326716E-03 4.40302345827287E-03 4.46658437016369E-03 4.52992420491174E-03 4.59257913435846E-03 4.6541539540354E-03 4.71427328361862E-03 4.77264565759059E-03 4.82898960916474E-03 4.8831596524132E-03 4.93497554155881E-03 4.98435691346628E-03 5.03123286435821E-03 5.07564282231428E-03 5.11758599552511E-03 5.15697439204993E-03 5.19381683127511E-03 5.22814486988778E-03
0 0 0 0 0 0 0 0 0 0 0 0 0 0 0 0 0 0 0 0 0 0 0 0 0 3.6106560538853E-03 3.62195833330864E-03 0.003632128897338 3.64407301283133E-03 3.65734229797021E-03 3.67291803731983E-03 3.69130118340322E-03 3.71284681535917E-03 3.73772196231086E-03 3.76611405846545E-03 3.79808888270635E-03 3.83373766852027E-03 3.87308026693236E-03 3.91608151097461E-03 3.96272922146195E-03 4.01283588299981E-03 4.06629696096499E-03 4.12279474455998E-03 4.18196333717878E-03 4.24334902192579E-03 4.30642258532471E-03 4.37065359239256E-03 4.43543539804245E-03 4.50023054997477E-03 4.5645325186615E-03 4.62788899028539E-03 4.68991304819258E-03 4.75023010858497E-03 4.80855947823775E-03 4.86462996335925E-03 4.91829378289763E-03 4.96938709268792E-03 5.01783836429941E-03 5.0635985710921E-03 5.10671269448815E-03 5.14721374379076E-03 5.18506137667137E-03 5.22030569131849E-03 5.25302064944504E-03
0 0 0 0 0 0 0 0 0 0 0 0 0 0 0 0 0 0 0 0 0 0 0 0 0 3.6106560538853E-03 3.61160488159419E-03 3.61874058008512E-03 3.63004895892535E-03 3.64449288924042E-03 3.66205116406994E-03 3.68278720205987E-03 3.70689711492666E-03 3.73450162676378E-03 3.76575417859475E-03 3.80069926575259E-03 3.83940024356937E-03 3.88187206616258E-03 3.92805257510952E-03 3.97787163793651E-03 4.03108902340061E-03 4.08752249390661E-03 4.1467951928056E-03 4.20849054254828E-03 4.27212344843722E-03 4.33715389580573E-03 4.40304549816832E-03 4.46918937597822E-03 4.53505103552083E-03 4.60015383344955E-03 4.66405534976017E-03 4.72636465920478E-03 4.7867061582437E-03 4.84480725225591E-03 4.90041292940399E-03 4.95337259673917E-03 5.00354294240637E-03 5.05087014355495E-03 5.09533662533401E-03 5.13700078433832E-03 5.17592258571924E-03 5.21212002464624E-03 5.24569361994413E-03 5.27675442275092E-03
0 0 0 0 0 0 0 0 0 0 0 0 0 0 0 0 0 0 0 0 0 0 0 0 3.57292107501729E-03 3.59261384447414E-03 3.59623999072947E-03 3.60455161161324E-03 3.61708211881851E-03 3.63329358619866E-03 3.65304515571452E-03 3.67626063972769E-03 3.70304922022328E-03 3.73350176774127E-03 3.76772006583643E-03 3.80572530858519E-03 3.84753197852053E-03 3.8931622529762E-03 3.94251976518571E-03 3.99546489091271E-03 4.05171956294148E-03 4.11100735110835E-03 4.17291732835381E-03 4.23697522640082E-03 4.30268164324215E-03 4.36949132466176E-03 4.43686785862681E-03 4.50421002169879E-03 4.57097315826018E-03 4.63672344522305E-03 4.7010060593125E-03 4.76342250844089E-03 4.82359432643282E-03 4.88125874327882E-03 4.93618590231311E-03 4.98821598308012E-03 5.03725033462897E-03 5.08324943813305E-03 5.12624734959347E-03 5.16630998153118E-03 5.20354504042128E-03 5.23802642436148E-03 5.26989471587546E-03 5.29929331216077E-03
