NongDo/Fusa 13h.grd
DSAA
463	323
2	464
2	324
0	10
[rows 252 to 279 of 323, columns 0 to 63 of 463]
0 0 0 0 0 0 0 0 0 0 0 0 0 0 0 0 0 0 0 0 0 0 0 0 0 0 0 0 0 0 0 0 0 0 0 0 0 0 4.17135948002789E-03 4.17993855271988E-03 4.18516315953489E-03 4.18967044041192E-03 4.19468112158425E-03 4.20035472049947E-03 4.20671390458172E-03 4.21373473190325E-03 4.22143487720943E-03 4.22980858129644E-03 4.23888766888447E-03 4.24869745710893E-03 4.25927819839877E-03 4.27067445975862E-03 4.28292103202776E-03 4.29605857563718E-03 4.31011320624638E-03 4.32512543348177E-03 4.34110825385912E-03 4.35808197478026E-03 4.37604782445305E-03 4.3950195838967E-03 4.41497284420553E-03 4.43585943785949E-03 4.4576238006728E-03 4.48020529977797E-03
0 0 0 0 0 0 0 0 0 0 0 0 0 0 0 0 0 0 0 0 0 0 0 0 0 0 0 0 0 0 0 0 0 0 0 0 0 4.16410778103586E-03 4.17135948002789E-03 4.17588215758337E-03 4.18089561017383E-03 4.18610868836234E-03 4.19179065639634E-03 4.1980401014371E-03 4.20492309181269E-03 4.2124551334682E-03 4.22067315704993E-03 4.22958941183782E-03 4.23924517946325E-03 4.2496776267479E-03 4.26093019084869E-03 4.27304850576654E-03 4.28606619125435E-03 4.30002204965855E-03 4.31493893049751E-03 4.3308512710536E-03 4.34776715009714E-03 4.36569937802075E-03 4.38464091184856E-03 4.40459369549287E-03 4.42552481996445E-03 4.44737710465963E-03 4.47008649635903E-03 4.49358456637975E-03
0 0 0 0 0 0 0 0 0 0 0 0 0 0 0 0 0 0 0 0 0 0 0 0 0 0 0 0 0 0 0 0 0 0 0 0 4.15830132861052E-03 4.16410778103586E-03 4.16802477494676E-03 4.1725766457392E-03 4.17770493228798E-03 4.18330855254384E-03 4.18945367138152E-03 4.19617159334843E-03 4.20352333130818E-03 4.21153952710196E-03 4.2202671651786E-03 4.22973040806433E-03 4.23997760340475E-03 4.25105475392153E-03 4.26300751771749E-03 4.2758814419388E-03 4.28970768458195E-03 4.30452139785256E-03 4.32034019369641E-03 4.33719315584868E-03 4.35508091164853E-03 4.37400638652803E-03 4.39395213092443E-03 4.41490865142023E-03 4.43683193233344E-03 4.45965509444278E-03 4.48330548689907E-03 4.50770709342856E-03
0 0 0 0 0 0 0 0 0 0 0 0 0 0 0 0 0 0 0 0 0 0 0 0 0 0 0 0 0 0 0 0 0 0 0 4.15615869693926E-03 4.15830132861052E-03 4.16134897456099E-03 4.16520952195614E-03 4.16983049107488E-03 4.17513551076873E-03 4.18104227714684E-03 4.18756185521498E-03 4.19469062223521E-03 4.20248181853056E-03 4.21097335506271E-03 4.22021562005162E-03 4.23024148395443E-03 4.24110284042476E-03 4.25285480438465E-03 4.26554232516574E-03 4.27921044451727E-03 4.29388616654277E-03 4.30960018407558E-03 4.32636203074445E-03 4.34419607672699E-03 4.36309286731597E-03 4.38304237158186E-03 4.40401577564933E-03 4.42599120874618E-03 4.44891413742807E-03 4.47270577710287E-03 4.49728511982719E-03 4.52256868909107E-03
0 0 0 0 0 0 0 0 0 0 0 0 0 0 0 0 0 0 0 0 0 0 0 0 0 0 0 0 0 0 0 0 0 0 0 4.15615869693926E-03 4.15642395848096E-03 4.15887670417192E-03 4.1626708797546E-03 4.16740797667239E-03 4.17292585202579E-03 4.17912440130824E-03 4.18599422593505E-03 4.19352280366379E-03 4.20175544803741E-03 4.21073393076251E-03 4.22051062310912E-03 0.004231126419437 4.24263629406708E-03 4.25510079564176E-03 4.26856426878201E-03 4.28306964074507E-03 4.29863915202751E-03 4.31529767875498E-03 4.33304707525561E-03 4.35190190640149E-03 4.37184023877928E-03 4.39283923138403E-03 4.41485858039285E-03 4.4378629933737E-03 4.46178467681796E-03 4.48653371501185E-03 4.5120210289349E-03 4.5381570056027E-03
0 0 0 0 0 0 0 0 0 0 0 0 0 0 0 0 0 0 0 0 0 0 0 0 0 0 0 0 0 0 0 0 0 0 4.14832524971248E-03 4.15223216418996E-03 4.15344646212773E-03 4.15617917803885E-03 4.16016460358398E-03 4.16512509521779E-03 4.17091225581355E-03 4.1774296599627E-03 4.18466133059693E-03 4.19260766331999E-03 4.20130531328811E-03 4.21080093931033E-03 4.22114527266266E-03 4.23239147647206E-03 4.24459428774573E-03 4.25781859794018E-03 4.27210697638343E-03 4.28749956833067E-03 4.30401237871933E-03 4.32166321399399E-03 4.34044538219994E-03 4.36035630161247E-03 4.38136370056537E-03 4.40343084498208E-03 4.42650614853698E-03 4.45053753107311E-03 4.47544685820967E-03 4.50113247495591E-03 4.52749739072016E-03 4.55444705444758E-03
0 0 0 0 0 0 0 0 0 0 0 0 0 0 0 0 0 0 0 0 0 0 0 0 0 0 0 0 0 0 0 0 0 0 4.14832524971248E-03 4.14857856276639E-03 4.15020178074124E-03 4.15328291004652E-03 4.15757767175714E-03 4.1628497279432E-03 4.16897025261004E-03 4.17585480360111E-03 4.18349178154884E-03 4.19189483051144E-03 4.20109995129068E-03 4.21115760352091E-03 4.22211881697404E-03 4.23404610987509E-03 4.24699580777478E-03 4.26103526798355E-03 4.27620484519256E-03 4.29254020100891E-03 4.31004949843975E-03 4.32874123845242E-03 4.34859663324612E-03 4.36959614913888E-03 4.39169426923533E-03 4.41484064825043E-03 4.43897133890735E-03 4.46401969782913E-03 4.48989611583064E-03 4.51648758269059E-03 4.54369046063446E-03 4.57140792029984E-03
0 0 0 0 0 0 0 0 0 0 0 0 0 0 0 0 0 0 0 0 0 0 0 0 0 0 0 0 0 0 0 0 0 0 4.14459350539037E-03 4.14470574487933E-03 4.14667003113895E-03 4.15015170374269E-03 4.15483652443586E-03 4.16049637907757E-03 4.16701698860435E-03 4.17432912662026E-03 4.18242976902418E-03 4.19134660172727E-03 4.20111636622334E-03 4.21179664496599E-03 4.22343589319102E-03 4.23610730710715E-03 4.24986676545296E-03 4.26478545853768E-03 4.28089976536886E-03 4.29823863935017E-03 4.31679947174283E-03 4.33657852237849E-03 4.35754360916428E-03 4.37965746371268E-03 4.40286046993873E-03 4.42708672201075E-03 4.45226101629784E-03 4.47830320340221E-03 4.50511562591693E-03 4.53257175812213E-03 4.56056394805903E-03 4.5889969615858E-03
0 0 0 0 0 0 0 0 0 0 0 0 0 0 0 0 0 0 0 0 0 0 0 0 0 0 0 0 0 0 0 0 0 0 4.14006520532158E-03 4.14026336821182E-03 4.14270417050923E-03 4.14669332480503E-03 4.1518608165105E-03 4.15799268762448E-03 4.1649914960721E-03 4.17280353074858E-03 4.18143654410308E-03 4.19093739848667E-03 4.20134364457906E-03 4.21271883761913E-03 4.22510935087766E-03 4.23859816823673E-03 4.25323807339887E-03 4.26910798825194E-03 4.28623680517057E-03 4.3046422765599E-03 4.32430813747496E-03 4.34521732261645E-03 4.36732249605522E-03 4.3905685538241E-03 4.41488054768648E-03 4.44017709815659E-03 4.46637175933636E-03 4.49337412623745E-03 4.52108057129133E-03 0.004549349331078 4.57807425366876E-03 4.6071673425058E-03
0 0 0 0 0 0 0 0 0 0 0 0 0 0 0 0 0 0 0 0 0 0 0 0 0 0 0 0 0 0 0 0 0 4.12610566817251E-03 4.1331738847063E-03 4.13481627564065E-03 4.13817146080206E-03 4.14283759766903E-03 4.1485968507922E-03 4.15529263120626E-03 4.16285528217339E-03 4.17124978335916E-03 4.18049122046264E-03 4.19065930665518E-03 4.20178302780216E-03 4.21393825994813E-03 4.22716148288485E-03 4.24155454954316E-03 4.25715357262337E-03 4.27405580770081E-03 4.29227221047574E-03 4.31180621145877E-03 4.33262616846163E-03 4.35470071762695E-03 4.37796740252006E-03 4.40235103558182E-03 4.42776425318304E-03 4.45410877594682E-03 4.48128945948304E-03 4.50920311843594E-03 4.53775056039721E-03 4.56676925562075E-03 4.59616643318385E-03 4.62586628677859E-03
0 0 0 0 0 0 0 0 0 0 0 0 0 0 0 0 0 0 0 0 0 0 0 0 0 0 0 0 0 0 0 0 0 4.12610566817251E-03 4.12653136004506E-03 4.12890187670185E-03 4.13311700199118E-03 4.13856516445345E-03 4.14501853486198E-03 4.1523704292028E-03 4.16058635370697E-03 4.16965336535439E-03 4.17959874547567E-03 4.19052073673595E-03 4.20245236412053E-03 4.21547566133033E-03 4.2296267180356E-03 4.24501477604049E-03 4.26167132393474E-03 4.27968904040078E-03 4.29906234331166E-03 4.31977970527888E-03 4.3417957767993E-03 4.36506133637598E-03 4.38949757237513E-03 4.41501139997486E-03 4.44150316727773E-03 4.46886281277445E-03 4.4969861409292E-03 4.52575882251192E-03 4.55507183552559E-03 4.58477196629277E-03 4.61478494163181E-03 4.64504438820579E-03
0 0 0 0 0 0 0 0 0 0 0 0 0 0 0 0 0 0 0 0 0 0 0 0 0 0 0 0 0 0 0 0 0 4.11911907808421E-03 4.11941087847172E-03 4.12259678809448E-03 4.12767912522718E-03 4.13393891663488E-03 4.14115303400443E-03 4.14923739054303E-03 4.1581900455988E-03 4.16801948300757E-03 4.17877262483492E-03 4.1905465115915E-03 4.20338714737092E-03 4.21737875238845E-03 4.23256313320033E-03 4.24904476401155E-03 4.26686170797054E-03 4.28606990142283E-03 4.30666262544115E-03 4.32860834026716E-03 4.35185239022898E-03 4.3763184359074E-03 4.40191721663528E-03 4.42853638750822E-03 4.45606747663239E-03 4.48439186199435E-03 4.51339743573506E-03 4.54296110574634E-03 4.57296374155442E-03 4.60329841223498E-03 4.63388464102996E-03 4.66466835510345E-03
0 0 0 0 0 0 0 0 0 0 0 0 0 0 0 0 0 0 0 0 0 0 0 0 0 0 0 0 0 0 0 0 4.09107072413473E-03 4.10830432387919E-03 4.11112661782864E-03 4.11578688855768E-03 4.12189613467934E-03 4.12902706580097E-03 4.13705466202575E-03 4.14593929362327E-03 4.15570795000476E-03 4.16639095555652E-03 4.17804765655351E-03 4.19077669246869E-03 4.20463123834036E-03 4.21969825110286E-03 4.23602081522365E-03 4.25369829673997E-03 4.27276067335139E-03 4.29323563439021E-03 4.31510425860493E-03 4.33831832423586E-03 4.36280812073585E-03 4.38847498876304E-03 4.41521611402019E-03 4.44290485147397E-03 4.47142562230096E-03 4.50065435044496E-03 4.53047493305648E-03 4.56076135796066E-03 4.59140382985167E-03 4.62232518376375E-03 4.6534454894125E-03 4.68471597423523E-03
0 0 0 0 0 0 0 0 0 0 0 0 0 0 0 0 0 0 0 0 0 0 0 0 0 0 0 0 0 0 0 4.08528556127672E-03 4.09107072413473E-03 4.09758134183513E-03 4.10284799788092E-03 4.10887607884429E-03 4.11596500330667E-03 4.12395476683978E-03 4.13281840206728E-03 4.14255406124615E-03 4.15320870934187E-03 4.16482851749475E-03 4.17748125580495E-03 4.19126736935479E-03 0.004206242829301 4.22249209881699E-03 4.24005521003934E-03 4.25902004220052E-03 4.27940455327439E-03 4.30121217190579E-03 4.32440586522155E-03 4.34891729681649E-03 4.37466064541031E-03 4.40151802360438E-03 4.42937340982277E-03 4.45808982202992E-03 4.48754654972279E-03 4.51761914678978E-03 4.54819412593662E-03 0.004579151269297 4.61039103560464E-03 4.64185245040373E-03 4.67346382498566E-03 4.70517887272623E-03
0 0 0 0 0 0 0 0 0 0 0 0 0 0 0 0 0 0 0 0 0 0 0 0 0 0 0 0 0 0 0 4.08528556127672E-03 4.08573365792333E-03 4.08972547383891E-03 4.09528776486168E-03 4.10208559615682E-03 4.10999364434618E-03 4.11881290046851E-03 4.12853068500226E-03 4.13916578522183E-03 4.15077412577513E-03 4.16341086951771E-03 4.17714682493375E-03 4.1920872942572E-03 4.20828533586026E-03 4.22581772841515E-03 4.2447152994805E-03 4.26505295698669E-03 4.28683022533731E-03 4.31002739283325E-03 4.33458493238275E-03 4.36041294418308E-03 4.38740801000447E-03 4.41543596161863E-03 4.44437104725647E-03 4.47406692237264E-03 4.50440258352998E-03 4.53525878218406E-03 4.56653034002436E-03 4.59810587637706E-03 4.62989853184854E-03 4.66185720357945E-03 4.69391639835256E-03 4.72603115826105E-03
0 0 0 0 0 0 0 0 0 0 0 0 0 0 0 0 0 0 0 0 0 0 0 0 0 0 0 0 0 0 0 4.07794847194343E-03 4.07823919475377E-03 4.08198384029849E-03 4.0879175701027E-03 4.09537215782196E-03 4.10404264236561E-03 4.11368274939352E-03 4.12428010708069E-03 4.13586488417751E-03 4.14849316192345E-03 4.16222529122574E-03 4.17712921040448E-03 4.19331816941785E-03 4.2108359697007E-03 4.22974497366356E-03 4.25006296126413E-03 4.27184745642986E-03 4.29507864481539E-03 4.31970855278697E-03 4.34565590460205E-03 4.37280621819968E-03 0.004401040881971 4.43020967026295E-03 4.46018305873735E-03 4.49080492239968E-03 4.52196103638557E-03 4.55354244823001E-03 4.58545663916748E-03 4.61760305355379E-03 4.64990463234492E-03 4.68231720828233E-03 4.7147798860706E-03 4.74724583359049E-03
0 0 0 0 0 0 0 0 0 0 0 0 0 0 0 0 0 0 0 0 0 0 0 0 0 0 0 0 0 0 4.05572438443918E-03 4.06689775043176E-03 4.06913086289982E-03 4.07377869417335E-03 4.08043152503527E-03 4.08862848770878E-03 4.0981013605481E-03 4.10861289870187E-03 4.12014498680742E-03 4.13273989426653E-03 4.14645714979715E-03 4.16136376434209E-03 4.17752403381738E-03 4.19504908643028E-03 4.21397241601932E-03 4.23434082968147E-03 4.25615589169122E-03 4.27945295023139E-03 4.30418676851415E-03 4.33028121649726E-03 4.35763037594242E-03 4.38609770524308E-03 4.41554872466269E-03 4.44582096520285E-03 4.47677975864398E-03 4.50827010264908E-03 4.54018910266237E-03 4.5724393264091E-03 4.60494123151711E-03 4.63760771151546E-03 4.67037445708973E-03 4.70319790873292E-03 4.73601663676697E-03 4.76878231936979E-03
0 0 0 0 0 0 0 0 0 0 0 0 0 0 0 0 0 0 0 0 0 0 0 0 0 0 0 0 0 0 4.05572438443918E-03 4.05645935738983E-03 4.05969545419592E-03 4.06532597764066E-03 4.07285603121303E-03 4.08190066426961E-03 4.09223550440015E-03 4.10367631909478E-03 4.11620872408047E-03 4.12988380966253E-03 4.14476172604659E-03 4.16092326636811E-03 4.17842890543524E-03 4.19737319851409E-03 4.21778154893168E-03 4.23968250364099E-03 4.26306059543628E-03 4.2879179047018E-03 4.31418745892957E-03 4.34175993400066E-03 4.37050652378569E-03 4.40026918043435E-03 4.43090044642516E-03 4.46222859801321E-03 4.4941163639158E-03 4.52642179830272E-03 4.55904957736093E-03 4.59191524897051E-03 4.62495389303419E-03 4.65809530849217E-03 4.69128413315441E-03 4.72447084529686E-03 4.75759493597532E-03 4.7906053401588E-03
0 0 0 0 0 0 0 0 0 0 0 0 0 0 0 0 0 0 0 0 0 0 0 0 0 0 0 0 0 4.02972440643694E-03 4.04287682274255E-03 4.04524407706266E-03 4.04992608291579E-03 4.05668271075849E-03 4.06520881395195E-03 4.07520269167926E-03 4.08649351360484E-03 4.09894585721281E-03 4.11255803824873E-03 0.004127391802807 4.14351109673606E-03 4.16100788452218E-03 4.17993777010296E-03 4.20037923643239E-03 4.22234330573043E-03 4.24583946906793E-03 4.27082955404063E-03 4.2972839941603E-03 4.32510652417483E-03 4.35415686405552E-03 4.38428205159322E-03 4.41530662699798E-03 4.44707234322212E-03 4.47940339374385E-03 4.5121660024128E-03 0.004545231365204 4.57851475821409E-03 4.61194438742107E-03 4.64547012192664E-03 4.67903826287308E-03 4.71260091018299E-03 4.74610139407861E-03 4.7794761242591E-03 4.81267160203587E-03
0 0 0 0 0 0 0 0 0 0 0 0 0 0 0 0 0 0 0 0 0 0 0 0 0 0 0 0 0 4.02972440643694E-03 4.0305494709143E-03 4.03407635642559E-03 4.04003933632085E-03 4.04796097228098E-03 4.05756302231162E-03 4.06859899405187E-03 4.08094327137079E-03 4.09449767368694E-03 4.10927777718475E-03 4.12535755458833E-03 4.14280354020698E-03 4.16171716001395E-03 4.18214760658125E-03 4.20415743589854E-03 4.22774057617181E-03 4.25288196155773E-03 4.27951838854495E-03 4.30758662700874E-03 4.33696275897523E-03 4.36747322559675E-03 4.39894289063374E-03 4.43118367443209E-03 4.46403136755933E-03 4.49731192104596E-03 4.53089600388096E-03 4.56466961199535E-03 4.59855792797607E-03 4.63250258853848E-03 4.66646622398051E-03 4.70041276396486E-03 4.73429967009301E-03 4.76806007978988E-03 4.80162520886021E-03 4.83493955710515E-03
0 0 0 0 0 0 0 0 0 0 0 0 0 0 0 0 0 0 0 0 0 0 0 0 0 0 0 0 4.00087176596162E-03 4.01539221492218E-03 4.01783177495188E-03 4.02281623507392E-03 4.03007734652065E-03 4.0392114579454E-03 4.04997161801724E-03 4.06214798680287E-03 4.07565169346999E-03 4.09041239137738E-03 4.10645809328626E-03 4.12387717508727E-03 4.14273721432175E-03 4.16314862355935E-03 4.18515111868359E-03 4.2087939632711E-03 4.23404947499542E-03 4.26087376034202E-03 4.28917528746324E-03 4.31885978325301E-03 4.34977492670788E-03 4.38171199842286E-03 4.4144786138408E-03 4.44788154369795E-03 4.48175515786222E-03 4.51593000786062E-03 4.55028327822617E-03 4.5847160104755E-03 4.6191627537215E-03 4.65357578021535E-03 4.6879281759009E-03 4.72220183746518E-03 4.7563593645163E-03 4.79031789188887E-03 4.82400369023941E-03 4.85736262378811E-03
0 0 0 0 0 0 0 0 0 0 0 0 0 0 0 0 0 0 0 0 0 0 0 0 0 0 0 0 4.00087176596162E-03 4.00167454827307E-03 4.00520041540844E-03 4.01153616246004E-03 0.004020126776536 4.03053291102989E-03 4.0425331093523E-03 4.0559434472814E-03 4.07070788258553E-03 4.08677709427409E-03 4.10418776617462E-03 4.12304529755791E-03 4.1434076036935E-03 4.16540027215238E-03 4.18904419443806E-03 4.21437795138035E-03 4.24134972559648E-03 4.2698799092189E-03 4.29985032275631E-03 4.33113123025261E-03 4.36355274478938E-03 4.39686373454317E-03 4.4308672841883E-03 4.46537247861756E-03 4.5002141954445E-03 4.53523181315181E-03 4.57030446763602E-03 4.6053537865693E-03 4.6403163012965E-03 4.67515499058868E-03 4.70984618446735E-03 4.74439169409417E-03 4.77876065930611E-03 4.81284376935499E-03 4.8465701586651E-03 4.87989142648648E-03
0 0 0 0 0 0 0 0 0 0 0 0 0 0 0 0 0 0 0 0 0 0 0 0 0 0 0 0 3.98676105942552E-03 3.98725225810497E-03 3.99226922642007E-03 4.00018416728671E-03 4.01023679232414E-03 4.02201121737802E-03 4.03534002199213E-03 4.05007953919181E-03 4.06620361377974E-03 4.08368486471828E-03 4.10256435847357E-03 4.12295637177613E-03 4.14491375496933E-03 4.16856618982911E-03 4.19391964361839E-03 4.22099255605693E-03 4.24970716579776E-03 4.27995172253519E-03 4.3115809446986E-03 4.34442800671623E-03 4.37829487986541E-03 4.41291472396996E-03 4.44809210121503E-03 4.48363996112896E-03 4.51939376382029E-03 4.55520285862275E-03 4.5909515376496E-03 4.62657654554807E-03 4.66201423095499E-03 4.6972343836386E-03 4.73221646654356E-03 4.76697625627401E-03 4.80147700153554E-03 4.83559568002465E-03 4.86927175657653E-03 4.90246631687035E-03
0 0 0 0 0 0 0 0 0 0 0 0 0 0 0 0 0 0 0 0 0 0 0 0 0 0 0 3.93337164201244E-03 3.96627409957556E-03 3.97135943577703E-03 3.97913853293388E-03 3.98898240361533E-03 0.004000617601206 4.01383008535327E-03 4.02855126937794E-03 4.04469271230897E-03 4.0622571536182E-03 4.08124090366178E-03 4.10168772650473E-03 4.12371035812092E-03 4.14735391128685E-03 4.17274068126164E-03 4.19986464664137E-03 4.22870826371672E-03 4.25917649920394E-03 4.29112310114741E-03 4.32438187670196E-03 4.35873989694833E-03 4.3939802997335E-03 4.42984930960034E-03 4.46614043586114E-03 4.50267731493732E-03 4.53929083217144E-03 4.57584994513715E-03 4.61223170320228E-03 4.64839244343132E-03 4.68425964356834E-03 4.71981217495453E-03 4.75502178208455E-03 4.78991345225069E-03 4.82445423118746E-03 4.8585139848732E-03 4.89204364671389E-03 4.92501967666084E-03
0 0 0 0 0 0 0 0 0 0 0 0 0 0 0 0 0 0 0 0 0 0 0 0 0 0 3.91235956462363E-03 3.93337164201244E-03 3.94630984495653E-03 3.95617856434882E-03 3.96658949800777E-03 3.97829653733173E-03 3.99149571751008E-03 4.00616311443321E-03 4.0223177552823E-03 4.03992035395476E-03 4.05899783169455E-03 4.07956564434418E-03 4.10166696921702E-03 4.12540696209938E-03 4.15081783132234E-03 4.17800555648157E-03 4.20694170406802E-03 4.23757792395439E-03 4.26979456401625E-03 4.30341823918334E-03 4.33825753536567E-03 4.37406695484502E-03 4.41061988670413E-03 4.44767347814794E-03 4.48502226376013E-03 4.52249355039311E-03 4.55992000039977E-03 4.59718027710428E-03 4.6341545177447E-03 4.67080289770839E-03 4.7070475458402E-03 4.74286877857185E-03 4.77823616464088E-03 4.81317589273736E-03 4.84764799594066E-03 4.88153496079247E-03 4.91481180781307E-03 4.94747435911481E-03
0 0 0 0 0 0 0 0 0 0 0 0 0 0 0 0 0 0 0 0 0 0 0 0 0 3.90347880825497E-03 3.91235956462363E-03 3.92177319814235E-03 3.93242565976611E-03 3.9433760791177E-03 3.95530054896304E-03 3.96849019707185E-03 3.98311828913069E-03 3.99920790044162E-03 4.01680937791815E-03 4.03591276254649E-03 4.05655973527735E-03 4.07877921088695E-03 4.10261164174831E-03 4.12814401155793E-03 4.15539136414654E-03 4.1844280546122E-03 4.21520245268259E-03 4.24763434270905E-03 4.28158042959024E-03 4.31684313561569E-03 4.35321043431122E-03 4.39041667812508E-03 4.42822767736006E-03 4.46641342708145E-03 4.5047705835491E-03 4.54312992515069E-03 4.58132457024117E-03 4.61923931909072E-03 4.6567564186963E-03 4.69382860313374E-03 4.7303796911739E-03 4.76638399017517E-03 4.80181209884988E-03 4.8366802964754E-03 4.87096250293088E-03 4.90456555044273E-03 4.93748603503541E-03 4.96974637350508E-03
0 0 0 0 0 0 0 0 0 0 0 0 0 0 0 0 0 0 0 0 0 0 0 0 0 3.90347880825497E-03 3.90431775173146E-03 3.9109272860212E-03 3.9206592102847E-03 3.93214562413072E-03 3.94515645165714E-03 3.95961789579186E-03 3.9755917807639E-03 3.99308896247692E-03 4.01215913672828E-03 4.03280365152433E-03 4.05506911359838E-03 4.07899809197717E-03 4.10462300344938E-03 4.13200653234903E-03 4.16113991945863E-03 4.19205994622361E-03 4.22468512901862E-03 4.25890445714295E-03 4.29455097630648E-03 4.33140966666724E-03 4.36925244898771E-03 4.4078007773142E-03 4.44681673048749E-03 4.48608456926188E-03 4.52540403582283E-03 4.56460331904883E-03 4.60351433054374E-03 4.64202432862226E-03 4.68001776134112E-03 4.71743537645008E-03 4.75420129605871E-03 4.7902854096301E-03 4.82566266382038E-03 4.86034366179193E-03 4.89431298582825E-03 4.92751364147292E-03 4.95997604418346E-03 4.99174999995207E-03
0 0 0 0 0 0 0 0 0 0 0 0 0 0 0 0 0 0 0 0 0 0 0 0 3.87326674484954E-03 3.88889552506482E-03 3.89223588526703E-03 3.89943079309856E-03 3.90958575034451E-03 3.92187294884077E-03 3.93596348483372E-03 3.9516659235342E-03 3.96897948611182E-03 3.98790678227399E-03 4.00848170522165E-03 4.03071366806744E-03 4.05464262762292E-03 4.08033183348101E-03 4.10780124089974E-03 4.13707761252694E-03 4.16813175311977E-03 4.20094688535671E-03 4.23541998160505E-03 4.27140205934736E-03 4.30871044510325E-03 4.3471171266869E-03 4.38638368996105E-03 4.42622686992082E-03 4.46639866848577E-03 4.50670829283141E-03 4.54694611237914E-03 4.58693475972525E-03 4.6265011824435E-03 4.66553279629447E-03 4.7039181776569E-03 4.74157554060035E-03 4.77844253952102E-03 4.81447795351174E-03 4.8496752902816E-03 4.88403316411521E-03 4.91756733198435E-03 4.95026207262649E-03 4.98217934255755E-03 5.01339813887192E-03
