NongDo/Fusa 14.6h.grd
DSAA
463	323
2	464
2	324
0	10
[rows 140 to 167 of 323, columns 192 to 255 of 463]
7.2706341509022E-03 7.32854889911992E-03 7.38547157047107E-03 7.44129830809265E-03 7.49590549543873E-03 7.54913946764155E-03 7.60085828018262E-03 7.65091842594486E-03 7.69918486484568E-03 7.74551793794118E-03 7.7897869516751E-03 7.83186628980699E-03 7.87165445058304E-03 7.9090712248183E-03 7.94405831479272E-03 7.97658198907485E-03 8.00663504594621E-03 8.03423890530103E-03 8.05943464867885E-03 8.0822817850183E-03 8.10285216084231E-03 8.1212267060616E-03 8.13748893472287E-03 8.15172414142827E-03 8.1640166519927E-03 8.17444828487318E-03 8.18310078054306E-03 8.19006008623958E-03 8.19543187058313E-03 8.19934084180903E-03 8.2019266917116E-03 8.20332890050335E-03 8.20368045953063E-03 8.20310514385428E-03 8.20171560229753E-03 8.1996062784588E-03 8.19685608672616E-03 8.19352535068302E-03 8.18965712755151E-03 8.18527586423817E-03 8.18041470766383E-03 8.17510854879192E-03 8.16939769459559E-03 8.16333499546274E-03 8.15700693403316E-03 8.15053884539357E-03 8.14410621320991E-03 8.13183023171669E-03 0 0 0 0 0 0 0 0 0 0 0 0 0 0 0 0
7.33057660351677E-03 7.38759908519855E-03 7.44350165279275E-03 7.49818719038093E-03 7.5515386464188E-03 7.6034079180162E-03 7.65366871285529E-03 7.70219138893768E-03 7.74885227444063E-03 7.79352033035936E-03 7.83607316626586E-03 7.87639184530767E-03 7.91438207972851E-03 7.94997019342875E-03 7.98310341472133E-03 8.01375406343163E-03 8.04192302510067E-03 8.06764156829047E-03 8.09095992025964E-03 8.11194720124994E-03 8.13068336390804E-03 8.14725575982449E-03 8.16175411154946E-03 8.17426941374443E-03 8.18489104225756E-03 8.19370657325396E-03 8.20080521188044E-03 8.20628041277785E-03 8.21024950574301E-03 8.21284932652551E-03 8.21422590221824E-03 8.21452098277531E-03 8.21386819429846E-03 8.2123892722382E-03 8.21019299408601E-03 8.20736840142123E-03 8.20399036977615E-03 8.20011255643713E-03 8.19576895913159E-03 8.19097130457748E-03 8.18575319353455E-03 8.18016053069647E-03 8.17423964642061E-03 8.16806146027515E-03 8.16176967140329E-03 8.15559507806082E-03 8.14410621320991E-03 0 0 0 0 0 0 0 0 0 0 0 0 0 0 0 0 0
7.38904299553266E-03 7.44507786649347E-03 7.49987573573575E-03 7.5533425327471E-03 7.60536596232988E-03 7.65581078532831E-03 7.70456954005909E-03 7.75152474003541E-03 7.79656046198169E-03 7.83955121387462E-03 7.88038006557788E-03 7.91893536679728E-03 7.95512950788479E-03 7.98889407065486E-03 8.02018157111406E-03 8.0489717109187E-03 8.07527470767737E-03 8.09913180311645E-03 8.12060328330993E-03 8.13976873131904E-03 8.15671649617887E-03 8.17154007190047E-03 8.18433466629062E-03 8.19519589320353E-03 8.20421699976949E-03 8.21149024762224E-03 8.21711146789811E-03 8.2211844372323E-03 0.008223839760243 8.22522195238048E-03 8.22547910065816E-03 8.22475383827254E-03 8.2231798868094E-03 8.22087772031404E-03 8.21795427681971E-03 8.21449230556139E-03 8.21056063952868E-03 8.20620743940875E-03 8.20146006891521E-03 8.19631623547469E-03 8.19080779345308E-03 8.18500169285768E-03 8.17896287663962E-03 8.17279281743032E-03 8.16670242959285E-03 8.15559507806082E-03 0 0 0 0 0 0 0 0 0 0 0 0 0 0 0 0 0 0
7.44604348924187E-03 7.50100795296486E-03 7.55462778703964E-03 7.60680853297749E-03 7.65744612253668E-03 7.70642830179167E-03 7.75365827307533E-03 7.79902839393431E-03 7.84242601901834E-03 7.88373008969084E-03 7.92282765842792E-03 7.9596165240767E-03 7.99401314757727E-03 8.02595423863456E-03 8.05539879008484E-03 8.0823361746153E-03 8.10678710433808E-03 8.12880322250741E-03 8.14845683904788E-03 8.16583867179874E-03 8.18104567432675E-03 8.19417656493681E-03 8.20533121279638E-03 8.21460854562675E-03 8.22210431808789E-03 8.22791467799816E-03 8.23214195977731E-03 8.23490120004055E-03 8.23633359705297E-03 8.23658828707382E-03 8.23581387711545E-03 8.23415249126486E-03 8.23173775051711E-03 8.22868866001297E-03 8.2251110760058E-03 8.22108339829177E-03 8.21666564938937E-03 8.21189972676426E-03 8.20680742106381E-03 8.20138173396622E-03 8.19565257450142E-03 8.18971628156398E-03 8.18367939074152E-03 8.17769690344241E-03 8.16670242959285E-03 0 0 0 0 0 0 0 0 0 0 0 0 0 0 0 0 0 0 0
7.50163051809665E-03 7.55545156584129E-03 7.60782572999296E-03 7.65866379605236E-03 7.70787695048612E-03 7.75537205352157E-03 7.80105395776578E-03 7.8448223020689E-03 7.88656578250479E-03 7.92616916465957E-03 7.96352428721675E-03 7.99853683151024E-03 8.03112580489014E-03 8.06123522034735E-03 8.0888332182696E-03 8.11392045368724E-03 8.13652928112586E-03 8.15672389082354E-03 8.17459042096222E-03 8.19023025496796E-03 8.20374779658275E-03 8.21524660752363E-03 8.22483014647307E-03 8.23259877488745E-03 8.23864948319813E-03 8.24308167034608E-03 8.24600413399911E-03 8.24754268722522E-03 8.24784687563497E-03 8.24706631735794E-03 8.24534716575485E-03 8.24283217606141E-03 8.23965605811378E-03 8.23593552454783E-03 8.2317730296339E-03 8.22724528571979E-03 8.2224033643985E-03 8.2172786065914E-03 8.21188444162096E-03 8.20622230507065E-03 8.20033573346665E-03 8.19436341466559E-03 8.18847921392787E-03 8.17769690344241E-03 0 0 0 0 0 0 0 0 0 0 0 0 0 0 0 0 0 0 0 0
7.55590913068034E-03 7.60852559169045E-03 7.65960103630659E-03 7.7090550921725E-03 7.75681057718419E-03 7.80278626578512E-03 7.84689185209499E-03 7.88903000890273E-03 7.92909203491012E-03 7.96696831040217E-03 8.00255593180763E-03 8.03576602493107E-03 8.06652461932237E-03 8.09478498144644E-03 8.12052712888803E-03 8.14376426452993E-03 8.16454261171952E-03 8.18294045114146E-03 8.19905739401673E-03 8.21300443892326E-03 8.22489185174082E-03 0.008234826818586 8.24291378677641E-03 8.24925283996063E-03 8.25394180959477E-03 8.2570825587168E-03 8.25878867455511E-03 8.25919513491089E-03 8.25845806155902E-03 8.25672584224063E-03 8.25414254336247E-03 8.25085187540708E-03 8.24698994475958E-03 8.2426728657152E-03 8.23800031803522E-03 0.008233045313957 8.2278470060136E-03 8.22242130410292E-03 8.21677919628283E-03 8.2109405308153E-03 8.20498885090347E-03 8.19912258930518E-03 8.18847921392787E-03 0 0 0 0 0 0 0 0 0 0 0 0 0 0 0 0 0 0 0 0 0
7.60894226257988E-03 7.66029985804005E-03 7.71003065682907E-03 7.75806216844516E-03 7.80432383274143E-03 7.84874365324891E-03 7.89123722725562E-03 7.9317094678037E-03 7.97005525428771E-03 8.00616984130019E-03 8.03995532334854E-03 8.07132956690046E-03 8.10022995706424E-03 8.12662190824182E-03 8.15049992701375E-03 8.1718907770259E-03 8.19085633518341E-03 8.20748987255623E-03 8.2219033209288E-03 8.23421562421632E-03 8.24454099567599E-03 8.25298723071623E-03 8.25965671088907E-03 8.26464887106522E-03 8.26806233645623E-03 8.27000128261073E-03 8.27058379663644E-03 8.26994806528789E-03 8.26824968667157E-03 8.26564007117822E-03 8.26226689777961E-03 8.25827350834026E-03 8.25379545080259E-03 8.2489517079482E-03 8.24384500941615E-03 8.23854414901624E-03 8.23306630314024E-03 8.22740008152924E-03 8.22156849552004E-03 8.21563389908561E-03 8.20976495835942E-03 8.19912258930518E-03 0 0 0 0 0 0 0 0 0 0 0 0 0 0 0 0 0 0 0 0 0 0
7.66074775886837E-03 7.71079104773136E-03 7.75912743806788E-03 7.80569075507771E-03 7.85041631488771E-03 7.89324032261006E-03 7.9340823947538E-03 7.97284925390061E-03 8.00943944608558E-03 8.04375389522788E-03 8.07570167048777E-03 8.10520971336864E-03 8.13222893057399E-03 8.15674019698647E-03 8.17875453241263E-03 8.19831306827763E-03 8.21549436519126E-03 8.23040697790007E-03 8.24317290201172E-03 8.25391649035347E-03 8.26275329166595E-03 8.26978910644249E-03 8.27512349715343E-03 8.27885442715079E-03 8.28107996729777E-03 8.28190546173081E-03 8.28145171108575E-03 8.27985882793474E-03 8.27728272904842E-03 8.27387580579804E-03 8.26978886707717E-03 8.26516623110353E-03 8.26014388650978E-03 8.25484635864014E-03 8.24938988885206E-03 8.2438470600002E-03 8.23819017523808E-03 8.23233888034057E-03 8.22638218225145E-03 8.22046352249338E-03 8.20976495835942E-03 0 0 0 0 0 0 0 0 0 0 0 0 0 0 0 0 0 0 0 0 0 0 0
7.71130882792946E-03 7.7599790977033E-03 7.80686671742628E-03 7.8519117157008E-03 7.8950554427737E-03 7.93624055945554E-03 7.97538874425065E-03 8.01240851791751E-03 8.04720307255513E-03 8.07968035000761E-03 8.10975880284341E-03 8.13737666977523E-03 8.16250085054848E-03 8.18512979349875E-03 8.20529235735884E-03 8.22304553808588E-03 8.23848529216477E-03 8.25173344435457E-03 8.26291881352444E-03 8.27216810485128E-03 8.27959535654928E-03 8.28530342838928E-03 8.28938903998874E-03 8.29194692066978E-03 8.29307271986855E-03 8.2928722289343E-03 8.29146828853693E-03 8.2890025105532E-03 8.28563160280079E-03 8.28150819767239E-03 8.27678412210948E-03 8.27160420309483E-03 8.26610691224867E-03 8.26042987049668E-03 8.25472536979622E-03 8.2490974524579E-03 8.24343508398013E-03 8.23739372319867E-03 8.23135970184773E-03 8.22046352249338E-03 0 0 0 0 0 0 0 0 0 0 0 0 0 0 0 0 0 0 0 0 0 0 0 0
7.7605837141655E-03 7.80781830381137E-03 7.85319904294654E-03 7.89667236071475E-03 7.93818502054469E-03 7.97768459622077E-03 8.01509470509291E-03 8.05032608715241E-03 8.08328758932853E-03 8.11389599839445E-03 8.14208134311601E-03 8.16779543165184E-03 8.1910235642055E-03 8.21178345973327E-03 8.23012268773975E-03 8.24611445302236E-03 8.25987016703537E-03 8.2715225361119E-03 8.28120449904213E-03 8.28904210073621E-03 8.29514576016591E-03 8.29961398976208E-03 8.30253917541769E-03 8.30401170608386E-03 8.3041245950472E-03 8.30298358968203E-03 8.30071322387377E-03 8.29745646862631E-03 8.2933723817334E-03 8.28861377367715E-03 8.2833296090712E-03 8.2776599402415E-03 8.27174282879774E-03 8.26574621934622E-03 8.25992156190168E-03 8.25450545998089E-03 8.24931876028447E-03 8.24279208858584E-03 8.23135970184773E-03 0 0 0 0 0 0 0 0 0 0 0 0 0 0 0 0 0 0 0 0 0 0 0 0 0
7.80850993227707E-03 7.85424428744395E-03 7.89805870633061E-03 7.93990619418589E-03 7.97973830384148E-03 8.01750588648453E-03 8.05313484750721E-03 8.08653971858677E-03 8.11763679511442E-03 8.14635273115307E-03 8.17263113194268E-03 8.19644050837993E-03 8.21778662681457E-03 8.23670664759994E-03 8.25326666345197E-03 8.26755601906186E-03 8.27969921545005E-03 8.28983627496146E-03 8.29810126964261E-03 8.30461727566947E-03 8.30948923129886E-03 8.31280973516806E-03 8.31466525718274E-03 8.31514103989532E-03 8.31432741535885E-03 8.31233044705772E-03 8.30927676849718E-03 8.30531019907982E-03 8.30059252860878E-03 8.29527910982233E-03 8.28951267593845E-03 8.28341430098401E-03 8.2770994357585E-03 8.27077229056368E-03 8.26491671494775E-03 8.26022127993296E-03 8.25731718516634E-03 8.24279208858584E-03 0 0 0 0 0 0 0 0 0 0 0 0 0 0 0 0 0 0 0 0 0 0 0 0 0 0
7.85500945859147E-03 7.89917914966754E-03 7.94136828356031E-03 7.98153665135165E-03 8.01964019199048E-03 8.05563165965736E-03 8.08944046605723E-03 8.12098713764692E-03 8.15019688392127E-03 8.17700774763621E-03 8.20137923112112E-03 8.22329928180186E-03 8.24279392802156E-03 8.25991962694195E-03 8.27476024939558E-03 8.2874202237185E-03 8.29803352833895E-03 8.3067442219846E-03 8.31368567356252E-03 8.31897555583038E-03 8.32271134704453E-03 8.32497828476268E-03 8.32585602293053E-03 8.32542409735401E-03 8.32377050138861E-03 8.32100144428168E-03 8.31724521183039E-03 8.31264754314053E-03 8.30737714741397E-03 8.30159659393945E-03 8.29543948839746E-03 8.28898262699803E-03 8.28224437453724E-03 8.27536851478373E-03 8.26926220269304E-03 8.26532620242936E-03 8.26486328862845E-03 0 0 0 0 0 0 0 0 0 0 0 0 0 0 0 0 0 0 0 0 0 0 0 0 0 0 0
7.89999846862375E-03 7.94254268033436E-03 7.98305201616578E-03 8.0214923926542E-03 8.05782348692325E-03 8.09200048262032E-03 8.12395806055659E-03 8.15362391928648E-03 8.18093396221026E-03 8.20584015388117E-03 8.22832016410561E-03 8.24838144317179E-03 8.26606967495491E-03 8.28146083452408E-03 8.29465577260347E-03 8.3057703996168E-03 8.31494435325521E-03 8.32232427921211E-03 8.32804076895614E-03 8.33220386867519E-03 8.33490217500431E-03 8.33621186592929E-03 8.33620429837145E-03 8.33495422690279E-03 8.33254845401193E-03 8.32909227528591E-03 8.32471361873688E-03 8.31956073312868E-03 8.31381755936763E-03 8.30766944589669E-03 8.30125312922917E-03 8.29458109449773E-03 8.28740003449249E-03 8.27926735626128E-03 8.27206090810714E-03 8.26805928979387E-03 8.26486328862845E-03 0 0 0 0 0 0 0 0 0 0 0 0 0 0 0 0 0 0 0 0 0 0 0 0 0 0 0
7.94339109564857E-03 7.98425537625358E-03 8.02303659711247E-03 8.05970701393922E-03 8.09423033046979E-03 8.12656476076416E-03 8.15665058551335E-03 8.18442464376458E-03 8.20983621435251E-03 8.23285325871032E-03 8.2534718550891E-03 8.27171833600751E-03 8.28765814168697E-03 8.30138588776929E-03 8.3130172824947E-03 8.32267631043356E-03 8.3305071753755E-03 8.33665723139432E-03 8.34125050362129E-03 8.3443870910148E-03 8.34614582257382E-03 8.34659381117481E-03 8.34579506497949E-03 8.3438194369771E-03 8.34075209217629E-03 8.33669665030557E-03 8.33177839410923E-03 8.32614527626552E-03 8.3200088158042E-03 8.31361121217823E-03 8.30714920008088E-03 8.30066483819475E-03 8.29350099455401E-03 8.28212629933579E-03 8.27206090810714E-03 8.26805928979387E-03 0 0 0 0 0 0 0 0 0 0 0 0 0 0 0 0 0 0 0 0 0 0 0 0 0 0 0 0
7.98511303083192E-03 8.02425092908482E-03 8.06126415804745E-03 8.09613191978989E-03 8.12882231928909E-03 8.15929599490388E-03 8.18750042453031E-03 8.21338449870878E-03 8.23691335330662E-03 8.25807131882162E-03 8.27687264246687E-03 8.29336223604099E-03 8.30762435421325E-03 8.3197699149672E-03 8.32992615189712E-03 8.3382249037571E-03 8.34481444623118E-03 8.34983835010374E-03 8.35340988717825E-03 8.35561851641643E-03 8.35653350386669E-03 8.35621420903531E-03 8.35471902669172E-03 8.35211268228763E-03 8.34847713854083E-03 8.34391335955127E-03 8.33854122580898E-03 8.33250117142489E-03 8.32603787224972E-03 8.31949576511658E-03 8.31325256084739E-03 8.3078514216875E-03 8.30414212020497E-03 8.28212629933579E-03 0 0 0 0 0 0 0 0 0 0 0 0 0 0 0 0 0 0 0 0 0 0 0 0 0 0 0 0 0 0
8.02510146272753E-03 8.06247586177089E-03 8.09769100560674E-03 8.13073337936844E-03 8.16157598544867E-03 8.19018101680188E-03 8.21650699400832E-03 8.24051735250833E-03 8.26219408745971E-03 8.28153742103401E-03 8.29858010742323E-03 8.31338476552223E-03 8.32605191338396E-03 8.33670655492999E-03 8.34548447973327E-03 8.35252438069468E-03 8.35797433489563E-03 8.36197128251882E-03 8.36461785602913E-03 8.3659930984759E-03 8.36615785038829E-03 8.36516456061575E-03 8.36306678918562E-03 8.35992486096162E-03 8.35581632276205E-03 8.35083670885589E-03 8.34509313781352E-03 8.33870809845168E-03 8.33195109622151E-03 8.32527210924604E-03 8.31919467689541E-03 8.3147374138151E-03 8.31414420390134E-03 0 0 0 0 0 0 0 0 0 0 0 0 0 0 0 0 0 0 0 0 0 0 0 0 0 0 0 0 0 0 0
8.0633057561604E-03 8.09889112086132E-03 8.13229097354747E-03 8.16349726442648E-03 8.19248746796688E-03 8.21922920262755E-03 8.24369535564658E-03 8.26586402114724E-03 8.28573344838807E-03 8.30332007655407E-03 8.31867486340914E-03 8.33187672321842E-03 8.34304014339724E-03 8.35230088890597E-03 8.35980084545324E-03 8.36568328030102E-03 8.37009240057533E-03 8.37315667739501E-03 8.37496877481756E-03 8.37559997239428E-03 8.37510521375369E-03 8.37353055036532E-03 8.37092403256384E-03 8.36734295764425E-03 8.36286006085879E-03 8.3575612017223E-03 8.35153196534664E-03 8.34486127755685E-03 8.33781330744649E-03 8.33088752424743E-03 8.32449363377734E-03 8.31897791132597E-03 8.31414420390134E-03 0 0 0 0 0 0 0 0 0 0 0 0 0 0 0 0 0 0 0 0 0 0 0 0 0 0 0 0 0 0 0
8.09968257708555E-03 8.1334657742763E-03 8.16504536752455E-03 8.19441812822537E-03 8.22156840830054E-03 8.24647273527788E-03 8.26911648651781E-03 8.28949286598825E-03 8.30761592764321E-03 8.32351813979288E-03 8.33726619765914E-03 8.34895372668688E-03 8.35870656760511E-03 8.36666819077456E-03 8.37298464750217E-03 8.37780190114584E-03 8.38125927832922E-03 8.38347522052727E-03 8.38453490453832E-03 8.38450395721103E-03 8.38343282275617E-03 8.38136301764903E-03 8.3783390324965E-03 8.37441591499016E-03 8.36966077692379E-03 8.36414318768888E-03 0.008357915171375 8.35102506563253E-03 8.34373403675054E-03 8.33656647370057E-03 8.32987199111875E-03 8.31897791132597E-03 0 0 0 0 0 0 0 0 0 0 0 0 0 0 0 0 0 0 0 0 0 0 0 0 0 0 0 0 0 0 0 0
8.13422281568601E-03 8.16620412699542E-03 8.19597128357649E-03 8.22352788388996E-03 8.24886726911005E-03 8.27197449688503E-03 8.29284640393586E-03 8.31149147360927E-03 8.32793906306704E-03 8.34223610091104E-03 8.3544628586107E-03 8.36472596539729E-03 8.37316012843742E-03 8.37991471048924E-03 8.38513861397764E-03 8.38897730934985E-03 8.39156257467015E-03 8.39300556441703E-03 8.3933880225155E-03 8.39277103906871E-03 8.39120067772445E-03 8.38871604908154E-03 8.3853618857186E-03 8.38119404653825E-03 8.37627605248102E-03 8.3706561000365E-03 8.36432249472773E-03 8.35724431362499E-03 8.34978420184775E-03 8.34252460980756E-03 8.32987199111875E-03 0 0 0 0 0 0 0 0 0 0 0 0 0 0 0 0 0 0 0 0 0 0 0 0 0 0 0 0 0 0 0 0 0
8.16694572305919E-03 8.19714021350875E-03 8.2251183838313E-03 8.25089217132546E-03 8.27446279715004E-03 8.29582267962762E-03 8.31498146450748E-03 8.33196267080326E-03 8.34680994640506E-03 8.3595823096695E-03 8.37037248641527E-03 8.37929839916223E-03 8.3865013991291E-03 8.39213477773125E-03 8.39634827253326E-03 8.39928585932852E-03 8.4010736927928E-03 8.40181679034548E-03 8.40159434978451E-03 8.40046526629492E-03 8.3984731242137E-03 8.39565548506071E-03 8.39206004719197E-03 8.38775133944829E-03 8.38280249018085E-03 8.3772606374453E-03 8.37101596535718E-03 8.36370604170121E-03 8.35611708059269E-03 8.34252460980756E-03 0 0 0 0 0 0 0 0 0 0 0 0 0 0 0 0 0 0 0 0 0 0 0 0 0 0 0 0 0 0 0 0 0 0
8.19789550225778E-03 8.2263316116448E-03 8.25255798173328E-03 8.27659353755379E-03 8.29844579580627E-03 8.31811584645386E-03 8.33562703282397E-03 8.35101658875517E-03 8.36434031750033E-03 8.37566850743849E-03 8.38510528690221E-03 8.39277768359831E-03 8.39883171234283E-03 8.40342303841651E-03 8.40670144356424E-03 8.40880904492839E-03 8.40986746696577E-03 8.4099779647032E-03 8.4092186771629E-03 8.40764887342423E-03 8.40531267128933E-03 8.40224698700748E-03 8.39850302002278E-03 8.39416374307786E-03 8.38934612114383E-03 8.3841912381293E-03 8.37856985110797E-03 8.37058750559709E-03 8.35611708059269E-03 0 0 0 0 0 0 0 0 0 0 0 0 0 0 0 0 0 0 0 0 0 0 0 0 0 0 0 0 0 0 0 0 0 0 0
8.2271340240726E-03 8.25385099539666E-03 8.27837165318737E-03 8.30072069244243E-03 8.32091290901654E-03 8.33895910418861E-03 8.35489462031774E-03 8.36876915563006E-03 8.38064893020696E-03 8.3906143527935E-03 8.3987783211909E-03 8.40527526889852E-03 8.41025467206766E-03 8.41387367799307E-03 8.4162824735136E-03 8.41762177781161E-03 8.41801111072717E-03 8.41754988780231E-03 8.41631690530497E-03 8.41437404272431E-03 8.41176866609386E-03 8.40854054171706E-03 8.40474648458401E-03 8.40048901423566E-03 8.39596080874573E-03 8.39164819923681E-03 8.38868073991779E-03 8.37058750559709E-03 0 0 0 0 0 0 0 0 0 0 0 0 0 0 0 0 0 0 0 0 0 0 0 0 0 0 0 0 0 0 0 0 0 0 0 0
8.25474521996535E-03 8.27979029931313E-03 8.30265783697986E-03 8.32337780360672E-03 8.34197309531356E-03 8.35846517469376E-03 8.37289994718995E-03 8.38533719744345E-03 8.39585151204066E-03 8.40453268190247E-03 8.41150041147291E-03 8.41689411300386E-03 8.42086571240081E-03 8.42357434385868E-03 8.42517163678637E-03 8.42579755936667E-03 8.42557096666047E-03 8.42459210920477E-03 8.42294271125848E-03 8.42068957519789E-03 8.41788722018657E-03 8.41458449503186E-03 8.41084683194645E-03 8.40677286581719E-03 8.40251247644443E-03 8.39864049734961E-03 8.39808284014288E-03 0 0 0 0 0 0 0 0 0 0 0 0 0 0 0 0 0 0 0 0 0 0 0 0 0 0 0 0 0 0 0 0 0 0 0 0 0
0.008280828265252 8.30425468896201E-03 8.32552693598314E-03 8.34467990412871E-03 8.36174483198853E-03 8.37675437855787E-03 8.38976294752243E-03 8.40083850846284E-03 8.41006244197318E-03 8.4175327568985E-03 8.42337357412248E-03 8.42772775652617E-03 8.43075055933773E-03 8.43260325645508E-03 8.43343958618116E-03 8.43339978013153E-03 8.43260443679473E-03 8.43115668473897E-03 8.4291429170805E-03 8.4266370663676E-03 8.42370581351765E-03 8.42041953161206E-03 8.41687290848491E-03 8.41316342596989E-03 8.40913364590659E-03 8.40328794435116E-03 8.39808284014288E-03 0 0 0 0 0 0 0 0 0 0 0 0 0 0 0 0 0 0 0 0 0 0 0 0 0 0 0 0 0 0 0 0 0 0 0 0 0
8.30549121305151E-03 8.32735481794626E-03 8.34709079337667E-03 8.36473966445918E-03 8.3803414837373E-03 8.39393874219176E-03 8.40559258690104E-03 8.41537826222208E-03 8.42338290126774E-03 8.42971000206375E-03 8.43448599355594E-03 8.43785787699192E-03 8.43998494890453E-03 8.44103077038999E-03 8.4411512440326E-03 8.44048821854516E-03 8.43916648854943E-03 8.43729393605097E-03 8.43496334414386E-03 8.43225786811921E-03 8.42926012548984E-03 8.42607827174426E-03 8.42289624225434E-03 8.42002703639039E-03 8.41791840332508E-03 8.40328794435116E-03 0 0 0 0 0 0 0 0 0 0 0 0 0 0 0 0 0 0 0 0 0 0 0 0 0 0 0 0 0 0 0 0 0 0 0 0 0 0
8.32884598004688E-03 8.34920346908702E-03 8.36746303467109E-03 8.38367072081528E-03 8.39787462435689E-03 8.41012578870007E-03 8.42049125684268E-03 8.42905236187629E-03 8.43590034867183E-03 8.44114275219384E-03 8.44490935755306E-03 8.44735151133961E-03 0.008448631982256 8.44891671464896E-03 8.44836429157651E-03 8.4471186282837E-03 8.44530986070088E-03 8.44305273726296E-03 8.44044852482611E-03 8.43759297370908E-03 8.43458790481733E-03 8.43158063666714E-03 8.42885025075433E-03 8.42692660133798E-03 8.42641952662613E-03 0 0 0 0 0 0 0 0 0 0 0 0 0 0 0 0 0 0 0 0 0 0 0 0 0 0 0 0 0 0 0 0 0 0 0 0 0 0 0
8.35099596746846E-03 8.36990272770521E-03 8.38674359783991E-03 8.40157042954293E-03 8.41443871972961E-03 8.42540686864374E-03 8.43454675576569E-03 8.44194357307757E-03 8.4476912236327E-03 8.4519020174651E-03 8.45471067287868E-03 8.45627192320097E-03 8.45675090429438E-03 8.45631666282251E-03 8.45513141913365E-03 0.008453341225727 8.45108139756761E-03 8.44847589069761E-03 8.44563718684117E-03 8.44267753151463E-03 8.43972313617211E-03 8.43695423936877E-03 8.43468496866687E-03 8.43334068407245E-03 8.42641952662613E-03 0 0 0 0 0 0 0 0 0 0 0 0 0 0 0 0 0 0 0 0 0 0 0 0 0 0 0 0 0 0 0 0 0 0 0 0 0 0 0
8.37203574486657E-03 8.38954553491585E-03 8.40502427692906E-03 8.41852950450222E-03 8.43012259700504E-03 8.43986808144756E-03 8.44784101923593E-03 8.45412902331169E-03 8.4588291908982E-03 8.46205854393035E-03 8.46395623214686E-03 8.46467995445319E-03 8.46439786584137E-03 8.46328201120075E-03 8.46149823840152E-03 8.45919555190858E-03 8.45651547612383E-03 8.45359300632415E-03 8.45055375360767E-03 8.44752919849178E-03 8.44467496111475E-03 8.44221745543316E-03 8.44055715791581E-03 8.44013567934449E-03 0 0 0 0 0 0 0 0 0 0 0 0 0 0 0 0 0 0 0 0 0 0 0 0 0 0 0 0 0 0 0 0 0 0 0 0 0 0 0 0
