NongDo/Fusa 17.4h.grd
DSAA
463	323
2	464
2	324
0	10
[rows 252 to 279 of 323, columns 0 to 62 of 463]
0 0 0 0 0 0 0 0 0 0 0 0 0 0 0 0 0 0 0 0 0 0 0 0 0 0 0 0 0 0 0 0 0 0 0 0 0 0 3.99076151398974E-03 4.00291334610733E-03 4.00946406182232E-03 4.01491077783218E-03 4.02101608082046E-03 4.02818915371394E-03 4.03661142414381E-03 4.04637378769837E-03 4.05759854519896E-03 4.07036450181483E-03 4.08478948623713E-03 4.10097235808784E-03 4.11901775175879E-03 4.13902226151012E-03 4.16104664459755E-03 4.18513980104293E-03 4.21130024157421E-03 4.23953197744207E-03 4.2697721416256E-03 4.30195308561603E-03 4.33595933903392E-03 4.37169885869493E-03 4.40901939886928E-03 4.44772140265423E-03 4.48758309866875E-03
0 0 0 0 0 0 0 0 0 0 0 0 0 0 0 0 0 0 0 0 0 0 0 0 0 0 0 0 0 0 0 0 0 0 0 0 0 3.9801886961948E-03 3.99076151398974E-03 3.99635750234369E-03 4.0023629704805E-03 4.00865174928364E-03 4.01572251083647E-03 4.02384670573964E-03 4.03322738607516E-03 4.04398968641608E-03 4.05627465982523E-03 4.07018057554083E-03 4.08583564269107E-03 4.10335379605722E-03 4.12284323958451E-03 4.14439954105168E-03 4.16807579325429E-03 4.19390962286753E-03 4.2218836661069E-03 4.25197987407813E-03 4.28411336104044E-03 4.31818892974159E-03 4.35406255687897E-03 4.39160801293245E-03 4.43064576341574E-03 4.47094939773582E-03 4.5122733998794E-03
0 0 0 0 0 0 0 0 0 0 0 0 0 0 0 0 0 0 0 0 0 0 0 0 0 0 0 0 0 0 0 0 0 0 0 0 3.97120802185741E-03 3.9801886961948E-03 3.98509659625213E-03 3.9904880286499E-03 3.99655687728437E-03 4.00339324969849E-03 4.01122570533757E-03 4.02021301501576E-03 4.03053094571607E-03 4.0423107457508E-03 4.05570003278178E-03 0.004070807980161 4.08776904224135E-03 4.10670722799661E-03 4.12773134736825E-03 4.15093234789707E-03 4.17635205740735E-03 4.20401230110311E-03 4.23387457147737E-03 4.26589871475999E-03 4.29997270597014E-03 4.33596926626555E-03 4.37371230743726E-03 4.41304321050002E-03 4.45375174417777E-03 4.49558549158722E-03 4.53827739593915E-03
0 0 0 0 0 0 0 0 0 0 0 0 0 0 0 0 0 0 0 0 0 0 0 0 0 0 0 0 0 0 0 0 0 0 0 3.96670875925761E-03 3.97120802185741E-03 3.97511042549415E-03 3.97964220531826E-03 3.98501024466747E-03 3.99134353759715E-03 3.99871951669317E-03 4.00727981130444E-03 4.01712336322262E-03 4.02840459990033E-03 4.0412555753576E-03 4.05582279077682E-03 4.07222207453535E-03 4.09058770976522E-03 4.11105306275845E-03 4.13372062156072E-03 4.1586737756414E-03 4.18593803341807E-03 4.21551641076658E-03 4.24734248219085E-03 4.28135332112486E-03 4.31740446495977E-03 4.35533139026961E-03 4.39492568308032E-03 4.43599666261167E-03 4.47830737977901E-03 4.52157810755155E-03 4.56552364570244E-03
0 0 0 0 0 0 0 0 0 0 0 0 0 0 0 0 0 0 0 0 0 0 0 0 0 0 0 0 0 0 0 0 0 0 0 3.96670875925761E-03 3.96707736390644E-03 3.96978948250557E-03 3.97405422243074E-03 3.97957497984457E-03 3.9863231258411E-03 3.99431776533848E-03 4.00365800405537E-03 4.01442076893578E-03 4.02674363407766E-03 4.04075813625384E-03 4.05660768928159E-03 4.07441371101477E-03 4.09430860484897E-03 4.11642697694976E-03 4.14086230030375E-03 4.16768482486371E-03 4.1969000455651E-03 4.22848764016966E-03 4.26235321153922E-03 4.29839997721375E-03 4.3364458646512E-03 4.37629117706793E-03 4.4176976795333E-03 4.46044339278804E-03 4.50426276840376E-03 4.54885446623656E-03 4.59391932779597E-03
0 0 0 0 0 0 0 0 0 0 0 0 0 0 0 0 0 0 0 0 0 0 0 0 0 0 0 0 0 0 0 0 0 0 3.95101170126338E-03 3.9593874096851E-03 0.003960597264864 3.96350703316177E-03 3.96800394491799E-03 3.97393698732735E-03 3.98127070592257E-03 3.99000640147874E-03 4.00022304986463E-03 4.01200806396939E-03 4.02548541438452E-03 4.0407889049383E-03 4.05805205666795E-03 4.07740676238614E-03 4.09897587701245E-03 4.12289122660333E-03 4.14923213935479E-03 4.1780512746014E-03 4.20932820785855E-03 4.24301433300021E-03 4.27898451174115E-03 4.31709515708066E-03 4.35713149198293E-03 4.39885806527403E-03 4.44201008555498E-03 4.48633251285284E-03 4.53154133357038E-03 4.57731638713367E-03 4.62334842425359E-03
0 0 0 0 0 0 0 0 0 0 0 0 0 0 0 0 0 0 0 0 0 0 0 0 0 0 0 0 0 0 0 0 0 0 3.95101170126338E-03 3.95144330508762E-03 3.95304662259913E-03 3.95638452678773E-03 3.9613888511187E-03 3.9679490830781E-03 3.97603842477028E-03 3.98565980534087E-03 3.99689052512074E-03 4.00983313223467E-03 0.004024609125036 4.04135310698942E-03 4.06018937788179E-03 4.08125324632323E-03 4.10465744786265E-03 4.13052493658684E-03 4.15891666470676E-03 4.18986120188165E-03 4.22330614063229E-03 4.25916833594746E-03 4.29728486221771E-03 4.33746731526902E-03 4.3794647696193E-03 4.42300922905045E-03 4.46781089881223E-03 4.51359030076421E-03 4.5600476831636E-03 4.60684930253252E-03 4.65368176419663E-03
0 0 0 0 0 0 0 0 0 0 0 0 0 0 0 0 0 0 0 0 0 0 0 0 0 0 0 0 0 0 0 0 0 0 3.94237219153506E-03 3.94248170294717E-03 3.94452484583572E-03 3.9484740693403E-03 3.95418825958031E-03 3.96155864391931E-03 3.97056756142512E-03 3.98122976543127E-03 3.99363173061442E-03 4.00789444569361E-03 4.02413723619612E-03 4.04249911017248E-03 4.06308724032549E-03 4.08603965479306E-03 4.11145069048582E-03 4.13943347347006E-03 4.17002397455819E-03 4.20321879167778E-03 4.2389253699252E-03 4.27701962815701E-03 4.31729934683269E-03 4.35953191638743E-03 4.40343238965169E-03 4.4487004615268E-03 4.49502738794826E-03 4.54211546702435E-03 4.58966060451002E-03 4.63731575572538E-03 4.68477128092822E-03
0 0 0 0 0 0 0 0 0 0 0 0 0 0 0 0 0 0 0 0 0 0 0 0 0 0 0 0 0 0 0 0 0 0 3.93205166421178E-03 3.93225945978012E-03 3.93497740774262E-03 3.93975486536169E-03 3.94637957859615E-03 3.9547462474578E-03 3.96485149029731E-03 3.97672736201071E-03 3.99047343286579E-03 4.00623878927845E-03 4.02413842350579E-03 4.04431191727197E-03 0.004066845974521 4.09187716073862E-03 4.11947103718303E-03 4.14973392546775E-03 4.1826666382661E-03 4.21822217118017E-03 4.25626085035305E-03 4.29661618992895E-03 4.33904534479466E-03 4.38327465052833E-03 4.42898762221293E-03 4.47585725252161E-03 4.52356035896133E-03 4.57179015729695E-03 4.62024574189658E-03 4.66856827245196E-03 4.71646453772258E-03
0 0 0 0 0 0 0 0 0 0 0 0 0 0 0 0 0 0 0 0 0 0 0 0 0 0 0 0 0 0 0 0 0 3.90437504093187E-03 3.91858976618598E-03 3.92042513048764E-03 3.92438356747551E-03 3.93026926827076E-03 3.93801446652916E-03 3.94756456573688E-03 3.95894930421449E-03 3.97222472115652E-03 3.98749853928748E-03 4.00496754471659E-03 4.02472522063732E-03 4.04691895984095E-03 4.07159741809909E-03 4.09890873036149E-03 4.12886141592059E-03 4.16156782605177E-03 4.19697061367958E-03 4.23497110354959E-03 4.27538037058007E-03 4.31798950691166E-03 4.36251840070659E-03 4.40865240460529E-03 0.004456054527718 4.50437471831509E-03 4.55328514987803E-03 4.60246837243875E-03 4.65164574222396E-03 4.70044206244965E-03 4.74860273356262E-03
0 0 0 0 0 0 0 0 0 0 0 0 0 0 0 0 0 0 0 0 0 0 0 0 0 0 0 0 0 0 0 0 0 3.90437504093187E-03 3.90509116276628E-03 3.90777273129847E-03 3.91295794652583E-03 3.92015203957766E-03 3.92920796462979E-03 3.94012154464663E-03 3.9529699950042E-03 3.96784097124089E-03 3.98485463858035E-03 4.00423045992518E-03 4.02605612158159E-03 4.05047206489307E-03 4.07750205292188E-03 4.10728123492858E-03 4.13978191989174E-03 4.17507440368112E-03 4.21304000681645E-03 4.25352916881648E-03 4.29631028523852E-03 4.34112847932629E-03 4.3876674055191E-03 4.43558083728853E-03 4.48451654911389E-03 4.53411692473444E-03 4.58405424375805E-03 4.63400713854211E-03 4.68369317122767E-03 4.73277506461843E-03 4.78104547597454E-03
0 0 0 0 0 0 0 0 0 0 0 0 0 0 0 0 0 0 0 0 0 0 0 0 0 0 0 0 0 0 0 0 0 3.89045704688396E-03 3.89079996247811E-03 3.89460980500298E-03 3.90112224728036E-03 3.90969449740934E-03 3.92018422816527E-03 3.9326093796121E-03 3.94709141961998E-03 3.96374644988577E-03 3.98272024389966E-03 4.00421826315748E-03 4.0283300540047E-03 4.05517650518532E-03 4.08476223469351E-03 4.11718316260981E-03 4.15239434004489E-03 4.19036483616905E-03 4.23094442327581E-03 4.27392341334835E-03 4.31903866888511E-03 4.36597676405974E-03 4.41440097893548E-03 4.46393574382952E-03 4.51422420511011E-03 4.56491098770652E-03 4.61567530163817E-03 4.66620124077141E-03 4.71620341350715E-03 4.76543492363656E-03 4.81369154862941E-03
0 0 0 0 0 0 0 0 0 0 0 0 0 0 0 0 0 0 0 0 0 0 0 0 0 0 0 0 0 0 0 0 3.84361545022036E-03 3.87159452033216E-03 3.87509074421104E-03 3.88096560706129E-03 3.88908428687743E-03 0.003899164736913 3.91120212332533E-03 3.92528050534691E-03 3.94156199903624E-03 3.96019087611102E-03 3.9813223765743E-03 4.00514962633733E-03 4.03174978282269E-03 4.06122019870429E-03 4.09353423104201E-03 4.12874553593768E-03 4.16676263468507E-03 4.20747468951733E-03 4.25068129344271E-03 4.29612167613574E-03 4.34349330387295E-03 4.39243886625434E-03 4.44260011868927E-03 4.49358569761381E-03 4.54504050147563E-03 4.59661917293201E-03 4.64801649783112E-03 4.69893265706433E-03 4.74910984183738E-03 4.79835678775591E-03 4.84648108414015E-03
0 0 0 0 0 0 0 0 0 0 0 0 0 0 0 0 0 0 0 0 0 0 0 0 0 0 0 0 0 0 0 3.83344339609652E-03 3.84361545022036E-03 3.85292467535727E-03 3.8597726033107E-03 3.86761464590187E-03 3.87730420403627E-03 3.88891183365792E-03 3.90257377161153E-03 3.9184285216279E-03 3.93666440668636E-03 3.95744060701848E-03 3.98091131923044E-03 4.00725418495566E-03 4.03652387336179E-03 4.0687813141489E-03 4.10395866656191E-03 4.14205558760443E-03 4.18292993953165E-03 4.22640070097633E-03 4.27221150627496E-03 4.32004796411408E-03 4.3695709083679E-03 4.42038931028194E-03 4.47212875288005E-03 4.52439212981158E-03 4.57683133365537E-03 4.62912045914346E-03 4.68097976193628E-03 4.73213686917307E-03 4.78236056760816E-03 4.83149258387868E-03 4.87936219959605E-03
0 0 0 0 0 0 0 0 0 0 0 0 0 0 0 0 0 0 0 0 0 0 0 0 0 0 0 0 0 0 0 3.83344339609652E-03 3.83410204073652E-03 3.83904894111329E-03 3.84602169139103E-03 3.85496466078854E-03 3.86602995540613E-03 3.87918030679311E-03 3.89455620415617E-03 3.91232052513597E-03 3.9326674772104E-03 3.95575703057332E-03 3.98172880725062E-03 4.01074735509898E-03 4.04283418902617E-03 4.07800363670602E-03 4.11613648833031E-03 4.15717796760907E-03 4.20092561178835E-03 4.24713464631029E-03 4.29549000993505E-03 4.34562712680894E-03 4.39717215943556E-03 4.44970994981217E-03 4.50285995745386E-03 4.55622294728581E-03 4.60946663225093E-03 4.66229241616952E-03 4.71445241019975E-03 4.76570392244268E-03 4.81584648220585E-03 4.86474403203889E-03 4.91224213883049E-03
0 0 0 0 0 0 0 0 0 0 0 0 0 0 0 0 0 0 0 0 0 0 0 0 0 0 0 0 0 0 0 3.82068581926961E-03 3.82101131864074E-03 3.82543848756413E-03 3.83290827731052E-03 3.84293519444992E-03 3.85539808010026E-03 3.87016964634829E-03 3.88738013271825E-03 3.90720138879622E-03 3.92981730990753E-03 3.95538019739411E-03 3.98400113816873E-03 4.01583449345955E-03 4.05085711859617E-03 4.08902586341846E-03 4.13016659842568E-03 4.17416576238064E-03 4.22076468825725E-03 4.26964919686175E-03 4.32045357628089E-03 4.37276356010245E-03 4.42618045041349E-03 4.48026863315635E-03 4.53465400969779E-03 4.58893626039062E-03 4.64281029086891E-03 4.69601020851271E-03 4.7483228118453E-03 4.79953564434652E-03 4.8494741785819E-03 4.8980205375376E-03 4.94503320689026E-03
0 0 0 0 0 0 0 0 0 0 0 0 0 0 0 0 0 0 0 0 0 0 0 0 0 0 0 0 0 0 3.78551712246105E-03 3.80324060491451E-03 3.80575323838483E-03 3.81137968686833E-03 3.8200102778407E-03 3.83139269980737E-03 3.84543641404598E-03 3.86201289150622E-03 3.88123563962865E-03 3.90328295544997E-03 3.92832798362057E-03 3.95651584572681E-03 3.98792936441291E-03 4.02269026292238E-03 4.06072743637684E-03 4.1019428047732E-03 4.14610837764084E-03 4.19304726928819E-03 4.24243726447301E-03 4.29390251346015E-03 4.34702722535381E-03 4.40135905485485E-03 4.45647798269454E-03 4.51193847024034E-03 4.56737082019184E-03 4.62239339939045E-03 4.67673411435338E-03 4.7301567579232E-03 4.78247876635412E-03 4.83352016040969E-03 4.88313757613621E-03 4.93122140438692E-03 4.97763514346217E-03
0 0 0 0 0 0 0 0 0 0 0 0 0 0 0 0 0 0 0 0 0 0 0 0 0 0 0 0 0 0 3.78551712246105E-03 3.78652046101654E-03 3.79026215252959E-03 3.79732976179744E-03 3.80746898282658E-03 3.82048314917941E-03 3.83631315225631E-03 3.85488710961438E-03 3.87631381841302E-03 3.90076853130415E-03 3.92840176045383E-03 3.95935920622836E-03 3.9936928629043E-03 4.0314671026536E-03 4.07256955760775E-03 4.11684477792489E-03 4.1640148893306E-03 4.21382606665651E-03 4.26590829587167E-03 4.31982041449291E-03 4.37510627481019E-03 4.43128201870106E-03 4.48791644622971E-03 4.54456232169358E-03 4.60085892794125E-03 4.65646045813034E-03 4.71111781692739E-03 4.76462350276781E-03 4.8168245365794E-03 4.86757588445524E-03 4.91675899465475E-03 4.96426491407721E-03 5.00996510287593E-03
0 0 0 0 0 0 0 0 0 0 0 0 0 0 0 0 0 0 0 0 0 0 0 0 0 0 0 0 0 3.74671564622723E-03 3.76635993895047E-03 3.7689865553293E-03 3.77465903558248E-03 3.78348729623324E-03 3.7954137632324E-03 3.81031316872818E-03 3.82817202798101E-03 3.84896401511704E-03 3.87279805673952E-03 3.89984186787095E-03 0.003930222940968 3.96407761032655E-03 4.00142357479516E-03 4.04227140227895E-03 4.08645878834447E-03 4.13377603277737E-03 4.18389049392154E-03 4.23648265612546E-03 4.29112680351399E-03 4.34732882599057E-03 4.40459547724693E-03 4.4624243224666E-03 4.52038015747621E-03 4.57802460354087E-03 4.6350149575842E-03 4.69103744895803E-03 4.74586812822607E-03 4.79932409788008E-03 4.8512786963998E-03 4.90161923977773E-03 4.95025051841405E-03 4.99706389531085E-03 5.04193395296824E-03
0 0 0 0 0 0 0 0 0 0 0 0 0 0 0 0 0 0 0 0 0 0 0 0 0 0 0 0 0 3.74671564622723E-03 0.003747799972072 3.75186419626372E-03 3.75938213245061E-03 3.77013773137671E-03 3.78406535472353E-03 3.80107832184042E-03 3.82119889885716E-03 3.84442616368555E-03 3.87086583196789E-03 3.90067530649517E-03 3.93395052377632E-03 3.97081270582833E-03 4.01124098670278E-03 4.05519436390581E-03 4.10246060166706E-03 4.15276957449819E-03 4.20573550295968E-03 4.26097683037943E-03 4.31802478086902E-03 0.004376333603503 4.43538213017508E-03 4.49466233782316E-03 4.55374560958496E-03 0.004612211408293 4.66973384498764E-03 4.72603099331334E-03 4.78089984081488E-03 4.83418046783274E-03 4.88576662188822E-03 4.93557800329998E-03 4.98354022356757E-03 5.02954228806376E-03 5.07346080235892E-03
0 0 0 0 0 0 0 0 0 0 0 0 0 0 0 0 0 0 0 0 0 0 0 0 0 0 0 0 3.70571535107589E-03 3.72633114845887E-03 3.72903738131071E-03 3.73508370029911E-03 3.74461916608184E-03 3.7574843657152E-03 3.77362512789979E-03 3.79297528468137E-03 3.81558280380295E-03 3.84145656458742E-03 3.87068807435159E-03 3.90342210970968E-03 3.93971676191711E-03 3.97967509568448E-03 4.02323074162062E-03 4.07029746404611E-03 4.12060890917334E-03 4.17383250013684E-03 4.22952944426929E-03 4.28726744214406E-03 4.34653977925721E-03 4.40675299818333E-03 4.4673719084729E-03 4.52789925413395E-03 4.58792032531655E-03 4.64703501253297E-03 4.70493474237931E-03 4.76136698124878E-03 4.81614651191554E-03 4.86912992269069E-03 4.92022605391384E-03 4.96938608059553E-03 5.01655718671817E-03 5.06162026858057E-03 5.10445720183665E-03
0 0 0 0 0 0 0 0 0 0 0 0 0 0 0 0 0 0 0 0 0 0 0 0 0 0 0 0 3.70571535107589E-03 3.70674699190426E-03 3.7108484047552E-03 3.71890303985145E-03 3.73063908358258E-03 3.7458083883647E-03 3.76436498494355E-03 3.78625368751883E-03 3.81154454924637E-03 3.84024814202548E-03 3.87243083056585E-03 3.90823008371729E-03 3.94764459573005E-03 3.99076972756031E-03 4.03747712519137E-03 4.0876391529113E-03 4.14093549978887E-03 4.19696478527252E-03 4.25524634882668E-03 4.31529408900815E-03 4.37658870343446E-03 4.43848304081632E-03 4.50045463351637E-03 4.56202982793383E-03 4.62280778572326E-03 4.68241230853004E-03 4.74054159716016E-03 4.79697901821398E-03 4.85154442994226E-03 4.90411105488547E-03 4.9545925719948E-03 5.00297338502813E-03 5.04922452367696E-03 5.09320884842402E-03 5.13482749738642E-03
0 0 0 0 0 0 0 0 0 0 0 0 0 0 0 0 0 0 0 0 0 0 0 0 0 0 0 0 3.68610615349578E-03 3.68669311670008E-03 3.69290648291307E-03 3.70343253607961E-03 3.71767743413776E-03 3.73538259645582E-03 3.75655095355089E-03 3.78115993286256E-03 3.80929868923041E-03 3.8409818176988E-03 3.87625154360879E-03 3.91522057575764E-03 3.95783895013827E-03 4.00417203005419E-03 4.05403665376081E-03 4.10724750732358E-03 4.16342869757164E-03 4.22212689996839E-03 4.28282800779791E-03 4.34499456522526E-03 4.40807438265568E-03 4.47142319341955E-03 4.53454326534122E-03 4.59698179021307E-03 4.65834679324314E-03 4.71828471835611E-03 4.77650424231738E-03 4.83281385716954E-03 4.88703587068739E-03 4.93905644499777E-03 4.98879675243378E-03 5.03626632581287E-03 5.08144416854007E-03 5.1241974779013E-03 5.16445952557164E-03
0 0 0 0 0 0 0 0 0 0 0 0 0 0 0 0 0 0 0 0 0 0 0 0 0 0 0 3.61970630874234E-03 3.65939625680892E-03 3.66552076846241E-03 3.67559023236694E-03 3.68916406822652E-03 3.70617706225908E-03 3.72658924629482E-03 3.75051127881905E-03 3.77797347656829E-03 3.80908043198545E-03 3.8438569108777E-03 3.88231562642154E-03 3.92453321939595E-03 3.97040730071893E-03 4.01995448359425E-03 4.07294651605238E-03 4.12911407629264E-03 4.18804869128462E-03 4.24924499562134E-03 4.31217363840851E-03 4.37623820002778E-03 4.44087393051992E-03 4.50548361069012E-03 4.56956761347883E-03 4.63270239578656E-03 4.69449290612211E-03 4.75462052245253E-03 4.81278431630668E-03 4.86882548181796E-03 4.92255839142509E-03 4.97388901214088E-03 5.02273632835122E-03 5.06913260644328E-03 5.11307944832308E-03 5.15445729392997E-03 5.19323404918253E-03
0 0 0 0 0 0 0 0 0 0 0 0 0 0 0 0 0 0 0 0 0 0 0 0 0 0 3.59510339874486E-03 3.61970630874234E-03 3.6343078959355E-03 3.64638947029172E-03 3.66017894591695E-03 3.67675750216008E-03 3.69656355509386E-03 3.71975228253412E-03 3.74651793292585E-03 3.77692714643981E-03 3.81109066306683E-03 3.84903317656977E-03 3.89074120093153E-03 3.93624624054458E-03 3.98539201950129E-03 4.03813375274249E-03 4.09417865495472E-03 4.15319299198527E-03 4.21472585888924E-03 4.27824024954399E-03 4.34318718254936E-03 4.40894062878569E-03 4.47493735408298E-03 4.54061542797439E-03 4.60549130591254E-03 4.66915387849271E-03 4.73121326658712E-03 4.79136742591109E-03 0.004849325156285 4.90493713504287E-03 4.95801981971643E-03 5.00849387937205E-03 5.05629128482555E-03 5.10145964301801E-03 5.14400883237276E-03 5.18385993305166E-03 5.22103099632717E-03
0 0 0 0 0 0 0 0 0 0 0 0 0 0 0 0 0 0 0 0 0 0 0 0 0 3.58388757779526E-03 3.59510339874486E-03 3.6053781923212E-03 3.61758800985241E-03 3.63130711890532E-03 3.64750414452983E-03 3.66666532161435E-03 3.68914735383214E-03 3.71512151725439E-03 3.74478602264716E-03 3.77821163806411E-03 3.81549413099388E-03 3.85665174898137E-03 3.90164054164253E-03 3.95043723712312E-03 0.004002830597711 4.05869557926536E-03 4.11768487797006E-03 4.17940222756101E-03 4.24336276291882E-03 4.30900577511588E-03 4.3757726891073E-03 4.44302749391931E-03 0.00451020793082 4.57678602525581E-03 4.64229108872956E-03 4.70632107423262E-03 4.76848718072159E-03 4.82849890844713E-03 4.8860766457394E-03 4.94106980878026E-03 4.9933132929713E-03 5.04273859445513E-03 5.08930210110345E-03 5.1330586859689E-03 5.17405380076557E-03 5.21225804293896E-03 5.2477320834751E-03
0 0 0 0 0 0 0 0 0 0 0 0 0 0 0 0 0 0 0 0 0 0 0 0 0 3.58388757779526E-03 3.58484991846422E-03 3.59219719150016E-03 3.60389905191658E-03 3.61890594265078E-03 3.63719058461169E-03 3.65880941481459E-03 3.68396425276732E-03 3.7127816977157E-03 3.74542439389397E-03 3.7819390727657E-03 3.82238978544409E-03 3.86678744822695E-03 3.91505887447952E-03 3.96711899800397E-03 4.02270132058462E-03 4.08159949720852E-03 4.14340498572149E-03 4.20766996490414E-03 4.27387855536221E-03 4.3414611293819E-03 4.4098552077525E-03 4.47842452735987E-03 4.54661103550268E-03 4.61391865003332E-03 4.67988764414672E-03 4.74411211055939E-03 4.80620259626705E-03 4.86587767457632E-03 4.92287591008271E-03 4.97704537462708E-03 5.02824401501134E-03 5.07642359502376E-03 5.12157487523733E-03 5.16376795016601E-03 5.20307641029156E-03 5.23953074780006E-03 5.27324295220246E-03
0 0 0 0 0 0 0 0 0 0 0 0 0 0 0 0 0 0 0 0 0 0 0 0 3.54625597069744E-03 3.56583192165381E-03 3.56962606200348E-03 3.57828600063582E-03 3.59133515606104E-03 3.60822402930213E-03 3.62881181108541E-03 3.65302122355165E-03 3.68096948359359E-03 3.71275446926139E-03 3.74848416555121E-03 3.78817913950929E-03 3.83184936310088E-03 3.87951123246488E-03 3.93105449024208E-03 3.9863208275666E-03 4.04500475694409E-03 4.10680224917806E-03 4.17127070431526E-03 4.23790380762518E-03 4.30617279374578E-03 4.37550467104753E-03 4.4453388339014E-03 4.51504868767436E-03 4.58406652520958E-03 4.65194128614137E-03 4.71820091751042E-03 4.78243214652443E-03 4.84424336513933E-03 4.90336445346049E-03 4.95956184195506E-03 5.01267621087994E-03 5.06261360416635E-03 5.10934269491161E-03 5.15290905280313E-03 5.19339179353193E-03 5.23091325104931E-03 5.26556050663608E-03 5.29748563990038E-03
