NongDo/Fusa 19h.grd
DSAA
463	323
2	464
2	324
0	10
[rows 140 to 167 of 323, columns 63 to 125 of 463]
0 0 0 0 0 0 0 0 0 0 0 0 0 0 0 0 0 0 0 0 0 0 0 0 0 0 0 0 0 0 0 0 0 0 0 0 0 4.41846271232058E-03 4.41852646148744E-03 4.41914937440549E-03 4.42011684287389E-03 4.42133155838378E-03 4.42275780640128E-03 4.42438582572024E-03 4.42621795215528E-03 4.42826424852602E-03 4.43054069657592E-03 4.43306165571873E-03 4.43584377549468E-03 4.43890241841564E-03 4.44225542313416E-03 4.44591515750164E-03 4.44989230569133E-03 4.45419354065133E-03 4.45882318110773E-03 4.46378208573026E-03 4.46906633011647E-03 4.47466455764664E-03 4.48055594422946E-03 4.48672452578513E-03 4.49315323139167E-03 4.49983121883366E-03 4.50674710619761E-03
0 0 0 0 0 0 0 0 0 0 0 0 0 0 0 0 0 0 0 0 0 0 0 0 0 0 0 0 0 0 0 0 0 0 0 0 4.40751788468496E-03 4.41430231843187E-03 4.41507610020382E-03 4.41612711320719E-03 4.41737836672639E-03 4.41881271112466E-03 4.42042785976572E-03 4.4222299576917E-03 4.42422984416178E-03 4.42644307377536E-03 4.42888994703673E-03 4.43158679185198E-03 4.43455178882624E-03 4.43780105703458E-03 0.004441353107368 4.44521920626581E-03 4.44940766253858E-03 4.45392326414139E-03 4.45876780059425E-03 4.4639397423282E-03 4.46943201989236E-03 4.47523173758487E-03 4.48131606235614E-03 4.48767061614328E-03 4.49428026765938E-03 4.50113742418974E-03 4.50823376155785E-03
0 0 0 0 0 0 0 0 0 0 0 0 0 0 0 0 0 0 0 0 0 0 0 0 0 0 0 0 0 0 0 0 0 0 0 4.40277100654313E-03 4.40751788468496E-03 4.41001290649212E-03 4.41166656995262E-03 4.41316661498526E-03 4.41470877330545E-03 4.4163656536794E-03 4.41817212115364E-03 4.42015161411125E-03 4.42232373621545E-03 4.42470905891856E-03 4.42733217977049E-03 4.43021132693825E-03 4.43336586457418E-03 4.43681223237303E-03 4.44056927086306E-03 4.44464690650961E-03 4.4490506767431E-03 4.45378341736169E-03 4.45884432538538E-03 4.46422964968691E-03 4.4699292555032E-03 4.47592951238281E-03 4.48220660892655E-03 4.48874855225163E-03 4.49554272850013E-03 4.50258509684465E-03 4.50987108325669E-03
0 0 0 0 0 0 0 0 0 0 0 0 0 0 0 0 0 0 0 0 0 0 0 0 0 0 0 0 0 0 0 0 0 0 4.39859452610618E-03 4.40277100654313E-03 4.40486567012683E-03 4.40692082686845E-03 4.4087382403708E-03 4.41046319067148E-03 0.004412211735137 4.41405390165372E-03 4.41603359831066E-03 4.41818146658899E-03 4.4205226810704E-03 4.42308052500707E-03 4.42588222532638E-03 4.42894740789781E-03 4.43229600825599E-03 4.43594446676119E-03 4.43991053109491E-03 4.44420292648326E-03 4.44882385998936E-03 4.45377445527997E-03 4.45905139039884E-03 4.46464896709512E-03 4.47055384927518E-03 4.47675246223214E-03 4.48322284455309E-03 4.48995504730565E-03 4.49693950974821E-03 4.50417507447862E-03 4.51166259877606E-03
0 0 0 0 0 0 0 0 0 0 0 0 0 0 0 0 0 0 0 0 0 0 0 0 0 0 0 0 0 0 0 0 0 4.39391991642698E-03 4.39859452610618E-03 4.40055009168721E-03 4.4024820901711E-03 4.40437936242328E-03 4.40621689315498E-03 4.40804432557504E-03 4.40992519673019E-03 4.41190998696499E-03 4.41403823969598E-03 4.41634018590655E-03 4.4188430204067E-03 4.42157075288393E-03 4.42455111387354E-03 4.42780413365798E-03 4.43134957044601E-03 4.43520326659746E-03 4.43938062443314E-03 4.4438889024975E-03 4.44872701746411E-03 4.45389445980395E-03 4.45938541333642E-03 4.46519261569014E-03 4.47130031304139E-03 4.47769606402108E-03 4.48436142764233E-03 4.49128863457058E-03 4.49847145709521E-03 4.50591137716179E-03 4.51361444431105E-03
0 0 0 0 0 0 0 0 0 0 0 0 0 0 0 0 0 0 0 0 0 0 0 0 0 0 0 0 0 0 0 4.39089720948156E-03 4.39168444660774E-03 4.39391991642698E-03 4.39647929524569E-03 4.39848146686623E-03 4.40033494234544E-03 4.40215699288029E-03 4.40398894132253E-03 4.40586891935717E-03 4.40783910752513E-03 4.40993600752954E-03 4.41219250998934E-03 4.41463601386577E-03 4.41729337286192E-03 4.42018802335601E-03 4.42334626851114E-03 4.42678791218302E-03 4.43053168834214E-03 4.43459201099048E-03 4.4389811321866E-03 0.004443704186325 4.44875800584433E-03 4.45413994957127E-03 4.45984210197617E-03 4.46585578787582E-03 4.47216507231788E-03 4.47875883121875E-03 4.48562290005166E-03 4.4927521590226E-03 4.5001436556436E-03 4.50780167162149E-03 4.51573515534103E-03
0 0 0 0 0 0 0 0 0 0 0 0 0 0 0 0 0 0 0 0 0 0 0 0 0 0 0 0 0 0 4.38917134899957E-03 4.39089720948156E-03 4.39168444660774E-03 4.39315716861473E-03 4.39492452216193E-03 4.39666182754097E-03 4.39838848671803E-03 4.40014698357571E-03 4.40196969303747E-03 4.40388577892232E-03 4.40592644595489E-03 4.40811923032568E-03 4.41049167657793E-03 4.41306835875919E-03 4.41587519927623E-03 0.004418934584024 4.42227025447927E-03 4.42590091594302E-03 4.4298435302912E-03 4.43411056383003E-03 4.43871061209246E-03 4.4436464503023E-03 4.44891329569903E-03 4.45450663741782E-03 4.4604171485189E-03 4.46663548598299E-03 4.47314677162696E-03 4.47994162252282E-03 4.48701041428152E-03 4.49435069166215E-03 4.50196271261699E-03 4.50985306888639E-03 4.51803252445056E-03
0 0 0 0 0 0 0 0 0 0 0 0 0 0 0 0 0 0 0 0 0 0 0 0 0 0 0 0 0 4.38813033064643E-03 4.38917134899957E-03 4.38992101503389E-03 4.39079582512639E-03 4.39198747816278E-03 4.39340811724509E-03 4.39494253348786E-03 4.39656259268543E-03 4.39827523052621E-03 4.40009773151468E-03 4.40205047555791E-03 4.40415804521016E-03 4.40644206297085E-03 4.40892621019386E-03 4.41163281706713E-03 4.41458723089161E-03 4.41781022878143E-03 4.42132311829099E-03 4.42514280448642E-03 4.42928390622568E-03 4.43375651802467E-03 4.43856571079613E-03 4.44371203423828E-03 4.44918882939406E-03 4.45499056351025E-03 4.46110751842941E-03 4.46753057742876E-03 4.47424609530934E-03 4.48124720289813E-03 4.48852833249155E-03 4.49608984887908E-03 4.50393484106802E-03 4.51207181246895E-03 4.52051297705371E-03
0 0 0 0 0 0 0 0 0 0 0 0 0 0 0 0 0 0 0 0 0 0 0 0 0 0 0 0 0 4.38813033064643E-03 4.38820836344262E-03 4.38871034885035E-03 4.38949990631322E-03 4.39054993153704E-03 4.39181071731947E-03 4.39323260336673E-03 4.3947923716884E-03 4.39648770147125E-03 4.39832799662575E-03 4.40032777045818E-03 4.40250783525366E-03 4.40488623781847E-03 4.40748404287424E-03 4.4103218476397E-03 4.41342471637652E-03 4.41681194692055E-03 4.42050243410108E-03 4.42451106770326E-03 4.42884983634445E-03 4.43352635559422E-03 4.43854232705701E-03 4.44389639594501E-03 4.44958037627307E-03 4.45558839337826E-03 4.46191114846294E-03 4.46854038006794E-03 4.47546416095966E-03 4.48267829476139E-03 4.49018091708719E-03 4.4979749175949E-03 4.50606586356302E-03 4.51446384746573E-03 4.52318233034257E-03
0 0 0 0 0 0 0 0 0 0 0 0 0 0 0 0 0 0 0 0 0 0 0 0 0 0 0 0 0.00438441714516 4.3864184568526E-03 4.3866527189852E-03 4.38716099144748E-03 4.38792193539909E-03 4.38891625860333E-03 4.39011554337222E-03 4.39149478796342E-03 4.39304019172261E-03 4.39474926016549E-03 4.3966291127415E-03 4.39869131030244E-03 4.40095471052117E-03 4.4034354041722E-03 4.40615293955209E-03 4.40912679123948E-03 4.41238154150623E-03 4.41593524949024E-03 4.41980441838234E-03 4.42400197022062E-03 4.42853737352669E-03 4.43341581719786E-03 4.43863595069609E-03 4.4441949529477E-03 4.45008406484932E-03 4.45629749631738E-03 4.46282685101822E-03 4.46966511430184E-03 4.47680284987608E-03 4.48423822810284E-03 4.49197263410817E-03 4.50001112747475E-03 4.50836135539885E-03 4.51703479843296E-03 4.52604606771656E-03
0 0 0 0 0 0 0 0 0 0 0 0 0 0 0 0 0 0 0 0 0 0 0 0 0 0 0 0 0.00438441714516 4.38452374222869E-03 4.38481914330019E-03 4.3853662512713E-03 4.38614380658991E-03 4.3871383245109E-03 4.38833483455235E-03 4.38972071129224E-03 4.39128945764915E-03 4.39304073503707E-03 4.39498189585636E-03 4.39712347487149E-03 4.39948338019521E-03 4.40207681446365E-03 4.4049225912729E-03 4.40803941696041E-03 4.41145112228972E-03 4.41517464631341E-03 4.41922422361979E-03 4.42361092602496E-03 4.42834187017582E-03 4.4334201534642E-03 4.43884194819096E-03 4.44460360534976E-03 4.45069667346069E-03 4.45711590463822E-03 4.4638541560552E-03 4.47090599709932E-03 4.47826480279287E-03 4.48593082534711E-03 4.49390819890646E-03 4.50220374477821E-03 4.51082689801293E-03 4.51979033395264E-03 0.004529109692268
0 0 0 0 0 0 0 0 0 0 0 0 0 0 0 0 0 0 0 0 0 0 0 0 0 0 0 4.37968614835371E-03 4.38216601620949E-03 4.38237431065539E-03 4.38277676576118E-03 4.38339314201571E-03 4.3842200724906E-03 4.38525300757029E-03 4.38648609076216E-03 4.38791407035011E-03 4.38953591742144E-03 4.39135385959981E-03 4.39337641060909E-03 4.3956141882568E-03 4.39808433872789E-03 4.40080198036616E-03 4.40378561507484E-03 0.004407053396711 4.41062787845992E-03 4.4145249650448E-03 4.41875694772047E-03 4.42333316528004E-03 4.42825863468141E-03 4.43353479600224E-03 4.43915633168911E-03 4.44511926989412E-03 4.45141630505493E-03 4.45804313757145E-03 4.46499412956443E-03 4.47226566073025E-03 4.47985381843875E-03 4.48776082126155E-03 4.49599290905875E-03 4.50455842717741E-03 4.51346830849322E-03 4.52273628108099E-03 4.53237887340274E-03
0 0 0 0 0 0 0 0 0 0 0 0 0 0 0 0 0 0 0 0 0 0 0 0 0 0 0 4.37968614835371E-03 4.37981393455335E-03 4.38009215828627E-03 4.38059004990955E-03 4.38129240292595E-03 4.3821934381785E-03 4.38329223671576E-03 4.38458970084017E-03 4.38608580469441E-03 4.38778380164332E-03 4.38968849559579E-03 4.39180985139739E-03 4.39415913719649E-03 4.39675290435571E-03 4.39960619986009E-03 4.40273728064321E-03 4.40616390756605E-03 4.40990716350521E-03 4.4139817537464E-03 4.41839810735341E-03 4.42316415630139E-03 4.42828331148368E-03 4.43375600457187E-03 4.43957617750506E-03 4.44574022558849E-03 4.4522425205149E-03 4.45908007763525E-03 4.46624903624995E-03 4.47374765998102E-03 4.48157449551551E-03 4.48973345182146E-03 4.49823254336813E-03 4.50708131957287E-03 4.51629191008721E-03 4.52587893937921E-03 4.53585987094028E-03
0 0 0 0 0 0 0 0 0 0 0 0 0 0 0 0 0 0 0 0 0 0 0 0 0 0 4.37420225048463E-03 4.3770281482732E-03 4.37726315875597E-03 4.37768395811287E-03 4.37829892613074E-03 4.37910487334128E-03 4.38009894759777E-03 4.38128407046012E-03 4.38266684800018E-03 4.38425109144196E-03 4.38604364963591E-03 4.38805160552972E-03 4.39028657597881E-03 4.39276032323257E-03 4.39548948323696E-03 4.39848887781167E-03 4.40177624322105E-03 4.4053686825863E-03 4.40928612306984E-03 4.41354181403322E-03 4.41814422467181E-03 4.42310032485022E-03 4.42841262439309E-03 4.43408130558936E-03 4.44010002913846E-03 4.44646640579172E-03 4.45317659167622E-03 4.46022931393964E-03 4.46762270133151E-03 4.47535689110269E-03 4.48343249146402E-03 4.49185491165186E-03 4.50063377520062E-03 4.50977941102389E-03 4.51930483999292E-03 4.52922551069243E-03 4.53956004358693E-03
0 0 0 0 0 0 0 0 0 0 0 0 0 0 0 0 0 0 0 0 0 0 0 0 0 0 4.37420225048463E-03 4.37434718255185E-03 4.37466201298097E-03 4.37520509845219E-03 4.37594405933039E-03 4.37686685632992E-03 4.37796918342849E-03 4.37925608737985E-03 4.38073958509189E-03 4.38242709417108E-03 4.38432860708549E-03 4.38645320663823E-03 4.38881388975438E-03 4.3914230543528E-03 4.39429734467876E-03 4.39745164425402E-03 4.40090294029598E-03 4.4046674834013E-03 4.40876355995357E-03 4.41320315520167E-03 4.41799302567235E-03 4.42313957806538E-03 4.42864494755625E-03 4.43450967470836E-03 4.44072804488944E-03 4.44729927476179E-03 4.45422146347983E-03 4.46149513938184E-03 4.46912047553722E-03 4.47709943029313E-03 4.48543457986362E-03 4.4941326343939E-03 4.50320440165417E-03 4.51266071071327E-03 4.5225152918957E-03 4.53278442678413E-03 4.5434880792124E-03
0 0 0 0 0 0 0 0 0 0 0 0 0 0 0 0 0 0 0 0 0 0 0 0 0 4.36801839801282E-03 4.37123313797811E-03 4.37150783819822E-03 4.37199126013455E-03 4.37268141674146E-03 4.37355778639528E-03 4.37460946542805E-03 4.37583205236928E-03 4.37723296661564E-03 4.37882918410575E-03 4.38063136623767E-03 4.38265275516727E-03 4.38490470728862E-03 4.3874007348815E-03 4.3901546224554E-03 4.39318183620303E-03 4.39649806710774E-03 4.4001193310501E-03 4.40406142112553E-03 4.40833945198078E-03 4.41296490413635E-03 4.41794348453942E-03 4.42328126136982E-03 4.42898044511484E-03 4.43504207797463E-03 4.44146265805729E-03 4.4482426400072E-03 4.45538238923691E-03 4.46288402220248E-03 4.47074976779899E-03 4.47898331811247E-03 4.48758935370051E-03 4.49657570258458E-03 4.50595362099589E-03 4.51573455384025E-03 4.52593279853498E-03 4.53656552557385E-03 4.54765419673655E-03
0 0 0 0 0 0 0 0 0 0 0 0 0 0 0 0 0 0 0 0 0 0 0 0 0 4.36801839801282E-03 4.36819921699592E-03 4.36862301604729E-03 4.3692893377117E-03 4.37014599299115E-03 4.37117267478005E-03 4.3723631453284E-03 4.37371575950462E-03 4.37524009887792E-03 4.37695764872073E-03 4.37888282603783E-03 4.38103199056588E-03 4.38341913019723E-03 4.38605797853849E-03 4.3889636454442E-03 4.39215010387079E-03 4.39563359609468E-03 4.39942913031369E-03 4.40355218118244E-03 4.40801454935819E-03 4.41282739482416E-03 4.41799597491926E-03 4.42352635255517E-03 4.42942114940535E-03 4.43568229623099E-03 4.44230901199518E-03 4.4493030370709E-03 4.45666698491283E-03 4.46440452471531E-03 4.47251990930267E-03 4.48101855504054E-03 4.4899071454378E-03 4.49919441307081E-03 4.50889178997359E-03 4.51901138457637E-03 4.52956812151433E-03 4.54058012712751E-03 4.55207031844709E-03
0 0 0 0 0 0 0 0 0 0 0 0 0 0 0 0 0 0 0 0 0 0 0 0 4.35858935422887E-03 4.36437525397321E-03 4.36495782458721E-03 4.3657147876909E-03 4.36661070201957E-03 4.36764705389985E-03 4.36882793578579E-03 4.37015924845733E-03 4.37164614723607E-03 4.37330085259843E-03 4.37514687462756E-03 4.3772023752928E-03 4.37948613383039E-03 0.004382014182417 4.38480133455144E-03 4.3878630136737E-03 4.39121295551052E-03 4.39486692449241E-03 4.39883915803936E-03 4.40314414174846E-03 4.40779213795448E-03 4.41279344803824E-03 4.41815352347779E-03 4.4238785887703E-03 4.42997195439699E-03 4.43643689821995E-03 4.44327486602081E-03 4.45048939939455E-03 4.45808499739396E-03 4.46606714312428E-03 4.47444195898393E-03 4.48321664886256E-03 4.49239953882518E-03 4.50200036250242E-03 4.51203074902105E-03 4.52250342853163E-03 4.53343409788987E-03 4.54484181623687E-03 4.55675076394423E-03
0 0 0 0 0 0 0 0 0 0 0 0 0 0 0 0 0 0 0 0 0 0 0 4.35490573212769E-03 4.35858935422887E-03 4.36060873608309E-03 4.36185009985987E-03 4.36293284255575E-03 4.36404011444201E-03 4.36524059985643E-03 4.36656452104764E-03 4.36802944324923E-03 4.36964793660481E-03 4.37143567191358E-03 4.37341569032131E-03 4.37560770728712E-03 4.37803186286843E-03 4.38070555685406E-03 4.38364493651838E-03 4.38686554079931E-03 4.39038126550154E-03 4.39420726515041E-03 4.39835706501859E-03 4.40284420971382E-03 4.40767831881457E-03 4.41286905321999E-03 4.41842227381918E-03 4.4243446130751E-03 4.43064035023794E-03 4.43731423698916E-03 4.44436962174752E-03 4.45181191965399E-03 4.45964744198305E-03 4.46788355128266E-03 4.47652815571168E-03 4.48559017386431E-03 4.49507941023037E-03 4.50500665202592E-03 4.51538393420377E-03 4.52622469707169E-03 4.5375453412437E-03 4.54936578319905E-03 4.56171156621221E-03
0 0 0 0 0 0 0 0 0 0 0 0 0 0 0 0 0 0 0 0 0 0 4.35212698861832E-03 4.35490573212769E-03 4.35643593442959E-03 4.35791650655691E-03 4.3591927344975E-03 4.36040116657675E-03 4.36164026754329E-03 4.36296687045756E-03 4.36441335295338E-03 4.36600077661329E-03 4.36774573842768E-03 4.36966520340281E-03 4.3717811551605E-03 4.37411336897489E-03 4.37668195740026E-03 4.37950499059515E-03 4.38259965991705E-03 0.004385981550142 4.38966448508577E-03 4.39366318057062E-03 4.39799076720688E-03 4.40266021661349E-03 4.40768084011565E-03 4.41306221466186E-03 4.41881052014047E-03 4.4249331664636E-03 4.4314356739663E-03 4.43832429058411E-03 4.4456039567139E-03 4.45328193907393E-03 4.46136638141263E-03 4.46986645733146E-03 4.47879177060511E-03 4.48815284848323E-03 4.49796092880551E-03 4.50822788878736E-03 4.51896652373857E-03 4.53019103123736E-03 4.5419183854107E-03 4.55416930384965E-03 4.5669710590748E-03
0 0 0 0 0 0 0 0 0 0 0 0 0 0 0 0 0 0 0 0 0 4.35075919597671E-03 4.35212698861832E-03 4.35323963265782E-03 4.35441940186604E-03 4.35564046827285E-03 4.35685854693639E-03 4.3581046594567E-03 4.35942097465513E-03 4.3608414250989E-03 4.36239130880374E-03 4.36408998754094E-03 4.36595512634265E-03 4.36800368158583E-03 4.37025576423428E-03 4.37273023480655E-03 4.37544623416131E-03 4.3784216305826E-03 4.38167415595221E-03 4.38521928485175E-03 4.38907065811174E-03 4.39324264661062E-03 4.39774828141253E-03 4.40260033895408E-03 4.40780821894928E-03 4.41338178985575E-03 4.41932765981426E-03 4.42565426585033E-03 4.43236851012501E-03 4.4394781602844E-03 4.44698959157343E-03 4.4549118829034E-03 4.46325492232895E-03 4.47202963778911E-03 4.48124723047084E-03 4.49091975675733E-03 4.50105980836023E-03 4.51168041892206E-03 4.52279538494268E-03 4.53441979531525E-03 4.54657131245924E-03 4.55927155646075E-03 4.57254931814851E-03
0 0 0 0 0 0 0 0 0 0 0 0 0 0 0 0 0 0 0 0 0 4.35075919597671E-03 4.35086638394708E-03 4.35153685806788E-03 4.35247643355025E-03 4.35355586654129E-03 4.35472769730936E-03 4.35599084117724E-03 4.35736186994234E-03 4.35885907299016E-03 4.36050081395701E-03 4.36230353638985E-03 4.36428460456911E-03 4.3664600082863E-03 4.36884783276256E-03 4.37146566347859E-03 4.37433127566198E-03 4.37746179960086E-03 4.38087464497672E-03 4.38458496934502E-03 4.38860623297291E-03 4.3929525593056E-03 4.3976370098154E-03 4.40267252912837E-03 4.40806903042445E-03 4.41383699028193E-03 4.41998362808851E-03 4.42651860305439E-03 4.43345021367327E-03 4.44078782267937E-03 4.44853919031625E-03 4.4567151679447E-03 4.46532722581127E-03 4.47438801267838E-03 4.48391024117799E-03 4.49390741592272E-03 4.50439336395834E-03 4.51538234304509E-03 4.52688937084588E-03 4.5389306047873E-03 4.55152466951155E-03 4.56469402807236E-03 4.57846831964733E-03
0 0 0 0 0 0 0 0 0 0 0 0 0 0 0 0 0 0 0 0 4.3450044670687E-03 4.34855213180823E-03 4.34896156284209E-03 4.34964437823524E-03 4.3505275272999E-03 4.35156208640314E-03 4.35272524847987E-03 4.35401378143678E-03 4.35543707478266E-03 4.35700657934948E-03 4.3587364616505E-03 4.3606407159361E-03 4.36273601323244E-03 4.36503750434535E-03 4.3675614203634E-03 4.37032391986399E-03 4.37334132798482E-03 4.37662968155539E-03 4.38020544671833E-03 4.38408323141647E-03 4.38827628882681E-03 4.39279862368325E-03 4.39766343717019E-03 4.40288416074545E-03 4.40847154262687E-03 4.41443696033167E-03 4.42078848090938E-03 4.42753714144941E-03 4.43469260078397E-03 4.44226589018339E-03 4.45026617324647E-03 4.45870602164241E-03 4.4675983652791E-03 4.47695751098788E-03 4.4867975933967E-03 4.49713347850798E-03 4.50798011711849E-03 4.51935304380566E-03 4.53126865286521E-03 4.54374434063997E-03 4.5567998983532E-03 4.5704585075227E-03 4.5847500664683E-03
0 0 0 0 0 0 0 0 0 0 0 0 0 0 0 0 0 0 0 4.3436039080801E-03 4.3450044670687E-03 4.34615229780761E-03 4.34689804625782E-03 4.34767569476916E-03 4.34857929146381E-03 4.34962340124355E-03 4.35080919543762E-03 4.35213923093028E-03 4.35362231680968E-03 4.35526797889195E-03 4.35708850674474E-03 4.3590964737137E-03 4.36130761476257E-03 4.36373635533883E-03 4.36639787841979E-03 4.36930696360453E-03 4.37247862933971E-03 4.37592770037271E-03 4.37966919721795E-03 4.38371716237603E-03 4.38808448994912E-03 4.39278530208659E-03 4.39783297026445E-03 4.40324176436899E-03 4.40902343447186E-03 4.41519051224068E-03 4.42175212974606E-03 4.42872086339337E-03 4.43610766136263E-03 4.44392535101214E-03 4.4521845409706E-03 4.46089940802243E-03 4.47008427499637E-03 4.47975499894993E-03 4.48992706135829E-03 4.50061661506202E-03 4.51183961189818E-03 4.52361288906916E-03 4.53595434111459E-03 4.54888265836561E-03 4.56241889596324E-03 4.57658689707002E-03 4.59141617857384E-03
0 0 0 0 0 0 0 0 0 0 0 0 0 0 0 0 0 0 0 4.3436039080801E-03 4.34369906422531E-03 4.34425472792403E-03 4.34493233066813E-03 4.34572545875477E-03 4.34665478243001E-03 4.34773054773389E-03 4.34895907590213E-03 4.35034575780379E-03 4.35189961048069E-03 4.35362951253701E-03 4.35554699536652E-03 4.35766394054973E-03 4.35999523422454E-03 4.36255457535566E-03 4.36535665274451E-03 4.36841516418204E-03 4.37174402227772E-03 4.37535691574531E-03 4.3792672947653E-03 4.38348861880276E-03 4.38803333892718E-03 4.39291588978193E-03 4.39815000967483E-03 4.40375102109624E-03 4.40973178184155E-03 4.41610618023432E-03 4.4228843764584E-03 4.43008068780843E-03 4.43770754275288E-03 4.44577965947765E-03 4.45430891918342E-03 4.46331105294368E-03 4.47280168971125E-03 4.48279814824078E-03 4.49331715829608E-03 4.5043761009233E-03 4.5159918527893E-03 4.52818256594482E-03 4.54096774040925E-03 4.55436731319508E-03 4.56840340844789E-03 4.58310032199918E-03 4.59848720206135E-03
0 0 0 0 0 0 0 0 0 0 0 0 0 0 0 0 0 0 4.33948814521462E-03 4.34162889794902E-03 4.34185491662441E-03 4.34233017823634E-03 4.34298228716428E-03 4.34379082054899E-03 4.34475480487193E-03 4.34587715542774E-03 4.34716388455189E-03 4.34862068137158E-03 4.35025682169399E-03 4.35208074415853E-03 4.35410349627382E-03 4.35633644004462E-03 4.35879396455025E-03 4.36148898090765E-03 4.3644359846122E-03 4.36764775813137E-03 4.37113733046346E-03 4.37491743953244E-03 4.37900013011461E-03 4.38339846837619E-03 4.38812437586496E-03 4.39319285986684E-03 4.39861827339285E-03 4.40441708228268E-03 4.41060317759504E-03 4.41719213476097E-03 4.42419480549665E-03 4.43162761193563E-03 4.43950472712238E-03 4.44784277032756E-03 4.4566545129476E-03 4.46595734374462E-03 4.47576804278188E-03 4.48610528340982E-03 4.49698693575235E-03 4.50843162544233E-03 4.52045713079855E-03 4.53308279867348E-03 4.54632979901148E-03 4.56021911191224E-03 4.5747736580941E-03 4.59001825079842E-03 4.60598207758965E-03
0 0 0 0 0 0 0 0 0 0 0 0 0 0 0 0 0 0 4.33948814521462E-03 4.33959818022471E-03 4.3398596618701E-03 4.34034294053806E-03 4.34101446944371E-03 4.34185932640673E-03 4.34287347345367E-03 4.34405724927238E-03 4.34541624454161E-03 4.34695597909925E-03 4.34868581146824E-03 4.35061403686907E-03 4.35275126539758E-03 4.3551083844731E-03 4.35769937220645E-03 4.3605364284718E-03 4.36363360705693E-03 4.36700315467593E-03 4.37065742529472E-03 4.37460852674835E-03 4.37886727975784E-03 4.3834466535862E-03 4.38835840987277E-03 4.39361825904366E-03 4.39924127696221E-03 4.40524495939119E-03 4.41164422303001E-03 4.41845624643578E-03 4.42569311123482E-03 4.43337325789442E-03 4.44151254083563E-03 4.45012921280129E-03 4.45923716931146E-03 4.46885535288026E-03 4.47900143515502E-03 4.48969528462328E-03 4.50095583896863E-03 4.51280301520678E-03 4.52525559254595E-03 4.53833417924065E-03 4.55206099845461E-03 4.56645800701806E-03 4.58154900583621E-03 4.59735965616007E-03 4.61391908177379E-03
0 0 0 0 0 0 0 0 0 0 0 0 0 0 0 0 0 4.33479865878746E-03 4.33722851272442E-03 4.33741095139678E-03 4.33775682511887E-03 4.33829407111966E-03 4.33901772114377E-03 4.33992182668773E-03 4.34100405967861E-03 4.34226501186579E-03 4.34371040965247E-03 4.34534605036738E-03 4.34718112184952E-03 4.34922407070899E-03 4.35148515258474E-03 4.35397510390576E-03 4.35670726312659E-03 4.3596936400686E-03 4.36294682109536E-03 4.36647920594644E-03 4.37030254131865E-03 4.37442882364692E-03 4.3788678168943E-03 4.38363274402598E-03 4.38873603093515E-03 4.39419391804297E-03 4.40002234094375E-03 4.40623944499434E-03 4.41286147893485E-03 4.41990657253606E-03 4.42738955466051E-03 4.43532983453003E-03 4.44374494498934E-03 4.45265420809768E-03 4.46207354278262E-03 4.4720228819542E-03 4.48252054996349E-03 4.49358751729504E-03 4.50524373349738E-03 4.51751049820337E-03 4.53040758788341E-03 4.54395710554018E-03 4.55818105721763E-03 4.57310307736891E-03 4.58874784629988E-03 4.60514244118077E-03 4.62231529008144E-03
