NongDo/Fusa 10.8h.grd
DSAA
463	323
2	464
2	324
0	10
[rows 56 to 83 of 323, columns 256 to 319 of 463]
0 0 0 0 0 0 0 0 0 0 0 0 0 0 0 0 0 0 0 0 0 0 0 0 0 0 0 0 0 0 0 0 0 0 0 0 0 0 0 0 0 0 0 0 0 0 0 0 0 0 0 0 0 0 0 0 0 0 0 0 0 0 0 0
0 0 0 0 0 0 0 0 0 0 0 0 0 0 0 0 0 0 0 0 0 0 0 0 0 0 0 0 0 0 0 0 0 0 0 0 0 0 0 0 0 0 0 0 0 0 0 0 0 0 0 0 0 0 0 0 0 0 0 0 0 0 0 0
0 0 0 0 0 0 0 0 0 0 0 0 0 0 0 0 0 0 0 0 0 0 0 0 0 0 0 0 0 0 0 0 0 0 0 0 0 0 0 0 0 0 0 0 0 0 0 0 0 0 0 0 0 0 0 0 0 0 0 0 0 0 0 0
0 0 0 0 0 0 0 0 0 0 0 0 0 0 0 0 0 0 0 0 0 0 0 0 0 0 0 0 0 0 0 0 0 0 0 0 0 0 0 0 0 0 0 0 0 0 0 0 0 0 0 0 0 0 0 0 0 0 0 0 0 0 0 0
0 0 0 0 0 0 0 0 0 0 0 0 0 0 0 0 0 0 0 0 0 0 0 0 0 0 0 0 0 0 0 0 0 0 0 0 0 0 0 0 0 0 0 0 0 0 0 0 0 0 0 0 0 0 0 0 0 0 0 0 0 0 0 0
0 0 0 0 0 0 0 0 0 0 0 0 0 0 0 0 0 0 0 0 0 0 0 0 0 0 0 0 0 0 0 0 0 0 0 0 0 0 0 0 0 0 0 0 0 0 0 0 0 0 0 0 0 0 0 0 0 0 0 0 0 0 0 0
0 0 0 0 0 0 0 0 0 0 0 0 0 0 0 0 0 0 0 0 0 0 0 0 0 0 0 0 0 0 0 0 0 0 0 0 0 0 0 0 0 0 0 0 0 0 0 0 0 0 0 0 0 0 0 0 0 0 0 0 0 0 0 0
0 0 0 0 0 0 0 0 0 0 0 0 0 0 0 0 0 0 0 0 0 0 0 0 0 0 0 0 0 0 0 0 0 0 0 0 0 0 0 0 0 0 0 0 0 0 0 0 0 0 0 0 0 0 0 0 0 0 0 0 0 0 1.11787227861735E-16 7.57055817439299E-17
0 0 0 0 0 0 0 0 0 0 0 0 0 0 0 0 0 0 0 0 0 0 0 0 0 0 0 0 0 0 0 0 0 0 0 0 0 0 0 0 0 0 0 0 0 0 0 0 0 0 0 0 0 0 0 0 0 0 4.77175428706854E-16 3.3428767071478E-16 2.51441485832185E-16 1.92801285053381E-16 1.11787227861735E-16 7.57055817439299E-17
0 0 0 0 0 0 0 0 0 0 0 0 0 0 0 0 0 0 0 0 0 0 0 0 0 0 0 0 0 0 0 0 0 0 0 0 0 0 0 0 0 0 0 0 0 0 0 0 0 0 0 0 0 0 1.87793872644221E-15 1.33444644940911E-15 1.02105999029699E-15 7.98671413300324E-16 4.77175428706854E-16 3.3428767071478E-16 2.51441485832185E-16 1.92801285053381E-16 1.43164429530336E-16 1.07692605901558E-16
0 0 0 0 0 0 0 0 0 0 0 0 0 0 0 0 0 0 0 0 0 0 0 0 0 0 0 0 0 0 0 0 0 0 0 0 0 0 0 0 0 0 0 0 0 0 0 0 0 0 0 5.59310906211511E-15 4.06721634255096E-15 3.12231354345773E-15 1.87793872644221E-15 1.33444644940911E-15 1.02105999029699E-15 7.98671413300324E-16 6.073181149242E-16 4.69400040078003E-16 3.6876825367729E-16 2.90917567877875E-16 2.28528391607213E-16 1.78696052820957E-16
0 0 0 0 0 0 0 0 0 0 0 0 0 0 0 0 0 0 0 0 0 0 0 0 0 0 0 0 0 0 0 0 0 0 0 0 0 0 0 0 0 0 0 0 0 2.87284980639196E-14 2.05211141576668E-14 1.60162789574619E-14 1.30633425906041E-14 1.08223520026496E-14 8.92971322900874E-15 5.59310906211511E-15 4.06721634255096E-15 3.12231354345773E-15 2.37333761342366E-15 1.85489200718426E-15 1.48098605511426E-15 1.19147948927454E-15 9.5750293693887E-16 7.67904584184304E-16 6.15335610265489E-16 4.91877081055591E-16 3.92008197908337E-16 3.10678495284228E-16
0 0 0 0 0 0 0 0 0 0 0 0 0 0 0 0 0 0 0 0 0 0 0 0 0 0 0 0 0 0 0 0 0 0 0 0 0 0 0 0 0 0 0 6.69054291120629E-14 4.81100998313049E-14 2.87284980639196E-14 2.05211141576668E-14 1.60162789574619E-14 1.30633425906041E-14 1.08223520026496E-14 8.92971322900874E-15 7.06148642032974E-15 5.64418899420637E-15 4.55121213344451E-15 3.67935074956205E-15 2.98642251792476E-15 2.43252931396481E-15 1.98156586047594E-15 1.61171919516373E-15 1.30641782525001E-15 1.05547826001192E-15 8.49401627958926E-16 6.81007265366462E-16 5.43488207385687E-16
6.47943122752266E-12 5.69047943254409E-12 5.29687084455847E-12 5.0367294342494E-12 4.81939532571781E-12 4.60995981428098E-12 4.39935105105714E-12 4.18487461194529E-12 3.96697677454955E-12 3.74453093959275E-12 3.51847180721542E-12 3.28909743139543E-12 3.06200917958948E-12 2.83922781744443E-12 2.62299710408349E-12 2.41325991931418E-12 2.21241814432985E-12 2.02007975788935E-12 1.8395868689523E-12 1.6714879121243E-12 1.51645470631618E-12 1.37261004548928E-12 1.23975761519049E-12 1.11634627719422E-12 1.00366087845616E-12 9.0091011381769E-13 8.0767517824086E-13 7.22266970386707E-13 6.44580235110761E-13 5.73379439723514E-13 5.09223617010889E-13 4.51925057270911E-13 4.02795511215948E-13 3.65686202723627E-13 3.55508028913553E-13 0 0 0 0 2.11909363472491E-13 1.63148697673213E-13 1.31066017185993E-13 1.06461470237109E-13 6.69054291120629E-14 4.81100998313049E-14 3.5681817027615E-14 2.79364547218339E-14 2.27211297331384E-14 1.88743466699424E-14 1.57960787226172E-14 1.32102858383094E-14 1.09527806981362E-14 9.04950041166417E-15 7.45697039017637E-15 6.13493806538713E-15 5.03969003981364E-15 4.13487133953587E-15 3.38450172173545E-15 2.76349978969387E-15 2.2488041295662E-15 1.82392558172322E-15 1.47359348429747E-15 1.18604276999581E-15 9.50680794474878E-16
6.47943122752266E-12 5.69047943254409E-12 5.29687084455847E-12 5.0367294342494E-12 4.81939532571781E-12 4.60995981428098E-12 4.39935105105714E-12 4.18487461194529E-12 3.96697677454955E-12 3.74453093959275E-12 3.51847180721542E-12 3.28909743139543E-12 3.06200917958948E-12 2.83922781744443E-12 2.62299710408349E-12 2.41325991931418E-12 2.21241814432985E-12 2.02007975788935E-12 1.8395868689523E-12 1.6714879121243E-12 1.51645470631618E-12 1.37261004548928E-12 1.23975761519049E-12 1.11634627719422E-12 1.00366087845616E-12 9.0091011381769E-13 8.0767517824086E-13 7.22266970386707E-13 6.44580235110761E-13 5.73379439723514E-13 5.09223617010889E-13 4.51925057270911E-13 4.02795511215948E-13 3.65686202723627E-13 3.55508028913553E-13 4.35154621269286E-13 3.96059222208051E-13 3.53301573551364E-13 3.09532397274401E-13 2.11909363472491E-13 1.63148697673213E-13 1.31066017185993E-13 1.06461470237109E-13 8.35835394149456E-14 6.65773309148575E-14 5.37171004989913E-14 4.40687677214328E-14 3.66567073084013E-14 3.07540116047289E-14 2.58699889775533E-14 2.17402558381921E-14 1.81874492418152E-14 1.51539077044577E-14 1.25733959935248E-14 1.0400407752523E-14 8.5783598683944E-15 7.05770116968668E-15 5.78913563605172E-15 4.73539439639925E-15 3.86085958789223E-15 3.13772795757644E-15 2.5409088824659E-15 2.05016941573067E-15 1.6479483115072E-15
7.99100009908049E-12 7.55802502159589E-12 7.23287147519218E-12 6.95315463437335E-12 6.684422180325E-12 6.40801738075859E-12 6.12083900449652E-12 5.82554197622028E-12 5.5258406368844E-12 5.22141651736772E-12 4.91154752541377E-12 4.59466188298496E-12 4.27811190064465E-12 3.96620041165956E-12 3.6627871631978E-12 3.36966922850094E-12 3.08971168944532E-12 2.82215143793366E-12 2.57028233077079E-12 2.33611988074853E-12 2.12078898995138E-12 1.92214730436257E-12 1.73877678486925E-12 1.56796578889839E-12 1.4110991954102E-12 1.26763928137553E-12 1.13701049244543E-12 1.01747389883622E-12 9.08616205014034E-13 8.08823450783657E-13 7.18327502737365E-13 6.36990374250295E-13 5.65362739147476E-13 5.04620890253876E-13 4.59466052810697E-13 4.35154621269286E-13 3.96059222208051E-13 3.53301573551364E-13 3.09532397274401E-13 2.59269915143914E-13 2.17509869517991E-13 1.82434110596197E-13 1.5254544678904E-13 1.26679751080323E-13 1.05141998158144E-13 8.73828198525482E-14 7.29495573331214E-14 6.12148354819923E-14 5.15597658586658E-14 4.34496069611235E-14 3.65602451384917E-14 3.0642540259432E-14 2.55816312050249E-14 2.12659096871555E-14 1.76159589154766E-14 1.45457314253147E-14 1.19760738828073E-14 9.82967094448818E-15 8.04489992155533E-15 6.56393223273681E-15 5.33865545257553E-15 4.32755155029925E-15 3.49588978368619E-15 2.81396007801392E-15
1.16994964566052E-11 1.1357048234731E-11 1.10054623748314E-11 1.06434714925989E-11 1.02632418390761E-11 9.85587722459832E-12 9.42295775784465E-12 8.97362157013464E-12 8.51718832091095E-12 8.05634865855218E-12 7.5891452390975E-12 7.10775010264784E-12 6.61787726419746E-12 6.13152385858423E-12 5.65888648514542E-12 5.20484534336265E-12 4.77227070420222E-12 4.36042834215015E-12 3.97248327908057E-12 3.61190750200829E-12 3.28062490701044E-12 2.97678998095798E-12 2.69743632774956E-12 2.4368991920604E-12 2.19513583804403E-12 1.97267424196499E-12 1.76955462267258E-12 1.58408793333252E-12 1.41509582604783E-12 1.26052247768149E-12 1.12004507620932E-12 9.93491508882076E-13 8.80855115554611E-13 7.81898856753206E-13 6.97304906871782E-13 6.25919385024946E-13 5.58783164951126E-13 4.95389277520435E-13 4.36068871039605E-13 3.79809805198136E-13 3.2856802676978E-13 2.81938167476712E-13 2.40163561177721E-13 2.03326943274351E-13 1.71541329998782E-13 1.44381401675851E-13 1.21528845198271E-13 1.02401772488559E-13 8.63584008777985E-14 7.27766579550761E-14 6.12129759998349E-14 5.12988762681776E-14 4.28252997146331E-14 3.56031868143212E-14 2.94898263864338E-14 2.43443276578672E-14 2.00354526251482E-14 1.64387450798538E-14 1.34486744978844E-14 1.09708042454397E-14 8.92229178093426E-15 7.23316300718722E-15 5.84407565594753E-15 4.70562362255677E-15
1.82346891307932E-11 1.78178676626421E-11 1.73394156300064E-11 1.68115560837168E-11 1.62373375201544E-11 1.56108322740175E-11 1.49347417918775E-11 1.42274781786695E-11 1.35067549608063E-11 1.27781982844411E-11 1.20430145697739E-11 1.12868978938042E-11 1.05096052684269E-11 9.73541197465347E-12 8.98480862772321E-12 8.26467225154384E-12 7.57912612986469E-12 6.92764838823355E-12 6.31292115261299E-12 5.74078210479494E-12 5.21490750838162E-12 4.73299434087871E-12 4.29139453199991E-12 3.88081187989208E-12 3.49751352559487E-12 3.14370719241444E-12 2.82062254544513E-12 2.52570991514555E-12 2.25688236648583E-12 2.01134781775022E-12 1.78788805121172E-12 1.58631942755199E-12 1.40639637962596E-12 1.24675831619209E-12 1.10639487606943E-12 9.82393144071228E-13 8.70386627090552E-13 7.68738076994624E-13 6.76853212594294E-13 5.93325319833748E-13 5.17515546419881E-13 4.48215573922983E-13 3.8543009678197E-13 3.29417850493682E-13 2.80310024555314E-13 2.37580342587869E-13 2.00868776342949E-13 1.69616597624288E-13 1.43080263461353E-13 1.20487056130093E-13 1.01221430476187E-13 8.4737005969548E-14 7.06597338052997E-14 5.86864946238145E-14 4.85570242185926E-14 4.0039460046992E-14 3.29141062643677E-14 2.69763649923221E-14 2.20452712773297E-14 1.79664793124939E-14 1.45997822922525E-14 1.18279050615038E-14 9.55107691750355E-15 7.6869132092726E-15
2.90226109697149E-11 2.84454699770831E-11 2.77402058956478E-11 2.6930258612279E-11 2.60278820851513E-11 2.50383085896419E-11 2.3972119926843E-11 2.2848546895285E-11 2.16887772263005E-11 2.05052271494308E-11 1.93042687260691E-11 1.80835929465471E-11 1.68485165152227E-11 1.56203819979237E-11 1.44228513553049E-11 1.32695282347811E-11 1.21688394546219E-11 1.11246983388022E-11 1.01417986159378E-11 9.22511578228857E-12 8.37815568120236E-12 7.59894791985874E-12 6.88279927352426E-12 6.22145826093295E-12 5.60926733328086E-12 5.04460564470766E-12 4.52703029957782E-12 4.05360703545654E-12 3.6214634616248E-12 3.22745780831E-12 2.86958159348256E-12 2.54636748286841E-12 2.25664928928269E-12 1.99820045012986E-12 1.76863699436938E-12 1.56449306806859E-12 1.38193820755566E-12 1.21817133397369E-12 1.07147658059943E-12 9.39693401824992E-13 8.21046107474281E-13 7.13637106545856E-13 6.1676363780582E-13 5.30001164732023E-13 4.53154788430232E-13 3.85600937923909E-13 3.26870572643555E-13 2.76311592221251E-13 2.32991225233546E-13 1.95943292468236E-13 1.6428917113583E-13 1.37275897089198E-13 1.14269947539992E-13 9.47640591583002E-14 7.82951135908579E-14 6.44651680992811E-14 5.29059066840432E-14 4.32931333363592E-14 3.53257264148728E-14 2.87501856715265E-14 2.3333586159632E-14 1.88822757019395E-14 1.52316870449871E-14 1.2247226284999E-14
4.68793904275577E-11 4.60216448755983E-11 4.49391682749875E-11 4.36653779826167E-11 4.22247979750367E-11 4.06357435643286E-11 3.89206045074829E-11 3.71036297650003E-11 3.52122028695761E-11 3.32689256232797E-11 3.12921144033623E-11 2.92952111692948E-11 2.72947680068284E-11 2.5313991514271E-11 2.33795320939993E-11 2.1511988524548E-11 1.97265255176246E-11 1.80328172969331E-11 1.6439694773636E-11 1.49522849744875E-11 1.35734716622829E-11 1.23009534188178E-11 1.11295490296703E-11 1.00508189888079E-11 9.05774504007186E-12 8.14442404805632E-12 7.30661693267577E-12 6.53927580715105E-12 5.83831724719153E-12 5.19961374550905E-12 4.62023512051758E-12 4.09704889427738E-12 3.62723802198292E-12 3.20706332027328E-12 2.83268058292201E-12 2.49927279383469E-12 2.20237469096418E-12 1.93758779409635E-12 1.70153692113785E-12 1.49063320857819E-12 1.30194558486817E-12 1.13240048241272E-12 9.80303348593899E-13 8.44260680554062E-13 7.23348442970402E-13 6.16535202902544E-13 5.23063382006201E-13 4.42105761257413E-13 3.72409607905561E-13 3.12651467748046E-13 2.61565517067691E-13 2.18051572836123E-13 1.81100402844278E-13 1.49872739087272E-13 1.23582589876232E-13 1.01555298960651E-13 8.3179508780808E-14 6.79317440481309E-14 5.53238493558509E-14 4.49445770711546E-14 3.64163338260041E-14 2.94239859406446E-14 2.37015064733016E-14 1.90320146401238E-14
7.65087454575391E-11 7.51806874475301E-11 7.3473934899459E-11 7.14365464449087E-11 6.9108548715063E-11 6.65235016802947E-11 6.37191298982479E-11 6.07365606390955E-11 5.76200824548622E-11 5.4409811323494E-11 5.11425518301997E-11 4.78505260832629E-11 4.45662284481097E-11 4.13245531744303E-11 3.81617475326275E-11 3.51080099143095E-11 3.21870028191253E-11 2.94147617901291E-11 2.68056346396502E-11 2.43677676410325E-11 2.210467114593E-11 2.00132362501503E-11 1.80866605625122E-11 1.63142029475382E-11 1.46866703131768E-11 1.31933205607097E-11 1.18244935316991E-11 1.05709508608322E-11 9.426098224833E-12 8.3835157592591E-12 7.43856774605929E-12 6.58602368944744E-12 5.82056486283661E-12 5.1359370425241E-12 4.52580624831686E-12 3.98271844894456E-12 3.50026790343495E-12 3.07171553046737E-12 2.69109890541676E-12 2.35249034016331E-12 2.05100171418251E-12 1.78176166920507E-12 1.54138948081066E-12 1.32715594176E-12 1.13696252526324E-12 9.68942766288361E-13 8.21677463303314E-13 6.93812826384014E-13 5.83497625975784E-13 4.88854668170415E-13 4.08005567571718E-13 3.39287152415237E-13 2.81100329565782E-13 2.32081229553367E-13 1.90933376804617E-13 1.5655171112506E-13 1.27941852695019E-13 1.04261238054847E-13 8.47296108900692E-14 6.86915380623651E-14 5.55477576683977E-14 4.47989939587196E-14 3.60238874875174E-14 2.88795625654753E-14
1.25845745916682E-10 1.23732118380562E-10 1.20982948363946E-10 1.17669961716134E-10 1.13858614807723E-10 1.09603673619247E-10 1.0496577898008E-10 1.00019859186201E-10 9.48440207253611E-11 8.95083210465714E-11 8.40782016453278E-11 7.86148162110229E-11 7.31745730557735E-11 6.78159784302378E-11 6.2596005117737E-11 5.75602724915047E-11 5.27444993226001E-11 4.81732714882838E-11 4.38682238392524E-11 3.98435040987171E-11 3.61055823560547E-11 3.26502085711311E-11 2.94671476394505E-11 2.65403565716481E-11 2.38563967838285E-11 2.13971145126592E-11 1.91452661409661E-11 1.7085029213705E-11 1.52054053228689E-11 1.34957927607866E-11 1.19483071003587E-11 1.05542810468403E-11 9.30454697941086E-12 8.18865260359976E-12 7.19591570266415E-12 6.31385390508667E-12 5.53215768488623E-12 4.83993593359507E-12 4.22711127141192E-12 3.68393380329892E-12 3.20240956970661E-12 2.77477282262973E-12 2.39469883879885E-12 2.05758583769199E-12 1.75945657759265E-12 1.49698604601501E-12 1.26728630084193E-12 1.06808488851243E-12 8.96367802213389E-13 7.49224622026994E-13 6.23754487457642E-13 5.17369100069556E-13 4.27541639712988E-13 3.52105379941987E-13 2.88975036244538E-13 2.36378399366253E-13 1.92731721998335E-13 1.56698111676993E-13 1.27052294782418E-13 1.02771168865339E-13 8.29265004209165E-14 6.67411029325462E-14 5.35623318248352E-14 4.28590897629861E-14
2.07991809073351E-10 2.04578461683145E-10 2.00082329089692E-10 1.94619418578608E-10 1.88296418200698E-10 1.81216708486508E-10 1.73488332163355E-10 1.65235938412411E-10 1.5659033996261E-10 1.47677746219404E-10 1.38613894572393E-10 1.29508263193596E-10 1.20456730843042E-10 1.1155419598355E-10 1.02891283711159E-10 9.45417889833621E-11 8.65608994228472E-11 7.89873313221581E-11 7.18536308901813E-11 6.51821133566055E-11 5.89847070558752E-11 5.32574531272048E-11 4.79850926545706E-11 4.31411971317475E-11 3.87022670718539E-11 3.46382080951459E-11 3.09214579595626E-11 2.75264658812768E-11 2.44348357455005E-11 2.1628722591714E-11 1.90937323312236E-11 1.68152760286823E-11 1.47779739037598E-11 1.29642067117477E-11 1.1355274468737E-11 9.92990024221082E-12 8.67010179517709E-12 7.55782458883035E-12 6.5761680735368E-12 5.70918942750411E-12 4.94340061158934E-12 4.2671940434932E-12 3.66967930951672E-12 3.14278487277442E-12 2.67924069877267E-12 2.27338038973683E-12 1.91975565522425E-12 1.6140973655219E-12 1.35131937651044E-12 1.12670330866191E-12 9.35631928089779E-13 7.74050750814887E-13 6.380031261028E-13 5.24099995062145E-13 4.29079229793354E-13 3.50147931789806E-13 2.84823078394051E-13 2.31024984987409E-13 1.86873881609201E-13 1.50800205254094E-13 1.21394258457522E-13 9.7476468395298E-14 7.80551923606031E-14 6.23242961298717E-14
3.44912939368243E-10 3.39304803244497E-10 3.31856250250153E-10 3.22750783209101E-10 3.12169275463281E-10 3.0029712222115E-10 2.87327708660071E-10 2.73474740430708E-10 2.58960885505092E-10 2.440068436069E-10 2.28815521722855E-10 2.13579963959839E-10 1.98462364417629E-10 1.83618176258732E-10 1.6919255241932E-10 1.55301454327599E-10 1.42032704839019E-10 1.29445611938642E-10 1.17588475213798E-10 1.06498860457919E-10 9.61985800181253E-11 8.66844753898732E-11 7.79356249133256E-11 6.99100770309677E-11 6.25619312279026E-11 5.58412478402115E-11 4.9704975819708E-11 4.41123091962218E-11 3.90325728700329E-11 3.44363270319542E-11 3.02957828989731E-11 2.65858421035637E-11 2.32799375829823E-11 2.03474429319873E-11 1.77556539162557E-11 1.54683014395864E-11 1.34531053181288E-11 1.16797460401333E-11 1.01200358556584E-11 8.74778315803148E-12 7.5405791983446E-12 6.4803644852753E-12 5.5490747784126E-12 4.73305790470119E-12 4.01971276807048E-12 3.39908409697374E-12 2.86130692909904E-12 2.39864300456536E-12 2.0025660678512E-12 1.66522744815521E-12 1.37918587851038E-12 1.13802304576676E-12 9.35588528214517E-13 7.66583007806928E-13 6.26046193754987E-13 5.09646289588253E-13 4.13564350341522E-13 3.34623590826138E-13 2.70000116413933E-13 2.17323922976699E-13 1.74500162120776E-13 1.39765342969522E-13 1.11640466814114E-13 8.89247634333148E-14
5.7281543407029E-10 5.63487472403119E-10 5.51019800423418E-10 5.35711235916436E-10 5.17872336296376E-10 4.97838455817874E-10 4.75954778160077E-10 4.52595170320846E-10 4.28141231245674E-10 4.02974742326303E-10 3.77448923755587E-10 3.51901217769669E-10 3.26609086808106E-10 3.0182491550659E-10 2.77773995202557E-10 2.54633576969E-10 2.32539157273749E-10 2.11591396732467E-10 1.91867940717536E-10 1.73425582200684E-10 1.56297554590699E-10 1.40485140718118E-10 1.25959922613115E-10 1.12668168542664E-10 1.00526008497891E-10 8.94389940453442E-11 7.93346032825037E-11 7.01519207907318E-11 6.1839937680656E-11 5.43503573016112E-11 4.76321312939435E-11 4.16359247223994E-11 3.63118359385131E-11 3.16072729672044E-11 2.74650856051228E-11 2.38260753579292E-11 2.06338867032064E-11 1.78355073379948E-11 1.53829111108123E-11 1.3234283125705E-11 1.13530196284207E-11 9.71016760664111E-12 8.27625967696996E-12 7.02802910877416E-12 5.94399224739686E-12 5.0071213122568E-12 4.20042842049019E-12 3.509938939573E-12 2.92142889657191E-12 2.42229213952445E-12 2.00073929074603E-12 1.64656050106692E-12 1.35024184687031E-12 1.10351927374441E-12 8.98907411777042E-13 7.29911005749178E-13 5.90812189932711E-13 4.76810623429288E-13 3.83719535424916E-13 3.08012760834505E-13 2.46619642482068E-13 1.96966982236078E-13 1.56891237383026E-13 1.24625827662191E-13
9.5141126843841E-10 9.35638373057326E-10 9.1452965619849E-10 8.88573788386743E-10 8.58316197132607E-10 8.24354768974192E-10 7.8730684529579E-10 7.47822074831904E-10 7.06553047459539E-10 6.64149096435418E-10 6.21220343842722E-10 5.78351578208553E-10 5.36029695922051E-10 4.94655076768466E-10 4.54568635869988E-10 4.16035626745218E-10 3.79269818639367E-10 3.44434260588864E-10 3.11655252934094E-10 2.81020585780461E-10 2.52578999990863E-10 2.26341929071348E-10 2.02279708706063E-10 1.80323339439845E-10 1.60315198717032E-10 1.42092348725975E-10 1.25536595091518E-10 1.10553068583133E-10 9.70498599754746E-11 8.49401213931923E-11 7.41289024236906E-11 6.45225922867351E-11 5.602771873929E-11 4.85525334405249E-11 4.19987276701232E-11 3.6268219945723E-11 3.12635091113132E-11 2.68952434317578E-11 2.3083285751851E-11 1.97603660081202E-11 1.68663201252457E-11 1.43536715885215E-11 1.21749259967823E-11 1.02908983654587E-11 8.6657903022743E-12 7.27051098761117E-12 6.07664442845702E-12 5.0602425640699E-12 4.19823809873247E-12 3.47038553526981E-12 2.85826436732848E-12 2.34585775455443E-12 1.91860047626581E-12 1.56391156053056E-12 1.2705722967891E-12 1.02894432363826E-12 8.3061985738356E-13 6.68506399320605E-13 5.3646859218606E-13 4.29359736795874E-13 3.42734227796879E-13 2.72878979667207E-13 2.16682069484339E-13 1.71591082858336E-13
1.57803151382038E-09 1.55093283448951E-09 1.51479490998545E-09 1.47044427770178E-09 1.41884995956634E-09 1.36108588155541E-09 1.29825923519516E-09 1.23148204398182E-09 1.16185391743117E-09 1.09046506082493E-09 1.01835893884948E-09 9.46524258257723E-10 8.75806254907767E-10 8.0684683477674E-10 7.40146617342758E-10 6.76107794494572E-10 6.15070187841217E-10 5.5729640921174E-10 5.0298360322432E-10 4.52266233508413E-10 4.05208793653241E-10 3.61844611175012E-10 3.22150627123189E-10 2.86052653878542E-10 2.53250749044824E-10 2.23485147531047E-10 1.96572445619398E-10 1.72349050267939E-10 1.50634614862967E-10 1.31260842629659E-10 1.14047019917713E-10 9.88226175499616E-11 8.5418620040641E-11 7.36750619092096E-11 6.34226569508769E-11 5.45024631908937E-11 4.67469133758565E-11 4.00099781151648E-11 3.41619688176062E-11 2.90943148746009E-11 2.47073889339683E-11 2.09211144778481E-11 1.76592746541942E-11 1.4857102194018E-11 1.24562611589593E-11 1.04079972719348E-11 8.66607113807533E-12 7.19073824515167E-12 5.94585736320203E-12 4.89956150452546E-12 4.02333064216259E-12 3.29247553508283E-12 2.68514649108762E-12 2.18257089802963E-12 1.7681987827833E-12 1.42785112358651E-12 1.14930602284992E-12 9.2224494390661E-13 7.37824916110122E-13 5.88635115879643E-13 4.68333826640507E-13 3.71625010813129E-13 2.94087841932202E-13 2.32092322744201E-13
2.60908543215059E-09 2.56182802268033E-09 2.49934804124164E-09 2.42313300573773E-09 2.33490590066135E-09 2.23655391921933E-09 2.13004506276754E-09 2.01725452200012E-09 1.90002543314421E-09 1.78019285599889E-09 1.65948781231122E-09 1.53954437452592E-09 1.42182635085882E-09 1.30730458668775E-09 1.19672117149977E-09 1.09072163478044E-09 9.8985629325937E-10 8.94529057386281E-10 8.05034410343744E-10 7.21565978079462E-10 6.44196876578556E-10 5.72988685896575E-10 5.07949677317551E-10 4.49021720664374E-10 3.95666941865929E-10 3.47502631067722E-10 3.04218679360713E-10 2.65498793819849E-10 2.30982363851522E-10 2.00357101750867E-10 1.73283609584671E-10 1.49455017120395E-10 1.2857012917706E-10 1.10350726713882E-10 9.45117318137544E-11 8.08001029272046E-11 6.89335730551981E-11 5.86811563768647E-11 4.98346970627259E-11 4.22187361684275E-11 3.56670996180852E-11 3.00480940244663E-11 2.52399900587121E-11 2.11363488853896E-11 1.76435671641573E-11 1.46818900236695E-11 1.21781418748085E-11 1.00678508740798E-11 8.29640831610674E-12 6.8142533587221E-12 5.578106365384E-12 4.55063852663807E-12 3.69987751604336E-12 2.9981307405455E-12 2.42146849110258E-12 1.94931293020075E-12 1.56411596613773E-12 1.25105493581818E-12 9.97585341047589E-13 7.93140003707822E-13 6.28827011358507E-13 4.97180048081568E-13 3.92004996094251E-13 3.0821302252098E-13
