NongDo/Fusa 17.8h.grd
DSAA
463	323
2	464
2	324
0	10
[rows 56 to 83 of 323, columns 256 to 319 of 463]
0 0 0 0 0 0 0 0 0 0 0 0 0 0 0 0 0 0 0 0 0 0 0 0 0 0 0 0 0 0 0 0 0 0 0 0 0 0 0 0 0 0 0 0 0 0 0 0 0 0 0 0 0 0 0 0 0 0 0 0 0 0 0 0
0 0 0 0 0 0 0 0 0 0 0 0 0 0 0 0 0 0 0 0 0 0 0 0 0 0 0 0 0 0 0 0 0 0 0 0 0 0 0 0 0 0 0 0 0 0 0 0 0 0 0 0 0 0 0 0 0 0 0 0 0 0 0 0
0 0 0 0 0 0 0 0 0 0 0 0 0 0 0 0 0 0 0 0 0 0 0 0 0 0 0 0 0 0 0 0 0 0 0 0 0 0 0 0 0 0 0 0 0 0 0 0 0 0 0 0 0 0 0 0 0 0 0 0 0 0 0 0
0 0 0 0 0 0 0 0 0 0 0 0 0 0 0 0 0 0 0 0 0 0 0 0 0 0 0 0 0 0 0 0 0 0 0 0 0 0 0 0 0 0 0 0 0 0 0 0 0 0 0 0 0 0 0 0 0 0 0 0 0 0 0 0
0 0 0 0 0 0 0 0 0 0 0 0 0 0 0 0 0 0 0 0 0 0 0 0 0 0 0 0 0 0 0 0 0 0 0 0 0 0 0 0 0 0 0 0 0 0 0 0 0 0 0 0 0 0 0 0 0 0 0 0 0 0 0 0
0 0 0 0 0 0 0 0 0 0 0 0 0 0 0 0 0 0 0 0 0 0 0 0 0 0 0 0 0 0 0 0 0 0 0 0 0 0 0 0 0 0 0 0 0 0 0 0 0 0 0 0 0 0 0 0 0 0 0 0 0 0 0 0
0 0 0 0 0 0 0 0 0 0 0 0 0 0 0 0 0 0 0 0 0 0 0 0 0 0 0 0 0 0 0 0 0 0 0 0 0 0 0 0 0 0 0 0 0 0 0 0 0 0 0 0 0 0 0 0 0 0 0 0 0 0 0 0
0 0 0 0 0 0 0 0 0 0 0 0 0 0 0 0 0 0 0 0 0 0 0 0 0 0 0 0 0 0 0 0 0 0 0 0 0 0 0 0 0 0 0 0 0 0 0 0 0 0 0 0 0 0 0 0 0 0 0 0 0 0 7.0089133119362E-03 7.01785390536498E-03
0 0 0 0 0 0 0 0 0 0 0 0 0 0 0 0 0 0 0 0 0 0 0 0 0 0 0 0 0 0 0 0 0 0 0 0 0 0 0 0 0 0 0 0 0 0 0 0 0 0 0 0 0 0 0 0 0 0 6.97348697113461E-03 6.98222982148076E-03 6.99091075917207E-03 6.99965166020058E-03 7.0089133119362E-03 7.01785390536498E-03
0 0 0 0 0 0 0 0 0 0 0 0 0 0 0 0 0 0 0 0 0 0 0 0 0 0 0 0 0 0 0 0 0 0 0 0 0 0 0 0 0 0 0 0 0 0 0 0 0 0 0 0 0 0 6.93742538346387E-03 6.94661242967092E-03 6.95556165107967E-03 6.96443411039145E-03 6.97348697113461E-03 6.98222982148076E-03 6.99091075917207E-03 6.99965166020058E-03 7.00847391723156E-03 7.01728523483734E-03
0 0 0 0 0 0 0 0 0 0 0 0 0 0 0 0 0 0 0 0 0 0 0 0 0 0 0 0 0 0 0 0 0 0 0 0 0 0 0 0 0 0 0 0 0 0 0 0 0 0 0 6.90735184447167E-03 6.91761912715721E-03 6.92761898968668E-03 6.93742538346387E-03 6.94661242967092E-03 6.95556165107967E-03 6.96443411039145E-03 6.97324745998381E-03 6.98201572239713E-03 6.99067165346213E-03 6.99931617515228E-03 7.00794538542173E-03 7.01659987852944E-03
0 0 0 0 0 0 0 0 0 0 0 0 0 0 0 0 0 0 0 0 0 0 0 0 0 0 0 0 0 0 0 0 0 0 0 0 0 0 0 0 0 0 0 0 0 6.84026325834685E-03 6.85243068335299E-03 6.86400331230751E-03 6.87512851296645E-03 6.88601782656064E-03 6.89670871933677E-03 6.90735184447167E-03 6.91761912715721E-03 6.92761898968668E-03 6.93725901251392E-03 6.94653879643893E-03 6.95555133616617E-03 6.96443930757774E-03 6.97321752077712E-03 6.9819621878676E-03 6.9906061022651E-03 6.99921020506877E-03 7.00777341325191E-03 7.01634131665279E-03
0 0 0 0 0 0 0 0 0 0 0 0 0 0 0 0 0 0 0 0 0 0 0 0 0 0 0 0 0 0 0 0 0 0 0 0 0 0 0 0 0 0 0 6.81318017533144E-03 6.82675766260735E-03 6.84026325834685E-03 6.85243068335299E-03 6.86400331230751E-03 6.87512851296645E-03 6.88601782656064E-03 6.89670871933677E-03 6.90729623153506E-03 6.91761730163559E-03 6.92766037599502E-03 6.93735889481741E-03 6.94676110148144E-03 6.95590601445557E-03 6.96489802063455E-03 6.97375991534086E-03 6.98255247277534E-03 6.99125476329528E-03 6.99990648551546E-03 7.00851068351107E-03 7.0170979090368E-03
6.31169647868201E-03 6.3245883946998E-03 6.33728799754888E-03 6.34980902847076E-03 6.36216843576426E-03 0.006374468120327 6.38662562390307E-03 6.39864029612638E-03 6.41053050549395E-03 6.42242427808136E-03 6.4343543974358E-03 6.44639346754096E-03 6.45838832627638E-03 6.47025788066741E-03 6.48193786199499E-03 6.49352493574241E-03 6.5050108552959E-03 6.51648651228721E-03 6.52784666133209E-03 6.53909936670729E-03 6.55024184891122E-03 6.56141013897155E-03 6.57262273667951E-03 6.58397724447931E-03 6.59533766634195E-03 6.60664917947524E-03 6.61782652229623E-03 6.6289499564356E-03 6.63995972694298E-03 6.6509240003613E-03 6.66171408963977E-03 6.67235555403374E-03 6.68286270456702E-03 6.69346653814732E-03 6.7044048047431E-03 0 0 0 0 6.7612543345731E-03 6.77297859232223E-03 6.78594033284622E-03 6.79945975922547E-03 6.81318017533144E-03 6.82675766260735E-03 6.83991199137202E-03 0.006852277808026 6.8640160852272E-03 6.87529518742634E-03 6.88630895575353E-03 6.8970983022867E-03 6.90774574679196E-03 6.91815972678544E-03 6.92832746207021E-03 6.93819245583209E-03 6.94779120542563E-03 6.95714719899849E-03 6.96633862191248E-03 6.97538651845638E-03 6.98434148495973E-03 6.99320191690181E-03 7.00200184223373E-03 7.01075012372686E-03 7.01947631576127E-03
6.31169647868201E-03 6.3245883946998E-03 6.33728799754888E-03 6.34980902847076E-03 6.36216843576426E-03 0.006374468120327 6.38662562390307E-03 6.39864029612638E-03 6.41053050549395E-03 6.42242427808136E-03 6.4343543974358E-03 6.44639346754096E-03 6.45838832627638E-03 6.47025788066741E-03 6.48193786199499E-03 6.49352493574241E-03 6.5050108552959E-03 6.51648651228721E-03 6.52784666133209E-03 6.53909936670729E-03 6.55024184891122E-03 6.56141013897155E-03 6.57262273667951E-03 6.58397724447931E-03 6.59533766634195E-03 6.60664917947524E-03 6.61782652229623E-03 6.6289499564356E-03 6.63995972694298E-03 6.6509240003613E-03 6.66171408963977E-03 6.67235555403374E-03 6.68286270456702E-03 6.69346653814732E-03 6.7044048047431E-03 6.71741555606882E-03 6.7285525483478E-03 6.73967869600737E-03 6.75087336333352E-03 6.7612543345731E-03 6.77297859232223E-03 6.78594033284622E-03 6.79945975922547E-03 6.81316780667139E-03 6.82670798079629E-03 6.83988324253744E-03 6.85247059798876E-03 6.86449110211878E-03 6.87606065886594E-03 6.88733486308371E-03 6.89835464346764E-03 6.90920573181988E-03 6.91982991031019E-03 6.93022781674852E-03 6.94035445248897E-03 6.95023366615067E-03 6.95988440424595E-03 6.96936842939663E-03 6.97870286563023E-03 6.98792967606618E-03 6.99705439152954E-03 7.00610800920205E-03 7.01510788694786E-03 7.02408585540212E-03
6.31207686725155E-03 6.32528927152615E-03 6.33816331294146E-03 6.35080752331182E-03 6.36327246613314E-03 6.37565977709698E-03 6.38790013701514E-03 6.39998244409773E-03 6.41193719682738E-03 6.42387836336984E-03 6.43584873809233E-03 6.44793933563375E-03 6.45998711777647E-03 6.47188122483655E-03 6.4835917469298E-03 6.49520585438372E-03 6.50672813152357E-03 6.51823366927768E-03 6.52963644333187E-03 6.54092918272425E-03 6.55212111019217E-03 6.56332649275722E-03 6.57457654419737E-03 6.58597904844486E-03 6.59739697275856E-03 6.60874801952226E-03 6.61997226898099E-03 6.6311341321181E-03 6.64218618320047E-03 6.65317322763187E-03 6.66398145637847E-03 6.67460429060283E-03 6.68504924661726E-03 6.69549003819481E-03 6.70611453615069E-03 6.71741555606882E-03 6.7285525483478E-03 6.73967869600737E-03 6.75087336333352E-03 6.76226546480079E-03 6.77432880563187E-03 6.78726073437505E-03 6.80065806231729E-03 6.81422988675007E-03 6.82772086968447E-03 6.84099633002195E-03 6.85384890199657E-03 6.86623151742018E-03 6.87819291077193E-03 6.88984097595772E-03 6.90121254595102E-03 6.91239043814339E-03 6.92333794878525E-03 6.93406409283901E-03 6.94453800710463E-03 6.95477769673342E-03 6.96480171620234E-03 6.97466144434537E-03 6.9843708061748E-03 6.99396191020342E-03 7.00344418307225E-03 7.01284808539762E-03 7.02219687720549E-03 7.03152371643702E-03
6.31339723869191E-03 6.32683596831871E-03 6.33993119952082E-03 6.35277723981138E-03 6.3654305633011E-03 6.37797856461097E-03 6.3903737686329E-03 6.40260251307795E-03 6.41470521982212E-03 6.42677117033973E-03 6.43884265345796E-03 6.45101337427509E-03 6.46312820954181E-03 6.47507352107934E-03 6.48685592064946E-03 6.49854156190578E-03 6.51014423048536E-03 6.52171801230043E-03 6.53320699190356E-03 6.54459478256132E-03 6.55590281994077E-03 6.5672136340809E-03 6.57856310169198E-03 6.5900526953772E-03 6.60155535910265E-03 6.61298103420072E-03 6.62429917309358E-03 6.63554777538548E-03 6.64669005986667E-03 6.65774337419442E-03 6.66862161547083E-03 6.67929541223112E-03 6.68977646365573E-03 6.70018148500669E-03 6.71064687198782E-03 6.7214542337215E-03 6.73238895478928E-03 6.74343185835582E-03 6.75463221936213E-03 6.76618783122749E-03 6.77825405123901E-03 6.79099222495992E-03 6.80416879343163E-03 6.8175776655159E-03 6.83102493914009E-03 6.84440676281473E-03 6.85752085834893E-03 6.8702793539549E-03 6.88266821669041E-03 6.89474907321784E-03 6.90654461038557E-03 6.91812826435317E-03 6.92947365065875E-03 6.94059527831543E-03 6.95147609062737E-03 6.96213249238128E-03 6.97258540299884E-03 6.9828786877057E-03 6.99302407043266E-03 7.00304443936229E-03 7.01295410442333E-03 7.02278043632786E-03 7.03255122285803E-03 7.04229857451409E-03
6.31556377085154E-03 6.32926820265542E-03 6.34265070265737E-03 6.35577954674542E-03 6.36870380366024E-03 6.38148757449226E-03 6.39410825665715E-03 6.40656892703692E-03 6.41890408352648E-03 6.43118027909505E-03 6.4434326312141E-03 6.45571371560134E-03 6.46791466261918E-03 6.47996608268569E-03 6.49187809723598E-03 6.50369596677415E-03 6.51543533398204E-03 6.52713228043241E-03 6.53875613806003E-03 6.55030382386012E-03 6.56179544336079E-03 6.5732886763265E-03 6.58481535830291E-03 6.59643456332956E-03 6.60805254355734E-03 6.61960997849765E-03 6.63108255129922E-03 6.64248239851293E-03 6.65377608815746E-03 6.6649607042273E-03 6.67597152941605E-03 6.68678669689318E-03 6.69741480533122E-03 6.70793525370812E-03 6.71844849809365E-03 6.72913930953847E-03 6.73996926736361E-03 6.75095959551584E-03 6.76215792790037E-03 6.77371139238277E-03 6.7857048543501E-03 6.79825214332603E-03 6.81122250838137E-03 6.82449166498017E-03 6.83790823294878E-03 6.85137295652256E-03 6.8647041291598E-03 6.87778978074702E-03 6.89057677069179E-03 6.90308258185707E-03 6.91531386541619E-03 6.92731851281872E-03 6.93907995509221E-03 6.95061458887882E-03 6.96191646986651E-03 6.97300692145521E-03 6.98390846797434E-03 6.99465645239966E-03 0.00700526078836 7.01574041730606E-03 7.02611019101869E-03 7.03639720091007E-03 7.04662988540128E-03 7.05683880653303E-03
6.31863950002255E-03 6.33269242234274E-03 6.34644238785522E-03 6.35993558131723E-03 6.37321238087751E-03 6.38631864282789E-03 6.39925497759073E-03 6.4120355790362E-03 6.42468208309626E-03 6.43724198126541E-03 6.4497397930592E-03 6.46219637966421E-03 6.47456206519103E-03 6.48680153706873E-03 6.49891419044276E-03 6.51093156662329E-03 6.52287195500357E-03 6.53476176615409E-03 6.54659444551913E-03 6.55837568753783E-03 6.57011733613239E-03 6.5818582245753E-03 6.59362149845583E-03 6.60543458932356E-03 6.61724954358031E-03 6.62902473560558E-03 6.6407266580942E-03 6.65234925520573E-03 6.66386381297331E-03 6.67525586970787E-03 6.6864830910427E-03 6.69752846674703E-03 6.70839253422022E-03 6.71913053187592E-03 6.72981742163541E-03 6.74058250735371E-03 6.75146327093844E-03 6.76251472085962E-03 6.77378578629281E-03 6.78538662758988E-03 6.79738323475816E-03 0.006809862384808 6.82275594594644E-03 6.83598027839032E-03 6.84940764286107E-03 6.86294788251638E-03 6.87645048977466E-03 6.8897899648219E-03 6.90289498386497E-03 6.91575068620242E-03 6.92835171089502E-03 6.94072259440652E-03 6.95286099287967E-03 6.96477600296481E-03 6.97647343051377E-03 6.9879729185118E-03 6.99929848169524E-03 7.01047901668308E-03 7.02152907441361E-03 7.03246071894151E-03 7.04329004865782E-03 7.0540415517846E-03 7.06474358879228E-03 7.07542359440564E-03
6.32279243618699E-03 6.33728831646121E-03 6.35149457049614E-03 6.36544296505148E-03 6.37916462616066E-03 6.3926978192887E-03 6.40605094345945E-03 6.41924016707832E-03 6.43228110399183E-03 6.44520750202718E-03 6.45803435042226E-03 6.47077427807347E-03 6.48340742269217E-03 6.49591990546586E-03 6.50831192096163E-03 6.52060859641413E-03 6.53282905983957E-03 6.54500012812121E-03 6.5571274957643E-03 6.56922055900592E-03 6.58128709754164E-03 6.59335322723854E-03 6.60543338113126E-03 6.61754279588079E-03 6.62965462471542E-03 6.64173668761862E-03 6.65375011610776E-03 6.66567777753447E-03 6.67749128802444E-03 6.68917492237736E-03 6.70069839101471E-03 6.71204806982178E-03 6.72322062335231E-03 0.006734257176655 6.74521752343181E-03 6.75620422614462E-03 6.76728301479134E-03 6.77852715139649E-03 6.78998982977253E-03 6.80176265763894E-03 6.81390201768053E-03 6.82648000165446E-03 6.83944949984758E-03 6.85274271619274E-03 6.86624589143016E-03 6.87988029680226E-03 6.89351496300212E-03 6.9070328223306E-03 6.92035679789685E-03 6.93345676826398E-03 6.94632066056205E-03 6.95896360193037E-03 0.006971387622466 6.9836026152148E-03 6.99561841864006E-03 7.00745533925442E-03 7.01913773434055E-03 7.03069218896604E-03 7.04213390585528E-03 7.05347226848508E-03 7.06472259872721E-03 7.07590706847118E-03 7.08705214869851E-03 7.09818096681604E-03
6.32818507613278E-03 6.34323339536643E-03 6.35799856255871E-03 6.37250424782844E-03 6.38677428745675E-03 6.4008417061441E-03 6.41471485612353E-03 6.42840868427396E-03 6.44193724020707E-03 6.4553254825771E-03 6.46858278714751E-03 6.4817195994163E-03 6.49473002171087E-03 6.50761328345006E-03 6.52037711191864E-03 6.53304592011733E-03 6.54564062265852E-03 6.55819055384015E-03 6.57070680564688E-03 6.58320057124257E-03 6.59567944002842E-03 6.60816165550635E-03 6.62065529103678E-03 6.63316975388483E-03 6.64568513766381E-03 6.65816974816126E-03 6.67058245880319E-03 6.68289954262536E-03 6.69509260088187E-03 6.70714651681283E-03 6.71903721865203E-03 6.73075347687166E-03 6.74229323475843E-03 6.75369206978123E-03 6.76500353663282E-03 6.77631904809877E-03 6.78771343649399E-03 6.79926659120331E-03 6.81103521093889E-03 6.82310252067231E-03 6.83551519857437E-03 6.84833346244311E-03 6.86150579084231E-03 6.87496611490828E-03 6.88860983067098E-03 6.90236742860522E-03 6.91612143363587E-03 6.92976167659078E-03 6.94321489569024E-03 6.95645239083945E-03 6.96946803166758E-03 6.98227480156906E-03 6.99488005150105E-03 7.00729395294152E-03 7.01952969683406E-03 7.03161022605188E-03 7.0435639351301E-03 7.05541377347144E-03 7.06717528598804E-03 7.0788536724908E-03 7.09046387960599E-03 7.10202697559619E-03 7.11356710810704E-03 7.12510051724986E-03
6.33502014017117E-03 6.35074000719118E-03 6.36617841150369E-03 0.006381353351999 6.39628389367351E-03 6.41099525438103E-03 6.42549546529158E-03 6.43979914463921E-03 6.45391937897761E-03 6.46787453469384E-03 6.48167118296421E-03 6.49531835524682E-03 6.50881799713485E-03 6.52217974486523E-03 6.53541963831083E-03 6.54856382856961E-03 6.56163639557589E-03 6.57466866746357E-03 6.58767485896276E-03 6.60066838429197E-03 6.61365776463048E-03 6.62665630797129E-03 6.63966653582099E-03 6.65269509485714E-03 6.66571935789055E-03 6.67870166727884E-03 6.69159810690888E-03 6.70438213462045E-03 6.71702503130739E-03 6.72951354854092E-03 6.74182714203853E-03 6.75395727239882E-03 6.76590744261937E-03 6.77771551993648E-03 6.78943515054531E-03 6.80115474313922E-03 6.81295043846175E-03 6.82489955666541E-03 6.83705924484875E-03 6.8495075782814E-03 6.86228373156112E-03 6.8754238967125E-03 6.88886285409254E-03 6.90253606337011E-03 6.91634746422069E-03 6.93023084469383E-03 6.94407480262806E-03 6.95778335664827E-03 6.9712923830172E-03 6.98458336516503E-03 6.99765919429152E-03 7.0105355081527E-03 7.02322597305698E-03 7.0357431715418E-03 7.04810556750257E-03 7.06034247982166E-03 7.07248491514342E-03 7.08455152322684E-03 0.007096556705951 7.10850399713336E-03 7.12040927375697E-03 7.13229118424283E-03 7.1441698910173E-03 7.15605281345066E-03
6.34352906214482E-03 6.36004511024578E-03 6.37627748757794E-03 6.39223861917805E-03 6.40794366027253E-03 6.42341052956743E-03 6.43864922439203E-03 6.45367289235385E-03 6.4684931359412E-03 6.48312340494245E-03 6.49757011891079E-03 0.006511840752168 6.52594395982273E-03 6.53989706545891E-03 6.55372298512307E-03 6.56745074420301E-03 6.58110832973607E-03 6.59472890871273E-03 6.60832951831085E-03 6.62192523883577E-03 6.63552573271618E-03 6.64914169618962E-03 6.66277051734818E-03 6.67641484066546E-03 6.6900404835429E-03 6.70360065758987E-03 6.71704907958058E-03 6.73035908913767E-03 6.74350136767484E-03 6.75646528576958E-03 6.76923235810564E-03 6.78179979636481E-03 6.79418207852946E-03 6.80642496018575E-03 6.81858407253454E-03 6.83074941551227E-03 6.84299098140579E-03 6.85537933637187E-03 6.86796834897218E-03 6.88082902193449E-03 6.89398462945864E-03 6.90745045241959E-03 6.92115773668898E-03 6.93503542736478E-03 6.94899641832687E-03 6.96297695118553E-03 6.9768813968599E-03 6.99061703164888E-03 7.00413468734451E-03 7.0174255707793E-03 7.03050163475954E-03 7.04338140178323E-03 7.05609018447905E-03 7.06864246327331E-03 7.08106963393197E-03 7.09340410633485E-03 7.10567629765674E-03 7.1178981410033E-03 7.13008731979832E-03 7.14224396285104E-03 7.15438495013332E-03 7.16652796604385E-03 7.17868760967577E-03 7.19086246943101E-03
6.35401603320354E-03 6.37145740975012E-03 6.38861002116693E-03 6.40548066629754E-03 6.42208007038825E-03 6.4384206844825E-03 6.45451281888935E-03 6.47036869857539E-03 6.48599909541612E-03 6.50141427785902E-03 6.51662095156186E-03 6.53162616502996E-03 6.54644437545322E-03 6.56110057754566E-03 6.57562336887666E-03 6.59004446505212E-03 6.60439498090001E-03 6.61870787067194E-03 6.63300199555508E-03 6.64729580659858E-03 6.66160030896639E-03 6.6759237913502E-03 6.69025894595024E-03 0.006704598826776 6.71889275574724E-03 6.73308559029295E-03 6.74712847823132E-03 6.76099438952905E-03 6.77465653217921E-03 6.78810589899008E-03 6.80132762398011E-03 6.81433182304888E-03 6.82714640159199E-03 6.83982641097741E-03 6.85243272403607E-03 6.86505378309711E-03 6.87774924729569E-03 6.89058317689201E-03 6.90360235500921E-03 6.91686365795821E-03 6.93037385221405E-03 6.94412707514862E-03 6.95805106209488E-03 6.9720792842869E-03 6.9861359270502E-03 7.00015953582466E-03 7.01406483327868E-03 7.0277740146734E-03 7.04125423611696E-03 7.05450250224522E-03 7.06753750564678E-03 7.0803831243283E-03 7.09307196144249E-03 7.10562563543721E-03 7.11808773794383E-03 7.13048660529103E-03 7.14284877545218E-03 7.15518363563209E-03 7.16751105456263E-03 7.17983021526691E-03 7.19216097488125E-03 7.20451402517674E-03 7.21689870236398E-03 7.2293091102788E-03
6.36684114099258E-03 6.38534386983694E-03 6.40354868185012E-03 6.42145619181574E-03 6.43907301911261E-03 6.45640672492616E-03 6.47346780617631E-03 6.49026754365405E-03 6.50681706864526E-03 6.52312425536754E-03 6.5391979914613E-03 6.55504517093801E-03 6.5706873666312E-03 6.58615648113331E-03 6.60148460800123E-03 6.61670401051989E-03 6.63184653957543E-03 6.64694520935568E-03 6.66202196628138E-03 6.67709676943537E-03 6.69217967890142E-03 6.70727649834785E-03 6.72237230438946E-03 6.7374528647589E-03 6.75245126776123E-03 6.76729797473319E-03 6.78193791139231E-03 6.7963494006163E-03 6.81051225119596E-03 6.82442292002938E-03 6.83807877263528E-03 6.85150013053646E-03 6.86472384096639E-03 6.87781618678479E-03 6.89084171822315E-03 6.90389215022046E-03 6.91701908497339E-03 6.9302708516335E-03 6.94367726222352E-03 6.95728266641223E-03 6.97108397829382E-03 6.98505256842087E-03 6.99912410154065E-03 7.0132342018079E-03 7.02732201004943E-03 7.04132841310906E-03 7.05518842393945E-03 7.06882934871927E-03 7.08223120693414E-03 7.09540330092474E-03 7.10837858298149E-03 7.12118135298777E-03 7.13384813042634E-03 7.14640268421833E-03 7.15888777332149E-03 7.17133206784872E-03 7.18376479912488E-03 7.19619085808442E-03 7.20862799618506E-03 7.22107390803758E-03 7.23354547457959E-03 7.24605357582623E-03 7.25860917434481E-03 7.27120298747323E-03
6.3824498491223E-03 6.40215389315292E-03 6.42154543759029E-03 6.44061904671797E-03 6.45937750777451E-03 6.4778243364908E-03 6.49596981872242E-03 6.51382516633751E-03 6.53140126370507E-03 6.54870527901118E-03 6.5657488994053E-03 6.58254163175144E-03 6.59911295558394E-03 6.61550014786774E-03 6.63173551791717E-03 6.64784968327696E-03 6.66387395978887E-03 6.67984053123263E-03 6.69577220716164E-03 6.7116890385358E-03 6.7275992249042E-03 6.74350666091275E-03 6.75938844186872E-03 6.77521994998755E-03 6.79091066985975E-03 6.80638032365289E-03 6.82157695888671E-03 6.83649028264449E-03 6.85110643244612E-03 6.86543124531473E-03 6.87947358047132E-03 6.89326473401213E-03 6.90685109474653E-03 6.92031058601334E-03 6.93370996973585E-03 6.94714149367641E-03 6.9606402777142E-03 6.97423909884323E-03 6.98795373969951E-03 7.00181935940756E-03 7.01581954881583E-03 7.02991198169297E-03 7.04404286292864E-03 7.05815570682679E-03 7.07220494526766E-03 7.08613415812928E-03 7.09989548893931E-03 7.11342336042793E-03 7.12671736241136E-03 7.13979769759935E-03 7.15270797119544E-03 7.16546831592174E-03 7.17811767940325E-03 7.19067834218443E-03 7.20318932217301E-03 7.21567576911332E-03 7.22816853485174E-03 7.24066764648865E-03 7.25318935087972E-03 7.26572849437568E-03 7.27830214052204E-03 7.29092021741147E-03 7.30359687160835E-03 7.31632045707724E-03
6.40136772752668E-03 6.42241620818149E-03 6.44312949492737E-03 6.46349686027215E-03 6.48351849289175E-03 6.5031953222875E-03 6.52253822276663E-03 6.54155785259006E-03 6.56026449959602E-03 6.57866546654578E-03 6.59677729365953E-03 6.61461407005068E-03 6.63221284394497E-03 6.64961355817521E-03 6.66684467876213E-03 6.68393402290943E-03 6.70091119871313E-03 6.71780654946719E-03 6.73464051759473E-03 6.7514302559925E-03 6.76818081326452E-03 6.78489611049165E-03 6.80154367557457E-03 6.81808222191079E-03 6.83439371922994E-03 6.8504033781792E-03 6.86607870219243E-03 6.88142336559288E-03 6.89642749791798E-03 6.9111030476913E-03 6.92546566232598E-03 6.93955923843946E-03 6.9534427784179E-03 6.96720410764316E-03 6.98090616779497E-03 6.99463811441043E-03 7.00841017460889E-03 7.0222471737727E-03 7.0361640793142E-03 7.05018879430424E-03 7.06429351384805E-03 7.07842068711011E-03 7.0925322481768E-03 7.10658087045087E-03 7.12053845065801E-03 7.13434547328117E-03 7.14797224300859E-03 7.16135845408646E-03 7.17453277577072E-03 7.18752282381408E-03 7.20037208681091E-03 7.21309159532502E-03 7.22572491772754E-03 7.23829129699399E-03 7.25082828263773E-03 7.26335358910654E-03 7.27589418448491E-03 7.28844348170213E-03 7.3010200632549E-03 7.31361547167172E-03 7.32625139530992E-03 7.33893583059081E-03 7.3516814518638E-03 7.36447489425648E-03
6.42419001331674E-03 6.44672326081111E-03 6.46888803066308E-03 6.4906716012006E-03 6.5120719078532E-03 6.53309036804889E-03 6.55373772068661E-03 6.57402302896508E-03 6.59395602857932E-03 6.61354728417327E-03 6.63281650589801E-03 6.65178897613977E-03 6.67050636764737E-03 6.68900219711976E-03 6.7072987656973E-03 6.72542373152368E-03 6.74340357091582E-03 6.76126459808093E-03 6.77902096626453E-03 6.7966816534973E-03 6.81424704930541E-03 6.8317212702754E-03 6.8490691344241E-03 6.86621049221776E-03 6.88301860611574E-03 6.89945575226592E-03 6.91551402200543E-03 6.93120042275528E-03 6.9465068860474E-03 6.96145047754998E-03 6.97605284475709E-03 6.9903711764741E-03 7.00447432504353E-03 7.01845052393679E-03 7.03236291563362E-03 7.04627788091878E-03 7.06018827616934E-03 7.07413173430353E-03 7.08813053940521E-03 7.10219721445022E-03 7.11628999809421E-03 7.13035665881058E-03 7.1443745251602E-03 7.15830474477232E-03 7.17212750366899E-03 7.18578181509136E-03 7.19924789492299E-03 7.21248591969579E-03 7.22555184511961E-03 7.23846265911815E-03 7.25125308382223E-03 0.007263930653956 7.27654392042694E-03 7.28910700747949E-03 7.30165731598185E-03 7.31420287154779E-03 7.3267639226673E-03 7.33933128560547E-03 7.35192488800876E-03 7.3645368036015E-03 7.37719410809412E-03 7.38989658474593E-03 7.40265243617959E-03 7.41544986639888E-03
