NongDo/Fusa 18.7h.grd
DSAA
463	323
2	464
2	324
0	10
[rows 252 to 279 of 323, columns 0 to 63 of 463]
0 0 0 0 0 0 0 0 0 0 0 0 0 0 0 0 0 0 0 0 0 0 0 0 0 0 0 0 0 0 0 0 0 0 0 0 0 0 3.95380910203768E-03 3.96606946145779E-03 3.97281379938806E-03 3.97871105645476E-03 3.98546341460957E-03 3.99344210317967E-03 4.00281881868002E-03 4.01367994982365E-03 4.02615864852275E-03 4.04034246007087E-03 4.05636703932794E-03 4.07434747577751E-03 4.09440561452116E-03 4.11665342391577E-03 4.14116059533133E-03 4.16798139063024E-03 4.19711007651951E-03 4.22854508651627E-03 4.26220705634048E-03 4.2980091770005E-03 4.3358088298188E-03 4.37549084859238E-03 4.4168750424588E-03 4.45972887851877E-03 4.50379472866698E-03 4.54879799562178E-03
0 0 0 0 0 0 0 0 0 0 0 0 0 0 0 0 0 0 0 0 0 0 0 0 0 0 0 0 0 0 0 0 0 0 0 0 0 3.94309210094747E-03 3.95380910203768E-03 3.95963120666642E-03 3.96604246584917E-03 3.97292682361718E-03 3.98076090160608E-03 3.98979228422225E-03 4.00022256967501E-03 4.01217999340289E-03 4.02582051848179E-03 4.04125496382599E-03 4.05863060640025E-03 4.07807952699848E-03 4.09972715611549E-03 4.12368395904861E-03 4.15001037599297E-03 4.17874712407273E-03 4.20986955403538E-03 4.24335011954438E-03 4.27908355310635E-03 4.31695078349234E-03 4.35677605599993E-03 4.39840492513024E-03 4.44162610197842E-03 4.48617665779139E-03 0.004531772403819 4.57811686293199E-03
0 0 0 0 0 0 0 0 0 0 0 0 0 0 0 0 0 0 0 0 0 0 0 0 0 0 0 0 0 0 0 0 0 0 0 0 3.93398207135826E-03 3.94309210094747E-03 3.94822996142927E-03 0.003954019697331 3.96065243520806E-03 3.96820848989542E-03 3.97690768029676E-03 3.98689725400075E-03 3.99835947534816E-03 4.01143490534465E-03 4.02628909900957E-03 4.04304608499949E-03 4.06186014609868E-03 4.08287433427963E-03 4.10621436751372E-03 4.13198481257655E-03 4.1602326127956E-03 4.19097959379733E-03 4.22417603196277E-03 4.25976820169005E-03 4.29761910324518E-03 4.33757239034708E-03 4.37941544018423E-03 4.42295697043736E-03 4.46795107359625E-03 4.51410591829626E-03 4.56111375289465E-03 4.60866036722729E-03
0 0 0 0 0 0 0 0 0 0 0 0 0 0 0 0 0 0 0 0 0 0 0 0 0 0 0 0 0 0 0 0 0 0 0 3.92956234871785E-03 3.93398207135826E-03 3.93808773757615E-03 3.94299275667918E-03 3.94889546482685E-03 3.95591480024367E-03 3.96411505854519E-03 3.97363685635709E-03 3.98457598428769E-03 3.99709976674865E-03 4.01135472773977E-03 4.02750700420729E-03 4.04568886788096E-03 4.06605391320924E-03 4.08875528310425E-03 4.11391072955747E-03 4.14161536897841E-03 4.17189660596022E-03 4.20475382887822E-03 4.2401044147539E-03 4.27786752454725E-03 4.31786843503516E-03 4.35990789999651E-03 4.40373657000685E-03 4.4491272005673E-03 4.49580444054253E-03 4.54344661438844E-03 4.59172675044233E-03 4.64031743513707E-03
0 0 0 0 0 0 0 0 0 0 0 0 0 0 0 0 0 0 0 0 0 0 0 0 0 0 0 0 0 0 0 0 0 0 0 3.92956234871785E-03 3.92995049855342E-03 3.93295372954653E-03 3.93770589796903E-03 3.94387083612691E-03 3.95140429682695E-03 3.96031478906205E-03 3.97070624797992E-03 3.98266013446738E-03 3.9963315877826E-03 4.01186971916221E-03 4.02943806471669E-03 4.04917537245102E-03 4.07123273910572E-03 4.09576356515075E-03 4.12287421206445E-03 0.004152643611981 4.18507513791135E-03 4.22014032007386E-03 4.25772367961775E-03 4.29770461460992E-03 4.3398647831674E-03 4.38396488848684E-03 4.42972232581164E-03 4.47687535005893E-03 4.52511756420816E-03 4.57410462144943E-03 4.62349560402734E-03 4.67295682138725E-03
0 0 0 0 0 0 0 0 0 0 0 0 0 0 0 0 0 0 0 0 0 0 0 0 0 0 0 0 0 0 0 0 0 0 3.91394006209785E-03 3.92219564768685E-03 3.92360193453003E-03 3.9269191593861E-03 3.93200340741613E-03 3.93867075386254E-03 3.94687410285755E-03 3.95660998216664E-03 3.96796711287658E-03 3.98104577925529E-03 3.99598903152347E-03 4.01295056878091E-03 4.03208293342306E-03 4.05353628059951E-03 4.07744958920265E-03 4.10397167143966E-03 4.13319138370821E-03 4.16516608089084E-03 4.19986801905313E-03 4.23723497755323E-03 4.27711537392517E-03 4.31933457643149E-03 4.36363672822097E-03 4.40974223158586E-03 4.45733944353098E-03 4.50613090259181E-03 4.55579143532334E-03 4.60595770758301E-03 4.65627960987111E-03 4.70642392130569E-03
0 0 0 0 0 0 0 0 0 0 0 0 0 0 0 0 0 0 0 0 0 0 0 0 0 0 0 0 0 0 0 0 0 0 3.91394006209785E-03 3.91437968104594E-03 3.91625566902193E-03 3.92008550588303E-03 3.92575661869544E-03 3.93312646374874E-03 3.94216149407044E-03 3.95286601139775E-03 3.96533223985815E-03 3.97968123868413E-03 3.99605499202794E-03 4.01460878228603E-03 4.03548421193897E-03 4.05883391304583E-03 4.08478358999729E-03 4.11346998648159E-03 4.14495923421922E-03 4.17927938307917E-03 4.2163644362229E-03 4.25611122324489E-03 4.2983242604275E-03 4.34277772610278E-03 4.38917492157596E-03 4.43720023166467E-03 4.48651537635873E-03 4.53679759909689E-03 4.58770663989359E-03 4.63886662100277E-03 4.68992526023397E-03 4.74055897658836E-03
0 0 0 0 0 0 0 0 0 0 0 0 0 0 0 0 0 0 0 0 0 0 0 0 0 0 0 0 0 0 0 0 0 0 3.90546261530952E-03 3.9055904250152E-03 3.90796496275807E-03 3.91247501846062E-03 3.91892261270046E-03 3.92717029819799E-03 3.93719950935638E-03 3.94903270691743E-03 3.96277530054819E-03 3.97857145647361E-03 3.99656137950974E-03 4.01690519294573E-03 4.03972365709295E-03 4.0651703862975E-03 4.09334764178318E-03 4.12437851202504E-03 4.15829862794235E-03 4.19509740672874E-03 4.23466118757787E-03 4.27683880347498E-03 4.32138969957552E-03 4.36803818399275E-03 4.41644995484079E-03 4.46627442785186E-03 4.51715417436183E-03 4.56874866617548E-03 4.62071595459985E-03 0.004672668291203 4.72426023767662E-03 4.77518870426208E-03
0 0 0 0 0 0 0 0 0 0 0 0 0 0 0 0 0 0 0 0 0 0 0 0 0 0 0 0 0 0 0 0 0 0 3.89526612838436E-03 3.89550879644763E-03 3.89863101042902E-03 3.90403926803904E-03 3.9114621619435E-03 3.92077483773203E-03 3.93198080768145E-03 3.94512567282553E-03 3.96033139454233E-03 3.97777486443109E-03 3.99759152972532E-03 4.01994099597351E-03 4.04491868643378E-03 4.07267385841415E-03 4.10327285887201E-03 4.13682800081765E-03 4.17333253089129E-03 4.21272385729701E-03 4.25483292720133E-03 4.29945947185205E-03 4.34631702809905E-03 4.39508441619007E-03 4.44539342443059E-03 4.49686578320083E-03 4.54913066015463E-03 4.60184030710378E-03 4.6546596937311E-03 4.70719121771353E-03 4.75911053369806E-03 4.81014725022631E-03
0 0 0 0 0 0 0 0 0 0 0 0 0 0 0 0 0 0 0 0 0 0 0 0 0 0 0 0 0 0 0 0 0 3.86728854771866E-03 3.88159199155186E-03 3.88370898227825E-03 3.88820624584293E-03 3.89480638643642E-03 3.90342089024169E-03 3.91399380870264E-03 3.92657138870522E-03 3.94122947718272E-03 3.95809971782573E-03 3.97741322675414E-03 3.99928004881141E-03 4.02386681268746E-03 4.05122312936661E-03 4.08150825894543E-03 4.11472056735196E-03 4.15097521072082E-03 4.19019673486209E-03 4.23226147291696E-03 4.27694335234507E-03 4.32399375850854E-03 4.3730849755847E-03 4.42385126806294E-03 4.47590383199885E-03 4.52884173712408E-03 4.58229241512222E-03 4.63589933133058E-03 4.68935523889018E-03 4.74224790366898E-03 4.79429864641901E-03 4.84527732628058E-03
0 0 0 0 0 0 0 0 0 0 0 0 0 0 0 0 0 0 0 0 0 0 0 0 0 0 0 0 0 0 0 0 0 3.86728854771866E-03 3.86802552516779E-03 3.87108560419823E-03 3.87691716942086E-03 3.88491452969902E-03 3.89492102879011E-03 3.90694701259868E-03 3.92109624201421E-03 3.93748219323284E-03 3.95625234878723E-03 3.97766180331391E-03 4.00181177675592E-03 4.02885845977879E-03 4.05882047807674E-03 4.09183860918763E-03 4.12786713446894E-03 4.16696939111831E-03 4.20899689116166E-03 4.25376692146774E-03 4.30100494239292E-03 4.35041097400329E-03 4.40161790493947E-03 4.45422695165612E-03 4.50783523057406E-03 4.5620371737923E-03 4.61646432703739E-03 4.67075929105266E-03 4.72461283751053E-03 4.77765825203394E-03 4.82967172298628E-03 4.88045140710054E-03
0 0 0 0 0 0 0 0 0 0 0 0 0 0 0 0 0 0 0 0 0 0 0 0 0 0 0 0 0 0 0 0 0 3.85330327964245E-03 3.85368701003525E-03 3.85796795235081E-03 3.86521522348642E-03 3.87467651754178E-03 3.88620795782269E-03 3.8998506176404E-03 3.91576086057369E-03 3.93408578111626E-03 3.95500120040771E-03 3.97874515892593E-03 4.00541885676353E-03 4.03515323751377E-03 4.06794142152696E-03 4.10387561489404E-03 4.14288737969813E-03 4.18492240275036E-03 4.22979437520006E-03 4.27725162378861E-03 4.32698442023104E-03 4.37862826851412E-03 4.43179536863815E-03 4.48605703711034E-03 4.54100854007725E-03 4.59625073867087E-03 4.65142709132556E-03 4.70619019972403E-03 4.76022971438804E-03 4.8132804738886E-03 4.86512388578981E-03 4.91558785068531E-03
0 0 0 0 0 0 0 0 0 0 0 0 0 0 0 0 0 0 0 0 0 0 0 0 0 0 0 0 0 0 0 0 3.80553010556789E-03 3.83400811767009E-03 3.83786860449654E-03 3.84437150451724E-03 3.85332386090737E-03 3.86438588466617E-03 3.87756834562544E-03 3.8929869409021E-03 3.91084474666475E-03 3.93132066436159E-03 3.95460065994892E-03 3.98090701219735E-03 4.01032459901634E-03 4.04295420338249E-03 4.07874958104075E-03 4.11775104019187E-03 4.1598343747258E-03 4.20485354443329E-03 4.25256438221793E-03 4.30265748844961E-03 4.3547798070579E-03 4.40851983913723E-03 4.46346844560318E-03 4.51918268741346E-03 4.57526323980214E-03 4.63132588400573E-03 4.68703524904576E-03 4.74206520628369E-03 4.79613741071375E-03 4.84904854078763E-03 4.90059439409623E-03 4.95062004844817E-03
0 0 0 0 0 0 0 0 0 0 0 0 0 0 0 0 0 0 0 0 0 0 0 0 0 0 0 0 0 0 0 3.79527473455919E-03 3.80553010556789E-03 3.81516569463142E-03 3.82253962309833E-03 3.83112152309257E-03 3.84173502444752E-03 3.85442153206028E-03 3.86934452056459E-03 3.88668037187471E-03 3.90666150129554E-03 3.92948329541826E-03 3.95532868175782E-03 3.98440065471584E-03 4.01675603821085E-03 4.05245089199336E-03 4.09138851685328E-03 4.13354481854782E-03 4.17873675080719E-03 4.22673829450811E-03 4.27724215521027E-03 4.32987927242195E-03 4.38425728293975E-03 4.43992971742494E-03 4.49647263075419E-03 4.55344016928976E-03 4.6104440936955E-03 4.66712517661903E-03 4.72317940286901E-03 4.77831342817028E-03 4.8322792787857E-03 4.88491049780135E-03 4.93602771734547E-03 4.98548778416824E-03
0 0 0 0 0 0 0 0 0 0 0 0 0 0 0 0 0 0 0 0 0 0 0 0 0 0 0 0 0 0 0 3.79527473455919E-03 3.79595384622231E-03 3.80125935935557E-03 3.80885481772327E-03 3.81863011352769E-03 3.83071256682272E-03 3.84505038025152E-03 3.8618192111404E-03 3.88122464872064E-03 3.90350606202611E-03 3.92885857272503E-03 3.95744675378095E-03 3.98945612542702E-03 4.02490339818727E-03 4.06378858072072E-03 4.10595383993476E-03 4.15131131291429E-03 4.19960897121456E-03 4.25054929296432E-03 4.30375986127111E-03 4.35881700099792E-03 4.41529196764411E-03 4.47271453540069E-03 4.53065744798919E-03 4.58867590417339E-03 4.64640220308188E-03 4.70351008918151E-03 4.75973299418302E-03 4.81481203396958E-03 4.86853415884203E-03 4.92075792381742E-03 4.97132254382388E-03 5.02009388506944E-03
0 0 0 0 0 0 0 0 0 0 0 0 0 0 0 0 0 0 0 0 0 0 0 0 0 0 0 0 0 0 0 3.78245660341131E-03 3.78281866712519E-03 3.78768490268822E-03 3.79587157824096E-03 3.80682461494314E-03 3.82040781689662E-03 3.83649059941584E-03 3.85524423436088E-03 3.87688707058955E-03 3.90164641669217E-03 3.92970730120954E-03 3.96119911721359E-03 3.99629278974265E-03 4.03495173565813E-03 4.07710822491204E-03 4.12254031948632E-03 4.1710926586252E-03 4.22245036597184E-03 4.27623893760562E-03 4.33203104385889E-03 4.38934989691274E-03 4.44774206008251E-03 4.5067178936716E-03 4.56586068746954E-03 4.62472776824225E-03 4.68298407190047E-03 4.74034140901936E-03 4.79657276030487E-03 4.85145366047629E-03 4.90480065591209E-03 4.9564930752757E-03 5.00638495931154E-03 5.05434574757904E-03
0 0 0 0 0 0 0 0 0 0 0 0 0 0 0 0 0 0 0 0 0 0 0 0 0 0 0 0 0 0 3.74681054023602E-03 3.76466419864234E-03 3.76748654599291E-03 3.77370330565435E-03 3.78316234536788E-03 3.79557634966789E-03 3.81085868245756E-03 3.8288897194508E-03 3.84982767834749E-03 3.87389786091043E-03 3.90131325390446E-03 3.93224805198919E-03 3.96679734429739E-03 4.00509111386787E-03 4.04703525240712E-03 4.09249810268344E-03 4.14119632393132E-03 4.19290310183527E-03 4.24723321427094E-03 4.30374530060032E-03 4.3619586481916E-03 4.42135728970124E-03 4.48146753809873E-03 4.54179232883377E-03 4.60192287197904E-03 4.66144019501922E-03 4.72004766547193E-03 4.77749080012034E-03 4.83357678571062E-03 4.88811760913217E-03 4.94096520421216E-03 4.99200892581791E-03 5.04110906807986E-03 5.08814012175345E-03
0 0 0 0 0 0 0 0 0 0 0 0 0 0 0 0 0 0 0 0 0 0 0 0 0 0 0 0 0 0 3.74681054023602E-03 3.74785129295089E-03 3.75202212308746E-03 3.75980303723257E-03 3.77088291656792E-03 3.78504533251735E-03 3.80224803487312E-03 3.82244126706345E-03 3.84577766360906E-03 3.87247756930816E-03 3.90272495211177E-03 3.93669067152704E-03 3.97443104243906E-03 4.01600783762781E-03 4.06127787245022E-03 4.11004333368367E-03 4.16196475286479E-03 4.21673003982246E-03 4.27390294070841E-03 4.33297204125072E-03 4.39341494143875E-03 4.4546843496983E-03 4.51629800015099E-03 4.57776058423575E-03 4.63867591721576E-03 4.69866666696166E-03 4.75746280310128E-03 4.81484186813725E-03 4.87064350394812E-03 4.92471835764962E-03 4.97694680452022E-03 5.02722037870374E-03 5.07540897066173E-03 5.12139105117745E-03
0 0 0 0 0 0 0 0 0 0 0 0 0 0 0 0 0 0 0 0 0 0 0 0 0 0 0 0 0 3.70753614761244E-03 3.72729501253227E-03 3.73024119913194E-03 3.73651482007199E-03 3.74618316902931E-03 3.75916978984466E-03 3.77534868334591E-03 3.79473522614924E-03 3.81733287590485E-03 3.84329272406347E-03 3.8728226707175E-03 3.90607603876432E-03 3.94320772887123E-03 3.98423111815572E-03 4.02914411441627E-03 4.07774524952185E-03 4.12977496119997E-03 4.18483322152009E-03 4.24253663138946E-03 4.30238994461724E-03 4.36382668475052E-03 4.42628697212566E-03 4.48920704919799E-03 4.55210407212003E-03 4.61449590737944E-03 4.67600828203117E-03 4.73630041113275E-03 4.79513067294041E-03 4.85230362291033E-03 4.90768732496633E-03 4.96116804963314E-03 5.01265321831679E-03 5.06203643331934E-03 5.10919206139088E-03 5.15400480983434E-03
0 0 0 0 0 0 0 0 0 0 0 0 0 0 0 0 0 0 0 0 0 0 0 0 0 0 0 0 0 3.70753614761244E-03 3.7086552112507E-03 3.71317160489249E-03 3.72142446135872E-03 3.73314226996678E-03 3.74825772837541E-03 3.76669807564366E-03 3.7885229215367E-03 3.81376430089937E-03 3.84256553693414E-03 3.87511815763249E-03 3.91153393480687E-03 3.95194491728675E-03 3.99631664132139E-03 4.04458604600453E-03 4.09649430898257E-03 4.15171400224355E-03 4.20978736009222E-03 4.27026486292275E-03 4.33260777329558E-03 4.3961965748337E-03 4.46044458139833E-03 4.52478617732806E-03 4.58874946785479E-03 4.65187470819293E-03 4.71380740888777E-03 4.77424247108427E-03 4.83296157661703E-03 4.8897942201526E-03 4.94463023135395E-03 4.99739143590364E-03 5.04800975518964E-03 5.09637822776428E-03 5.14237474388284E-03 5.18589399146495E-03
0 0 0 0 0 0 0 0 0 0 0 0 0 0 0 0 0 0 0 0 0 0 0 0 0 0 0 0 3.66629968823477E-03 3.68689260693754E-03 3.68989871070107E-03 3.69654724435881E-03 3.70694272552754E-03 3.72089541242987E-03 3.73836492682114E-03 3.75930919832318E-03 3.78381853742603E-03 3.81193412539055E-03 3.84377906118049E-03 3.87952453190231E-03 3.91923329375175E-03 3.96301082840361E-03 4.01076715775517E-03 4.0623857319442E-03 4.11754645989825E-03 4.17585294779597E-03 4.23679093860162E-03 4.29985826785065E-03 4.36447902173906E-03 4.42998585006858E-03 4.49578098521124E-03 4.56131498931417E-03 4.62613432724803E-03 4.68980367468272E-03 4.7519881432112E-03 4.81241510698021E-03 4.87088585532249E-03 4.92724769789953E-03 4.98140648196372E-03 5.03331859302109E-03 5.0829415066169E-03 5.13016180750279E-03 5.17486469760057E-03 5.21696333164286E-03
0 0 0 0 0 0 0 0 0 0 0 0 0 0 0 0 0 0 0 0 0 0 0 0 0 0 0 0 3.66629968823477E-03 3.66734627218553E-03 3.67185557241026E-03 3.68063273587765E-03 3.69335111609742E-03 3.7097419618772E-03 3.72978466794908E-03 3.7534535411095E-03 3.78086294301815E-03 3.81205302068569E-03 3.84711265313068E-03 3.88619886615935E-03 3.92930111637075E-03 3.97651023956486E-03 4.02766298004447E-03 4.08259373317809E-03 4.14092228220447E-03 4.20217744504332E-03 4.2658022887394E-03 4.33123929653984E-03 4.39790383635714E-03 4.46507476298969E-03 4.53217288577984E-03 4.59867844293206E-03 4.66415514897509E-03 4.7281949890018E-03 0.004790470553809 4.85074843220905E-03 4.90883568655847E-03 4.96459789318956E-03 5.01794628739493E-03 5.06887378517676E-03 5.11736590817835E-03 5.16329262614022E-03 5.20656174128074E-03 5.24711423040294E-03
0 0 0 0 0 0 0 0 0 0 0 0 0 0 0 0 0 0 0 0 0 0 0 0 0 0 0 0 3.6467601309521E-03 3.64739672198346E-03 3.65414924363861E-03 3.66553259775009E-03 0.003680896791163 3.69997562272291E-03 3.72280700732148E-03 3.74940132997333E-03 3.7798910887132E-03 3.81431618163516E-03 3.85273355336529E-03 3.89526571231226E-03 3.94184165568712E-03 3.99251283304462E-03 4.04705131408531E-03 4.10522513091559E-03 4.16659269461094E-03 4.23062857027899E-03 4.29674398419646E-03 4.3643295645059E-03 4.4327687619032E-03 4.50134982683203E-03 4.56952497024121E-03 4.63679963784758E-03 4.70274811590659E-03 4.76698763867802E-03 4.82920213461805E-03 4.88918550619381E-03 4.94674807618871E-03 5.00177031383538E-03 5.05417251298366E-03 5.10397571483805E-03 5.15117659288739E-03 5.19565287695821E-03 5.23734874689983E-03 5.27623854767032E-03
0 0 0 0 0 0 0 0 0 0 0 0 0 0 0 0 0 0 0 0 0 0 0 0 0 0 0 3.58004376226855E-03 3.61977585135811E-03 3.62634328180485E-03 3.63716916997509E-03 3.65175942688323E-03 3.67004619981741E-03 3.69200325233372E-03 3.71778441475736E-03 3.74745486960717E-03 3.78115850231119E-03 3.81894121198883E-03 3.86082052671766E-03 3.90687322785743E-03 3.95696430349257E-03 4.01108604570216E-03 4.06895811970975E-03 4.13025411749072E-03 4.19449819107433E-03 4.26111117765279E-03 4.32949340591433E-03 4.3989764431331E-03 4.4689344654392E-03 4.53871180503122E-03 4.60776145205299E-03 4.67562245488966E-03 4.7418659783469E-03 4.80614733066005E-03 4.86814010328623E-03 4.92767405459611E-03 4.98455217543976E-03 5.03867796163537E-03 5.08997150311994E-03 5.13848018257205E-03 5.18422731688557E-03 5.22710745410757E-03 5.26710360302491E-03 5.30423148050694E-03
0 0 0 0 0 0 0 0 0 0 0 0 0 0 0 0 0 0 0 0 0 0 0 0 0 0 3.55525384719961E-03 3.58004376226855E-03 3.59486678786279E-03 3.6075547049765E-03 3.62225488599954E-03 3.64000250784044E-03 3.66124802792382E-03 3.68617013742178E-03 3.71500876823944E-03 3.74786339787877E-03 3.78487827809103E-03 0.00382609265084 3.87148987966635E-03 3.9210912111665E-03 3.97469780395175E-03 4.03223006208013E-03 4.09333427869876E-03 4.15761360084642E-03 4.22454779996849E-03 4.29352765884483E-03 4.36393794326826E-03 4.43508383386406E-03 4.50634482792558E-03 4.57710664922724E-03 0.004646842103155 4.7151045122442E-03 4.78147059033029E-03 4.84561347848736E-03 4.90721816888274E-03 4.9661255362017E-03 5.02214294228159E-03 5.07519237845909E-03 5.12521115604301E-03 5.17226549384787E-03 5.21638970263218E-03 5.25752398154363E-03 5.29570598828471E-03 5.33099352094187E-03
0 0 0 0 0 0 0 0 0 0 0 0 0 0 0 0 0 0 0 0 0 0 0 0 0 3.54403488929561E-03 3.55525384719961E-03 3.56576525343577E-03 3.5784619657849E-03 3.59296415432568E-03 3.61022621139191E-03 3.63071753868226E-03 3.65481988137665E-03 3.68273457373349E-03 3.71470343793567E-03 3.75082542597768E-03 3.79122082082926E-03 3.83591557474469E-03 3.88485389025112E-03 3.9379924784159E-03 3.99506890113091E-03 4.05591286549396E-03 4.12011086615114E-03 4.18719865222879E-03 4.25662216917408E-03 4.3277511617174E-03 4.39996575452857E-03 4.47256539427216E-03 4.54493326220886E-03 4.61649407702746E-03 4.68673601090886E-03 4.75522253617108E-03 4.82153131583233E-03 4.88534817299321E-03 4.94637229694139E-03 5.0044452621388E-03 5.05939730876564E-03 5.11116561314619E-03 5.15971768698633E-03 5.20513066011682E-03 5.24747819233717E-03 5.28675408952558E-03 5.32304159035967E-03 5.35644365911052E-03
0 0 0 0 0 0 0 0 0 0 0 0 0 0 0 0 0 0 0 0 0 0 0 0 0 3.54403488929561E-03 3.54503018149904E-03 3.55278106062082E-03 3.56518526496264E-03 3.5811607466888E-03 3.60068355990878E-03 3.62381552211697E-03 3.65079458694685E-03 3.68178152975762E-03 3.71697818578498E-03 3.7564518651103E-03 3.80028048986331E-03 3.84847532379663E-03 3.90094448692616E-03 3.95757301931366E-03 4.01803665561245E-03 4.08207517670792E-03 4.14920892011861E-03 4.21892002831458E-03 4.29062433973416E-03 4.3636870624569E-03 4.43748910165344E-03 4.51133398424199E-03 4.58461141055739E-03 4.65678209521671E-03 4.7273469959276E-03 4.79586532583903E-03 4.86191421156866E-03 4.92519024486564E-03 4.98541509609814E-03 5.04243198353872E-03 5.09609979613407E-03 5.14638167429097E-03 5.19328619269235E-03 5.23690951902571E-03 5.2773557174565E-03 5.31468197862736E-03 5.34902496604517E-03 5.38052522810773E-03
0 0 0 0 0 0 0 0 0 0 0 0 0 0 0 0 0 0 0 0 0 0 0 0 3.50616194541236E-03 0.003525736440748 3.52986528762144E-03 3.53916573185286E-03 3.55312554703159E-03 3.57117430018168E-03 3.59319187826969E-03 3.61912175498575E-03 3.64912283587609E-03 3.68332914916723E-03 3.72187985109699E-03 3.76480797638919E-03 3.81212366878041E-03 3.86383774999885E-03 3.91981334289133E-03 3.97985263785096E-03 4.04358922686085E-03 4.11065696813391E-03 4.18054204043378E-03 4.25266628471207E-03 4.32643593985108E-03 4.40121714127131E-03 4.47639683305098E-03 4.55129251654894E-03 4.62528479684144E-03 4.69788400955632E-03 4.76857824011022E-03 4.83691907219358E-03 4.90248245202961E-03 4.96497921698944E-03 5.02416497492865E-03 5.07987931280924E-03 5.13203710258775E-03 5.18062406020491E-03 5.22571096358841E-03 5.26740595881273E-03 5.30586394110912E-03 5.34120023967122E-03 5.37359167420519E-03 5.40320951904881E-03
