NongDo/Fusa 19.7h.grd
DSAA
463	323
2	464
2	324
0	10
[rows 56 to 83 of 323, columns 256 to 319 of 463]
0 0 0 0 0 0 0 0 0 0 0 0 0 0 0 0 0 0 0 0 0 0 0 0 0 0 0 0 0 0 0 0 0 0 0 0 0 0 0 0 0 0 0 0 0 0 0 0 0 0 0 0 0 0 0 0 0 0 0 0 0 0 0 0
0 0 0 0 0 0 0 0 0 0 0 0 0 0 0 0 0 0 0 0 0 0 0 0 0 0 0 0 0 0 0 0 0 0 0 0 0 0 0 0 0 0 0 0 0 0 0 0 0 0 0 0 0 0 0 0 0 0 0 0 0 0 0 0
0 0 0 0 0 0 0 0 0 0 0 0 0 0 0 0 0 0 0 0 0 0 0 0 0 0 0 0 0 0 0 0 0 0 0 0 0 0 0 0 0 0 0 0 0 0 0 0 0 0 0 0 0 0 0 0 0 0 0 0 0 0 0 0
0 0 0 0 0 0 0 0 0 0 0 0 0 0 0 0 0 0 0 0 0 0 0 0 0 0 0 0 0 0 0 0 0 0 0 0 0 0 0 0 0 0 0 0 0 0 0 0 0 0 0 0 0 0 0 0 0 0 0 0 0 0 0 0
0 0 0 0 0 0 0 0 0 0 0 0 0 0 0 0 0 0 0 0 0 0 0 0 0 0 0 0 0 0 0 0 0 0 0 0 0 0 0 0 0 0 0 0 0 0 0 0 0 0 0 0 0 0 0 0 0 0 0 0 0 0 0 0
0 0 0 0 0 0 0 0 0 0 0 0 0 0 0 0 0 0 0 0 0 0 0 0 0 0 0 0 0 0 0 0 0 0 0 0 0 0 0 0 0 0 0 0 0 0 0 0 0 0 0 0 0 0 0 0 0 0 0 0 0 0 0 0
0 0 0 0 0 0 0 0 0 0 0 0 0 0 0 0 0 0 0 0 0 0 0 0 0 0 0 0 0 0 0 0 0 0 0 0 0 0 0 0 0 0 0 0 0 0 0 0 0 0 0 0 0 0 0 0 0 0 0 0 0 0 0 0
0 0 0 0 0 0 0 0 0 0 0 0 0 0 0 0 0 0 0 0 0 0 0 0 0 0 0 0 0 0 0 0 0 0 0 0 0 0 0 0 0 0 0 0 0 0 0 0 0 0 0 0 0 0 0 0 0 0 0 0 0 0 7.01928664632919E-03 7.02870377447397E-03
0 0 0 0 0 0 0 0 0 0 0 0 0 0 0 0 0 0 0 0 0 0 0 0 0 0 0 0 0 0 0 0 0 0 0 0 0 0 0 0 0 0 0 0 0 0 0 0 0 0 0 0 0 0 0 0 0 0 6.98197293730649E-03 6.99112952556089E-03 7.00032640271398E-03 7.00963526272729E-03 7.01928664632919E-03 7.02870377447397E-03
0 0 0 0 0 0 0 0 0 0 0 0 0 0 0 0 0 0 0 0 0 0 0 0 0 0 0 0 0 0 0 0 0 0 0 0 0 0 0 0 0 0 0 0 0 0 0 0 0 0 0 0 0 0 6.9444206982567E-03 6.95392487126937E-03 6.96329274374247E-03 6.97264520095884E-03 6.98197293730649E-03 6.99112952556089E-03 7.00032640271398E-03 7.00963526272729E-03 7.01899781693247E-03 7.02836492275974E-03
0 0 0 0 0 0 0 0 0 0 0 0 0 0 0 0 0 0 0 0 0 0 0 0 0 0 0 0 0 0 0 0 0 0 0 0 0 0 0 0 0 0 0 0 0 0 0 0 0 0 0 6.91326866771531E-03 6.92394630613591E-03 6.93440007464932E-03 6.9444206982567E-03 6.95392487126937E-03 6.96329274374247E-03 6.97264520095884E-03 6.9819240138598E-03 6.99120839997316E-03 7.00041439440675E-03 7.00963886401978E-03 7.0188497515474E-03 7.02809377035499E-03
0 0 0 0 0 0 0 0 0 0 0 0 0 0 0 0 0 0 0 0 0 0 0 0 0 0 0 0 0 0 0 0 0 0 0 0 0 0 0 0 0 0 0 0 0 6.84368507144674E-03 6.85615267362365E-03 6.86810684649741E-03 6.87967910851111E-03 6.89107905128524E-03 6.90230328436339E-03 6.91326866771531E-03 6.92394630613591E-03 6.93440007464932E-03 6.94445031620171E-03 6.95416327207389E-03 6.96365038036879E-03 6.97305507259148E-03 6.98236759900285E-03 6.99167631934347E-03 7.00089940624326E-03 7.01010038154795E-03 7.01926751229683E-03 7.02844492926194E-03
0 0 0 0 0 0 0 0 0 0 0 0 0 0 0 0 0 0 0 0 0 0 0 0 0 0 0 0 0 0 0 0 0 0 0 0 0 0 0 0 0 0 0 6.81582245664824E-03 6.82987494104275E-03 6.84368507144674E-03 6.85615267362365E-03 6.86810684649741E-03 6.87967910851111E-03 6.89107905128524E-03 6.90230328436339E-03 6.91340559298057E-03 6.92424124195709E-03 6.93480523434322E-03 6.94501340353296E-03 6.95493487275468E-03 6.96461743788459E-03 6.97417270398595E-03 6.98361510764518E-03 6.9930070664019E-03 7.00231970642232E-03 7.01159349729443E-03 7.02082653152971E-03 7.03004826520832E-03
6.32553735889733E-03 6.33722398076399E-03 6.34882417331349E-03 6.36034133667838E-03 6.37177591231227E-03 6.38322406781928E-03 6.39458183969985E-03 6.40584216707583E-03 6.41701941871595E-03 6.42824947597522E-03 6.43955978205784E-03 6.45102569346205E-03 6.46247027759937E-03 6.47380513061397E-03 6.48496118404286E-03 6.49605131233056E-03 6.5070651467596E-03 6.51810611952054E-03 6.52905261980632E-03 6.53991537827219E-03 6.55069062260769E-03 6.56153359277971E-03 6.57246199615622E-03 6.58358863403989E-03 6.59475428250873E-03 6.60589786117081E-03 6.61692138487664E-03 6.62792288368964E-03 6.63883250054124E-03 6.64973351625141E-03 6.66047391521686E-03 6.67108759974925E-03 6.68159519987542E-03 6.69228350638714E-03 6.70345484955077E-03 0 0 0 0 6.76195899592591E-03 6.77395739167996E-03 6.78746099368853E-03 6.80160364365199E-03 6.81582245664824E-03 6.82987494104275E-03 6.84344988460484E-03 6.85622196940062E-03 6.86840263954952E-03 6.88017448137533E-03 6.89173445231244E-03 6.90309868717295E-03 6.91433616262985E-03 6.92534185009182E-03 6.93610454746374E-03 6.94656122184822E-03 6.95675675512467E-03 6.96671832534495E-03 6.97653045757178E-03 6.9862110935858E-03 6.99581162406213E-03 7.00532573467387E-03 7.01478763512143E-03 7.02420394139559E-03 7.03360548705761E-03
6.32553735889733E-03 6.33722398076399E-03 6.34882417331349E-03 6.36034133667838E-03 6.37177591231227E-03 6.38322406781928E-03 6.39458183969985E-03 6.40584216707583E-03 6.41701941871595E-03 6.42824947597522E-03 6.43955978205784E-03 6.45102569346205E-03 6.46247027759937E-03 6.47380513061397E-03 6.48496118404286E-03 6.49605131233056E-03 6.5070651467596E-03 6.51810611952054E-03 6.52905261980632E-03 6.53991537827219E-03 6.55069062260769E-03 6.56153359277971E-03 6.57246199615622E-03 6.58358863403989E-03 6.59475428250873E-03 6.60589786117081E-03 6.61692138487664E-03 6.62792288368964E-03 6.63883250054124E-03 6.64973351625141E-03 6.66047391521686E-03 6.67108759974925E-03 6.68159519987542E-03 6.69228350638714E-03 6.70345484955077E-03 6.71729230395387E-03 6.72869474934195E-03 6.74008923618727E-03 6.7515656464672E-03 6.76195899592591E-03 6.77395739167996E-03 6.78746099368853E-03 6.80160364365199E-03 6.81591068276244E-03 6.83000247664493E-03 6.84370193372599E-03 6.85680434944384E-03 6.86935953410504E-03 6.88149924998269E-03 6.89338479107478E-03 6.90504323645384E-03 6.91655522722367E-03 6.92784839610533E-03 6.93892180255511E-03 6.94972476927951E-03 6.96028403181921E-03 6.97061969999905E-03 6.98079822823363E-03 6.99083524947094E-03 7.00077356433281E-03 7.01061545998044E-03 7.02039224525132E-03 7.03012105909744E-03 7.03983700838857E-03
6.32603345038806E-03 6.33812768473484E-03 6.34994861029236E-03 6.36161758670272E-03 6.3731804937688E-03 6.38473281461783E-03 6.39619025118381E-03 6.40753557178795E-03 6.41879710520429E-03 6.43009120163273E-03 6.44145607805519E-03 6.4529831253437E-03 6.4644905053504E-03 6.47585867982465E-03 6.48705851913632E-03 6.49818768087782E-03 6.50925129781494E-03 6.52033089523501E-03 6.53133128921305E-03 6.54224597842485E-03 6.55308601359594E-03 6.56397746158995E-03 6.57495317493994E-03 6.58613320891798E-03 6.59736386745705E-03 6.60855327476621E-03 6.61963501568915E-03 6.63068418437226E-03 6.64164838731193E-03 6.65258019263131E-03 6.66335115608795E-03 6.67395675199594E-03 6.68440881319154E-03 6.6949115013788E-03 6.70568387379311E-03 6.71729230395387E-03 6.72869474934195E-03 6.74008923618727E-03 6.7515656464672E-03 6.76324964842295E-03 6.77569673076588E-03 6.78915584632839E-03 6.80314873531354E-03 6.81733360947983E-03 6.8314348249668E-03 6.8453270279138E-03 6.85880420458795E-03 6.87183111017524E-03 6.88446475080063E-03 6.89681670448623E-03 6.90891569136106E-03 6.92084298083291E-03 6.93255113400132E-03 6.94404673850088E-03 6.9552934446113E-03 6.9663096247444E-03 6.97711372293589E-03 6.98776064509201E-03 6.99826322829696E-03 7.00865400594138E-03 7.01893968895465E-03 7.02915160536121E-03 7.03931407643325E-03 7.04946474053913E-03
6.32747746268643E-03 6.33986801261747E-03 6.35196947021852E-03 6.36388756846453E-03 6.3756785696145E-03 6.38742418010725E-03 6.3990678609237E-03 6.41059159522513E-03 6.42203432070859E-03 6.43348403750858E-03 6.44497808236717E-03 6.45660619062973E-03 6.46819969000707E-03 6.47963973898907E-03 6.49093656386848E-03 6.50216193009822E-03 6.51333068451292E-03 6.52449942373295E-03 6.53560852648681E-03 6.54664204835289E-03 6.55762459597696E-03 6.56864541508954E-03 6.57974255910203E-03 6.59102481544909E-03 6.60235403538412E-03 6.61363249182686E-03 6.62482786397779E-03 6.63598325477174E-03 6.64705945022284E-03 6.65807667062882E-03 6.66894101053985E-03 6.67962141907771E-03 6.6901319097262E-03 6.70060243410314E-03 6.7111809815693E-03 6.72217413335763E-03 6.73332424580329E-03 6.74461087268893E-03 6.7560878115982E-03 6.76797009646446E-03 6.7804327265436E-03 6.79366791965296E-03 6.8074162563303E-03 6.82144810926137E-03 6.83555531593272E-03 6.84963607142367E-03 6.86348052982485E-03 6.87699971878655E-03 6.89017752044322E-03 6.90307521123279E-03 6.91570830206177E-03 6.92815000437057E-03 6.94036510079798E-03 6.95236570333768E-03 6.96412981713779E-03 6.97567311946923E-03 6.98701614869854E-03 6.99820594612751E-03 7.00925305570511E-03 7.02018037484901E-03 7.03100004510023E-03 7.04174009923887E-03 7.05243011174135E-03 7.06310733093629E-03
6.32966364501316E-03 6.34239160871779E-03 6.35484861840091E-03 6.36711064958953E-03 6.37922751575878E-03 6.39125854845607E-03 6.40317532297637E-03 6.41497810165382E-03 6.42669972203183E-03 6.43840390276991E-03 6.4501210213456E-03 6.46189647229135E-03 6.47361193058811E-03 6.48519682938322E-03 6.49666459213006E-03 6.50806307186958E-03 6.51940869816489E-03 6.53073819619476E-03 6.54201936409646E-03 6.55325085037217E-03 6.56445613281422E-03 6.57569714710852E-03 6.58700827908087E-03 6.59845065770533E-03 6.60992299987459E-03 6.62136341797145E-03 6.63274775954491E-03 6.64408973671383E-03 6.65535402092535E-03 6.66653786812294E-03 6.67757118990535E-03 6.68843070350381E-03 6.69912553205863E-03 6.70973998826049E-03 6.72037888511537E-03 6.7312378183742E-03 6.74226907045135E-03 6.75349697398302E-03 6.76497523847406E-03 6.77686500205796E-03 6.78926145173549E-03 6.80229809495737E-03 6.81583833180333E-03 6.82975170768134E-03 6.84387881205674E-03 6.85811833380283E-03 6.87227820777958E-03 6.88623798855655E-03 6.8999345698848E-03 6.91337946502054E-03 6.92657090937085E-03 6.9395545491694E-03 6.95230552559499E-03 6.96483821416961E-03 6.97714181231747E-03 6.98923763695718E-03 7.00114813433974E-03 7.01291150282978E-03 7.02453608800391E-03 7.03604118230023E-03 7.04743939303693E-03 7.05875867456487E-03 7.07002944327731E-03 7.08128747445197E-03
6.33260245440268E-03 6.34575592916418E-03 6.35865712591142E-03 6.37135677847683E-03 6.3838955252934E-03 6.39631564488837E-03 6.4086136453247E-03 6.42080071480118E-03 6.43289596334069E-03 6.44494348281466E-03 6.45696319200455E-03 0.00646897012297 6.48090905713451E-03 6.49274312828398E-03 6.50447279789742E-03 6.51613091940778E-03 6.52773639933434E-03 6.53931626314403E-03 6.55086403514951E-03 6.56238691812196E-03 6.57389917166336E-03 6.58544281748238E-03 6.59704321934491E-03 6.60872953403336E-03 6.62045086224812E-03 6.63216366013447E-03 6.64383345575992E-03 6.65545431997515E-03 6.6669959388039E-03 6.67844310751377E-03 6.68975004397627E-03 6.70089751188692E-03 6.71188444282309E-03 6.72276751308394E-03 6.73362314033867E-03 6.74458755581431E-03 6.7556995477758E-03 6.76702038727851E-03 6.77860603112832E-03 6.79057948918975E-03 6.80301625615051E-03 6.81601951021231E-03 6.82952408215898E-03 6.84344590613025E-03 6.85765142718939E-03 6.8720482579014E-03 6.88647673777849E-03 6.90079872504197E-03 6.91492845199321E-03 6.92884097704217E-03 6.94252075200001E-03 6.95598851752831E-03 6.96923496621373E-03 6.98226605916424E-03 6.9950832949721E-03 7.00770580251299E-03 7.02015774035834E-03 7.03247124729642E-03 7.04466039701525E-03 7.05673725418323E-03 7.06871586888918E-03 7.08062140166876E-03 7.09248431462823E-03 7.10433695632118E-03
6.33642736370052E-03 6.35010773747669E-03 6.36355169520983E-03 6.37679283657627E-03 6.38986157142105E-03 6.40279287828162E-03 6.41559149525935E-03 6.42827024466338E-03 6.4408416061781E-03 6.45333567200673E-03 6.46576328407941E-03 6.47813272471288E-03 6.49042041403885E-03 6.50261056806929E-03 6.51470298747528E-03 6.52672313111254E-03 6.5386904947882E-03 6.55063269792992E-03 6.56255631290126E-03 6.57447216807973E-03 6.58638990496048E-03 6.59833825322174E-03 6.61033382444782E-03 6.62239388348614E-03 6.63449117771028E-03 6.64659223067093E-03 6.65865615006355E-03 6.67066463863777E-03 6.68258741882317E-03 6.69440760363158E-03 6.70609240074519E-03 6.71762577121518E-03 6.72900167403622E-03 6.74026114409731E-03 6.75146491308756E-03 6.76272116243433E-03 6.77410112623825E-03 6.78568661526998E-03 6.79753878360602E-03 6.80976190612645E-03 6.82242264881448E-03 6.83560830786359E-03 6.84927676578425E-03 6.86336075193494E-03 6.87773948001731E-03 6.89233125031821E-03 6.90699556995454E-03 6.92160255107578E-03 6.93605913073147E-03 6.95032331684989E-03 6.96437231439581E-03 6.97821729617559E-03 6.9918541033383E-03 7.00528979742994E-03 7.01853007759897E-03 0.007031594758186 7.04450863751217E-03 7.05730215524388E-03 7.06999084396287E-03 7.08258435687831E-03 7.09509622239204E-03 7.1075491743664E-03 7.11997182318944E-03 7.13239154043738E-03
6.34127358023634E-03 6.3555992007611E-03 6.36969958573695E-03 6.38359794741471E-03 6.39731621081829E-03 6.4108837400649E-03 6.42430503642917E-03 6.43759137022107E-03 6.45075324377468E-03 6.46381181864381E-03 6.47677263135785E-03 6.48964250624894E-03 6.50241250038182E-03 6.51507983580435E-03 6.52765119057298E-03 6.54015069034951E-03 6.55259934217807E-03 6.56502730168556E-03 6.5774468147739E-03 6.58987071634637E-03 6.60230848056727E-03 6.61478080866093E-03 6.62729790360418E-03 6.63987131511006E-03 6.65248189652482E-03 6.66509693197433E-03 6.67767256116234E-03 6.69018274810847E-03 6.70259660014329E-03 6.71489730272052E-03 6.72705850232242E-03 6.73906667384211E-03 6.75091689239301E-03 6.76264439993486E-03 6.77430407772676E-03 6.78599311458518E-03 6.79779401515151E-03 0.006809797046298 6.82206763741123E-03 6.83470225367033E-03 6.84775807497086E-03 6.8613105032073E-03 6.8753106176141E-03 6.88969119525065E-03 6.90433792314227E-03 6.91917682741891E-03 6.93407901782828E-03 6.94892016559098E-03 6.96361046261066E-03 0.006978110165695 6.99240435401732E-03 7.00650315431683E-03 7.02040926377628E-03 7.03413072938487E-03 7.04767710121117E-03 7.0610716324344E-03 7.07434459951088E-03 7.08752306733711E-03 7.10062368280577E-03 7.11365183988576E-03 7.12662114591559E-03 7.13955363828714E-03 7.15247582902042E-03 7.16540702514619E-03
6.34732378437045E-03 6.36242529719824E-03 6.37730951183026E-03 6.39199207619528E-03 6.4064888991171E-03 6.42082095940995E-03 6.43499199884386E-03 6.4490124850478E-03 6.46289152666918E-03 6.47664349356163E-03 6.49027115568504E-03 6.50378012585388E-03 6.51716943603939E-03 6.53044663322008E-03 6.54362643095316E-03 6.5567343500055E-03 6.56979439734345E-03 6.58283874041846E-03 6.59588285993021E-03 6.60894213411954E-03 6.62202731277503E-03 6.63515429688348E-03 6.6483276642259E-03 6.66155628802949E-03 6.67481847307252E-03 6.68807500402396E-03 6.70127838344683E-03 6.7143988179104E-03 6.72740431562968E-03 6.74027943718239E-03 6.7530011144682E-03 6.76555850309687E-03 6.77795268752577E-03 6.79022202899711E-03 6.8024225816946E-03 6.81464956388838E-03 6.82698832913674E-03 6.83952737941937E-03 6.85233303141659E-03 6.86549725499374E-03 6.87907001955345E-03 6.89310104198011E-03 6.90752285318799E-03 6.92226786665312E-03 6.93722795619097E-03 6.95233057479537E-03 6.96744918937814E-03 6.98247343673916E-03 6.99732242472682E-03 7.01196821689683E-03 7.02640732110812E-03 7.04065408682305E-03 7.05471950302451E-03 7.06861539566873E-03 7.08235796167287E-03 7.09597875316923E-03 7.10951233143598E-03 7.12298142126844E-03 7.13640198078123E-03 7.14977801814516E-03 7.16312510845541E-03 7.17646315578515E-03 7.18981479188754E-03 7.20318885412403E-03
6.35479964564635E-03 6.37081590521947E-03 6.38662017764469E-03 6.40222089690819E-03 6.41762886415308E-03 6.43285705387076E-03 6.44791060512943E-03 6.46279793441745E-03 6.47752614048071E-03 6.49210435044917E-03 6.50653501565489E-03 6.52082205813852E-03 6.53497112922106E-03 6.54899726414272E-03 6.56292182142757E-03 6.57677304687941E-03 6.59057883943384E-03 6.60437335299099E-03 6.61817507576721E-03 6.6320013471503E-03 6.64586448134901E-03 6.65977820292149E-03 6.67374198122916E-03 6.68776071543533E-03 6.70180016704028E-03 6.71581060987081E-03 6.7297410681993E-03 6.74356082373889E-03 6.75723633331198E-03 6.7707543556484E-03 6.78409314434201E-03 6.79724763468449E-03 6.81023101144011E-03 6.82309130448714E-03 6.83588781021688E-03 6.84871925694686E-03 6.86166532278796E-03 6.87480788180078E-03 6.88820991911496E-03 6.9019565680805E-03 6.91607999668204E-03 6.93060695278752E-03 6.94546342777481E-03 6.96057196950099E-03 6.97583170645089E-03 6.99117100870346E-03 7.00647826361775E-03 7.02164413378669E-03 7.03660346776553E-03 7.05133928725224E-03 7.06585908321399E-03 7.08018106810777E-03 7.09433085329567E-03 7.1083231092684E-03 7.1221905546813E-03 7.13596964739492E-03 7.14969546066602E-03 7.16338306127391E-03 7.17705308592482E-03 7.19070593639693E-03 7.20435932010933E-03 7.21803297398446E-03 7.23174372540104E-03 7.24548976820917E-03
6.36400405246821E-03 6.38108224424266E-03 6.39795182860591E-03 6.41461422484745E-03 6.43107469548097E-03 6.44733995467824E-03 6.46341475987918E-03 6.47930593406325E-03 6.49501913880146E-03 6.51055982795439E-03 6.52593036884789E-03 6.54113388429409E-03 6.55618158625053E-03 6.57109599038363E-03 6.58590396006686E-03 6.60063632949015E-03 6.61532421256299E-03 6.63000167672486E-03 6.64468921346618E-03 6.65940799568668E-03 6.67417217219601E-03 6.68899354922803E-03 6.70386701854967E-03 6.71878772858379E-03 6.73370295792117E-03 6.74855264662821E-03 6.7632816427472E-03 6.77785779188144E-03 6.7922492404729E-03 6.80644390815172E-03 6.82042275349085E-03 6.83419437018977E-03 6.8477868772513E-03 6.86125974695552E-03 6.87467926790273E-03 6.88814457791574E-03 6.9017246965548E-03 6.91549498681613E-03 6.92951076040316E-03 6.94384177868172E-03 6.95850112562837E-03 6.97349068738469E-03 6.98872994318401E-03 7.00414425106147E-03 7.01964398433087E-03 7.03515836197323E-03 7.05058543449836E-03 7.0658308548465E-03 7.08084772594194E-03 7.09562542205727E-03 7.11017964252954E-03 7.12453501892829E-03 7.13872663441658E-03 7.15277760500549E-03 7.16673700284865E-03 7.18063765122241E-03 7.19451100159108E-03 7.20836905890697E-03 7.22223591173032E-03 7.23611099932319E-03 7.25001673548513E-03 7.26396532508607E-03 7.27796790418961E-03 7.29201723735409E-03
6.37530950742061E-03 6.3936076967832E-03 6.41169753663095E-03 6.42957300523038E-03 6.44723417935688E-03 6.46468195428958E-03 6.48192045711989E-03 6.49895477320902E-03 6.51579022041655E-03 6.53242920391837E-03 6.54887577267442E-03 6.56513232421189E-03 0.006581216921458 6.59715882426343E-03 6.61298821026952E-03 6.62873631979116E-03 6.64443501008022E-03 6.66011861189251E-03 6.67581105477854E-03 6.69153539909382E-03 6.7073051093612E-03 6.72312998201644E-03 6.73899706012471E-03 6.75489439747761E-03 6.7707506839887E-03 6.78648815940636E-03 6.80204273415473E-03 6.81738690401591E-03 6.83249490213911E-03 6.84735995313397E-03 6.86197559431694E-03 6.87636124088117E-03 6.8905547514507E-03 6.90462938424452E-03 6.91865658802126E-03 6.93274170702267E-03 6.94694596774781E-03 6.96132757353141E-03 6.97592215669887E-03 6.99078521056389E-03 7.00591816287149E-03 7.0212948859154E-03 7.03684176950751E-03 7.05248434215989E-03 7.06814920214252E-03 7.08376661595703E-03 7.09925715709244E-03 7.11453054815543E-03 7.12955415883398E-03 7.14433152620081E-03 7.15889623531251E-03 7.17327385580722E-03 7.18750490742906E-03 7.20161534365483E-03 7.21565443805457E-03 7.22965601939196E-03 7.24365582880686E-03 7.25766065060381E-03 7.27169260526671E-03 7.28574944828703E-03 7.29985062005756E-03 7.31400892474386E-03 7.32823819488282E-03 7.34252747887178E-03
6.38918867715889E-03 6.40887401734161E-03 6.42834661353537E-03 6.44759322790655E-03 6.46660897579762E-03 6.48538965092725E-03 0.006503938200987 6.52225873514015E-03 6.54035548603473E-03 6.55822938592606E-03 6.57588665524089E-03 6.59333166066983E-03 6.61059011536081E-03 6.62769653985954E-03 6.64468109930229E-03 6.66157320602947E-03 6.67840417602122E-03 6.69520762884318E-03 6.71200855639234E-03 6.72883036857721E-03 6.74568471154361E-03 6.76257990548824E-03 6.77949467463241E-03 6.79640649239835E-03 6.81321630606704E-03 6.82983191314916E-03 6.84619030872249E-03 6.86227549373969E-03 6.87806750467794E-03 6.89356910928502E-03 6.90878573084599E-03 6.92374873533415E-03 6.93850652935568E-03 6.95314688598285E-03 6.96774489911054E-03 6.98240929470857E-03 6.99718328741768E-03 7.01210755118511E-03 7.02720109462651E-03 7.04250880963194E-03 7.05801618122333E-03 7.07367841226066E-03 7.08943226701041E-03 7.10521026568346E-03 7.12095661474576E-03 7.13660301810362E-03 7.15208960485653E-03 7.16733248828319E-03 7.18232213762557E-03 7.19707517948004E-03 0.007211639536493 7.22603628776503E-03 7.24030964918306E-03 7.25448456528739E-03 7.2686067361184E-03 7.28270589837652E-03 7.29682057137286E-03 7.31095179211425E-03 7.32512016227078E-03 7.33931998494507E-03 7.35357127318415E-03 7.3678857866424E-03 7.38228185997645E-03 7.39674615320766E-03
6.40621461146854E-03 6.42746316439095E-03 6.44848717975227E-03 6.46926691883761E-03 6.48979363309892E-03 6.51005927954232E-03 6.53006624993561E-03 6.54981706721986E-03 6.56931443859715E-03 6.58855857507543E-03 6.60755989237405E-03 6.62632670947284E-03 6.64489207489984E-03 6.66329305222523E-03 6.68155560284701E-03 6.69970615622421E-03 6.71777425378657E-03 6.73579170298183E-03 6.75378099950453E-03 6.77176250887506E-03 6.78974431294015E-03 6.80773511211375E-03 6.82570334285378E-03 6.84360858949004E-03 6.86131810655991E-03 6.87874256574434E-03 6.89583861323912E-03 6.91260525715689E-03 6.92902588594356E-03 6.94510939843653E-03 6.96086774100048E-03 6.97634616585093E-03 6.99160746648791E-03 7.00675227320637E-03 7.0218524158415E-03 7.0370161482297E-03 7.05225751872514E-03 7.06760744595415E-03 7.08308384320801E-03 7.09872375786562E-03 7.11449862368269E-03 7.13034278162375E-03 7.1462098083119E-03 7.16204112319014E-03 7.17780190103041E-03 7.19341863085303E-03 7.20885250211671E-03 7.22402325289652E-03 7.23895713549808E-03 7.25368090050716E-03 7.26824424818127E-03 7.28265725165825E-03 7.29697065945663E-03 7.31120633711094E-03 7.32540941431139E-03 7.33960096166586E-03 7.35381546487643E-03 7.36804546558681E-03 7.38231466267662E-03 7.39661281633389E-03 7.41096618113084E-03 7.42538452386394E-03 7.43988489776281E-03 7.4544518805238E-03
6.42705624617198E-03 6.45004760031232E-03 6.47279258069605E-03 6.49526800599223E-03 6.51746136282374E-03 6.53936372702817E-03 6.56097598233423E-03 6.58229791891878E-03 6.60333069595537E-03 6.62407697119675E-03 6.64454956529947E-03 6.66476778716212E-03 6.68476898237365E-03 6.70458331708707E-03 6.72423010845919E-03 6.74373566910462E-03 6.76312619456145E-03 6.78242931052548E-03 6.8016606066068E-03 6.82083134020848E-03 6.83994389336117E-03 6.85900697424367E-03 6.8779857858573E-03 6.8967958718376E-03 6.91529035178714E-03 6.93341847693402E-03 6.95116327593406E-03 6.9685272476571E-03 6.98549482611724E-03 7.00208023479219E-03 7.01830137439175E-03 7.03421859971968E-03 7.04990646781631E-03 7.06546727731253E-03 7.08097420163034E-03 7.0965112838485E-03 7.1120706860663E-03 7.12769749487599E-03 7.14341879626642E-03 7.15925435541598E-03 0.007175157911123 7.1910672357058E-03 7.20695330898809E-03 7.22276646329968E-03 7.23848241077132E-03 7.25402451536362E-03 7.26936524047209E-03 7.28444630241938E-03 7.29932910670403E-03 7.31402957433096E-03 7.32858834916809E-03 7.34301072935455E-03 7.3573546807575E-03 7.37163613170908E-03 7.38590128439877E-03 7.40016000935453E-03 7.41443908890796E-03 7.42872718760392E-03 7.44304995548443E-03 7.45739700822005E-03 7.47180215458022E-03 7.48626578504226E-03 7.5007996867646E-03 7.51538991707098E-03
