NongDo/Fusa 17.8h.grd
DSAA
463	323
2	464
2	324
0	10
[rows 252 to 279 of 323, columns 0 to 63 of 463]
0 0 0 0 0 0 0 0 0 0 0 0 0 0 0 0 0 0 0 0 0 0 0 0 0 0 0 0 0 0 0 0 0 0 0 0 0 0 3.97294355541756E-03 3.98515512410252E-03 3.99175990729994E-03 3.99733928848232E-03 4.00364098346637E-03 4.01106647718712E-03 4.01979703718953E-03 4.02992440269773E-03 4.04157616501722E-03 4.05483564373378E-03 4.06982800870057E-03 4.08665886793302E-03 4.10543972905456E-03 4.12627323374163E-03 4.14922367524194E-03 4.17434193973538E-03 4.20162478653604E-03 4.23107372530494E-03 4.26261920391848E-03 4.29618570284154E-03 4.33164680649586E-03 4.36890091131632E-03 4.40778440583572E-03 4.44808445964538E-03 4.48956493372675E-03 4.53197389729858E-03
0 0 0 0 0 0 0 0 0 0 0 0 0 0 0 0 0 0 0 0 0 0 0 0 0 0 0 0 0 0 0 0 0 0 0 0 0 3.9622938510676E-03 3.97294355541756E-03 3.97860450762024E-03 3.98472536440567E-03 3.99119049641695E-03 3.99849549639787E-03 4.00690741515599E-03 4.01663115093509E-03 4.02779487670198E-03 4.04054624157676E-03 4.05498927412268E-03 4.0712599577564E-03 4.08947959881484E-03 4.10976324961091E-03 4.13221228140118E-03 4.1568826363635E-03 4.18381295830978E-03 4.21298285720247E-03 4.24437018135442E-03 4.27788174795845E-03 4.31341258208065E-03 4.35080586769404E-03 4.38992380558404E-03 4.43057396873607E-03 4.47251527294898E-03 4.51548673156481E-03 4.55921574141064E-03
0 0 0 0 0 0 0 0 0 0 0 0 0 0 0 0 0 0 0 0 0 0 0 0 0 0 0 0 0 0 0 0 0 0 0 0 3.95323378996901E-03 3.9622938510676E-03 3.96727045493518E-03 3.97277445770747E-03 3.97900600175706E-03 3.9860579646647E-03 3.99415970876833E-03 4.00346906190169E-03 0.004014165884759 4.02638630314884E-03 4.04028547909089E-03 4.05597906370998E-03 4.07360949804062E-03 4.09330840653301E-03 4.11519124639619E-03 4.13935420191962E-03 4.16584099510967E-03 4.19467317839301E-03 4.22580759456611E-03 4.25919831298438E-03 4.29472313698534E-03 4.33224292814704E-03 4.37156688436766E-03 4.41252305373376E-03 4.45488676541288E-03 4.49838978445977E-03 4.54274879417716E-03 4.58767411268943E-03
0 0 0 0 0 0 0 0 0 0 0 0 0 0 0 0 0 0 0 0 0 0 0 0 0 0 0 0 0 0 0 0 0 0 0 3.94871441128553E-03 3.95323378996901E-03 3.95719907901457E-03 3.96183589576107E-03 3.96735556192411E-03 3.97388977220915E-03 3.98151650350219E-03 3.99038016670326E-03 4.00058117340235E-03 4.01227998018229E-03 4.0256151023177E-03 4.0407411099206E-03 4.05778076514506E-03 4.07687608068262E-03 4.09816817660138E-03 4.12176548213658E-03 4.1477557914773E-03 4.1761651636621E-03 4.20699482907024E-03 4.24017168747918E-03 4.27562524788833E-03 4.31319874726873E-03 4.35271356000826E-03 4.39394479916187E-03 4.43668690840549E-03 4.48068741210114E-03 4.52564978015139E-03 4.57127213875659E-03 4.61725167836589E-03
0 0 0 0 0 0 0 0 0 0 0 0 0 0 0 0 0 0 0 0 0 0 0 0 0 0 0 0 0 0 0 0 0 0 0 3.94871441128553E-03 3.94908967794701E-03 3.95188078939053E-03 3.9562808047054E-03 3.96198641437363E-03 3.96896869891252E-03 3.97724718787165E-03 3.98692526353634E-03 3.99808359911339E-03 4.01086724095152E-03 4.02541516669667E-03 4.04187897235071E-03 4.06038721125219E-03 4.0810796660972E-03 4.1040982068703E-03 4.1295412357463E-03 4.15748212576286E-03 4.18792525559232E-03 4.22084666096918E-03 4.25614326427166E-03 4.2937083473525E-03 4.33334515099628E-03 4.37483793329151E-03 4.41793060285606E-03 4.46238504019868E-03 4.50791921914884E-03 4.55421458763715E-03 4.60095533116163E-03 4.64783173670731E-03
0 0 0 0 0 0 0 0 0 0 0 0 0 0 0 0 0 0 0 0 0 0 0 0 0 0 0 0 0 0 0 0 0 0 3.93290160539292E-03 3.94132253799273E-03 3.94258376872627E-03 3.94560368302105E-03 3.95026559350001E-03 3.95641344786345E-03 3.96401208195693E-03 3.97306452729646E-03 3.98365539517658E-03 3.99587841501234E-03 4.00986556866284E-03 4.02575882242183E-03 4.04369940996887E-03 4.06382653150005E-03 4.0862693679404E-03 4.11116618421563E-03 4.13859982595128E-03 4.16862441438168E-03 4.20121628363943E-03 4.23632096271054E-03 4.27380245037956E-03 4.31350437327225E-03 4.35519532388005E-03 4.39862200108084E-03 4.44350075321995E-03 4.48955937225043E-03 4.53649723653228E-03 4.58397692629769E-03 4.63167291404025E-03 4.67927468662448E-03
0 0 0 0 0 0 0 0 0 0 0 0 0 0 0 0 0 0 0 0 0 0 0 0 0 0 0 0 0 0 0 0 0 0 3.93290160539292E-03 3.93333809716656E-03 3.93501273422483E-03 3.93848574739199E-03 3.94368145999472E-03 3.95048429084788E-03 3.95886889438254E-03 3.96884160664728E-03 3.98048691630227E-03 3.99391551052959E-03 4.00925738500897E-03 4.02665550939187E-03 4.04624115616409E-03 4.06815643103329E-03 4.09251907250486E-03 4.11945712240365E-03 4.1490332444457E-03 4.18127533050544E-03 4.2161251896785E-03 4.25349123091747E-03 4.29319720795516E-03 4.33503940415927E-03 4.37874838235759E-03 4.42403691077793E-03 4.47059567523522E-03 4.51812770255141E-03 4.56631689793659E-03 4.61481269274042E-03 4.66328622169302E-03 4.71143459905163E-03
0 0 0 0 0 0 0 0 0 0 0 0 0 0 0 0 0 0 0 0 0 0 0 0 0 0 0 0 0 0 0 0 0 0 3.92421893491964E-03 3.92433308713063E-03 3.92646543710734E-03 3.93057286125471E-03 3.93650333102627E-03 3.94414389318583E-03 3.95348002512781E-03 3.96453178932323E-03 3.97739417231887E-03 3.99219784197634E-03 4.00907071997694E-03 4.02816022207129E-03 4.04957900540885E-03 4.07347106006847E-03 4.09993367240295E-03 4.1290834431891E-03 4.16095578642783E-03 4.19554392808653E-03 4.23274651530463E-03 4.2724281975554E-03 4.31437110789558E-03 4.35832507742391E-03 4.40398520682016E-03 4.45103090274151E-03 4.4991338092785E-03 4.54797892490516E-03 4.59724685845274E-03 4.6465743536004E-03 4.6956375527865E-03 4.74415127225724E-03
0 0 0 0 0 0 0 0 0 0 0 0 0 0 0 0 0 0 0 0 0 0 0 0 0 0 0 0 0 0 0 0 0 0 3.9138294431839E-03 3.91404661796875E-03 3.9168774784452E-03 3.9218385503581E-03 3.92870598420347E-03 3.93737283185091E-03 3.94784120219876E-03 3.96015032551386E-03 3.97440943317993E-03 3.99077885492069E-03 4.00938193179904E-03 4.03036613376228E-03 4.05382168037606E-03 4.07988981697844E-03 4.10863618306298E-03 4.1401688771307E-03 4.1744852340152E-03 4.21153152274663E-03 4.25115597191927E-03 4.29317814203483E-03 4.33733741510322E-03 4.38334080209593E-03 4.43085091306617E-03 4.47952006259449E-03 4.52900586051629E-03 4.57898497418723E-03 4.62914268329954E-03 4.67910477613802E-03 4.72856568812141E-03 4.77726943534983E-03
0 0 0 0 0 0 0 0 0 0 0 0 0 0 0 0 0 0 0 0 0 0 0 0 0 0 0 0 0 0 0 0 0 3.88583455919565E-03 3.9001956622093E-03 3.90210986330346E-03 3.90622377063418E-03 3.91232433512459E-03 3.92034258850986E-03 3.93022738851168E-03 3.9420169807239E-03 3.95577660772656E-03 3.97162416054532E-03 3.9897698246943E-03 4.01031395608349E-03 4.03341135418332E-03 4.05911111813841E-03 4.08756521506528E-03 4.11877793636791E-03 4.15286195869511E-03 4.18975229675022E-03 4.2293398180446E-03 4.27142039211448E-03 4.31576877437296E-03 4.36208546289267E-03 4.4100350757462E-03 4.45925965894828E-03 4.50938864878225E-03 4.56007615307544E-03 4.61098896216174E-03 0.004661836789589 4.71222986803761E-03 4.76190400888827E-03 4.81063979935956E-03
0 0 0 0 0 0 0 0 0 0 0 0 0 0 0 0 0 0 0 0 0 0 0 0 0 0 0 0 0 0 0 0 0 3.88583455919565E-03 3.88656072434918E-03 3.8893491024244E-03 3.89472610592056E-03 3.9021699403675E-03 3.91153424153695E-03 3.92282297901326E-03 3.93612513451303E-03 3.95153956196536E-03 3.96919758622797E-03 3.98933242521324E-03 4.01203737458164E-03 4.03745877176858E-03 4.06561827342849E-03 4.09665255647699E-03 4.13052648938829E-03 4.16730677726695E-03 4.20686250011174E-03 4.24903036995835E-03 4.29356122510762E-03 4.34018168747835E-03 4.38855474778916E-03 4.43831286128802E-03 4.48908329100227E-03 4.54048907180025E-03 4.59218601254828E-03 4.64383824180908E-03 4.69515249189206E-03 4.74577992400389E-03 4.79550656820024E-03 4.84413898132793E-03
0 0 0 0 0 0 0 0 0 0 0 0 0 0 0 0 0 0 0 0 0 0 0 0 0 0 0 0 0 0 0 0 0 3.87178106391133E-03 3.87213565894875E-03 3.87608354902629E-03 3.88282103412413E-03 3.89167828959039E-03 3.90251627724369E-03 3.91536371173891E-03 3.93035653968815E-03 3.94762369704175E-03 3.96732293690411E-03 3.98967217650175E-03 0.004014765542705 4.0427274297376E-03 4.07355765914555E-03 4.10734993177292E-03 4.1440495218636E-03 4.18361552014852E-03 4.22588284344211E-03 4.27062456729623E-03 4.31755847138632E-03 4.36635029165406E-03 4.41664247891518E-03 4.46803794661498E-03 4.52016043179538E-03 4.57263688532512E-03 4.62513204851308E-03 4.67731736018014E-03 4.72889744885902E-03 4.7796181425686E-03 4.82926947514252E-03 4.87768565445601E-03
0 0 0 0 0 0 0 0 0 0 0 0 0 0 0 0 0 0 0 0 0 0 0 0 0 0 0 0 0 0 0 0 3.82440147537511E-03 3.85267059816318E-03 3.85627612554103E-03 3.86234235755544E-03 3.87072468174747E-03 3.88112940449811E-03 3.89356058786445E-03 3.90811595856984E-03 3.92497408095773E-03 3.94429314192531E-03 3.96624033318854E-03 3.9910197352911E-03 4.01871124739493E-03 4.04941293540918E-03 4.08308998799063E-03 4.11978996267186E-03 4.15940786509499E-03 4.2018182108155E-03 4.24680261782892E-03 4.29408040700548E-03 4.34332836592549E-03 4.39416712005842E-03 4.44621766294779E-03 0.004499067743649 4.55234432025157E-03 4.60568633456818E-03 4.6587763615816E-03 4.71130403563479E-03 4.76300336981893E-03 4.81367822637022E-03 4.86313149596905E-03 4.91121319784062E-03
0 0 0 0 0 0 0 0 0 0 0 0 0 0 0 0 0 0 0 0 0 0 0 0 0 0 0 0 0 0 0 3.81413327496553E-03 3.82440147537511E-03 3.83383324181046E-03 3.84084633871879E-03 3.84892086089957E-03 3.85891136367113E-03 3.87088569224336E-03 3.88499294443041E-03 3.90138734024248E-03 3.92027457935859E-03 3.94182801562492E-03 3.96621276393034E-03 3.99361569671598E-03 4.02409176679303E-03 4.05769917060642E-03 4.09435808714427E-03 4.13405790101363E-03 4.17663961813904E-03 4.22190367228278E-03 4.26957283393819E-03 4.31931039129655E-03 4.37075541808514E-03 4.42349433769405E-03 4.47713252717674E-03 4.53125314243607E-03 4.58549179726014E-03 4.63950911908674E-03 4.69301552712606E-03 4.74573025910912E-03 4.79741545410365E-03 4.84790949683832E-03 4.89703821662064E-03 4.94466237575727E-03
0 0 0 0 0 0 0 0 0 0 0 0 0 0 0 0 0 0 0 0 0 0 0 0 0 0 0 0 0 0 0 3.81413327496553E-03 3.81480041458958E-03 3.81985585702059E-03 3.82702054909707E-03 3.83623022540657E-03 3.8476360796735E-03 3.86120136549338E-03 3.87708160693763E-03 3.89545680009637E-03 3.9165386267409E-03 3.94050050357224E-03 3.9674912046667E-03 3.99768255235642E-03 4.03109338051152E-03 4.06773141633454E-03 4.10746148125254E-03 4.15021476044394E-03 4.19576844027711E-03 4.24385609306934E-03 4.29413922269009E-03 4.34622916971944E-03 4.39972966105423E-03 4.4542031598651E-03 4.50925005852511E-03 4.56445269672374E-03 4.61946442656498E-03 4.67397547037772E-03 4.72773035944889E-03 4.78047994530316E-03 4.83201878317164E-03 4.88220859458049E-03 4.93089241679809E-03 4.97793922671785E-03
0 0 0 0 0 0 0 0 0 0 0 0 0 0 0 0 0 0 0 0 0 0 0 0 0 0 0 0 0 0 0 3.8012699598819E-03 3.80160597337972E-03 3.80616472194807E-03 3.81385984528166E-03 3.82419214842765E-03 3.83704152599169E-03 3.85228405241994E-03 3.87006660063707E-03 3.89057910263955E-03 3.91402199013144E-03 3.94055974805092E-03 3.97030978906371E-03 4.00343176570378E-03 4.03989629360984E-03 4.07964947432701E-03 4.12249746940892E-03 4.16830917115687E-03 4.21680285790312E-03 4.26763968233232E-03 4.32042878648754E-03 4.37473048204548E-03 4.43012371315858E-03 4.4861509457674E-03 4.54242066932121E-03 4.59851549241805E-03 4.65411816109783E-03 4.70895376826575E-03 4.76280349745335E-03 4.81545013061943E-03 4.86671563084153E-03 4.91648094419478E-03 4.96460280245558E-03 5.0109532565803E-03
0 0 0 0 0 0 0 0 0 0 0 0 0 0 0 0 0 0 0 0 0 0 0 0 0 0 0 0 0 0 3.76576804550608E-03 3.78362654753425E-03 3.78623100696215E-03 3.7920407101149E-03 3.80094110271409E-03 3.81267563939336E-03 3.82716031691612E-03 3.84427341636516E-03 3.86414595652896E-03 3.88697414299134E-03 3.91294600286289E-03 3.94221713739496E-03 3.97487410095237E-03 4.01104049981961E-03 4.05063510716418E-03 4.09354546132868E-03 4.13952079049066E-03 4.18836340476826E-03 4.23972530280316E-03 4.29320389744769E-03 4.34835694449127E-03 4.4047062642266E-03 4.46180993945745E-03 4.51920155668569E-03 4.57649546642115E-03 4.63329501321297E-03 4.68931814224992E-03 4.74432127620812E-03 4.7981176963027E-03 4.85052426364502E-03 4.90139578046397E-03 4.95062218909383E-03 4.99806576628565E-03 5.04360299776771E-03
0 0 0 0 0 0 0 0 0 0 0 0 0 0 0 0 0 0 0 0 0 0 0 0 0 0 0 0 0 0 3.76576804550608E-03 3.76678550664083E-03 3.77065845246168E-03 3.77795624642897E-03 3.78841389144191E-03 3.80183419064607E-03 3.81816805223571E-03 3.83735422778089E-03 3.85951841560659E-03 3.88485268475492E-03 3.91351968706698E-03 3.94567379274585E-03 3.98136747144518E-03 4.02066264847587E-03 4.06343363722967E-03 4.1095070859018E-03 4.15857979993831E-03 4.21037385241748E-03 4.26449211078892E-03 4.32046481015601E-03 4.37780883606898E-03 4.43601461408951E-03 4.49463012792895E-03 4.55318870356613E-03 4.61131519562935E-03 4.66865112147439E-03 4.72493891928586E-03 4.77996508652331E-03 4.8335736721289E-03 4.88561796880057E-03 4.93597902987704E-03 4.98454811054363E-03 5.03119614219612E-03 5.07580299446505E-03
0 0 0 0 0 0 0 0 0 0 0 0 0 0 0 0 0 0 0 0 0 0 0 0 0 0 0 0 0 3.72664940205946E-03 3.74641594507406E-03 3.74913884225828E-03 3.75500328819858E-03 3.76411388178236E-03 3.77641321232124E-03 3.79178066466367E-03 3.81021604204694E-03 3.83170560622818E-03 3.85637414803193E-03 3.88440399827812E-03 3.9159315677177E-03 3.95109908084343E-03 3.98992121735321E-03 4.03240211037046E-03 4.07836278496453E-03 4.12757264183394E-03 4.17967138955259E-03 4.23431318377747E-03 4.29104387067956E-03 4.34933991782858E-03 4.40868100143546E-03 4.46853986060986E-03 4.52846190090709E-03 4.5879910934316E-03 4.64677194071914E-03 4.70447984356579E-03 4.76088374251285E-03 4.81579574854173E-03 4.86908710629579E-03 4.92064476610298E-03 4.97037459386768E-03 5.0181689107626E-03 5.06390237630586E-03 5.10746032398561E-03
0 0 0 0 0 0 0 0 0 0 0 0 0 0 0 0 0 0 0 0 0 0 0 0 0 0 0 0 0 3.72664940205946E-03 3.72774683696881E-03 3.73195280194177E-03 3.73971519799803E-03 3.75080728060461E-03 3.76516793378443E-03 3.78271904415367E-03 3.80349835292083E-03 3.82751794699409E-03 3.85489725551224E-03 3.88580564720037E-03 3.92034388092889E-03 3.9586358944578E-03 4.00065409680625E-03 4.04634734471743E-03 4.09548377369065E-03 4.14776941240898E-03 4.20278898829477E-03 4.26013300743371E-03 4.31930407582137E-03 4.37972650913686E-03 4.44085256364361E-03 4.50215093107706E-03 4.56317541212723E-03 4.62348970234963E-03 4.68275639587879E-03 4.74068432544963E-03 4.79706437624395E-03 4.85173246474717E-03 4.90458083008461E-03 4.95553006710157E-03 5.00450832621688E-03 5.05140635430131E-03 5.09610151779274E-03 5.13848805463664E-03
0 0 0 0 0 0 0 0 0 0 0 0 0 0 0 0 0 0 0 0 0 0 0 0 0 0 0 0 3.68542735487161E-03 3.70610931654852E-03 3.7089083788538E-03 3.71515290963135E-03 3.72498694338592E-03 3.73824724489512E-03 3.75488835390952E-03 3.77485528727894E-03 3.79821257418049E-03 3.82498122965529E-03 3.85526378479671E-03 3.88921374123795E-03 3.92688950495897E-03 3.96839347083239E-03 4.01364858292076E-03 4.06255521367296E-03 4.11482455294659E-03 4.17009761057182E-03 4.22790471320417E-03 4.28778487800636E-03 4.34920307995759E-03 4.41153595124129E-03 4.47422296213239E-03 4.5367457802074E-03 4.59867396541091E-03 4.65959331387158E-03 4.71918474776332E-03 4.77718778076527E-03 4.83341188341643E-03 4.88771005380498E-03 4.93999004239066E-03 4.99020514139326E-03 5.03830665757864E-03 5.08417798999493E-03 5.12770269173943E-03 5.16879188587681E-03
0 0 0 0 0 0 0 0 0 0 0 0 0 0 0 0 0 0 0 0 0 0 0 0 0 0 0 0 3.68542735487161E-03 3.68646550645648E-03 3.69069965549967E-03 3.69900393902994E-03 3.71109571118566E-03 3.72672472410161E-03 3.74585678614471E-03 3.76844907035347E-03 3.79458833295627E-03 3.82429577209065E-03 3.85764500458944E-03 3.89477936130804E-03 3.93569234931343E-03 3.98047585782481E-03 4.02898641530454E-03 4.08107997012503E-03 4.13641132127222E-03 4.19455033140771E-03 4.2549851221967E-03 4.31720032331675E-03 4.38064985634155E-03 4.44465674040235E-03 4.50867554765798E-03 4.57221401948443E-03 4.63485702994929E-03 4.69621572271021E-03 4.75597820083479E-03 0.004813921239542 4.86985975429963E-03 4.92366407514173E-03 4.97524708309684E-03 5.02459660073796E-03 5.07168945146551E-03 5.11639172728869E-03 5.15860766432901E-03 5.19827418311003E-03
0 0 0 0 0 0 0 0 0 0 0 0 0 0 0 0 0 0 0 0 0 0 0 0 0 0 0 0 3.66577903082454E-03 3.66638264436772E-03 3.67278212733007E-03 3.68361877220647E-03 3.69828491690139E-03 3.71652292037781E-03 3.73835012551786E-03 3.76375696654216E-03 3.79284851474332E-03 3.82564801951183E-03 3.86220177403341E-03 3.9026244420683E-03 3.94685620146527E-03 3.99495522507084E-03 4.04671933686432E-03 4.10194339217708E-03 4.16022431507445E-03 4.22107912216755E-03 4.28396311306263E-03 4.34830941330319E-03 4.41353950412824E-03 4.47898193672283E-03 4.54411873485033E-03 4.60848029229597E-03 4.67166114031437E-03 4.73329618945696E-03 4.79308447818233E-03 4.85082883540195E-03 4.90634704346648E-03 4.95952320882307E-03 5.01027839924444E-03 5.05862677298699E-03 5.1045544510163E-03 5.14793336551245E-03 5.18870165844579E-03 5.22682753949587E-03
0 0 0 0 0 0 0 0 0 0 0 0 0 0 0 0 0 0 0 0 0 0 0 0 0 0 0 3.59918515742365E-03 3.63892357537863E-03 3.6451999227644E-03 3.6555436340607E-03 3.66950086149696E-03 3.68700885341855E-03 3.70803497517463E-03 3.73270666155639E-03 3.76106744544835E-03 3.79323600098237E-03 3.82924390530824E-03 3.86910400128953E-03 0.00391289107378 3.96048829422535E-03 4.01190098085398E-03 4.0668789528758E-03 4.12512896848321E-03 4.18621468502296E-03 4.24960043032119E-03 4.31472796170708E-03 4.38097149002198E-03 4.44774133485251E-03 4.5144166910544E-03 4.58047885647547E-03 4.64548927793094E-03 4.70903953576368E-03 4.77080078219693E-03 4.83046230802951E-03 4.88786093493563E-03 4.94280687983798E-03 4.99520538661506E-03 5.0449762322441E-03 5.09215778268379E-03 5.13676043980589E-03 5.17867094075463E-03 5.21786380090247E-03 5.25434644688042E-03
0 0 0 0 0 0 0 0 0 0 0 0 0 0 0 0 0 0 0 0 0 0 0 0 0 0 3.57450584196345E-03 3.59918515742365E-03 3.61385689314844E-03 3.62615766626115E-03 3.64029028321611E-03 3.65732379784869E-03 3.67770310498465E-03 3.70159329907303E-03 3.72920574436628E-03 3.76061904830837E-03 3.79595555992525E-03 3.83524405664805E-03 3.8784680347936E-03 3.92565306083258E-03 3.97662449362009E-03 4.03132211762151E-03 4.08942769966728E-03 4.15058121265219E-03 4.2143031068964E-03 4.28002671115751E-03 4.34717577921203E-03 4.41509626960159E-03 4.48320162669967E-03 4.55090880386905E-03 4.61771674418609E-03 4.68320014822081E-03 4.74695604110493E-03 4.80867274546386E-03 4.86805005156836E-03 4.92493500464997E-03 4.97914093213995E-03 5.03058937748569E-03 5.0792148822104E-03 5.12507263407216E-03 5.16818252693278E-03 5.20847402008316E-03 5.24597359324678E-03 5.28072907783472E-03
0 0 0 0 0 0 0 0 0 0 0 0 0 0 0 0 0 0 0 0 0 0 0 0 0 3.5632670649173E-03 3.57450584196345E-03 3.58485337215695E-03 3.59723071934937E-03 3.61124044578025E-03 3.62784962367164E-03 3.64754062184373E-03 3.67067983340034E-03 3.69744979392625E-03 3.72806444240659E-03 3.76260426479626E-03 3.80117292644055E-03 3.84378996501911E-03 3.89040497770091E-03 3.94098494996974E-03 3.99529686299538E-03 4.05319614157533E-03 4.1143079319157E-03 4.17820775634288E-03 4.24438216714951E-03 4.31224186654024E-03 4.38120301568688E-03 4.45060335091745E-03 4.51985846835855E-03 4.58842133524857E-03 4.65580482946151E-03 4.72159324376688E-03 4.78538475478249E-03 4.84687979160289E-03 4.90579086630489E-03 4.96196467904279E-03 5.01523486692822E-03 5.06553566217674E-03 5.11282841478918E-03 5.15717717495947E-03 5.19863901846361E-03 5.23719459333936E-03 5.27291419118253E-03 5.30588963298232E-03
0 0 0 0 0 0 0 0 0 0 0 0 0 0 0 0 0 0 0 0 0 0 0 0 0 3.5632670649173E-03 3.5642408251835E-03 3.57172421777513E-03 3.58368043310793E-03 3.59905789023468E-03 3.61783345101179E-03 3.64006650108677E-03 3.66597167801213E-03 3.69568757705898E-03 3.72939040260628E-03 3.76713329212362E-03 3.80898388003309E-03 3.85495139814008E-03 3.90495353561269E-03 3.95889163767174E-03 4.0164748411877E-03 4.07747389338179E-03 4.14145075134223E-03 4.20792859267682E-03 4.27636333420435E-03 4.34615852640574E-03 4.41672833686119E-03 4.48741204679742E-03 4.55763048105604E-03 4.62687017982322E-03 4.69465579404568E-03 4.76056771893456E-03 4.82420366246431E-03 4.88527392352477E-03 4.94351100364999E-03 4.99876160981637E-03 5.05088477899509E-03 5.09983741665126E-03 5.14561799917055E-03 5.18830746886003E-03 5.22799205959999E-03 5.26471370066955E-03 5.29859479461058E-03 5.32976448966858E-03
0 0 0 0 0 0 0 0 0 0 0 0 0 0 0 0 0 0 0 0 0 0 0 0 3.52549115288787E-03 3.54510028363989E-03 3.54900907774791E-03 3.55790047554979E-03 3.57129501981359E-03 3.58864188548059E-03 3.60980955110095E-03 3.63472854353693E-03 3.6635304683826E-03 3.69632546057645E-03 3.73323170937695E-03 3.77427278447696E-03 3.81945680239118E-03 3.8687960891845E-03 3.92216817748296E-03 3.97939746335806E-03 4.04015285079719E-03 4.10410421566483E-03 4.17077942097167E-03 4.23964248222715E-03 4.31013775859292E-03 4.38166717354601E-03 4.45364848572935E-03 4.52543242598929E-03 4.5964305110137E-03 4.66617614970079E-03 4.73418157538139E-03 4.80001985786116E-03 4.86328709656583E-03 4.92370621033186E-03 4.98104008222993E-03 5.03512974660986E-03 5.08588556236781E-03 5.13328378010519E-03 5.17738067120556E-03 5.2182675572246E-03 5.25608028944423E-03 5.29091795632385E-03 5.3229430120538E-03 5.35231592958088E-03
