NongDo/Fusa 11.4h.grd
DSAA
463	323
2	464
2	324
0	10
[rows 140 to 167 of 323, columns 192 to 255 of 463]
6.43237869700486E-03 6.56992642032608E-03 6.70332754135757E-03 6.83235614731382E-03 6.9567672845013E-03 0.007076251683619 7.1905288550325E-03 7.29932409065659E-03 7.40239006185067E-03 7.49947443098725E-03 7.59034517490283E-03 7.67477883196282E-03 7.75260150771423E-03 7.82368840909688E-03 7.88796568553944E-03 7.94541587044151E-03 7.99608156207293E-03 8.04006820650604E-03 8.07752535409991E-03 8.10863690643164E-03 8.13360446265923E-03 8.15263395950569E-03 8.16591835663233E-03 8.17363018433844E-03 8.17592078903106E-03 8.1729321287657E-03 8.16482381873185E-03 8.15180671641043E-03 8.13411625425537E-03 8.11199754909248E-03 8.08572010945979E-03 8.0555836596171E-03 8.02193687890214E-03 7.98514474580684E-03 7.94560440981462E-03 7.90367463141856E-03 7.85977170643562E-03 7.81428262328516E-03 7.76751150288436E-03 7.71956077365528E-03 7.67063159432836E-03 7.62101420616502E-03 7.57114529820738E-03 7.52165015242099E-03 7.47371070920317E-03 7.42951243403148E-03 7.39268496685514E-03 7.34283224461785E-03 0 0 0 0 0 0 0 0 0 0 0 0 0 0 0 0
6.58225332210265E-03 6.71447006985334E-03 6.84229779968916E-03 6.96554892854788E-03 7.08401370150568E-03 7.19741414308782E-03 0.007305523107281 7.40811335071629E-03 7.5049755058392E-03 7.59588440964093E-03 7.68063045214303E-03 7.75900701287367E-03 7.83085592888893E-03 7.89606469003395E-03 7.95456831824577E-03 8.00635816207147E-03 8.05148859500939E-03 8.09007906658268E-03 8.12229100149155E-03 8.1483192313866E-03 8.16837208383625E-03 8.18265706519229E-03 8.19136541187923E-03 8.19466471455804E-03 8.19270031612214E-03 8.1856129041259E-03 8.17357417516668E-03 8.15682913550259E-03 8.13563789404065E-03 8.11024623436606E-03 8.08093909613852E-03 8.04804434230091E-03 8.01194892594925E-03 7.97304863841501E-03 7.93178250129852E-03 7.8885348007124E-03 7.84376334543344E-03 7.79787918990906E-03 7.75118080694064E-03 7.7036969664819E-03 7.65565570570168E-03 7.60752721808289E-03 7.55994559943919E-03 7.5139222343887E-03 7.4716122705426E-03 7.43698602500421E-03 7.39268496685514E-03 0 0 0 0 0 0 0 0 0 0 0 0 0 0 0 0 0
6.72349417469176E-03 6.85034414865054E-03 6.97262745319338E-03 7.09017988975766E-03 7.20281519036937E-03 7.31029690881728E-03 7.41245123557107E-03 7.50908670537277E-03 7.60001656976683E-03 7.68503014711929E-03 7.7639295487719E-03 7.8365229483841E-03 7.90266473148366E-03 7.96225119140801E-03 8.01522597699376E-03 8.06159289181754E-03 8.10142188996233E-03 8.13484807320151E-03 8.16204731424233E-03 8.18322707304873E-03 8.1986028349256E-03 8.20838343965543E-03 8.2127575901979E-03 8.21188704417779E-03 8.20591121095153E-03 8.19497022224058E-03 8.17924887284428E-03 8.15902929641625E-03 8.13459493137691E-03 8.10618464141444E-03 8.07410518835627E-03 8.03872082183453E-03 8.00046217916877E-03 7.95975691151943E-03 7.91708646934376E-03 7.87286494845057E-03 7.8275917509679E-03 7.78169392096589E-03 7.7354602543284E-03 7.6888663576749E-03 7.64222402615694E-03 7.59630974415368E-03 7.55215840692286E-03 7.51157492482327E-03 7.47819311270757E-03 7.43698602500421E-03 0 0 0 0 0 0 0 0 0 0 0 0 0 0 0 0 0 0
6.85660396315878E-03 6.97811785085619E-03 7.09493597684011E-03 7.20690469144046E-03 7.31386260436726E-03 7.41563047936519E-03 7.51206284891609E-03 7.60299246884658E-03 7.68824087645163E-03 7.76760639134669E-03 7.84089770895603E-03 7.90794051951399E-03 7.96859626476623E-03 8.02277034975157E-03 8.07041863790009E-03 8.11156313322277E-03 8.14629301202176E-03 8.17476101072727E-03 8.19716086683509E-03 8.21371309205059E-03 8.22463954837191E-03 0.008230148688417 8.23042531457421E-03 8.22562427895017E-03 8.21587956931007E-03 8.20133219798237E-03 8.18218097187907E-03 8.15873886859302E-03 8.13131208014249E-03 8.10013176701128E-03 8.06553659353626E-03 8.02793725948439E-03 7.98780927126223E-03 7.94560797663917E-03 7.90185463105213E-03 7.85702340904534E-03 7.81163202454914E-03 7.76610896367615E-03 7.72072749555773E-03 7.67552881853019E-03 7.63098774280466E-03 7.58836074441403E-03 7.54952259048791E-03 7.5176470845018E-03 7.47819311270757E-03 0 0 0 0 0 0 0 0 0 0 0 0 0 0 0 0 0 0 0
6.98217954275354E-03 7.09843030626947E-03 7.20988467557525E-03 7.31640686936575E-03 7.4178691940045E-03 7.51413490486485E-03 7.60506361001659E-03 7.69050362576026E-03 7.77027856219449E-03 7.84419707976328E-03 7.91207524639391E-03 7.97375297059571E-03 8.0290970912899E-03 8.07802761501176E-03 8.12051900560527E-03 8.15661579618704E-03 8.18642945366869E-03 8.21013384755273E-03 8.22794219580911E-03 8.24008584846709E-03 8.24678995638027E-03 8.24826072697286E-03 8.24467728510129E-03 8.23618645095306E-03 8.22291799259047E-03 8.20501563254336E-03 8.18269093699934E-03 8.15627625396305E-03 8.12609953006216E-03 8.09239658904708E-03 8.05555004361487E-03 8.01601870078169E-03 7.97432130579356E-03 7.93094600049896E-03 7.88646084863176E-03 7.84141307548542E-03 7.7963216867692E-03 7.75161936314956E-03 7.70759947453148E-03 7.66450495869124E-03 7.62313982135534E-03 7.58557047077963E-03 7.55502167310265E-03 7.5176470845018E-03 0 0 0 0 0 0 0 0 0 0 0 0 0 0 0 0 0 0 0 0
7.10087173966934E-03 7.21196041200135E-03 7.31817784582171E-03 7.4194084334083E-03 7.51554593948127E-03 7.60647756457927E-03 7.69207328616696E-03 7.77218717296602E-03 7.8466463316601E-03 7.91526870254849E-03 7.97787901999466E-03 8.03432759986157E-03 8.08449602784348E-03 8.12832368353472E-03 8.16580941630421E-03 8.19702310720324E-03 8.22210180771772E-03 8.2412415709178E-03 8.25467252511352E-03 8.26263327804973E-03 8.26534873411406E-03 8.2630199414058E-03 8.25581797015718E-03 8.24388172792141E-03 8.22733895230281E-03 8.2063391847974E-03 8.18110569721451E-03 8.15197420929642E-03 8.11929251542325E-03 8.08333508952094E-03 8.04452694427362E-03 8.00336900554113E-03 7.96042122383514E-03 7.9162235474747E-03 7.87139635065541E-03 7.8265503352847E-03 7.78222881323577E-03 7.73888336418974E-03 7.69692140582941E-03 7.65694250946553E-03 7.62049123269959E-03 7.59082021956934E-03 7.55502167310265E-03 0 0 0 0 0 0 0 0 0 0 0 0 0 0 0 0 0 0 0 0 0
7.21315439694698E-03 7.31918834062568E-03 7.42029630415694E-03 7.51637779957335E-03 7.60733639554502E-03 7.69307581044154E-03 7.77347724086079E-03 7.84839804161949E-03 7.91767019886992E-03 7.98111976818371E-03 8.03858094093224E-03 8.08991760696864E-03 8.13503412431937E-03 8.1738947465789E-03 8.20652734249625E-03 8.23302873648759E-03 8.2535630902156E-03 8.26834784664866E-03 8.27762591278929E-03 8.28163849206997E-03 8.28060659697638E-03 0.008274723204814 8.26414997889941E-03 8.2490184183495E-03 8.22945642229536E-03 8.20562131736308E-03 8.17774794887189E-03 8.1461684100209E-03 8.11125431435127E-03 8.07333414556041E-03 8.0328742586663E-03 7.99042038638169E-03 7.94657611212365E-03 7.90194055776655E-03 7.85719558973753E-03 7.81304076785092E-03 7.77006556950632E-03 7.72877866586861E-03 7.6898682441798E-03 7.65457643862249E-03 7.62572987704968E-03 7.59082021956934E-03 0 0 0 0 0 0 0 0 0 0 0 0 0 0 0 0 0 0 0 0 0 0
7.31937135950691E-03 7.42044717676925E-03 7.51655375679066E-03 7.60760122190206E-03 7.69350139743195E-03 7.77417149604857E-03 7.84949913496806E-03 7.91934342042814E-03 7.98354148069973E-03 8.04192953449296E-03 8.09435572637607E-03 8.14070211635116E-03 8.18089949842679E-03 8.21494220540185E-03 8.24288986989953E-03 8.2648669944302E-03 8.28106465537444E-03 8.29171933787629E-03 8.29708135104959E-03 8.29738944305417E-03 8.29285725607267E-03 8.28366925548038E-03 8.26997888993734E-03 8.25190977896267E-03 8.2295924511284E-03 8.20319312173643E-03 8.17295758324239E-03 8.13921806339333E-03 8.10237042116287E-03 8.06279189222782E-03 8.02100231966819E-03 7.97760078670185E-03 7.93323642745064E-03 7.88856109184432E-03 7.84436608619911E-03 7.80152854733583E-03 7.76068884333104E-03 7.7224240623819E-03 7.68806699282513E-03 7.65991521332813E-03 7.62572987704968E-03 0 0 0 0 0 0 0 0 0 0 0 0 0 0 0 0 0 0 0 0 0 0 0
7.41978474584611E-03 7.51598771301038E-03 7.60718568383557E-03 7.6932982342327E-03 7.77424560208795E-03 7.84995476218601E-03 7.92031577544087E-03 7.98518951079191E-03 8.04442039135632E-03 8.09785754075303E-03 8.14536762293481E-03 8.1868550264532E-03 8.22228087879414E-03 8.25167230911435E-03 8.27512167733267E-03 8.29278199599182E-03 8.30486965048576E-03 8.31163466782872E-03 8.31332895430722E-03 8.31018451229857E-03 8.3024053198785E-03 8.29016784427997E-03 8.27361931849577E-03 8.25287653380171E-03 8.22807542017597E-03 8.19939246505466E-03 8.16708462012441E-03 8.13148477085942E-03 8.09301520674211E-03 8.05210199567451E-03 8.0093218261838E-03 7.96532948601424E-03 7.92082074786685E-03 7.87652907619635E-03 7.83346686395143E-03 7.79286088310267E-03 7.75542805760659E-03 7.72146877710107E-03 7.69382790729691E-03 7.65991521332813E-03 0 0 0 0 0 0 0 0 0 0 0 0 0 0 0 0 0 0 0 0 0 0 0 0
7.51460415079284E-03 7.60600894372964E-03 7.69237993450641E-03 7.77364591802393E-03 7.84973444045677E-03 7.92057929097643E-03 7.98607274518231E-03 8.04607857176926E-03 8.1004507519071E-03 8.14905464590519E-03 8.19177910279871E-03 8.22855465375345E-03 8.25937603748434E-03 8.28430452695444E-03 8.30346462933184E-03 8.31703642537914E-03 8.32525665971955E-03 8.32838342329493E-03 8.32666588948238E-03 8.32032655366623E-03 8.30955926830046E-03 8.29453238593666E-03 8.27538893261968E-03 8.2522430065604E-03 8.22523870125213E-03 8.19456439236896E-03 8.16048682527296E-03 8.12333710478347E-03 8.08356699090502E-03 8.04166190435951E-03 7.9982516858514E-03 7.95403228544454E-03 7.90974023794097E-03 7.86626079978606E-03 0.007825051646443 7.78810698648559E-03 7.75661566692135E-03 7.72831302550362E-03 7.69382790729691E-03 0 0 0 0 0 0 0 0 0 0 0 0 0 0 0 0 0 0 0 0 0 0 0 0 0
7.60400004298813E-03 7.69067614428815E-03 7.77229676905055E-03 7.84879999272744E-03 7.9201198708554E-03 7.98619406916156E-03 8.04691775607265E-03 8.10216082006033E-03 8.15179032115501E-03 8.1956897453918E-03 8.23377323006187E-03 8.26600196183907E-03 8.29240616588756E-03 8.31307986792337E-03 8.3281774112946E-03 8.33790365600386E-03 8.34251038477717E-03 8.34225762582724E-03 8.33738828948377E-03 8.3281145439666E-03 8.3146211123387E-03 8.29706884680008E-03 8.27559938090444E-03 8.25032931211546E-03 8.2214136209616E-03 8.18905159313377E-03 0.008153516855645 8.11513798855945E-03 8.07440467651752E-03 8.03187627209647E-03 7.98823159675349E-03 7.94417918488607E-03 7.90044444094341E-03 7.85810005025967E-03 7.81944508277413E-03 7.78832847034089E-03 7.76958362978478E-03 7.72831302550362E-03 0 0 0 0 0 0 0 0 0 0 0 0 0 0 0 0 0 0 0 0 0 0 0 0 0 0
7.6881177613782E-03 7.77013359149148E-03 7.84707929126635E-03 7.91890258118402E-03 7.98554383616623E-03 8.04694246968334E-03 8.10299876475369E-03 8.15359270908917E-03 8.19860711865459E-03 8.23794610581842E-03 8.27155215621446E-03 8.29942011945912E-03 8.32161379202191E-03 8.33825791490877E-03 8.34953367719928E-03 8.3556671828048E-03 8.35691929606171E-03 8.3535471999321E-03 8.34578594372087E-03 8.33383817311772E-03 8.31788203614258E-03 8.29807260094198E-03 8.27455326875763E-03 8.2474497593773E-03 8.21692872225441E-03 8.18319729483488E-03 8.14653021044232E-03 8.10725527277953E-03 8.06591119080712E-03 8.02316135578759E-03 7.97975533780206E-03 7.93637244251108E-03 7.89354107129365E-03 0.007852263121298 7.81616146466987E-03 7.79181940271168E-03 7.78948380830336E-03 0 0 0 0 0 0 0 0 0 0 0 0 0 0 0 0 0 0 0 0 0 0 0 0 0 0 0
7.76709709437845E-03 7.84452570330534E-03 7.9168772206876E-03 7.98410810908797E-03 8.04616472764277E-03 8.10298964727018E-03 8.15449115877858E-03 8.20056132633171E-03 8.24110166752979E-03 8.27604052737298E-03 8.30535100098891E-03 8.32906040176708E-03 8.34726369367806E-03 8.36011439202691E-03 8.36781711894198E-03 8.37061387165485E-03 8.36876965897435E-03 8.36253561227067E-03 8.35213854044653E-03 8.33777409943205E-03 8.31961834888441E-03 8.29782460760372E-03 8.27254178819586E-03 8.2439070086527E-03 8.2120996403905E-03 8.17733323570032E-03 8.13987603528008E-03 8.10004434677846E-03 8.05844959654789E-03 8.01593794607888E-03 7.97341707713253E-03 7.93157049133143E-03 7.89033525070981E-03 7.84913963255615E-03 0.007813991301981 7.79206045837953E-03 7.78948380830336E-03 0 0 0 0 0 0 0 0 0 0 0 0 0 0 0 0 0 0 0 0 0 0 0 0 0 0 0
7.84107808307512E-03 7.91399984751189E-03 7.98184426686099E-03 8.04457759506478E-03 8.10215339732239E-03 8.15451880094581E-03 8.20159069633948E-03 8.24327639762399E-03 8.27949994058193E-03 8.3102161563855E-03 8.33542780745152E-03 8.35519258176603E-03 8.36963505573095E-03 8.37893404972005E-03 8.38331267675034E-03 8.38302470630031E-03 8.37833744160817E-03 8.36949238565947E-03 8.35670941255045E-03 8.34018177925726E-03 8.32008891005868E-03 8.29658844290489E-03 8.2698383102189E-03 8.23998447484482E-03 8.20722147013424E-03 8.17176945540055E-03 8.13387925217675E-03 8.09382398885602E-03 8.05232656685102E-03 8.01057447002359E-03 7.96987972697303E-03 7.93137973422415E-03 7.89435957392331E-03 7.8497255094035E-03 0.007813991301981 7.79206045837953E-03 0 0 0 0 0 0 0 0 0 0 0 0 0 0 0 0 0 0 0 0 0 0 0 0 0 0 0 0
7.91022041414561E-03 7.97872314262745E-03 8.04215543054291E-03 8.10049509712363E-03 8.15370422995977E-03 8.2017340015272E-03 8.2445127875736E-03 8.28196742575585E-03 8.31404713280835E-03 8.34073242510338E-03 8.36205394092232E-03 8.37809782702571E-03 8.38901531320335E-03 8.39500586613962E-03 8.39630570274824E-03 8.39317766758323E-03 8.38589018351778E-03 8.37467372262884E-03 8.35974533435886E-03 8.34130308281795E-03 8.31953575501589E-03 8.29460833134118E-03 8.26669044823096E-03 8.23593816952954E-03 8.20256007205155E-03 8.16677822509133E-03 8.12880957131693E-03 8.08885100866452E-03 8.04776927631585E-03 8.0072995851825E-03 7.96960908011208E-03 7.93793536805317E-03 7.9172302800862E-03 7.8497255094035E-03 0 0 0 0 0 0 0 0 0 0 0 0 0 0 0 0 0 0 0 0 0 0 0 0 0 0 0 0 0 0
7.97469393850118E-03 8.0388732198672E-03 8.09799707967093E-03 8.15205620997104E-03 8.20102265348853E-03 8.24485084798343E-03 8.28348665003588E-03 8.31687916952597E-03 8.34500248539967E-03 8.36786035289776E-03 8.38550975226913E-03 8.39806234954685E-03 8.40569155942874E-03 8.40861354843138E-03 8.40707384231387E-03 8.40133976505286E-03 8.39167904066263E-03 8.3783156756734E-03 8.36147148706699E-03 8.34135774579202E-03 8.31817792122616E-03 8.29210449733697E-03 8.26332021133947E-03 8.23199822627146E-03 8.19835282121956E-03 8.16260128333862E-03 8.12490706318473E-03 8.08536584764286E-03 8.04496444891094E-03 8.00609449245282E-03 7.97178154604571E-03 7.94760938263534E-03 7.94502277451412E-03 0 0 0 0 0 0 0 0 0 0 0 0 0 0 0 0 0 0 0 0 0 0 0 0 0 0 0 0 0 0 0
8.03467690382036E-03 8.09463843198469E-03 8.14957005958162E-03 8.19947323099714E-03 8.24433008728596E-03 8.28410477264916E-03 8.31876437601945E-03 8.34827871131761E-03 8.37264390725344E-03 8.39188537175943E-03 8.40608366966419E-03 8.41537235577577E-03 8.41994328960363E-03 8.42002548450451E-03 8.41587151479371E-03 8.40774923843045E-03 8.39592599563517E-03 8.38062749240526E-03 8.36208873970005E-03 8.34054058267978E-03 8.3162054993905E-03 8.28926711824242E-03 8.2599228069858E-03 8.22836395932241E-03 8.19480469927071E-03 8.15944929280821E-03 8.12240168672814E-03 8.08366774623206E-03 8.04431853089474E-03 8.00727069589689E-03 7.9754768484935E-03 7.95224376421876E-03 7.94502277451412E-03 0 0 0 0 0 0 0 0 0 0 0 0 0 0 0 0 0 0 0 0 0 0 0 0 0 0 0 0 0 0 0
8.09035133755807E-03 8.14621119921011E-03 8.19707715735631E-03 8.24296119476193E-03 8.28385911670958E-03 8.3197493932833E-03 8.35061603311406E-03 0.008376448449244 8.39726224090626E-03 8.41310221409472E-03 8.42406763745457E-03 8.43031074576837E-03 8.43203883192667E-03 8.42949209421782E-03 8.42292998980825E-03 8.41261890046763E-03 8.39882795981448E-03 8.38179639323221E-03 8.3617789488668E-03 8.33903008630608E-03 8.31379347366884E-03 8.28627181940006E-03 8.2566771798327E-03 8.22521821866183E-03 8.1921152366043E-03 8.15755215011038E-03 8.12158284534777E-03 8.08423631853075E-03 8.04680106596469E-03 8.01265074836498E-03 7.98497411552311E-03 7.95224376421876E-03 0 0 0 0 0 0 0 0 0 0 0 0 0 0 0 0 0 0 0 0 0 0 0 0 0 0 0 0 0 0 0 0
8.14194177697177E-03 8.19382605194274E-03 8.24076186034036E-03 8.28277512835584E-03 8.31987740790177E-03 8.35205994966057E-03 0.008379321344847 8.40166937594925E-03 8.41913660324416E-03 8.43178367637882E-03 8.4397247082495E-03 8.44312762266962E-03 8.44221283194615E-03 8.43723119883472E-03 8.42845064890926E-03 8.41613630676001E-03 8.40056294067852E-03 8.38199209626101E-03 8.36070521155749E-03 8.33698634088806E-03 8.31110287501652E-03 8.28327725172594E-03 8.25373908388442E-03 8.22272906173624E-03 8.19049762812482E-03 8.15724109896378E-03 8.12298188663897E-03 8.08782018724651E-03 8.05365840458121E-03 8.02448698666593E-03 7.98497411552311E-03 0 0 0 0 0 0 0 0 0 0 0 0 0 0 0 0 0 0 0 0 0 0 0 0 0 0 0 0 0 0 0 0 0
8.18969074066464E-03 8.23773533005592E-03 8.2808874487473E-03 8.31918899066683E-03 8.35266467908178E-03 8.38131629837362E-03 8.40515826021853E-03 8.42421499398726E-03 8.43853297005889E-03 8.44818468067445E-03 8.45329667346431E-03 8.45404974757191E-03 8.45067592128176E-03 0.00844343647751 8.43260989406513E-03 8.41846362541581E-03 8.40128449337535E-03 8.38136021400955E-03 8.3590054697117E-03 8.33454184664115E-03 8.30826416217263E-03 8.2804094941429E-03 8.25123398353956E-03 8.22104749050842E-03 8.19019062347417E-03 8.15900686601518E-03 8.12756523095996E-03 8.09559940907065E-03 8.06652270598603E-03 8.02448698666593E-03 0 0 0 0 0 0 0 0 0 0 0 0 0 0 0 0 0 0 0 0 0 0 0 0 0 0 0 0 0 0 0 0 0 0
8.2338492256719E-03 8.2781959498639E-03 8.31771730205935E-03 8.35246880205669E-03 8.38248585464642E-03 8.40778226654506E-03 8.42838830386592E-03 8.44434183281531E-03 8.4556991742598E-03 8.46254241395654E-03 8.46500814577071E-03 8.46328697929841E-03 8.45762167557189E-03 8.4482849099925E-03 8.43556912866358E-03 8.41974862632309E-03 8.40112850217473E-03 8.38002744546732E-03 8.35679765460052E-03 8.33180350592982E-03 8.3053724547659E-03 8.27776149699617E-03 8.24926777397814E-03 8.22031342323636E-03 8.19145459184139E-03 8.16354769741814E-03 8.13718808437913E-03 8.1090993181681E-03 8.06652270598603E-03 0 0 0 0 0 0 0 0 0 0 0 0 0 0 0 0 0 0 0 0 0 0 0 0 0 0 0 0 0 0 0 0 0 0 0
8.27466675331705E-03 8.31545990410926E-03 8.35150354857325E-03 8.3828647364727E-03 8.40959034996246E-03 8.43170696072288E-03 8.44925734796826E-03 8.46228980247918E-03 8.47086715792872E-03 8.47507854097702E-03 8.47506741211342E-03 8.47103234149235E-03 8.46322714321324E-03 8.45193817572207E-03 8.43747536074947E-03 8.4201252823742E-03 8.40021702995631E-03 8.37810529100844E-03 8.35418271566238E-03 8.32885895329706E-03 8.30250113443655E-03 8.27540358373225E-03 8.24792534777954E-03 8.22063244858746E-03 8.19445081823638E-03 8.17155638126647E-03 8.15667486343115E-03 8.1090993181681E-03 0 0 0 0 0 0 0 0 0 0 0 0 0 0 0 0 0 0 0 0 0 0 0 0 0 0 0 0 0 0 0 0 0 0 0 0
8.31239769625452E-03 8.34978071888273E-03 8.3824971760047E-03 8.41062446255309E-03 8.43422113529725E-03 8.45332690626882E-03 8.46799419431883E-03 8.47827772654357E-03 8.48424378318607E-03 8.48598664875004E-03 8.4836545933146E-03 8.47745272593551E-03 8.4676466271067E-03 8.45453870954446E-03 8.43845975351959E-03 8.41971434129718E-03 8.39866090092401E-03 8.37569380900487E-03 8.35124888447948E-03 8.32578306370573E-03 8.29971239018445E-03 8.27339550629552E-03 8.2472860265946E-03 8.2220951586696E-03 8.19894578802918E-03 8.18093241906525E-03 8.17893995295868E-03 0 0 0 0 0 0 0 0 0 0 0 0 0 0 0 0 0 0 0 0 0 0 0 0 0 0 0 0 0 0 0 0 0 0 0 0 0
8.34728903841243E-03 8.38140222920085E-03 8.41093816237175E-03 8.43598352967136E-03 0.008456607929 8.47286377140015E-03 8.48480968102362E-03 8.49250389188352E-03 8.49601430093993E-03 8.49543845831825E-03 8.49092779032631E-03 8.48269422753184E-03 8.47101640197721E-03 8.45621463714752E-03 8.43864227656648E-03 8.41862804559326E-03 8.39656349695353E-03 8.37288559161977E-03 8.34807835228042E-03 8.32264823240301E-03 0.008297071469076 8.27181257057593E-03 8.2475010278796E-03 8.22508237686479E-03 8.20531713155169E-03 8.18629755247398E-03 8.17893995295868E-03 0 0 0 0 0 0 0 0 0 0 0 0 0 0 0 0 0 0 0 0 0 0 0 0 0 0 0 0 0 0 0 0 0 0 0 0 0
8.37957219762305E-03 8.41054904326087E-03 8.43704305463526E-03 8.4591505297659E-03 8.47695161665831E-03 8.49050857343247E-03 8.49988343825195E-03 8.50513608568353E-03 8.50633485626264E-03 8.5035787699648E-03 8.49702198508245E-03 8.48688360344278E-03 8.47345664551042E-03 8.45708114012551E-03 8.43813471493916E-03 8.41697174279538E-03 8.39402060511115E-03 8.36976658839867E-03 8.34474770437371E-03 8.31952828183219E-03 8.29465940319889E-03 8.27075373330877E-03 8.24879601188863E-03 8.23064221678439E-03 8.21918062268173E-03 8.18629755247398E-03 0 0 0 0 0 0 0 0 0 0 0 0 0 0 0 0 0 0 0 0 0 0 0 0 0 0 0 0 0 0 0 0 0 0 0 0 0 0
8.40945778498313E-03 8.43742446554816E-03 8.46100842202447E-03 0.008480314680263 8.49543216296311E-03 8.50643053143172E-03 8.51337369908987E-03 8.51632118228411E-03 8.51534028211519E-03 8.51053179173584E-03 8.5020543430228E-03 8.49013245368424E-03 8.47507460814831E-03 8.45724197754238E-03 8.43703858132216E-03 8.41484178663634E-03 8.39112116786657E-03 8.36641889698992E-03 8.34133125183721E-03 8.31649433205822E-03 8.29255321697057E-03 8.27028320379382E-03 8.25111709378293E-03 8.23811748539585E-03 8.23646056633621E-03 0 0 0 0 0 0 0 0 0 0 0 0 0 0 0 0 0 0 0 0 0 0 0 0 0 0 0 0 0 0 0 0 0 0 0 0 0 0 0
8.43712338046384E-03 8.46219821911541E-03 8.48299585547767E-03 8.49962971561172E-03 8.5121958783122E-03 8.52076893376824E-03 8.52541286942052E-03 8.52618457293958E-03 8.52314949855614E-03 8.51641087128146E-03 8.50613306391357E-03 8.49254566127319E-03 8.47597256466002E-03 8.45679663944384E-03 8.43544861703111E-03 8.41233029082756E-03 8.38795544456925E-03 8.3629297419557E-03 8.33791220399685E-03 8.3136216586198E-03 8.29082273038673E-03 8.27049383222809E-03 8.25442465714862E-03 8.24555273286351E-03 8.23646056633621E-03 0 0 0 0 0 0 0 0 0 0 0 0 0 0 0 0 0 0 0 0 0 0 0 0 0 0 0 0 0 0 0 0 0 0 0 0 0 0 0
8.46272109974755E-03 8.48501607161006E-03 8.50314577039774E-03 8.51723102340735E-03 8.52737257663838E-03 8.53364767214535E-03 8.53611836032181E-03 8.53483816832618E-03 8.52987151197449E-03 8.52132315518122E-03 8.50936270710148E-03 8.49422689196478E-03 8.4762540465879E-03 8.4558487402007E-03 8.43346648622296E-03 8.4095401851447E-03 8.38462821084841E-03 8.35940638846852E-03 8.33460292715594E-03 8.31102830118856E-03 8.28960718647432E-03 8.27165973654683E-03 8.25973926618585E-03 8.25832918789138E-03 0 0 0 0 0 0 0 0 0 0 0 0 0 0 0 0 0 0 0 0 0 0 0 0 0 0 0 0 0 0 0 0 0 0 0 0 0 0 0 0
