NongDo/Fusa 13.1h.grd
DSAA
463	323
2	464
2	324
0	10
[rows 56 to 83 of 323, columns 256 to 319 of 463]
0 0 0 0 0 0 0 0 0 0 0 0 0 0 0 0 0 0 0 0 0 0 0 0 0 0 0 0 0 0 0 0 0 0 0 0 0 0 0 0 0 0 0 0 0 0 0 0 0 0 0 0 0 0 0 0 0 0 0 0 0 0 0 0
0 0 0 0 0 0 0 0 0 0 0 0 0 0 0 0 0 0 0 0 0 0 0 0 0 0 0 0 0 0 0 0 0 0 0 0 0 0 0 0 0 0 0 0 0 0 0 0 0 0 0 0 0 0 0 0 0 0 0 0 0 0 0 0
0 0 0 0 0 0 0 0 0 0 0 0 0 0 0 0 0 0 0 0 0 0 0 0 0 0 0 0 0 0 0 0 0 0 0 0 0 0 0 0 0 0 0 0 0 0 0 0 0 0 0 0 0 0 0 0 0 0 0 0 0 0 0 0
0 0 0 0 0 0 0 0 0 0 0 0 0 0 0 0 0 0 0 0 0 0 0 0 0 0 0 0 0 0 0 0 0 0 0 0 0 0 0 0 0 0 0 0 0 0 0 0 0 0 0 0 0 0 0 0 0 0 0 0 0 0 0 0
0 0 0 0 0 0 0 0 0 0 0 0 0 0 0 0 0 0 0 0 0 0 0 0 0 0 0 0 0 0 0 0 0 0 0 0 0 0 0 0 0 0 0 0 0 0 0 0 0 0 0 0 0 0 0 0 0 0 0 0 0 0 0 0
0 0 0 0 0 0 0 0 0 0 0 0 0 0 0 0 0 0 0 0 0 0 0 0 0 0 0 0 0 0 0 0 0 0 0 0 0 0 0 0 0 0 0 0 0 0 0 0 0 0 0 0 0 0 0 0 0 0 0 0 0 0 0 0
0 0 0 0 0 0 0 0 0 0 0 0 0 0 0 0 0 0 0 0 0 0 0 0 0 0 0 0 0 0 0 0 0 0 0 0 0 0 0 0 0 0 0 0 0 0 0 0 0 0 0 0 0 0 0 0 0 0 0 0 0 0 0 0
0 0 0 0 0 0 0 0 0 0 0 0 0 0 0 0 0 0 0 0 0 0 0 0 0 0 0 0 0 0 0 0 0 0 0 0 0 0 0 0 0 0 0 0 0 0 0 0 0 0 0 0 0 0 0 0 0 0 0 0 0 0 6.21443916584292E-03 6.21241587142361E-03
0 0 0 0 0 0 0 0 0 0 0 0 0 0 0 0 0 0 0 0 0 0 0 0 0 0 0 0 0 0 0 0 0 0 0 0 0 0 0 0 0 0 0 0 0 0 0 0 0 0 0 0 0 0 0 0 0 0 6.2187539463005E-03 6.21834984246706E-03 6.21837294491259E-03 6.21817191389751E-03 6.21443916584292E-03 6.21241587142361E-03
0 0 0 0 0 0 0 0 0 0 0 0 0 0 0 0 0 0 0 0 0 0 0 0 0 0 0 0 0 0 0 0 0 0 0 0 0 0 0 0 0 0 0 0 0 0 0 0 0 0 0 0 0 0 6.21764296200987E-03 6.21846472363722E-03 6.21974619632819E-03 6.22088337971099E-03 6.2187539463005E-03 6.21834984246706E-03 6.21837294491259E-03 6.21817191389751E-03 6.21713073794222E-03 6.21612099084983E-03
0 0 0 0 0 0 0 0 0 0 0 0 0 0 0 0 0 0 0 0 0 0 0 0 0 0 0 0 0 0 0 0 0 0 0 0 0 0 0 0 0 0 0 0 0 0 0 0 0 0 0 6.21415986579739E-03 6.21628694950013E-03 6.21853200144548E-03 6.21764296200987E-03 6.21846472363722E-03 6.21974619632819E-03 6.22088337971099E-03 6.22128244805883E-03 6.22178256835874E-03 6.22228168158408E-03 6.22257123340147E-03 6.22249902576614E-03 6.22220746215328E-03
0 0 0 0 0 0 0 0 0 0 0 0 0 0 0 0 0 0 0 0 0 0 0 0 0 0 0 0 0 0 0 0 0 0 0 0 0 0 0 0 0 0 0 0 0 6.18993380089267E-03 6.19446148560388E-03 6.19946141056457E-03 6.20446443987591E-03 6.2092371505286E-03 6.21347368734163E-03 6.21415986579739E-03 6.21628694950013E-03 6.21853200144548E-03 6.22011708038201E-03 6.22182175442305E-03 6.22356363788903E-03 6.2251618516966E-03 6.22646653402593E-03 6.22760127241811E-03 6.22854864728467E-03 6.22926962855338E-03 6.2297273658133E-03 6.22993498990647E-03
0 0 0 0 0 0 0 0 0 0 0 0 0 0 0 0 0 0 0 0 0 0 0 0 0 0 0 0 0 0 0 0 0 0 0 0 0 0 0 0 0 0 0 6.18090982079732E-03 6.18688092727919E-03 6.18993380089267E-03 6.19446148560388E-03 6.19946141056457E-03 6.20446443987591E-03 6.2092371505286E-03 6.21347368734163E-03 6.21672319958314E-03 6.21980117422827E-03 6.22265957747531E-03 6.22517318623863E-03 6.22750861341358E-03 6.22968986125388E-03 6.23168749674322E-03 6.23345573650104E-03 6.23500659144393E-03 6.23632805245092E-03 6.23741417797595E-03 6.23825655211361E-03 6.23886189212919E-03
5.58168151081537E-03 5.59860108835339E-03 5.61607163794419E-03 5.63369718322678E-03 5.65127144518086E-03 5.66880329254446E-03 5.68607910364684E-03 5.70307105290526E-03 5.71979886145013E-03 5.73643278783985E-03 5.75297642524412E-03 5.76948794299233E-03 5.78572044721416E-03 5.80159103426331E-03 5.81706321411915E-03 5.83231380806413E-03 5.84734205310305E-03 5.86227012256277E-03 5.87694673560533E-03 5.89139897882929E-03 5.90563338416454E-03 5.91981927703948E-03 5.93393351027082E-03 5.94804504197201E-03 5.96192703308513E-03 5.97551073703054E-03 5.98871626354569E-03 6.00167413269896E-03 6.01433344256371E-03 6.02681040844399E-03 6.03900783289422E-03 6.05106301756208E-03 6.06313083949127E-03 6.07566334152094E-03 6.08919010082813E-03 0 0 0 0 6.14842836041361E-03 6.15734134706428E-03 6.16695686529111E-03 6.17604550678298E-03 6.18090982079732E-03 6.18688092727919E-03 6.19233199156198E-03 6.19778340391486E-03 6.20318583279571E-03 6.20842511630633E-03 6.2134088100976E-03 6.21798532551208E-03 6.22206635448068E-03 6.2257707837756E-03 6.22914018336978E-03 6.23217635005938E-03 6.23494834887037E-03 6.23748871128408E-03 6.23981272180274E-03 6.2419099074257E-03 6.24378265694013E-03 6.24542329439856E-03 6.24683246791807E-03 6.24801074766265E-03 6.24896979510398E-03
5.58168151081537E-03 5.59860108835339E-03 5.61607163794419E-03 5.63369718322678E-03 5.65127144518086E-03 5.66880329254446E-03 5.68607910364684E-03 5.70307105290526E-03 5.71979886145013E-03 5.73643278783985E-03 5.75297642524412E-03 5.76948794299233E-03 5.78572044721416E-03 5.80159103426331E-03 5.81706321411915E-03 5.83231380806413E-03 5.84734205310305E-03 5.86227012256277E-03 5.87694673560533E-03 5.89139897882929E-03 5.90563338416454E-03 5.91981927703948E-03 5.93393351027082E-03 5.94804504197201E-03 5.96192703308513E-03 5.97551073703054E-03 5.98871626354569E-03 6.00167413269896E-03 6.01433344256371E-03 6.02681040844399E-03 6.03900783289422E-03 6.05106301756208E-03 6.06313083949127E-03 6.07566334152094E-03 6.08919010082813E-03 6.10645379866214E-03 6.11877695075075E-03 6.13043333885014E-03 6.14141921142847E-03 6.14842836041361E-03 6.15734134706428E-03 6.16695686529111E-03 6.17604550678298E-03 6.18373776456929E-03 6.19085784200488E-03 6.19742240526387E-03 6.20357580106488E-03 6.20940039580358E-03 6.2149264562449E-03 6.22015508434254E-03 6.22502076922709E-03 6.22950468899587E-03 6.23360130557651E-03 6.23733868480436E-03 6.24073396879332E-03 6.24383527827309E-03 6.24667606808231E-03 6.24928425985552E-03 6.25166293457498E-03 0.006253817779442 6.2557458649141E-03 6.25745254690054E-03 6.25894394626113E-03 6.26023444377016E-03
5.58478815580784E-03 5.6030234407231E-03 5.62103327638073E-03 5.63892882764537E-03 5.65668374275675E-03 5.6743464381414E-03 5.69173980419317E-03 5.70882879756748E-03 5.72565621109903E-03 5.74236623800724E-03 5.75897202746222E-03 5.77554630840327E-03 5.79182583058123E-03 5.80769277004814E-03 5.82317105742972E-03 5.8384236268721E-03 5.85346747631963E-03 5.86839511904922E-03 5.88308277319343E-03 5.89754105268872E-03 5.91179886595454E-03 5.92599255769862E-03 5.94011278928661E-03 5.95422966224627E-03 5.96811097443659E-03 5.98165647850465E-03 5.99482760386131E-03 6.00773295086942E-03 6.02033698888848E-03 6.03272028832991E-03 6.04480424097996E-03 6.05668666432936E-03 6.06850197688524E-03 6.08056138580369E-03 6.09310512994005E-03 6.10645379866214E-03 6.11877695075075E-03 6.13043333885014E-03 6.14141921142847E-03 6.1514460341661E-03 6.16150399683021E-03 6.17156892014269E-03 6.1810449932148E-03 6.18964062729504E-03 6.19748465757705E-03 6.2046984730639E-03 6.21135313576504E-03 6.2175491700941E-03 6.22336150245924E-03 6.22883004629365E-03 6.2339372044105E-03 6.23868687234789E-03 6.24305724552075E-03 6.24706770368441E-03 6.25073561668459E-03 6.25410307355394E-03 6.25720383491106E-03 6.26006771134007E-03 6.26270288438777E-03 6.26511701804964E-03 6.26731129682499E-03 6.26929649332595E-03 6.27108267451351E-03 6.27268378540034E-03
5.59137475076412E-03 5.61040074171762E-03 5.62894620007098E-03 5.64720953605169E-03 5.66524787216181E-03 5.68312538898685E-03 5.70071830175141E-03 5.71799694354979E-03 5.73502154503983E-03 5.75189709115708E-03 5.76863239403609E-03 5.7852880080375E-03 5.80160772670435E-03 5.81748438989609E-03 5.83300280840068E-03 5.84829384124493E-03 5.86338430847645E-03 5.87833423004208E-03 5.89306219889502E-03 5.90756707659403E-03 5.92189582074627E-03 5.9361411633221E-03 5.95029842438305E-03 5.96441445225288E-03 5.97826496949144E-03 5.99174879150053E-03 6.00487140526716E-03 6.0177066825334E-03 6.0302311030076E-03 6.04248923415621E-03 6.05443473517094E-03 6.06613089334992E-03 6.07769898132851E-03 6.08933941336343E-03 6.1011715510133E-03 6.11327321618482E-03 6.12509924368405E-03 6.13657007421479E-03 6.14766089564152E-03 6.15841259918235E-03 6.16894733359567E-03 6.17924684031903E-03 6.18897063096224E-03 6.19796770478111E-03 6.20624482783809E-03 6.21388438641825E-03 6.22091652819267E-03 6.22742542762254E-03 6.23348928244835E-03 6.23917003335137E-03 6.24447703038251E-03 6.24942881030776E-03 6.25400767133075E-03 6.25823202313926E-03 6.26212155139973E-03 6.26571449482548E-03 6.2690446864536E-03 6.27214070102487E-03 6.27501195932652E-03 6.27766769224414E-03 6.28011409767417E-03 6.28236290912387E-03 6.28442618391169E-03 6.28631766980416E-03
5.60019134583854E-03 5.61978787053704E-03 5.63884448175108E-03 5.6575336165922E-03 5.67593234425563E-03 5.69409452186541E-03 5.7119492966769E-03 5.72949824706558E-03 5.74679150982953E-03 5.76389831332204E-03 5.78082004287012E-03 5.79755595883906E-03 5.81391915463242E-03 5.82987035349485E-03 5.84549473878872E-03 5.86088696942248E-03 5.87607491532729E-03 5.89109338853602E-03 5.90589474310226E-03 5.92049311670846E-03 5.93492932925096E-03 5.94926039601653E-03 5.96347903794407E-03 5.97757410330016E-03 5.99136796482088E-03 6.00480327155521E-03 6.0178904054968E-03 6.03066750216913E-03 6.04311650135377E-03 6.05525843960123E-03 6.06707012619352E-03 6.07861368150506E-03 6.08998903733151E-03 6.10133429515398E-03 6.11273325316026E-03 6.12422802621876E-03 6.13561041504085E-03 6.14681971839056E-03 6.15782840763211E-03 6.16866030606893E-03 6.17927123709871E-03 6.18959537285468E-03 6.19939856922317E-03 6.20858080961461E-03 6.21711055161334E-03 6.22501872137263E-03 6.23231099350505E-03 6.23905281861969E-03 6.24531750276636E-03 6.25117036737192E-03 6.25663908662133E-03 6.26174514608858E-03 6.26648256834183E-03 6.27087428814236E-03 6.27494246355895E-03 6.27872636509503E-03 6.28225884163102E-03 6.28556355931794E-03 6.2886494729157E-03 6.29152853848327E-03 6.29420927524867E-03 6.29670470326505E-03 6.29902685445448E-03 6.30118786473268E-03
5.61060761763572E-03 5.63074766884108E-03 5.65033180931934E-03 5.66949362335617E-03 5.68830933528315E-03 5.70682721601935E-03 5.72502553617718E-03 5.74291683425938E-03 5.76052462880476E-03 5.77789143993656E-03 5.79500989902701E-03 5.8118581572038E-03 5.82834935903599E-03 5.8444712374289E-03 5.86027311596334E-03 5.87582581213499E-03 5.89116032521296E-03 5.90630246231578E-03 5.92123707140574E-03 5.93597719500883E-03 5.95054145726835E-03 5.96496085929537E-03 5.97922134282228E-03 5.99329097668873E-03 6.00706480626585E-03 6.02049424392831E-03 6.03356608017867E-03 6.04629749371592E-03 6.05867999699542E-03 6.07072603265839E-03 6.08243661712595E-03 6.09386312272483E-03 6.10507931901348E-03 6.11618923031327E-03 6.12726416445044E-03 6.13834817471345E-03 6.14937157121718E-03 6.16030468403907E-03 6.17111463630411E-03 6.18179805918887E-03 6.19228642521678E-03 6.20250314195504E-03 6.21227593507613E-03 6.22150886320962E-03 6.23014398437178E-03 6.23818458278649E-03 6.24562774615888E-03 6.25251384124336E-03 6.25890748020917E-03 6.26487055747041E-03 6.27044103689415E-03 6.2756471280217E-03 6.28050015547215E-03 6.28502211384923E-03 6.28923929734105E-03 6.29318536738393E-03 6.29689080498468E-03 6.30037780512684E-03 6.30365842229164E-03 6.30674307965262E-03 6.30964194191767E-03 6.31236698096068E-03 6.31492953330242E-03 6.3173400329793E-03
5.62253858438505E-03 5.64324359813858E-03 5.66339229859508E-03 5.68308475534089E-03 5.70238727089495E-03 5.72134875484603E-03 5.73996727743548E-03 5.75825543723412E-03 5.77622388051821E-03 5.79389784101658E-03 5.81126730534496E-03 5.82831962202289E-03 5.84502003156959E-03 5.86137160574829E-03 5.87740635685533E-03 5.8931773518704E-03 5.90871387829868E-03 5.92404244437598E-03 5.93916034417674E-03 5.95407427826282E-03 5.96878784597384E-03 5.98331394316972E-03 5.99763467830949E-03 6.01172062702026E-03 6.02550416071434E-03 6.03894188292998E-03 6.05200681855766E-03 6.06470364308987E-03 6.07702803897499E-03 6.08899459243589E-03 6.10061469497287E-03 6.11193080907553E-03 6.12299982802487E-03 6.13390555697843E-03 6.14471454990495E-03 6.15548047047574E-03 6.16619236084727E-03 6.17684147325469E-03 6.18739758902328E-03 6.19784542344524E-03 6.20811892221385E-03 6.21814625120094E-03 6.22778569700486E-03 6.23694367440415E-03 6.24555196478488E-03 6.25359872283747E-03 0.006261071317552 6.2679984220301E-03 6.27443441278838E-03 6.28043515743807E-03 6.28604355363745E-03 6.29129454282104E-03 6.29620979716864E-03 6.30081458986582E-03 6.30513590968788E-03 6.30920357284882E-03 6.31304492369877E-03 6.3166812544949E-03 6.32012552884806E-03 6.32338805064384E-03 6.3264790934807E-03 6.32940878234861E-03 6.33218657675676E-03 6.33482037035291E-03
5.63595986428395E-03 5.65729300909493E-03 5.67806824810842E-03 5.69836233820229E-03 5.71823004445632E-03 5.73771750193228E-03 5.7568274045376E-03 5.77557154347996E-03 5.7939583599677E-03 5.81200429594601E-03 5.82970161950709E-03 5.84704812364279E-03 5.86403435649283E-03 5.88067364382878E-03 5.89699510451247E-03 5.91304065854443E-03 5.92883621312573E-03 5.94440716200479E-03 5.95975181642818E-03 5.97487099436563E-03 5.98976095746044E-03 6.00442294045711E-03 6.01883715966599E-03 6.0329792402403E-03 6.04679808437673E-03 6.06025216873784E-03 6.07331197541677E-03 6.08597664187819E-03 6.09824488521741E-03 6.11013347972333E-03 6.12165760768257E-03 6.13285432725248E-03 6.14377319288971E-03 6.15448683377392E-03 6.16505927994314E-03 6.17555068346131E-03 6.18597466936316E-03 6.19633458123979E-03 6.20660757545568E-03 6.21677638409066E-03 6.22677966017416E-03 6.23655229246986E-03 6.24596960557849E-03 6.25494485847418E-03 6.26341281500363E-03 6.27135470338097E-03 6.27875258676667E-03 6.28562287686537E-03 6.29201203257912E-03 6.29797356615384E-03 6.30355466063812E-03 6.3087933865285E-03 6.31371796107391E-03 6.31835446535532E-03 6.32273014857283E-03 6.32687307495609E-03 6.33080919970196E-03 6.33455700388715E-03 6.33812953368929E-03 6.34153556004421E-03 6.34478502764137E-03 6.34788692798154E-03 6.35084827021489E-03 6.35367330047905E-03
5.65094663818303E-03 5.67299577565699E-03 5.69447890100159E-03 5.71545567164822E-03 5.73597184532181E-03 5.75606444866968E-03 5.77573945383017E-03 5.79501038618148E-03 5.81388608816353E-03 5.83237783748432E-03 5.85048213560238E-03 5.86820360277989E-03 5.88554744438423E-03 5.90253622241584E-03 5.91920007987217E-03 5.93557352597395E-03 5.95167946824072E-03 5.96753936793635E-03 5.98314943019061E-03 5.99850678661296E-03 6.01360318920811E-03 0.006028431818641 6.04297036532616E-03 6.05719864191732E-03 6.07106977023188E-03 6.08454268791999E-03 6.09759059931194E-03 6.11021353532217E-03 6.12241298921993E-03 6.13420845764696E-03 6.14561733538485E-03 6.1566750035627E-03 6.1674300162894E-03 6.17795018341445E-03 6.18829731448201E-03 6.19853302736948E-03 6.20867946727611E-03 6.21874440320422E-03 0.006228712885059 6.23856974365948E-03 6.24826037427927E-03 6.25771719898036E-03 6.26683108474537E-03 6.27552975957975E-03 6.28375816340355E-03 6.2914934585195E-03 6.29871422369541E-03 6.30543407218016E-03 6.31169403287249E-03 6.31754590864271E-03 6.32303754718315E-03 6.32820771863478E-03 6.33308772186541E-03 6.33770419756797E-03 6.34208455511927E-03 6.34625651712627E-03 6.35024357997894E-03 6.35406095602355E-03 6.35772042128768E-03 6.36123043833956E-03 6.36460090419068E-03 6.36783817237021E-03 6.37094606837159E-03 6.37392465796061E-03
5.66759803903209E-03 5.69046460592913E-03 5.7127474271326E-03 5.73449238243506E-03 5.75573809326595E-03 5.77651392088225E-03 5.79683221849946E-03 5.81670619910169E-03 5.83614462906615E-03 5.85515624113477E-03 5.87374352526283E-03 5.89191482360279E-03 5.9096866529063E-03 5.92708730280967E-03 5.94414725189583E-03 5.96089631275764E-03 5.97735526309377E-03 5.99354139949226E-03 6.00944924916811E-03 6.02507251447542E-03 6.04039949586396E-03 6.05541804576581E-03 6.07010256669873E-03 6.08443233215257E-03 6.09835673780788E-03 6.11183695613679E-03 6.12485327719662E-03 6.13741081422453E-03 6.14951423932755E-03 6.16118623069534E-03 6.17244683421502E-03 6.18333470488612E-03 6.19390248439477E-03 6.20421610396046E-03 6.21433313501685E-03 6.22431280084221E-03 6.23417523790466E-03 6.2439294020602E-03 6.25356618161901E-03 6.26307210085263E-03 6.27239499683873E-03 6.28147179192453E-03 6.29021505009008E-03 6.29856217440265E-03 6.30647013961027E-03 6.31391724715957E-03 6.32088753941948E-03 6.3273879950333E-03 6.33345791971997E-03 6.33914542971752E-03 6.34449658241984E-03 6.34954917616249E-03 6.35433783347707E-03 6.35888926336214E-03 6.36323320564646E-03 6.36739418213866E-03 6.37139153407792E-03 6.37523686370944E-03 6.37894256298186E-03 6.38251546788229E-03 6.38596485145802E-03 6.38929546727729E-03 6.39250746991478E-03 6.39559752129054E-03
5.68610647748248E-03 5.70989640620666E-03 5.7330766427024E-03 5.75568153816973E-03 5.77774330859406E-03 5.79928653177325E-03 5.82032731839526E-03 5.84087967743504E-03 5.86095337342793E-03 5.88055644442536E-03 5.89969616967811E-03 5.91838410054261E-03 5.93664491511729E-03 5.95451187795514E-03 5.97201474932345E-03 5.9891794320836E-03 6.0060243203919E-03 6.02256122106852E-03 6.03878325487505E-03 6.05468380314167E-03 6.07024876465444E-03 6.08546106352301E-03 6.10029184609664E-03 6.1147128897773E-03 6.12866842640406E-03 6.14212628961727E-03 6.15507577461659E-03 6.1675276077216E-03 6.1794930899496E-03 6.19099734938406E-03 6.20206550480679E-03 6.21274555917183E-03 6.22309530466372E-03 6.23317849727229E-03 6.2430493525149E-03 6.25275798787611E-03 6.26231796099664E-03 6.27173927781549E-03 6.28101606646375E-03 6.2901331480817E-03 6.29904232959123E-03 6.30768721375783E-03 6.31599935102103E-03 6.32393264855143E-03 6.33145595690532E-03 6.33855048913026E-03 6.34520347533771E-03 6.35142522247502E-03 6.35725432282107E-03 6.36273254589476E-03 6.36790168830845E-03 6.37279872580528E-03 6.37745805890639E-03 6.3819085762937E-03 6.3861814826438E-03 6.39029443042384E-03 6.39426136321173E-03 6.3980928039675E-03 6.40180116347106E-03 6.40539287834962E-03 6.40887780574674E-03 6.41225609049734E-03 6.41552476861102E-03 6.41867932606822E-03
5.70669680781975E-03 5.73152140946459E-03 5.75570058241175E-03 5.77925879542153E-03 5.80222362844967E-03 5.82461618679639E-03 5.84645591739848E-03 5.8677578107193E-03 5.88853406195603E-03 5.90879263254539E-03 5.92854632730976E-03 5.94780860033763E-03 5.96661150085397E-03 5.98499080337881E-03 6.00297318814975E-03 6.02057946991613E-03 6.0378244687558E-03 6.05471701608864E-03 6.07125153247083E-03 6.08741991453026E-03 6.10320487729245E-03 6.11858547676991E-03 6.13352764298848E-03 6.14799936910244E-03 6.16194358822827E-03 6.17533048141308E-03 6.18815621064617E-03 6.20044244185272E-03 6.21221027658522E-03 6.22349142322323E-03 6.2343219437697E-03 6.24475403125775E-03 6.25484649448957E-03 6.26466239233174E-03 6.27425134613292E-03 6.28365802417289E-03 6.29289034369459E-03 6.30195107837233E-03 6.31083173296786E-03 6.31951939059326E-03 6.32797412789987E-03 6.33614595883875E-03 6.34398834121259E-03 6.35146716730429E-03 6.35856330663007E-03 6.36526257723427E-03 6.37156084727838E-03 6.37746615562341E-03 6.38301570512811E-03 6.38825068830727E-03 6.39321175697965E-03 6.39793084854753E-03 6.40243985032517E-03 6.40676463698176E-03 6.41093244356098E-03 6.41495966559368E-03 6.41885901373792E-03 6.42263751109825E-03 6.42630577317003E-03 6.42986893429248E-03 6.43333536319633E-03 6.43670647012952E-03 6.43997966908753E-03 6.44314847644531E-03
5.72966029587994E-03 5.75562785575143E-03 5.78090423153758E-03 5.8055062452458E-03 5.82945816998063E-03 5.85277898924563E-03 5.87549049590112E-03 5.89760956862074E-03 5.91914979158364E-03 5.94012079830487E-03 5.9605400738656E-03 5.9804247746356E-03 5.99981221342551E-03 6.01873737991079E-03 6.0372210325458E-03 6.0552783477688E-03 6.07292096224103E-03 6.09015555648615E-03 6.10697695404362E-03 6.12337625203938E-03 6.13933498694269E-03 6.15483076167227E-03 6.16982551316835E-03 6.18428145812254E-03 6.19813912063726E-03 6.21137692112231E-03 6.22400457722999E-03 6.23605620802597E-03 6.2475608445745E-03 6.25855921333129E-03 6.26909626202361E-03 6.27922820125614E-03 6.28901515892138E-03 6.29851945944029E-03 6.30778576363708E-03 6.31685096226216E-03 6.32571395030797E-03 6.33437236548323E-03 6.3428170422726E-03 6.35103832843954E-03 6.35900107115188E-03 6.36666715595023E-03 6.37400865323692E-03 6.38100429592563E-03 6.38764440693761E-03 6.3939198316897E-03 6.39983299343859E-03 6.40539331372315E-03 6.41063979057854E-03 6.41561157395128E-03 6.42034614912367E-03 6.42486870971845E-03 6.42920752313588E-03 6.43338317927966E-03 6.43741792201845E-03 6.44132613087064E-03 6.44511980541154E-03 6.44880307096472E-03 6.45238505188362E-03 6.45586959183471E-03 6.45926516849265E-03 6.46257412096437E-03 6.46579550896373E-03 6.46892157378177E-03
5.75533172452391E-03 5.7825452403746E-03 5.80901022518128E-03 5.83473866457337E-03 5.85975360903726E-03 5.88407369360773E-03 5.90772310798644E-03 5.93071948234792E-03 5.95307710318144E-03 5.97480767329447E-03 5.99593407078039E-03 6.01647746560185E-03 6.0364770782166E-03 6.05596354307619E-03 6.07494936805833E-03 6.09344488714419E-03 6.11145882193561E-03 6.1289960940568E-03 6.14605066854818E-03 6.16261292627529E-03 6.17866585232874E-03 6.19418996385132E-03 6.20914401066758E-03 6.22348193184168E-03 6.23714540906697E-03 6.25013423963872E-03 6.26247935719058E-03 6.27422406442359E-03 6.28540153335284E-03 6.29605659403667E-03 6.30623921126127E-03 6.31601124765257E-03 6.32543628024609E-03 6.33457489951243E-03 6.34346425533895E-03 6.35213251660718E-03 6.36056909012501E-03 6.36877364209424E-03 6.37674262394629E-03 6.38446761499721E-03 6.39191785722377E-03 6.3990624768522E-03 6.40589103854716E-03 6.41239316626288E-03 6.41856782957375E-03 6.42440748545997E-03 6.42992201926524E-03 6.43512347149802E-03 6.44005592324936E-03 6.44475368572997E-03 6.44924627526284E-03 6.45355187296475E-03 6.45769635980463E-03 6.4616957018273E-03 6.46556789908474E-03 6.46932291592915E-03 6.47297009664863E-03 6.47651143248622E-03 6.4799565731137E-03 6.48330894356822E-03 6.48657838372105E-03 6.48976707655963E-03 6.49287397047882E-03 6.49589146255128E-03
5.7840688132859E-03 5.81261856856636E-03 5.84035043406064E-03 5.86727654188646E-03 5.89341909131696E-03 5.91879944302678E-03 5.94344219852471E-03 5.96736420323056E-03 5.99058012536542E-03 6.01310584771469E-03 6.03496592158843E-03 6.05619022375942E-03 6.07681474268581E-03 6.09685763767825E-03 6.11632379903987E-03 6.13522260966734E-03 6.15355955229547E-03 6.17133677457504E-03 6.18854601320469E-03 6.20517558911642E-03 6.22121239965847E-03 6.23664360834367E-03 6.25143454997725E-03 6.26552125006879E-03 6.27886382527737E-03 6.2915001522443E-03 6.30347845498148E-03 6.31484045783629E-03 6.32562070283234E-03 6.33586635688388E-03 6.34563040141254E-03 6.35497977566368E-03 6.36397936953852E-03 6.37268461605073E-03 6.38113065890614E-03 6.38933030913868E-03 6.39727110699384E-03 6.40496657824914E-03 6.41242005192865E-03 6.4196184775014E-03 6.42653181447796E-03 6.43314454349363E-03 6.43945864039992E-03 6.44547069364047E-03 6.45118243287902E-03 6.45658843901907E-03 6.46170199675693E-03 6.46654428991834E-03 6.47116366046813E-03 6.47558031196386E-03 6.47981375465908E-03 6.4838791353471E-03 6.48780125621743E-03 6.49159136148787E-03 6.49526465878279E-03 6.49882522667553E-03 6.50227893443764E-03 6.50562781802038E-03 6.50888198576761E-03 6.51204600479866E-03 6.51513159115292E-03 6.51813719384371E-03 6.52106095890688E-03 6.52389734910045E-03
