NongDo/Fusa 13h.grd
DSAA
463	323
2	464
2	324
0	10
[rows 56 to 83 of 323, columns 256 to 319 of 463]
0 0 0 0 0 0 0 0 0 0 0 0 0 0 0 0 0 0 0 0 0 0 0 0 0 0 0 0 0 0 0 0 0 0 0 0 0 0 0 0 0 0 0 0 0 0 0 0 0 0 0 0 0 0 0 0 0 0 0 0 0 0 0 0
0 0 0 0 0 0 0 0 0 0 0 0 0 0 0 0 0 0 0 0 0 0 0 0 0 0 0 0 0 0 0 0 0 0 0 0 0 0 0 0 0 0 0 0 0 0 0 0 0 0 0 0 0 0 0 0 0 0 0 0 0 0 0 0
0 0 0 0 0 0 0 0 0 0 0 0 0 0 0 0 0 0 0 0 0 0 0 0 0 0 0 0 0 0 0 0 0 0 0 0 0 0 0 0 0 0 0 0 0 0 0 0 0 0 0 0 0 0 0 0 0 0 0 0 0 0 0 0
0 0 0 0 0 0 0 0 0 0 0 0 0 0 0 0 0 0 0 0 0 0 0 0 0 0 0 0 0 0 0 0 0 0 0 0 0 0 0 0 0 0 0 0 0 0 0 0 0 0 0 0 0 0 0 0 0 0 0 0 0 0 0 0
0 0 0 0 0 0 0 0 0 0 0 0 0 0 0 0 0 0 0 0 0 0 0 0 0 0 0 0 0 0 0 0 0 0 0 0 0 0 0 0 0 0 0 0 0 0 0 0 0 0 0 0 0 0 0 0 0 0 0 0 0 0 0 0
0 0 0 0 0 0 0 0 0 0 0 0 0 0 0 0 0 0 0 0 0 0 0 0 0 0 0 0 0 0 0 0 0 0 0 0 0 0 0 0 0 0 0 0 0 0 0 0 0 0 0 0 0 0 0 0 0 0 0 0 0 0 0 0
0 0 0 0 0 0 0 0 0 0 0 0 0 0 0 0 0 0 0 0 0 0 0 0 0 0 0 0 0 0 0 0 0 0 0 0 0 0 0 0 0 0 0 0 0 0 0 0 0 0 0 0 0 0 0 0 0 0 0 0 0 0 0 0
0 0 0 0 0 0 0 0 0 0 0 0 0 0 0 0 0 0 0 0 0 0 0 0 0 0 0 0 0 0 0 0 0 0 0 0 0 0 0 0 0 0 0 0 0 0 0 0 0 0 0 0 0 0 0 0 0 0 0 0 0 0 6.12905054322541E-03 6.1270492744485E-03
0 0 0 0 0 0 0 0 0 0 0 0 0 0 0 0 0 0 0 0 0 0 0 0 0 0 0 0 0 0 0 0 0 0 0 0 0 0 0 0 0 0 0 0 0 0 0 0 0 0 0 0 0 0 0 0 0 0 6.13290237747116E-03 6.13267883430871E-03 6.13293062763567E-03 6.13294008467346E-03 6.12905054322541E-03 6.1270492744485E-03
0 0 0 0 0 0 0 0 0 0 0 0 0 0 0 0 0 0 0 0 0 0 0 0 0 0 0 0 0 0 0 0 0 0 0 0 0 0 0 0 0 0 0 0 0 0 0 0 0 0 0 0 0 0 6.1308547217372E-03 6.13195439299697E-03 6.13356657511269E-03 6.1350290297263E-03 6.13290237747116E-03 6.13267883430871E-03 6.13293062763567E-03 6.13294008467346E-03 6.13202518283322E-03 6.13114665047719E-03
0 0 0 0 0 0 0 0 0 0 0 0 0 0 0 0 0 0 0 0 0 0 0 0 0 0 0 0 0 0 0 0 0 0 0 0 0 0 0 0 0 0 0 0 0 0 0 0 0 0 0 6.1264661475711E-03 6.12898261051147E-03 6.13163771553249E-03 6.1308547217372E-03 6.13195439299697E-03 6.13356657511269E-03 6.1350290297263E-03 6.13568695442773E-03 6.13646259043245E-03 6.13724028362246E-03 6.13779159877246E-03 6.13794711864098E-03 6.13786429563302E-03
0 0 0 0 0 0 0 0 0 0 0 0 0 0 0 0 0 0 0 0 0 0 0 0 0 0 0 0 0 0 0 0 0 0 0 0 0 0 0 0 0 0 0 0 0 6.09913687736092E-03 6.10417843484272E-03 6.10975983885101E-03 6.11536484055095E-03 6.12073790626318E-03 6.12554141227944E-03 6.1264661475711E-03 6.12898261051147E-03 6.13163771553249E-03 6.13357415935356E-03 6.13564674299945E-03 6.13776632161674E-03 6.13973642026266E-03 6.14139110748502E-03 6.14286664576659E-03 6.1441406931194E-03 6.14517089604745E-03 6.1459153709934E-03 6.14638869417587E-03
0 0 0 0 0 0 0 0 0 0 0 0 0 0 0 0 0 0 0 0 0 0 0 0 0 0 0 0 0 0 0 0 0 0 0 0 0 0 0 0 0 0 0 6.08916145267478E-03 6.09573471696419E-03 6.09913687736092E-03 6.10417843484272E-03 6.10975983885101E-03 6.11536484055095E-03 6.12073790626318E-03 6.12554141227944E-03 6.12928037688425E-03 6.13284145467087E-03 6.13617020068622E-03 6.13912688817251E-03 6.14189461691254E-03 6.14449988076993E-03 6.14691183591568E-03 6.14907939052187E-03 6.15101598936648E-03 6.15270660565803E-03 6.15414468232964E-03 6.15531978407839E-03 6.15623889162487E-03
5.45495927670269E-03 5.47265707146383E-03 0.005490968839288 5.50945985423524E-03 5.52790436171947E-03 5.54630887747662E-03 5.56444475886445E-03 5.58228230609254E-03 5.59984261923262E-03 5.61730718110441E-03 5.63468014360756E-03 5.65202451008549E-03 5.66907848916648E-03 5.68575482632395E-03 5.70201527099685E-03 5.71804900619385E-03 5.73385579956798E-03 5.74956685146096E-03 5.76502146878345E-03 5.78024926192177E-03 5.79525758623144E-03 5.81022804766152E-03 5.82513650783746E-03 5.84005801013766E-03 5.85474999090063E-03 5.86913845429072E-03 5.88313658171515E-03 5.89688387632376E-03 5.91032459679503E-03 5.92358322755578E-03 5.9365543338516E-03 5.94938602457186E-03 5.96224734135862E-03 5.97563328935659E-03 5.99013174086119E-03 0 0 0 0 6.05385196142284E-03 6.06347825821009E-03 6.07392306156178E-03 6.08383699285693E-03 6.08916145267478E-03 6.09573471696419E-03 6.10176746026732E-03 6.10782356244866E-03 6.11384746350849E-03 6.11971301203339E-03 6.12531862345585E-03 6.13049572343473E-03 6.13514609161304E-03 6.13939525568053E-03 6.14328682905782E-03 6.1468204454956E-03 6.15007185807523E-03 6.15307650774011E-03 6.15585209054054E-03 6.1583864828558E-03 6.1606824844955E-03 6.16273047054117E-03 6.16453098983072E-03 6.16608366085704E-03 6.16740079655425E-03
5.45495927670269E-03 5.47265707146383E-03 0.005490968839288 5.50945985423524E-03 5.52790436171947E-03 5.54630887747662E-03 5.56444475886445E-03 5.58228230609254E-03 5.59984261923262E-03 5.61730718110441E-03 5.63468014360756E-03 5.65202451008549E-03 5.66907848916648E-03 5.68575482632395E-03 5.70201527099685E-03 5.71804900619385E-03 5.73385579956798E-03 5.74956685146096E-03 5.76502146878345E-03 5.78024926192177E-03 5.79525758623144E-03 5.81022804766152E-03 5.82513650783746E-03 5.84005801013766E-03 5.85474999090063E-03 5.86913845429072E-03 5.88313658171515E-03 5.89688387632376E-03 5.91032459679503E-03 5.92358322755578E-03 5.9365543338516E-03 5.94938602457186E-03 5.96224734135862E-03 5.97563328935659E-03 5.99013174086119E-03 6.00876817270063E-03 6.02200063376639E-03 6.03453120726793E-03 6.04635927386448E-03 6.05385196142284E-03 6.06347825821009E-03 6.07392306156178E-03 6.08383699285693E-03 6.09226284755207E-03 6.10009525602209E-03 6.10734849645165E-03 6.11417617327098E-03 6.12066600258334E-03 6.12684948792973E-03 6.13272686081759E-03 6.13822390061411E-03 6.14331859529411E-03 6.14800124991599E-03 6.15230082051264E-03 6.1562338202712E-03 6.15985259166153E-03 6.16319342708918E-03 6.16628754604324E-03 6.1691377740197E-03 6.17175046935902E-03 6.17412152870505E-03 6.17625664991633E-03 6.17816183095334E-03 6.17985240165086E-03
5.45833640659002E-03 5.47745722454453E-03 5.49635216911693E-03 5.51513545975571E-03 5.53377575526633E-03 5.55232212887048E-03 5.57058560957873E-03 5.58852912464455E-03 5.60619847609021E-03 5.62374691631683E-03 5.64118854994038E-03 5.65860130053902E-03 5.67570674598871E-03 5.69238069536246E-03 5.70864950626401E-03 5.72468728725732E-03 5.74051294188639E-03 5.75622559772329E-03 5.77169436848033E-03 5.78693145541216E-03 5.80196834504289E-03 0.005816950947717 5.83186977748553E-03 5.84680061221869E-03 5.86149574866176E-03 5.87584733739015E-03 5.88981303744229E-03 5.90350838912977E-03 5.91689431102464E-03 5.93005631538327E-03 5.94290902626538E-03 5.95555736140008E-03 5.96814723865017E-03 5.98101843957482E-03 5.99443914264613E-03 6.00876817270063E-03 6.02200063376639E-03 6.03453120726793E-03 6.04635927386448E-03 6.0571708365961E-03 6.06805540334497E-03 6.07899181270037E-03 6.08932821755838E-03 6.09874167957045E-03 6.10736763614943E-03 6.11533481120195E-03 6.12271630392872E-03 6.12961874998651E-03 6.13612172049595E-03 6.14226735348303E-03 6.14803407998108E-03 6.15342491096625E-03 6.15841294152587E-03 6.16301770034441E-03 6.1672560958469E-03 6.17117357845103E-03 6.17480671265055E-03 6.17818857099317E-03 6.18132759951558E-03 6.18423220366683E-03 6.18690301606966E-03 6.18935172196661E-03 6.19158887996121E-03 6.1936294045023E-03
5.46547955595298E-03 5.48545476962037E-03 5.50492751253822E-03 5.52410759552477E-03 5.54305391161214E-03 5.56183275406351E-03 5.58031237325633E-03 5.59846171090812E-03 5.61634518571259E-03 5.63407428039571E-03 5.65165829073096E-03 5.66916126582528E-03 5.68631246138113E-03 5.7029997291462E-03 5.71931451928107E-03 5.73539681781878E-03 5.75127599421788E-03 5.76701647327954E-03 5.78253275383663E-03 5.79782470025857E-03 5.81294321234881E-03 5.82798764916069E-03 5.84295334418551E-03 5.8578904478992E-03 5.87255968572809E-03 5.88685241308008E-03 5.90077370304773E-03 5.91440170753353E-03 5.92771010928695E-03 5.94074539450586E-03 5.95345670738493E-03 5.9659113409519E-03 5.97824023642505E-03 5.99066187360252E-03 6.00331033594162E-03 6.01627562360618E-03 6.02896479138953E-03 6.04129272742739E-03 6.05323542375858E-03 6.06484098706645E-03 6.07624786512068E-03 6.08744060725197E-03 6.09804791203707E-03 6.10790155287883E-03 6.11700438760369E-03 6.12544237183804E-03 6.13324343669737E-03 6.14049550518803E-03 6.14728091077919E-03 6.15366548555367E-03 6.15965725762608E-03 6.16527539705343E-03 6.17049785042434E-03 6.17534319241188E-03 6.17983106554293E-03 6.18400255377926E-03 6.18789430563633E-03 6.19153787102132E-03 6.19494306027503E-03 6.19811984474456E-03 6.20107458939745E-03 6.20382001648333E-03 6.2063690705304E-03 6.20873646387998E-03
5.47503981486045E-03 5.49563089991188E-03 5.51565450443384E-03 5.5352934584212E-03 5.55462854979641E-03 5.57371546482869E-03 5.59247871273808E-03 5.61092061235044E-03 5.62909505258289E-03 5.64707558431189E-03 5.66486377182555E-03 5.68245806305766E-03 5.69966072900504E-03 5.71643229032382E-03 5.73286508567384E-03 5.74906063315583E-03 5.76504950826881E-03 5.78086934597708E-03 5.79647050515279E-03 5.81186936982079E-03 5.82711057192039E-03 5.84225543597303E-03 5.85729661656415E-03 5.87222168914729E-03 5.8868404898078E-03 5.90109161724042E-03 5.91498571317644E-03 5.92856244372104E-03 5.94180117241499E-03 5.95472288203915E-03 5.96730121225514E-03 5.9796020524809E-03 5.99173300629873E-03 6.00384429295971E-03 6.01602986520784E-03 6.02833916875355E-03 6.04054841712792E-03 6.05259405864782E-03 6.06444967527928E-03 6.07614531148892E-03 6.08763773654775E-03 6.09885909972691E-03 6.10955478621078E-03 6.11961331884699E-03 6.12899633038382E-03 6.13773335268238E-03 6.14582534487162E-03 6.15333919538148E-03 6.16035131340065E-03 6.16693078846967E-03 6.17310574890726E-03 6.17889846858444E-03 6.18430011158256E-03 6.18933433753266E-03 6.19402373231535E-03 6.19841054466935E-03 6.20253033673495E-03 6.20640909320002E-03 6.21005611524346E-03 6.21348428987111E-03 6.2167026336293E-03 6.21972532695934E-03 6.22256538307648E-03 6.22523578257377E-03
5.4863390442862E-03 5.50751704285396E-03 5.52810939139048E-03 5.54825790963138E-03 5.56804287342648E-03 5.58751463818033E-03 5.60664999558495E-03 5.62546258929818E-03 5.64397791504124E-03 5.66224131601885E-03 5.6802451893441E-03 5.69796628243038E-03 5.71531311048133E-03 5.73227419203081E-03 0.005748903568684 5.76527768625912E-03 5.78143064693915E-03 5.79739089172352E-03 5.81314348065624E-03 5.82870348031761E-03 5.8440917987402E-03 5.85934211523473E-03 5.87443980204435E-03 5.88935056364466E-03 5.90396176611989E-03 5.91822083891053E-03 5.93211284701241E-03 0.005945654957427 5.95883668961569E-03 5.97166982747281E-03 5.98415390952497E-03 5.99634292411308E-03 6.00831584711688E-03 6.02018550977625E-03 6.03203122727912E-03 6.04390394078979E-03 6.05573107749086E-03 6.06748349175169E-03 6.0791293123771E-03 6.09066924185252E-03 6.10203334996561E-03 6.11314199742898E-03 6.12380850242486E-03 6.13392642313323E-03 6.14342895342262E-03 6.15231556668705E-03 6.16057798679324E-03 6.16825530303463E-03 6.17541407813173E-03 6.18211929445585E-03 6.18841035183883E-03 6.1943167573824E-03 6.19984911131101E-03 6.20503007127485E-03 6.20988708984879E-03 6.21445625420612E-03 6.21877054181813E-03 6.22285414645012E-03 6.22671989087144E-03 6.23037884424989E-03 6.23384193296894E-03 6.23712218260773E-03 6.24023191359826E-03 6.24318223531951E-03
5.49928859749862E-03 5.52107658833597E-03 5.54227793419188E-03 5.56299887503446E-03 5.58330940381491E-03 5.60326091054995E-03 5.62285132018443E-03 5.64209416888059E-03 5.66100115269666E-03 5.67959937628011E-03 5.69787864973315E-03 5.71582596153878E-03 5.73340522670861E-03 5.75062086346261E-03 5.76750825984512E-03 5.78412511420222E-03 5.80050391286087E-03 5.81667414830665E-03 5.83263431419753E-03 5.8483926691477E-03 5.86395398727345E-03 5.87933262816802E-03 0.005894509866652 5.9094542160317E-03 5.92409292374564E-03 5.93837858577184E-03 5.95228105585572E-03 5.96580386945287E-03 5.97894090466738E-03 5.99170625584858E-03 6.00411063273133E-03 6.0161982767461E-03 6.02802962954286E-03 6.03969524475496E-03 6.05126862166534E-03 6.06281060805015E-03 6.07431267936927E-03 6.08576879485907E-03 6.09715007016676E-03 6.10844419607843E-03 6.11958372274475E-03 6.13049400144604E-03 6.14102181206155E-03 6.15106364081562E-03 6.1605417595725E-03 6.16943944419605E-03 6.17773805472331E-03 6.18546400122851E-03 6.19267255739346E-03 6.19942195071047E-03 6.20575700746537E-03 6.21171463633592E-03 6.21731706584438E-03 6.22259074668964E-03 6.22756412295539E-03 6.23226915861968E-03 6.23673540935235E-03 6.24098599564578E-03 6.24503475168201E-03 6.24889256370888E-03 6.25257051520667E-03 6.2560796174305E-03 6.25943015056783E-03 6.26263041471431E-03
5.5138638108769E-03 5.53632936352927E-03 5.55820643798273E-03 5.57957647583269E-03 5.60049733459029E-03 5.62101762130908E-03 5.64114021922305E-03 5.66087781793654E-03 5.68023975840877E-03 5.69924390929104E-03 5.71788264116695E-03 0.005736154224144 5.75404947880331E-03 5.77158362435924E-03 5.78878888922469E-03 5.80571120317815E-03 5.82237959079687E-03 5.83882254048896E-03 5.8550397661907E-03 5.87103332727609E-03 5.88680012851946E-03 5.90234203284827E-03 5.91763818680992E-03 5.93266243390402E-03 5.94735960141695E-03 5.96168397778107E-03 5.97560225530892E-03 5.98911173510459E-03 6.00220939683513E-03 6.01491164267285E-03 6.02723328411873E-03 6.0392127400095E-03 6.05090237933394E-03 6.06238045540105E-03 6.07371732206937E-03 6.08498048567228E-03 6.09618810132015E-03 6.10734738343673E-03 6.11843732878347E-03 6.12944327484828E-03 6.14030249560691E-03 6.15094732850061E-03 6.16124279958293E-03 6.17109299481382E-03 6.18042372893937E-03 6.18921116123072E-03 6.19743123144619E-03 6.20509720238814E-03 6.21225584473774E-03 6.21896295249106E-03 6.22526826447199E-03 6.2312122355247E-03 6.23682453281706E-03 6.2421326842576E-03 6.24716564244621E-03 6.25195360084365E-03 6.25652469814483E-03 6.2608988879626E-03 6.26509009380118E-03 6.26910743964765E-03 6.27296168368678E-03 6.27666261212707E-03 6.28021781959961E-03 6.28363152869506E-03
5.53014659546009E-03 5.55338347827207E-03 5.57602342258165E-03 5.59812968370244E-03 5.61975062423667E-03 5.64092525860954E-03 5.66165994079552E-03 5.68196928313793E-03 5.70186312251607E-03 5.72135391716793E-03 5.74043857485702E-03 5.75912269037467E-03 5.77741263720141E-03 5.79533348277232E-03 5.81291860879164E-03 5.83020615286751E-03 5.84722204141441E-03 5.8639906966727E-03 5.8805096647424E-03 5.89677717089444E-03 5.91278532701736E-03 5.92852731693563E-03 0.00594397938994 5.95911966717957E-03 5.97389724155462E-03 5.98826649256843E-03 6.00219662016555E-03 6.01568560803575E-03 6.02873325145435E-03 6.04135882814144E-03 6.05357954161535E-03 6.06543206934399E-03 6.07696774444281E-03 6.08825962084199E-03 6.09937548381956E-03 6.11038417570743E-03 6.12131293153591E-03 6.13217358562989E-03 6.14295340237678E-03 6.15363967181569E-03 6.16417653128605E-03 6.17449299796897E-03 6.18447033476299E-03 6.19402847975086E-03 6.20310466004304E-03 6.21167103560667E-03 6.21970007570515E-03 6.22720252110486E-03 6.23421958135269E-03 6.24080555246467E-03 6.24701121779204E-03 6.25287800357533E-03 6.25843921946795E-03 6.26372322007043E-03 6.26875939445134E-03 6.2735777889827E-03 6.27820393592035E-03 6.28265412546056E-03 6.28694086431114E-03 6.29107289345015E-03 6.29506096039508E-03 6.29891196072121E-03 6.30262995436748E-03 6.30621446505746E-03
5.5482434204936E-03 5.57235978170497E-03 5.59586067322674E-03 5.61879475214011E-03 5.64120284621262E-03 5.66311596357829E-03 5.6845472680869E-03 5.70551107452612E-03 5.72601717501522E-03 5.74607541465356E-03 5.7656890851874E-03 5.78486776868602E-03 5.8036298414318E-03 5.82200649030172E-03 5.84003153453293E-03 5.85773823963029E-03 5.8751503458779E-03 5.89228793893433E-03 5.90914681610942E-03 5.92572158686304E-03 5.94200068949489E-03 5.95797155357998E-03 5.97360668323025E-03 5.98888329569068E-03 6.00374598090087E-03 6.01815099154501E-03 0.00603207476111 6.04552051549605E-03 6.05849130940819E-03 6.07100979975548E-03 6.08309601371709E-03 6.09479029738821E-03 6.10614864534724E-03 6.1172423090975E-03 6.12813448249935E-03 6.13889130139933E-03 6.14953746120659E-03 6.16008568876357E-03 6.17052913556282E-03 6.18085647007039E-03 6.1910137369809E-03 6.20093421256167E-03 6.21052222263363E-03 6.21970812607233E-03 6.22844254181463E-03 6.23669930170575E-03 6.24445737138077E-03 6.25172066190146E-03 6.25852906736055E-03 6.26493330762146E-03 6.27098257654171E-03 6.27671747085582E-03 6.28217530107147E-03 6.28738468946025E-03 6.29237797961164E-03 6.29718189705772E-03 6.30181746231705E-03 6.30629689159429E-03 6.31063342448014E-03 6.3148339466195E-03 6.31890856148503E-03 6.32286242048414E-03 6.32669548303036E-03 6.33040341787309E-03
5.56836128388585E-03 5.59346980997624E-03 5.61793583046726E-03 5.64179579380941E-03 5.66508379123758E-03 5.68782585020224E-03 5.71003918062725E-03 5.73173898948217E-03 5.75293617191645E-03 5.77363989810511E-03 5.79385857252744E-03 5.81360521363591E-03 5.83290686729691E-03 5.85180006076642E-03 5.87031793354047E-03 5.88848966579055E-03 5.90633652806888E-03 5.92387277457722E-03 5.94109266430189E-03 5.95799048849932E-03 5.97455211119445E-03 5.99075959269595E-03 6.0065817199796E-03 6.02198726509601E-03 6.03691449978234E-03 6.05132622825118E-03 6.06520821062189E-03 6.07856951728501E-03 6.09142022291735E-03 6.10378561406848E-03 6.11569112709756E-03 6.12718745624966E-03 6.13833654252962E-03 6.14920762416046E-03 6.15986041204474E-03 6.17035113086595E-03 6.18069682331438E-03 6.19091086488763E-03 6.20098938370011E-03 6.21091856539639E-03 6.22064792864479E-03 6.23011727695562E-03 6.23925112016148E-03 6.24799780283341E-03 6.25632119813719E-03 6.26419865114092E-03 6.27161305481109E-03 6.27857254036474E-03 6.28511688320257E-03 6.29129030997553E-03 6.29713773020277E-03 6.30269913377075E-03 6.3080119001952E-03 6.31310731002478E-03 6.31801968914515E-03 6.32276831813421E-03 6.3273683071947E-03 6.33183064950588E-03 6.33616864607988E-03 6.34038871786755E-03 6.34450165575173E-03 6.34850747743114E-03 6.35240266321766E-03 6.35618154355676E-03
5.59074178211714E-03 5.61696072201638E-03 5.64249990482666E-03 5.6673853383934E-03 5.69164625899404E-03 5.71530511050378E-03 5.73838271362826E-03 5.76089538936926E-03 5.78285666619286E-03 5.80427569027287E-03 5.82516677772896E-03 5.84554501288905E-03 5.86544531352639E-03 5.88490693021437E-03 5.90395974965919E-03 5.92262752234917E-03 5.94092767807439E-03 5.95887129115164E-03 5.97645394421996E-03 5.99366825990756E-03 6.01049657292716E-03 6.02691665637659E-03 6.04289139798387E-03 6.05838515361962E-03 6.07333396249446E-03 6.08770236511171E-03 6.10148306706705E-03 6.11469684053019E-03 6.12736427820716E-03 6.13951784001301E-03 6.15119489206792E-03 6.1624508715687E-03 6.17334912257438E-03 6.18395853274633E-03 6.19433400931723E-03 6.20452598224154E-03 6.21454492454473E-03 6.2243956956062E-03 6.23407082144977E-03 6.24355832199023E-03 6.25281595931915E-03 6.26178972636867E-03 6.27042776684054E-03 6.27869145502872E-03 6.28655808909431E-03 6.29401030534536E-03 6.30104101410092E-03 6.30765626298076E-03 6.31389490222809E-03 6.31980108814851E-03 6.32541900838125E-03 6.33078337151516E-03 6.33592907843307E-03 6.34088431594223E-03 6.3456791904475E-03 6.35033171748425E-03 6.35485577899973E-03 6.35925849929507E-03 6.36355118701602E-03 6.36773881760397E-03 6.37183048285668E-03 6.37582758427435E-03 6.37972707623893E-03 6.38352112542854E-03
5.61569837331191E-03 5.64314242490985E-03 5.66985904376015E-03 5.69586616513205E-03 5.72118960236912E-03 5.74584964968872E-03 5.7698697137815E-03 5.79326820309334E-03 5.81606018322894E-03 5.83825662207976E-03 5.85987687151947E-03 5.88094002664651E-03 5.90148671653574E-03 5.92155538222228E-03 5.94116954601445E-03 5.96034683182568E-03 5.9791011627888E-03 5.99744119225979E-03 6.01536277561234E-03 6.03285749221116E-03 6.04990617866701E-03 6.06648484335706E-03 6.08255176586975E-03 6.09806464246997E-03 6.11295589961488E-03 6.12719823234994E-03 6.14079866312725E-03 6.15379143763778E-03 6.16620566995469E-03 6.17808364999104E-03 6.18947249612962E-03 6.20043223861755E-03 6.21102793909941E-03 6.22132808739632E-03 6.23138239537065E-03 6.24123292766794E-03 6.25087980000125E-03 6.26032167754062E-03 6.26954969033622E-03 6.27855485630414E-03 6.28729936547829E-03 6.29574146010221E-03 6.30384950345686E-03 6.31159893194389E-03 6.31897767749424E-03 6.32597404251806E-03 6.33258860592421E-03 6.33882930593759E-03 6.34473765754952E-03 6.35035610494166E-03 6.35572583734344E-03 6.36087432831867E-03 6.36583276763421E-03 6.37062370303302E-03 6.3752718311895E-03 6.37979298026605E-03 6.38420035019008E-03 6.38849785536484E-03 6.39269517104477E-03 6.39679581437146E-03 6.40080898691976E-03 6.40473707897014E-03 6.40857892090267E-03 6.41232529309276E-03
5.64359170149359E-03 5.67236960309028E-03 5.70036028131378E-03 5.7275765923199E-03 5.75404316403603E-03 5.77978006331116E-03 5.8048133848135E-03 5.82916242614081E-03 5.85284305616842E-03 5.87586848118856E-03 5.89826387364986E-03 5.92005269013356E-03 5.94127773911994E-03 5.96197283127865E-03 5.98215251690785E-03 6.00182904435948E-03 6.02101301388575E-03 6.03971095957734E-03 6.05791750722718E-03 6.07562312451797E-03 6.09280980755946E-03 6.10945641340715E-03 6.12551739332262E-03 6.14094098866059E-03 6.1556597089473E-03 6.16966885485039E-03 6.18299839209926E-03 6.19569263730571E-03 0.006207785121647 6.21932260748956E-03 6.23035770394609E-03 6.24095681800632E-03 6.25118905405824E-03 6.26112135789965E-03 6.27079534347422E-03 6.28024362605103E-03 6.28945530503887E-03 6.29843081830453E-03 6.3071670605985E-03 6.31565597232192E-03 6.32386386741255E-03 6.33175622398279E-03 6.33932056735579E-03 6.34654432272424E-03 6.35342520682321E-03 6.35995331610796E-03 6.36613786932859E-03 6.37198996833268E-03 6.37755754007488E-03 6.38287817797963E-03 6.38798460921423E-03 6.39289665387601E-03 6.39764315878901E-03 6.40224170565938E-03 6.40671243427406E-03 6.41106628401285E-03 6.41531353721953E-03 6.41945569542566E-03 6.42350307655989E-03 6.42745868376847E-03 6.43133328810708E-03 6.43512906225093E-03 6.43884469988089E-03 6.44247115810081E-03
5.67480733110953E-03 5.7050138792819E-03 5.73436083220741E-03 5.76286131774833E-03 5.79053921117262E-03 5.81741764526702E-03 5.84352335124186E-03 5.86887488918971E-03 5.89348859799538E-03 5.91738220266812E-03 5.94058272495772E-03 5.96312301320588E-03 5.98504262237953E-03 6.00636192247806E-03 6.02708704390259E-03 6.0472289699687E-03 6.06679454304627E-03 6.08578694278838E-03 6.10419791478301E-03 6.12201515706575E-03 6.13922428199942E-03 6.1558108517351E-03 6.17173594581836E-03 6.1869276830816E-03 6.20133750502238E-03 6.21500193782774E-03 6.2279698900547E-03 6.24028404693644E-03 6.25197933116913E-03 6.26310509672963E-03 6.27371727272682E-03 6.28388801001429E-03 6.29368805087306E-03 6.30317885104768E-03 6.31239983211533E-03 6.3213666485832E-03 6.33006578420724E-03 6.33851272464783E-03 6.34671175538303E-03 6.35464935202483E-03 6.36229202907516E-03 6.36962174282342E-03 6.37663974592668E-03 6.38334119124529E-03 6.38972702536274E-03 6.39578968715726E-03 6.4015424896409E-03 6.4070070154297E-03 6.41223662614053E-03 6.41725361636078E-03 6.42207984042753E-03 6.42673185383043E-03 6.43123754947883E-03 6.43560937313775E-03 6.43986449664491E-03 6.44400732549135E-03 6.4480442760424E-03 6.45197688060569E-03 6.45581600777329E-03 6.45956592574903E-03 0.006463239524605 6.46683475359127E-03 6.47034935880904E-03 6.47377660945038E-03
