NongDo/Fusa 16.3h.grd
DSAA
463	323
2	464
2	324
0	10
[rows 252 to 279 of 323, columns 0 to 63 of 463]
0 0 0 0 0 0 0 0 0 0 0 0 0 0 0 0 0 0 0 0 0 0 0 0 0 0 0 0 0 0 0 0 0 0 0 0 0 0 4.08044327054218E-03 4.09245617269218E-03 4.09874696842311E-03 4.10356646446985E-03 4.10874208281298E-03 4.11472259207162E-03 4.12170446059055E-03 4.12978971330958E-03 4.1390940270296E-03 4.14969098185172E-03 4.16168077285574E-03 4.17514546722172E-03 4.1901707069273E-03 4.2068359844905E-03 4.22519284987454E-03 4.24528528994444E-03 4.26711879809747E-03 4.29070585618044E-03 4.31600603902248E-03 4.34297728863968E-03 4.37153977767848E-03 4.40163243059747E-03 4.43314154398481E-03 4.46591328463256E-03 4.49977563050604E-03 4.53454405591043E-03
0 0 0 0 0 0 0 0 0 0 0 0 0 0 0 0 0 0 0 0 0 0 0 0 0 0 0 0 0 0 0 0 0 0 0 0 0 4.0700562126662E-03 4.08044327054218E-03 4.0857421334934E-03 4.09118318545004E-03 4.09661443692226E-03 4.10255852810548E-03 4.10931568015143E-03 4.11709536790682E-03 4.12602413525149E-03 4.13622989636431E-03 4.14779960655406E-03 4.16084101176795E-03 4.17544789058567E-03 4.19170887801298E-03 4.2097027172841E-03 4.22947518117194E-03 4.25106183998245E-03 4.27445625789728E-03 4.29965398409897E-03 4.32659768536481E-03 4.35522398618556E-03 4.38543067564078E-03 4.41712940525197E-03 4.45018444302548E-03 4.48442005857457E-03 4.5196445191517E-03 4.55565632344803E-03
0 0 0 0 0 0 0 0 0 0 0 0 0 0 0 0 0 0 0 0 0 0 0 0 0 0 0 0 0 0 0 0 0 0 0 0 4.06123244667414E-03 4.0700562126662E-03 4.07466349295964E-03 4.07950776489664E-03 4.08477236354052E-03 4.09055035389843E-03 4.09708105321149E-03 4.10454006387723E-03 4.11310048747697E-03 4.12288695111301E-03 4.13402907089257E-03 4.14662086696544E-03 4.16077443903652E-03 4.17659186988475E-03 4.19416240621446E-03 4.21356161337927E-03 4.23482677922499E-03 4.25798162963895E-03 4.28300366017666E-03 4.30987162725761E-03 4.33850710198914E-03 4.36882150917619E-03 4.40068707294558E-03 4.43398919132869E-03 4.46856693928986E-03 4.50422276403424E-03 4.54074645338864E-03 4.57792162613609E-03
0 0 0 0 0 0 0 0 0 0 0 0 0 0 0 0 0 0 0 0 0 0 0 0 0 0 0 0 0 0 0 0 0 0 0 4.05661833780442E-03 4.06123244667414E-03 4.06487630079304E-03 4.06890435945411E-03 4.07351899296457E-03 4.07885299653382E-03 4.08499610349632E-03 4.09209377193192E-03 4.10025300320018E-03 4.10961772172889E-03 4.12030646333662E-03 4.13244480003191E-03 4.14613075036863E-03 4.16147632644914E-03 4.17859156512848E-03 4.19756124847583E-03 4.21845566276341E-03 4.24129985318997E-03 4.26610338126915E-03 4.29282226241368E-03 4.32141811647502E-03 4.35178703535218E-03 4.3838107426494E-03 4.41733519951663E-03 4.45221926780199E-03 4.48827933603336E-03 4.52529433129368E-03 4.5630377800483E-03 4.60128076552091E-03
0 0 0 0 0 0 0 0 0 0 0 0 0 0 0 0 0 0 0 0 0 0 0 0 0 0 0 0 0 0 0 0 0 0 0 4.05661833780442E-03 4.05696273714859E-03 4.05929290992209E-03 4.06288507538039E-03 4.06747882049275E-03 4.07306158687828E-03 4.07966638876411E-03 4.08739113243353E-03 4.09631220091558E-03 4.10655036905744E-03 4.11821935903314E-03 4.13144055223557E-03 4.14631601565527E-03 4.16295619369113E-03 4.1814732909872E-03 4.20194595103797E-03 4.22443511152875E-03 4.2489508831144E-03 4.27548526096409E-03 4.30397260145265E-03 4.3343483473087E-03 4.36647895991306E-03 4.40021761979335E-03 4.43538537509782E-03 4.47181448346338E-03 4.50929651091758E-03 4.5475907150156E-03 4.58645714091583E-03 4.62565859185444E-03
0 0 0 0 0 0 0 0 0 0 0 0 0 0 0 0 0 0 0 0 0 0 0 0 0 0 0 0 0 0 0 0 0 0 4.04081854048832E-03 4.04934391842634E-03 4.05030535414162E-03 4.05266517488889E-03 4.05633128084563E-03 4.06118458062033E-03 4.06720469613902E-03 4.07440281150098E-03 4.08285185209819E-03 4.09262876138431E-03 4.10383846084608E-03 4.11659365625907E-03 4.13100689219204E-03 4.14718915457106E-03 4.16524431468003E-03 4.18528379704975E-03 4.20737623493065E-03 4.23156995284343E-03 4.25785571060456E-03 4.28620417633652E-03 4.31652596208662E-03 4.34871921402834E-03 4.38262417501199E-03 4.4180645645955E-03 4.45483866039542E-03 4.49274975462467E-03 4.53157201122137E-03 4.57104667286074E-03 4.61092299181939E-03 4.65095974438824E-03
0 0 0 0 0 0 0 0 0 0 0 0 0 0 0 0 0 0 0 0 0 0 0 0 0 0 0 0 0 0 0 0 0 0 4.04081854048832E-03 4.04123987379749E-03 4.04248244942355E-03 4.04513599686168E-03 4.04917218953164E-03 4.05451595116057E-03 4.06115284094819E-03 4.06909021860082E-03 4.07839348294615E-03 4.08914784372582E-03 4.10145383510997E-03 4.11542376404595E-03 4.13116288557611E-03 4.14878646577224E-03 4.16839196412691E-03 4.19008571007243E-03 4.21392333811187E-03 4.23993560053037E-03 4.26808919975047E-03 4.29832847352099E-03 4.3305343174968E-03 4.36456860514638E-03 4.40024188705067E-03 4.43735034571684E-03 4.47567003411568E-03 4.51498162349606E-03 4.55504339367108E-03 4.59558220264834E-03 4.63634098437146E-03 4.67708079288689E-03
0 0 0 0 0 0 0 0 0 0 0 0 0 0 0 0 0 0 0 0 0 0 0 0 0 0 0 0 0 0 0 0 0 0 4.03196528803196E-03 4.03205073564476E-03 4.03364392062477E-03 4.03679112902347E-03 4.04141283782593E-03 4.04743752213533E-03 4.05485571033709E-03 4.06368025449585E-03 4.07398122466375E-03 4.08585641489364E-03 4.09940367529626E-03 4.11473900757752E-03 4.13195512119144E-03 4.15117184715606E-03 4.1724743331532E-03 4.19596360535706E-03 4.22167714515172E-03 4.24962209081438E-03 4.27973456537056E-03 4.31192712111246E-03 4.3460491069545E-03 4.38192596419617E-03 4.41933939906209E-03 4.45805736959102E-03 4.49783796181659E-03 4.53844374001898E-03 4.57962587228896E-03 4.62109650265439E-03 4.66259858985442E-03 4.70390332668489E-03
0 0 0 0 0 0 0 0 0 0 0 0 0 0 0 0 0 0 0 0 0 0 0 0 0 0 0 0 0 0 0 0 0 0 4.02146456825033E-03 4.02162701446149E-03 4.02378645966126E-03 4.02763901397979E-03 4.03304668916816E-03 4.03993576538401E-03 4.04830368333152E-03 4.05817454311024E-03 4.06962764902198E-03 4.0827831064156E-03 4.09773495276464E-03 4.11460108659392E-03 4.13345980228577E-03 4.15443275191146E-03 4.17758503493063E-03 4.20301547544094E-03 4.23073540311827E-03 4.26071899234293E-03 4.29286590960707E-03 4.32705512909913E-03 4.36310263624913E-03 4.40079912059928E-03 4.43989851342099E-03 4.48014409784258E-03 4.52127894879726E-03 4.56305474867496E-03 4.60522157741435E-03 4.64747756186145E-03 4.68957619653223E-03 4.73130830001295E-03
0 0 0 0 0 0 0 0 0 0 0 0 0 0 0 0 0 0 0 0 0 0 0 0 0 0 0 0 0 0 0 0 0 3.99407487691522E-03 4.0082280125894E-03 4.00971025349322E-03 4.01291745953144E-03 4.01773396043958E-03 4.02412784135304E-03 4.03205733805329E-03 4.04154276519905E-03 4.05262527814607E-03 4.06539115054134E-03 4.07999980499033E-03 4.09652896751555E-03 4.11510517823249E-03 4.13577845720617E-03 4.15868338951264E-03 4.18384168744756E-03 4.21136165657176E-03 4.24120981632658E-03 4.27332074175752E-03 4.30755504862912E-03 4.34375730113367E-03 4.38171194016925E-03 4.42117398094242E-03 4.46187771693715E-03 4.50354370002124E-03 4.54590737014036E-03 4.58870782620916E-03 4.63171053960765E-03 4.67459517998666E-03 4.71714477919606E-03 4.75917654907097E-03
0 0 0 0 0 0 0 0 0 0 0 0 0 0 0 0 0 0 0 0 0 0 0 0 0 0 0 0 0 0 0 0 0 3.99407487691522E-03 3.99476669170223E-03 3.9969502428414E-03 4.00122132049069E-03 4.00719724183895E-03 4.01475538452007E-03 4.02388938193773E-03 4.03465665322302E-03 4.0471235530411E-03 4.06138469825932E-03 4.07762087570448E-03 4.09590827256685E-03 4.11637073722802E-03 4.13904070076236E-03 4.16404610895876E-03 4.19138211000562E-03 4.22112696744946E-03 4.25320102864693E-03 4.28749860128285E-03 4.32384546322565E-03 4.36204768718703E-03 4.40185827839649E-03 4.44300331915606E-03 4.4852011034096E-03 4.52816157266781E-03 4.57161577741248E-03 4.6152953845543E-03 4.65895971392547E-03 4.70231652771346E-03 4.74518609393253E-03 4.78740492217223E-03
0 0 0 0 0 0 0 0 0 0 0 0 0 0 0 0 0 0 0 0 0 0 0 0 0 0 0 0 0 0 0 0 0 3.98018501261375E-03 3.98047500233171E-03 3.98364574573425E-03 3.98909168186294E-03 3.99629221961085E-03 4.00512250158461E-03 4.01558859466934E-03 4.02778274405062E-03 4.04179383907502E-03 4.05773916592308E-03 4.0757896763326E-03 0.004096025789931 4.11855877726887E-03 4.14340945580488E-03 4.17067788003593E-03 4.20034848831556E-03 4.23241946494222E-03 4.26678762786471E-03 4.30329887594386E-03 4.34175272041159E-03 4.38190511478014E-03 4.42348985148651E-03 4.46620515886179E-03 4.50976173610298E-03 4.55386691724312E-03 4.59825273532783E-03 4.64265079183477E-03 4.68681473229501E-03 4.73052798080821E-03 4.77361100303525E-03 4.81592191924053E-03
0 0 0 0 0 0 0 0 0 0 0 0 0 0 0 0 0 0 0 0 0 0 0 0 0 0 0 0 0 0 0 0 3.93440618051836E-03 3.96179837981657E-03 3.96483776919598E-03 3.96983409706344E-03 3.97670947014073E-03 3.98525040862631E-03 3.99544861715172E-03 4.00736559058527E-03 4.0211266089383E-03 4.03684447586016E-03 4.05464516373957E-03 4.07469185098901E-03 4.09705730258831E-03 4.12183726806343E-03 4.14903100468606E-03 4.17870812092369E-03 4.21081833806929E-03 4.24529538402277E-03 4.28199592773977E-03 4.32072376847329E-03 4.36124478521191E-03 4.40327590752375E-03 4.44652993171559E-03 4.49068800290152E-03 4.53545832251342E-03 4.58055225821624E-03 4.62571041318888E-03 4.67067379858696E-03 4.71521740224536E-03 4.75917179041969E-03 4.80236577173932E-03 4.84466926020173E-03
0 0 0 0 0 0 0 0 0 0 0 0 0 0 0 0 0 0 0 0 0 0 0 0 0 0 0 0 0 0 0 3.92425769801443E-03 3.93440618051836E-03 3.94331939893679E-03 3.94945106931965E-03 3.95621569690698E-03 3.96448926355593E-03 3.97437972552783E-03 3.98600524765934E-03 3.99947299975232E-03 4.01493018055553E-03 4.03250237592649E-03 4.05231708402664E-03 4.07452659117759E-03 4.0991878158104E-03 4.12637012852663E-03 4.15604285298962E-03 4.18823467844867E-03 4.22285520175171E-03 4.25978103800925E-03 4.29882256562981E-03 4.33973834561229E-03 4.38226182075854E-03 4.42607864309336E-03 4.47088440572324E-03 4.5163514002741E-03 4.56218983867617E-03 4.60812349032508E-03 4.65391075140505E-03 4.69931290720809E-03 4.74412620757932E-03 4.78820878392851E-03 4.8314068761233E-03 4.87359805435417E-03
0 0 0 0 0 0 0 0 0 0 0 0 0 0 0 0 0 0 0 0 0 0 0 0 0 0 0 0 0 0 0 3.92425769801443E-03 3.9248942466398E-03 3.92937829087119E-03 3.9354761032556E-03 3.94317373262914E-03 3.95264963065594E-03 3.9638920878198E-03 3.97701473319487E-03 3.99214324545835E-03 4.0094290975245E-03 4.02899988301817E-03 4.05097290597573E-03 4.07549246934236E-03 4.10259057926644E-03 4.13230155185407E-03 4.16455539575066E-03 4.19933824279173E-03 4.23651082572854E-03 4.2758965395423E-03 4.31725605465313E-03 4.36030419414645E-03 4.40474272979288E-03 4.45023343536049E-03 4.49646276358346E-03 4.54309713083453E-03 4.5898565707989E-03 4.6364847115227E-03 4.68276425783872E-03 4.72847958708073E-03 4.77345190542199E-03 4.8175576451616E-03 4.86065614899268E-03 4.90263066269947E-03
0 0 0 0 0 0 0 0 0 0 0 0 0 0 0 0 0 0 0 0 0 0 0 0 0 0 0 0 0 0 0 3.91147919144703E-03 3.91175712023338E-03 3.91558881682506E-03 3.9220179901404E-03 3.93062567971306E-03 3.94131146197124E-03 3.95396428007926E-03 3.96868167526476E-03 3.98559340904153E-03 4.00484258541501E-03 4.02655167794389E-03 4.05081737246343E-03 4.07777847161088E-03 4.10743263043848E-03 4.13976933415938E-03 4.17467517613469E-03 4.21208884123569E-03 4.25182383877066E-03 4.2936446924489E-03 4.33726773892096E-03 4.38236338040564E-03 4.42860909584159E-03 4.47564547986138E-03 4.52316055807908E-03 4.57081568684825E-03 4.61835096428192E-03 4.66553544343274E-03 4.71217973166533E-03 4.75809253246203E-03 4.8031159852891E-03 4.84714115132276E-03 4.89003764198833E-03 4.93168999288646E-03
0 0 0 0 0 0 0 0 0 0 0 0 0 0 0 0 0 0 0 0 0 0 0 0 0 0 0 0 0 0 3.87669795797029E-03 3.89435707985811E-03 3.89647780715918E-03 3.90127401009242E-03 3.90866449497329E-03 3.91843183249789E-03 3.93048894438281E-03 3.94471099571397E-03 3.96117379850586E-03 3.98001302198923E-03 4.00136517269807E-03 4.02534938803301E-03 4.05204051211507E-03 4.08155432775218E-03 4.11385212792094E-03 4.14887955832899E-03 4.18647888374422E-03 4.22653622277622E-03 4.26881106922217E-03 4.31301384087181E-03 4.35881597096579E-03 4.40585205073505E-03 4.45377759189357E-03 4.50222053163293E-03 4.55086895727682E-03 4.59939641182001E-03 4.64756866314342E-03 4.69517874021252E-03 4.74206267125208E-03 4.78805600396604E-03 4.83302636393725E-03 4.87687068330749E-03 4.91946182278321E-03 4.96068660427687E-03
0 0 0 0 0 0 0 0 0 0 0 0 0 0 0 0 0 0 0 0 0 0 0 0 0 0 0 0 0 0 3.87669795797029E-03 3.87765862560976E-03 3.88081790707757E-03 3.88684486556941E-03 3.89553664304641E-03 3.90672170844808E-03 3.92033315791607E-03 3.93628884279982E-03 3.95466115487756E-03 3.97558447063648E-03 3.99917989301359E-03 4.02557072835442E-03 4.0548098786009E-03 4.08696859086196E-03 4.12197602714371E-03 4.15973138403431E-03 4.20003517767583E-03 4.24270795814281E-03 4.28746643965804E-03 4.33396287533859E-03 4.38183095989484E-03 4.4306743349904E-03 4.48013458225115E-03 4.52983382195032E-03 4.57946437849888E-03 4.62872782303757E-03 4.67740785056042E-03 4.72532132870111E-03 4.77232952413799E-03 4.81829764959185E-03 4.86311334495774E-03 4.90667215468832E-03 4.9488526387246E-03 4.98954281852687E-03
0 0 0 0 0 0 0 0 0 0 0 0 0 0 0 0 0 0 0 0 0 0 0 0 0 0 0 0 0 3.83823235695478E-03 3.85786150788276E-03 3.86009280978937E-03 3.86492386560287E-03 3.87248757908423E-03 3.88274568198235E-03 3.89558208907678E-03 3.91096441705932E-03 3.92884839003899E-03 3.94930843842233E-03 3.97247690415006E-03 3.99846016945186E-03 4.02737896739572E-03 4.05926150654978E-03 4.09413704316932E-03 4.13189475410559E-03 4.17238898314794E-03 4.21537326613987E-03 4.26061052675018E-03 4.30776711443968E-03 4.3564461098601E-03 4.40624545468321E-03 4.45674817607814E-03 4.50758786497529E-03 4.55839001882493E-03 4.60885961983208E-03 4.65872396238744E-03 4.70778718761752E-03 4.7558870893056E-03 4.80290792845823E-03 4.84874264280313E-03 4.89329740800762E-03 4.93646578701464E-03 4.97812751852056E-03 5.01817332342905E-03
0 0 0 0 0 0 0 0 0 0 0 0 0 0 0 0 0 0 0 0 0 0 0 0 0 0 0 0 0 3.83823235695478E-03 3.83927829066931E-03 3.84274498518727E-03 3.8491956271226E-03 3.85846270680636E-03 3.8704886380114E-03 3.88518423762576E-03 3.90254519265304E-03 3.92254967433487E-03 3.94527447546716E-03 3.97084804733264E-03 3.99935630252856E-03 4.03091291222665E-03 4.06551789226969E-03 4.10315998685154E-03 4.1436874040458E-03 4.18690363815001E-03 4.23251557257659E-03 4.28023037972523E-03 4.32967306513838E-03 4.3803979094888E-03 4.43197424636481E-03 4.4839752453016E-03 4.53603564336028E-03 4.58779273168695E-03 4.63896394576955E-03 4.68930286518127E-03 4.73863098573097E-03 4.78680603912019E-03 4.83373042397444E-03 4.87932507400513E-03 4.92351229214081E-03 4.96618090703448E-03 5.00721050105126E-03 5.04649698932581E-03
0 0 0 0 0 0 0 0 0 0 0 0 0 0 0 0 0 0 0 0 0 0 0 0 0 0 0 0 3.7972542164592E-03 3.81804373574039E-03 3.8203727552884E-03 3.8255713703308E-03 3.83380804995488E-03 3.84495080732656E-03 3.85893984060663E-03 3.87569741236806E-03 3.89524016214098E-03 3.91755713051002E-03 3.94271740704762E-03 3.97084521230687E-03 4.00200097214799E-03 4.03628917993315E-03 4.0736757941105E-03 4.11411406380067E-03 4.15740701449238E-03 4.20330436610616E-03 4.25146530512656E-03 4.30154979355811E-03 4.35314514671234E-03 4.40575904382793E-03 4.45894362237288E-03 4.51227616085519E-03 0.004565399452307 4.6179656333827E-03 4.66970580548086E-03 4.7203983372312E-03 4.76987967311588E-03 4.8180219605813E-03 4.86474110068309E-03 4.9099853377032E-03 4.95369352505258E-03 4.99574409242146E-03 5.03601893771865E-03 5.07442569935211E-03
0 0 0 0 0 0 0 0 0 0 0 0 0 0 0 0 0 0 0 0 0 0 0 0 0 0 0 0 3.7972542164592E-03 3.79827349025102E-03 3.80181638613028E-03 3.80880264471543E-03 3.81900656413255E-03 3.83220702358651E-03 3.84834344857923E-03 3.86734452415177E-03 3.88924686063516E-03 3.91404378383172E-03 3.94178945113702E-03 3.97260754375432E-03 4.00651499474909E-03 4.04361577871504E-03 4.08382720138378E-03 4.1270703375078E-03 4.17310221666321E-03 4.22161211085108E-03 4.27221949451003E-03 4.32453368909312E-03 4.37812546492764E-03 4.43244979758747E-03 4.4870644196445E-03 4.5415624030136E-03 4.59559561807459E-03 4.64883510844228E-03 4.7010170583846E-03 4.75195087688767E-03 4.80147673836287E-03 4.84948107178264E-03 4.89588365528608E-03 4.94066163665373E-03 4.98377240892622E-03 5.02507418558974E-03 5.06446346181057E-03 5.10186723621809E-03
0 0 0 0 0 0 0 0 0 0 0 0 0 0 0 0 0 0 0 0 0 0 0 0 0 0 0 0 3.77736758799508E-03 3.77788801570483E-03 3.78333313849282E-03 3.79254694407876E-03 3.80500617448265E-03 0.003820475325983 3.83893518751709E-03 3.86034380927647E-03 3.88475724247332E-03 3.91217680163308E-03 3.94264008291014E-03 3.97625662734036E-03 4.01300796933133E-03 4.05297870411562E-03 4.09604331287325E-03 4.1420760065046E-03 4.19078613938092E-03 4.24181490792986E-03 4.29474757417584E-03 4.34914388871348E-03 4.40454134718576E-03 4.46039011522491E-03 4.51626408124552E-03 4.57177122801794E-03 4.62656941294237E-03 4.68034826701754E-03 4.73285258142821E-03 4.78391356750373E-03 4.83337247126016E-03 4.88112603252903E-03 4.92709942901899E-03 4.97129107609723E-03 5.01366218670242E-03 5.05407045170167E-03 5.09243857167886E-03 5.12871820525862E-03
0 0 0 0 0 0 0 0 0 0 0 0 0 0 0 0 0 0 0 0 0 0 0 0 0 0 0 3.71097638188341E-03 3.75080721693999E-03 3.75635551396711E-03 3.76530393168305E-03 3.77727522135826E-03 3.79222348143136E-03 3.81011119156295E-03 3.83101774960623E-03 3.85495093527413E-03 3.88198551517691E-03 3.91213587292932E-03 3.94542056347695E-03 3.98192332156764E-03 4.02158653293513E-03 4.06445835536569E-03 4.11037713907545E-03 4.15914669960944E-03 4.21044656697458E-03 4.26386911799954E-03 4.31898015316828E-03 4.3752818021432E-03 4.43229521931577E-03 4.4895061696131E-03 4.54648303857261E-03 4.60285700976693E-03 4.65828213056765E-03 4.71247821784752E-03 4.76518075027042E-03 4.81624923568071E-03 4.86551592792854E-03 4.91289322497786E-03 4.9583015517981E-03 5.00175743714362E-03 5.04323923876676E-03 5.08261263888054E-03 5.11982901620385E-03 5.1548724311538E-03
0 0 0 0 0 0 0 0 0 0 0 0 0 0 0 0 0 0 0 0 0 0 0 0 0 0 3.68638707779539E-03 3.71097638188341E-03 3.72534330971663E-03 3.73653909382859E-03 3.74890985183627E-03 3.76360011626665E-03 3.78105240427088E-03 3.80141328857892E-03 3.82484170894462E-03 3.85138270475845E-03 3.88112191525519E-03 3.91407954797205E-03 3.95025559964269E-03 3.98970026802182E-03 4.03231353527716E-03 4.07809500541107E-03 4.12683000617739E-03 4.17826620516552E-03 4.23204402439275E-03 4.28772324365294E-03 4.34484605646229E-03 4.4028818221871E-03 4.46134839376939E-03 4.51975876581903E-03 4.57769231512596E-03 4.63478973659432E-03 4.69070899569354E-03 4.74518418986866E-03 4.79795793751648E-03 4.84889684295888E-03 4.89783214217192E-03 4.94468604334933E-03 4.98938656576793E-03 5.03196096065848E-03 5.07239177148689E-03 5.11057813721355E-03 5.14651519270674E-03 5.1802220036164E-03
0 0 0 0 0 0 0 0 0 0 0 0 0 0 0 0 0 0 0 0 0 0 0 0 0 3.67501189151193E-03 3.68638707779539E-03 3.69642672165437E-03 3.70796980512207E-03 3.72049059964257E-03 3.73498345395419E-03 3.75197025651484E-03 3.7717997500794E-03 3.79462772504466E-03 3.8206187097752E-03 3.84982591881936E-03 3.88232893959748E-03 3.91814753523154E-03 3.95726025242229E-03 3.99967338494875E-03 4.04524224320202E-03 4.09389945809697E-03 4.14538294016634E-03 4.19938489731805E-03 4.25551253094691E-03 4.3132995610169E-03 4.37227320459386E-03 4.43188800010876E-03 4.49165920022964E-03 4.55112691379588E-03 4.60987974554637E-03 4.66756545992057E-03 4.72384256420524E-03 4.77845464866554E-03 4.83115231102615E-03 0.004881798155594 4.93023601100858E-03 4.97639317566824E-03 5.02021459891852E-03 5.06172974628678E-03 5.10095113901642E-03 5.13782134915368E-03 5.17237360649792E-03 5.20466715923158E-03
0 0 0 0 0 0 0 0 0 0 0 0 0 0 0 0 0 0 0 0 0 0 0 0 0 3.67501189151193E-03 3.67593919925123E-03 3.68275367531992E-03 3.6934256795031E-03 3.70691199924982E-03 3.72319028567537E-03 3.74232997154394E-03 3.7645131512138E-03 3.78984635044957E-03 3.81846294347001E-03 3.85039994950944E-03 3.8857161712442E-03 3.92443098936362E-03 3.96650036367907E-03 4.01188024096216E-03 4.06037870493013E-03 4.11185836399824E-03 4.16600291299574E-03 4.22245653102292E-03 4.28079523062798E-03 4.34053908710084E-03 4.4012060689456E-03 4.46224523126757E-03 4.5231728067302E-03 4.5835551527636E-03 4.64298902146117E-03 4.70111823409264E-03 4.75759989216241E-03 4.81218403355344E-03 4.86463376927029E-03 4.91480629210655E-03 4.96256108300114E-03 5.00783808997449E-03 5.05060778476605E-03 5.09090931363958E-03 5.12877941073754E-03 5.16421521163588E-03 5.19729793911864E-03 5.22812308628712E-03
0 0 0 0 0 0 0 0 0 0 0 0 0 0 0 0 0 0 0 0 0 0 0 0 3.63731262959321E-03 3.65707893515433E-03 3.66043996977154E-03 3.6681861236853E-03 3.67984422630189E-03 3.69487736529269E-03 3.7131339381877E-03 3.73453296916555E-03 3.75916493263411E-03 3.78710428048065E-03 3.81843811846177E-03 3.85318555839295E-03 3.89136630856199E-03 3.93301033627866E-03 3.97804499691403E-03 4.02636429321711E-03 4.07774136481852E-03 4.13195221545232E-03 4.18864737925478E-03 4.24741589046062E-03 4.30781756031818E-03 4.36936432295131E-03 4.43157101212061E-03 4.49389092852433E-03 4.55582964754714E-03 4.61699226036761E-03 4.67696341114869E-03 4.73537935959812E-03 4.79189333320008E-03 4.84626253570988E-03 4.89827005375769E-03 4.94776047568876E-03 4.99463096759395E-03 5.03883047641051E-03 5.0803743343587E-03 5.11930591956986E-03 5.1557070650023E-03 5.18962872079702E-03 5.22119152734209E-03 5.25052381956395E-03
