NongDo/Fusa 14.8h.grd
DSAA
463	323
2	464
2	324
0	10
[rows 140 to 167 of 323, columns 192 to 255 of 463]
7.40216170502763E-03 7.45936370026115E-03 7.51547757120547E-03 7.5703995335109E-03 7.62400781795414E-03 7.67615162046711E-03 7.72669212489384E-03 7.77548991270662E-03 7.82241474697646E-03 7.86733272868202E-03 7.91011934687732E-03 7.95065558772344E-03 7.98884639283865E-03 8.02461813428526E-03 8.05791914222809E-03 8.08872216591139E-03 8.11702612251775E-03 8.14285790637363E-03 8.16626368731228E-03 8.18730728132924E-03 8.2060641022265E-03 8.22261774087702E-03 8.23705366604431E-03 8.24945840608851E-03 8.25991749897118E-03 8.26851488521052E-03 8.27533604191951E-03 8.28047262014608E-03 8.28403401836789E-03 8.28614703285315E-03 8.28695344754109E-03 8.28659638189925E-03 8.28521489216677E-03 8.28293931571568E-03 8.27989002794279E-03 8.27616795342591E-03 8.27186073491907E-03 8.26703610746787E-03 8.26174174895408E-03 8.25600102895117E-03 8.24984864860952E-03 8.24332342809345E-03 8.23647369079325E-03 8.2293656154537E-03 8.22211246207245E-03 8.21488774722959E-03 8.20793845892285E-03 8.19533483119749E-03 0 0 0 0 0 0 0 0 0 0 0 0 0 0 0 0
7.46013659588744E-03 7.51639860782508E-03 7.57144610406205E-03 7.62518307237605E-03 7.67749526840413E-03 7.72823842173466E-03 7.77729006135531E-03 7.82452519083665E-03 7.86982531627873E-03 7.9130653428168E-03 7.95412905975538E-03 7.99290409181853E-03 8.02930244780515E-03 8.06325683000083E-03 8.0947208998826E-03 8.12367322899113E-03 8.15012049140317E-03 8.17409900354483E-03 8.19566368733286E-03 8.2148874999447E-03 8.23185351708159E-03 8.24665128173019E-03 8.25937184319447E-03 8.27010672281407E-03 8.2789458778882E-03 8.28597855258836E-03 8.29129765904951E-03 8.29500317386486E-03 8.29721565882243E-03 8.2980724853652E-03 8.29772186890048E-03 8.29631004678381E-03 8.29397777974318E-03 8.2908541064629E-03 8.28705662685432E-03 8.28268117002711E-03 8.27781186402274E-03 8.27250977307802E-03 8.26681277162726E-03 8.26072931609373E-03 8.25429507781263E-03 8.24756466339124E-03 8.24059889720066E-03 8.2334938568797E-03 8.22644190010182E-03 8.21975010129028E-03 8.20793845892285E-03 0 0 0 0 0 0 0 0 0 0 0 0 0 0 0 0 0
7.51659978934513E-03 7.5718300741529E-03 7.62573124425171E-03 7.67821127228572E-03 7.72916153095894E-03 7.77845122913591E-03 7.82597702800965E-03 7.87162639776673E-03 7.91528881288775E-03 7.95684482521933E-03 7.99618365870708E-03 8.03320008326751E-03 8.06781260603253E-03 8.09995903906686E-03 8.12959819292048E-03 8.15671580386385E-03 8.18132756751699E-03 8.20347941883456E-03 8.22323594906756E-03 8.24068007924041E-03 8.25590281972795E-03 8.26899940875104E-03 8.28006580105287E-03 8.28919750707795E-03 8.29648782311533E-03 8.30203028621006E-03 8.30592442210237E-03 8.30828101870529E-03 8.30923317335847E-03 8.3089245776761E-03 8.30750624582692E-03 8.30512642772088E-03 8.30192709791432E-03 8.29803655846575E-03 8.29357132733018E-03 8.28862138237823E-03 8.28326541148646E-03 8.27755861603037E-03 8.27153136633097E-03 8.26517723109928E-03 8.25853341167375E-03 8.25168421719558E-03 8.24472133707841E-03 8.23779230377539E-03 8.23118307896962E-03 8.21975010129028E-03 0 0 0 0 0 0 0 0 0 0 0 0 0 0 0 0 0 0
7.57157024545314E-03 7.62569039593307E-03 7.67837704765157E-03 7.72953863832839E-03 7.7790753305793E-03 7.82687944919293E-03 7.8728585569149E-03 7.91691012327259E-03 7.95892710944822E-03 7.9987945700852E-03 8.03640570320346E-03 8.07166448287247E-03 8.10449342993569E-03 8.13483540571891E-03 8.16265559818794E-03 8.18794917822361E-03 8.21074205053653E-03 8.23109024708539E-03 8.24906989807967E-03 8.2647744949643E-03 8.27830312139584E-03 8.28975582829644E-03 8.29923268519629E-03 8.30683198475273E-03 8.31264914745542E-03 8.31678126685176E-03 8.31933426567041E-03 8.32043011744686E-03 8.32021214229405E-03 8.31882761136451E-03 8.3164292030558E-03 8.31316611018794E-03 8.30918113955766E-03 8.30460131778996E-03 8.29954254621577E-03 8.29409180794712E-03 8.28831889518516E-03 8.28227210977945E-03 8.27597561586955E-03 8.26942135854704E-03 8.26265147084238E-03 8.25579352470342E-03 8.24900197165153E-03 8.24250404408185E-03 8.23118307896962E-03 0 0 0 0 0 0 0 0 0 0 0 0 0 0 0 0 0 0 0
7.62510695823137E-03 7.67804866203648E-03 7.72945848472435E-03 7.77925059760166E-03 7.82734038536804E-03 7.87363929560349E-03 7.91805700009885E-03 7.9604984079442E-03 8.00085806294063E-03 8.03902683267118E-03 8.0749026388363E-03 8.10839718405346E-03 8.13943565678575E-03 8.16796814427828E-03 8.19396884849957E-03 8.21744399570614E-03 8.23843085434129E-03 8.25699758154095E-03 8.27323349137846E-03 8.28724213603256E-03 8.29912951191502E-03 8.30900003310644E-03 8.31695684807107E-03 8.32309931416291E-03 8.32752386822939E-03 8.33033058295872E-03 8.33163152280475E-03 8.3315588043014E-03 8.33026403802292E-03 8.32789496162035E-03 8.32460348054487E-03 8.32054052639621E-03 8.31585054967249E-03 8.31065863533811E-03 8.3050780976218E-03 8.29919572331584E-03 8.29307175048178E-03 8.28674404256126E-03 8.28022995217296E-03 8.27353730523538E-03 8.26673367309381E-03 8.26001001835336E-03 8.25361361802167E-03 8.24250404408185E-03 0 0 0 0 0 0 0 0 0 0 0 0 0 0 0 0 0 0 0 0
7.67731560952331E-03 7.72902199477572E-03 7.77910647441759E-03 7.82749227210928E-03 7.87410629284176E-03 7.91887196116571E-03 7.96170414246481E-03 8.00251106369723E-03 8.04119005388296E-03 8.0776375869102E-03 8.11175679504387E-03 8.14346482927225E-03 8.17269390731908E-03 8.19940328845549E-03 8.22357885300588E-03 8.24523913131209E-03 8.26443485539361E-03 8.28124769912536E-03 8.29577973741649E-03 8.30814350140427E-03 8.31845033724044E-03 8.32680777284233E-03 8.33331961889098E-03 8.33808476739228E-03 8.34120036138433E-03 8.34276881491007E-03 8.34290665899729E-03 8.34175388855667E-03 8.33946877568171E-03 8.33619949499809E-03 8.33209706686634E-03 8.32731394839227E-03 8.32199632272578E-03 8.31626959832166E-03 8.31024527413102E-03 8.30400779275364E-03 8.29760614020692E-03 8.29106412817152E-03 8.28440178686833E-03 8.27765794630196E-03 8.27096105769177E-03 8.2645852430932E-03 8.25361361802167E-03 0 0 0 0 0 0 0 0 0 0 0 0 0 0 0 0 0 0 0 0 0
7.72825659007906E-03 7.77867704477001E-03 7.82739399608769E-03 7.87433871628731E-03 7.9194447966583E-03 7.96264496372491E-03 8.00386022210118E-03 8.04300130164817E-03 8.0799692242458E-03 8.11466538833581E-03 8.14699797161439E-03 8.17689085382893E-03 8.20428742909579E-03 8.22915891933206E-03 8.25150538901547E-03 8.27135863884338E-03 8.28878449439474E-03 8.30387889732596E-03 0.008316755491361 8.32753410369453E-03 8.33632957071155E-03 8.3432497378003E-03 8.34839628953565E-03 8.35186727496373E-03 8.35376053008968E-03 8.3541806878504E-03 8.35324841351366E-03 8.35110595639286E-03 8.34791196146692E-03 8.34381922670182E-03 8.33898268361638E-03 8.33355504766978E-03 8.3276824878692E-03 0.008321494249794 8.31510596915677E-03 8.30860051753991E-03 8.30200737524598E-03 8.29532680391899E-03 8.28860124090621E-03 8.28193137057581E-03 8.27555702155838E-03 8.2645852430932E-03 0 0 0 0 0 0 0 0 0 0 0 0 0 0 0 0 0 0 0 0 0 0
7.77794544531198E-03 7.8270279725198E-03 7.87433125325636E-03 7.91979307284631E-03 7.96335302827278E-03 8.00495212492639E-03 8.04451560053754E-03 8.08195621324231E-03 8.11717874507601E-03 8.15009030012278E-03 8.18060603281228E-03 8.20865879356648E-03 8.23420520362149E-03 8.25723157855807E-03 8.27775406868833E-03 8.29581848715876E-03 8.3115066472282E-03 8.32492890764048E-03 8.33620826193481E-03 8.34546936375511E-03 8.35282806261523E-03 8.35839019739405E-03 8.36225464850316E-03 8.3645177805694E-03 8.36527696378868E-03 8.36463800384715E-03 8.36272404245919E-03 8.35967861765176E-03 8.35566130923298E-03 8.35082715301273E-03 8.34533486543654E-03 8.33933881984445E-03 8.33298614428552E-03 8.32641242043042E-03 8.31974945194116E-03 8.31308965851199E-03 8.30642217416704E-03 8.29968436860211E-03 8.2930029399988E-03 8.2865846429606E-03 8.27555702155838E-03 0 0 0 0 0 0 0 0 0 0 0 0 0 0 0 0 0 0 0 0 0 0 0
7.82636474655094E-03 7.87405430519773E-03 7.91989350379805E-03 7.96382651226231E-03 8.00579908029975E-03 8.04575878319285E-03 8.08363317414075E-03 8.11933699167348E-03 8.15277969859738E-03 8.18387538093024E-03 8.21254846437129E-03 8.23874288512367E-03 8.26243082204118E-03 8.28361565458579E-03 8.30233082969941E-03 8.3186375095522E-03 8.33263403742796E-03 8.34444318720741E-03 8.35419420459316E-03 8.36201367493142E-03 8.36801581106018E-03 8.37230356249804E-03 8.37497299199746E-03 8.37611719696578E-03 8.37583146319618E-03 8.37422210631137E-03 8.3714140961933E-03 8.36755183576093E-03 8.36279614900168E-03 8.35730339990015E-03 8.35123415304357E-03 8.34474399591346E-03 8.33798299806919E-03 8.33110162125008E-03 8.32427376480271E-03 8.31763406865322E-03 8.31109641890823E-03 8.30433741651397E-03 8.29780966239872E-03 8.2865846429606E-03 0 0 0 0 0 0 0 0 0 0 0 0 0 0 0 0 0 0 0 0 0 0 0 0
7.87347397184849E-03 7.91971211457138E-03 7.9640336466744E-03 8.00638929193676E-03 8.04673034102481E-03 8.08500941349231E-03 8.12115621894035E-03 8.15508785545845E-03 8.18671941015351E-03 8.21597365993834E-03 8.24278635602585E-03 8.26711466284825E-03 8.28894856664582E-03 8.30831005413307E-03 8.32525060773139E-03 8.33984697057143E-03 8.35221209786186E-03 8.36247884847451E-03 8.37078015155805E-03 8.37724172750857E-03 8.38197420396472E-03 8.38507629038229E-03 8.38663991541138E-03 8.38675403137479E-03 8.38551164914185E-03 8.38301913513712E-03 8.37940283188609E-03 8.37480768031881E-03 8.36939710680717E-03 8.36332903081971E-03 8.35676212245933E-03 8.34984775735988E-03 8.34273613146222E-03 8.33561152108235E-03 8.32875787397178E-03 8.32246209764536E-03 8.31658983478524E-03 8.30957243547032E-03 8.29780966239872E-03 0 0 0 0 0 0 0 0 0 0 0 0 0 0 0 0 0 0 0 0 0 0 0 0 0
7.91921400519599E-03 7.96394107390666E-03 8.00669070243389E-03 8.04742031025398E-03 8.08608610881049E-03 8.12264413306897E-03 8.15702653211664E-03 8.18915423568754E-03 8.21894963309854E-03 8.24634512604449E-03 8.27128965625229E-03 8.29375654258573E-03 8.3137554576924E-03 8.33132708337154E-03 8.34654067968588E-03 8.35948841229921E-03 8.37029554544238E-03 8.3791016339754E-03 8.38604050230654E-03 8.3912348913265E-03 8.39479015631221E-03 8.39679930312336E-03 8.39734875246712E-03 8.39652271382572E-03 8.39441185648363E-03 8.39112274726399E-03 8.38678324473865E-03 8.38153826868415E-03 8.37555443278813E-03 8.36899388247804E-03 8.36201026298902E-03 8.35473672244204E-03 8.3473010671488E-03 8.33992804910043E-03 8.33315088679164E-03 8.32774318027077E-03 8.32444490353777E-03 8.30957243547032E-03 0 0 0 0 0 0 0 0 0 0 0 0 0 0 0 0 0 0 0 0 0 0 0 0 0 0
7.9635124541652E-03 8.00666965524375E-03 8.04779433288924E-03 8.08685077048371E-03 8.12379968426822E-03 8.15859914309242E-03 8.19118483393364E-03 8.22148356767159E-03 8.24942638479774E-03 8.27495670713283E-03 8.29803880426305E-03 8.31866466199738E-03 8.33686336505039E-03 8.35269408148165E-03 8.36624308214187E-03 8.37761688690144E-03 8.38694964994722E-03 8.39438454185784E-03 8.40005456994132E-03 8.40407732335013E-03 8.40655115086955E-03 8.40756203690221E-03 8.40719011505795E-03 8.40551451737051E-03 8.40262374004095E-03 8.39862411342509E-03 8.39364426775796E-03 8.3878301126315E-03 8.38135568444758E-03 8.37439295843368E-03 8.36708920399979E-03 8.35953491404117E-03 8.35175947604802E-03 8.34392747773149E-03 8.33701770098457E-03 8.33255159484281E-03 8.33204885743082E-03 0 0 0 0 0 0 0 0 0 0 0 0 0 0 0 0 0 0 0 0 0 0 0 0 0 0 0
8.0062931941545E-03 8.04782598771658E-03 8.08727766891508E-03 8.12461871742332E-03 8.15981371762533E-03 8.19282321145327E-03 8.2235880030498E-03 8.25204183438015E-03 8.27812604265033E-03 8.30179740254564E-03 8.32303755774377E-03 8.34185715110117E-03 8.35830405185422E-03 8.37245603330321E-03 8.3844155414945E-03 8.39430008786026E-03 8.4022491801767E-03 8.4084081800809E-03 8.41290738241304E-03 8.41585729042485E-03 8.41734808660197E-03 8.41745731150068E-03 8.41625753608327E-03 8.41382356269393E-03 8.41024260324971E-03 8.40561958865051E-03 8.40008171182882E-03 8.39377600575689E-03 8.38689255838315E-03 8.37963081416553E-03 8.37214720811581E-03 8.3644735608042E-03 8.35636480058696E-03 8.34737883742801E-03 8.33949857570087E-03 8.33505911932206E-03 8.33204885743082E-03 0 0 0 0 0 0 0 0 0 0 0 0 0 0 0 0 0 0 0 0 0 0 0 0 0 0 0
8.04748005098097E-03 8.0873406805784E-03 8.12507787567133E-03 8.16066848665637E-03 8.19408119663296E-03 0.00822527952437 8.25420961857548E-03 8.28081394933298E-03 8.30504662220538E-03 8.32687964221397E-03 8.34631216623282E-03 8.36337284552608E-03 8.37812836664368E-03 8.39067420017128E-03 8.40112690228578E-03 8.40961183180365E-03 8.41627282990281E-03 8.42125561632671E-03 8.42468442837252E-03 8.42666074577959E-03 8.42726594026066E-03 8.42656927366588E-03 8.42463660830604E-03 8.42153802673315E-03 8.41735899199336E-03 8.41220220785979E-03 8.40619087443038E-03 8.39946955158081E-03 8.39225743393521E-03 8.38481906511531E-03 8.37738290616022E-03 8.37002742554883E-03 8.36211014536718E-03 8.35000125873014E-03 8.33949857570087E-03 8.33505911932206E-03 0 0 0 0 0 0 0 0 0 0 0 0 0 0 0 0 0 0 0 0 0 0 0 0 0 0 0 0
8.08700953378669E-03 8.12515841683866E-03 8.16114815009984E-03 8.19496250001097E-03 8.22657455149006E-03 8.25595014773358E-03 8.28304225315992E-03 8.30780474909928E-03 8.33020674753364E-03 8.35023573240699E-03 8.36790807735598E-03 8.38327009011682E-03 8.39640632284137E-03 8.40742770510172E-03 8.41646175404404E-03 8.42364135630582E-03 8.42911417664158E-03 8.43302227287726E-03 8.43548026958616E-03 8.43658023785368E-03 8.43639507669435E-03 8.43498694417881E-03 8.43241650994285E-03 8.42874884546413E-03 8.42406606574342E-03 8.41846743941349E-03 8.41206905898272E-03 8.40500566089147E-03 8.39753243023579E-03 8.3900281926222E-03 8.38292159513894E-03 8.37683301729447E-03 8.37271903405508E-03 8.35000125873014E-03 0 0 0 0 0 0 0 0 0 0 0 0 0 0 0 0 0 0 0 0 0 0 0 0 0 0 0 0 0 0
8.12483018672723E-03 8.16123703215535E-03 8.19545597324375E-03 8.22747797542433E-03 8.25728095067406E-03 8.28483216925581E-03 8.31009501018097E-03 8.33303701507601E-03 8.35364311442966E-03 8.37191570081293E-03 8.38788859410406E-03 8.40162487325442E-03 8.41322453175999E-03 8.42281185205102E-03 8.4305225274512E-03 8.43649589537718E-03 8.4408795977259E-03 8.44380969637125E-03 8.44539156134603E-03 8.44570833818924E-03 8.44482558970936E-03 8.44279901153524E-03 8.43968470783809E-03 8.43554355800347E-03 8.43045277878546E-03 8.42450535979361E-03 0.008417803027601 8.41046106092138E-03 8.40276313377129E-03 8.39520811480479E-03 8.38838907682487E-03 8.38344001148684E-03 8.38280889248978E-03 0 0 0 0 0 0 0 0 0 0 0 0 0 0 0 0 0 0 0 0 0 0 0 0 0 0 0 0 0 0 0
8.16090302381198E-03 8.19554881367084E-03 8.22798605669847E-03 8.25821114720815E-03 8.2862064220913E-03 8.31194420530378E-03 8.33540128013018E-03 8.35655881571008E-03 8.37541687120856E-03 8.39199294033373E-03 8.40633788923946E-03 8.41853018395522E-03 8.42868309313618E-03 8.43693117380798E-03 8.44341603046936E-03 8.44828130579952E-03 8.45167141408222E-03 8.45371509871562E-03 8.45450933789229E-03 8.45413086423147E-03 8.45264023120397E-03 8.45008721003251E-03 8.4465227361835E-03 8.44200468709171E-03 8.43660475212582E-03 8.4304055105197E-03 8.42348640146145E-03 8.41593054976818E-03 8.40802320582247E-03 8.40032582720931E-03 8.39332110393397E-03 8.38743947945956E-03 8.38280889248978E-03 0 0 0 0 0 0 0 0 0 0 0 0 0 0 0 0 0 0 0 0 0 0 0 0 0 0 0 0 0 0 0
8.19519718970187E-03 8.22807477776702E-03 8.25873105595086E-03 8.28716718385152E-03 8.31337213154977E-03 8.33732650482938E-03 8.35901856434051E-03 8.37844341467412E-03 8.39561571136718E-03 8.41056778898976E-03 8.4233651815679E-03 8.43410024339638E-03 8.44289711691682E-03 8.44989788708993E-03 8.45524837075502E-03 8.45909479394198E-03 8.46157752556881E-03 8.46281704570756E-03 8.46290430311213E-03 8.46191153802904E-03 8.45989553790278E-03 0.008456902088973 8.45297869430666E-03 8.44818094328011E-03 8.44257468695551E-03 8.43622609695956E-03 8.42918203521762E-03 8.42149156595495E-03 8.41344994802282E-03 8.40565565052559E-03 8.39853688207724E-03 8.38743947945956E-03 0 0 0 0 0 0 0 0 0 0 0 0 0 0 0 0 0 0 0 0 0 0 0 0 0 0 0 0 0 0 0 0
8.2277150973075E-03 8.25882989100597E-03 8.2877177897214E-03 8.31438656768938E-03 8.33883367514788E-03 8.36104753434781E-03 8.38102685997778E-03 8.3987807863604E-03 8.41433801663645E-03 8.42774420631009E-03 8.43907752803432E-03 8.44844264312277E-03 8.45597231253851E-03 8.46181453848159E-03 8.46611824359968E-03 8.46902944619471E-03 8.47068226382718E-03 8.47119158665891E-03 8.47064606754628E-03 8.46911458455162E-03 8.46665031157779E-03 8.46329695407979E-03 8.45910216417988E-03 8.45412281369358E-03 8.44842219371321E-03 8.44204742858556E-03 8.43498639848842E-03 8.4272188838081E-03 8.41915884361634E-03 8.41147467178413E-03 8.39853688207724E-03 0 0 0 0 0 0 0 0 0 0 0 0 0 0 0 0 0 0 0 0 0 0 0 0 0 0 0 0 0 0 0 0 0
8.25848560327596E-03 8.28785655367072E-03 8.31500287477184E-03 8.3399403308308E-03 8.36267368546265E-03 8.38319799252746E-03 8.40152369295928E-03 8.41767368639779E-03 8.43168972856826E-03 8.44362855917408E-03 8.45357995618301E-03 8.4616593084937E-03 8.46800599226645E-03 8.47277219402259E-03 8.47610824067419E-03 8.47815918314011E-03 8.47905477490726E-03 8.47890538270043E-03 8.47779830922999E-03 8.47580137965071E-03 8.47296596449095E-03 8.46933431262501E-03 8.46495720737346E-03 8.45990170621857E-03 8.45424366316697E-03 8.44803582957177E-03 8.44117846274318E-03 8.43333015620059E-03 8.42534918079625E-03 8.41147467178413E-03 0 0 0 0 0 0 0 0 0 0 0 0 0 0 0 0 0 0 0 0 0 0 0 0 0 0 0 0 0 0 0 0 0 0
8.28756009470262E-03 8.31521807613372E-03 8.34066180498574E-03 8.36391369134426E-03 8.38498429935246E-03 8.4038765380815E-03 8.42061336802758E-03 8.43523018900117E-03 8.44777980047248E-03 8.45832925566657E-03 8.46697894006096E-03 8.47385294493273E-03 8.47909548839025E-03 8.48286160725091E-03 8.48530245180962E-03 8.48656191085087E-03 8.48676649679826E-03 8.48602424161931E-03 8.48442250701748E-03 8.48203049836427E-03 8.47890069100386E-03 8.47507506156074E-03 8.47060889410542E-03 8.46559034271337E-03 8.46014452659253E-03 8.45443142907479E-03 8.4483532495707E-03 8.44004183650546E-03 8.42534918079625E-03 0 0 0 0 0 0 0 0 0 0 0 0 0 0 0 0 0 0 0 0 0 0 0 0 0 0 0 0 0 0 0 0 0 0 0
8.31500547088091E-03 8.34099071582127E-03 8.36477839323571E-03 8.38639634060655E-03 8.40586182839764E-03 8.42318661721775E-03 8.43840456925344E-03 8.45156239586014E-03 8.46272230693201E-03 8.47196062051783E-03 8.4793859067708E-03 8.48512940295515E-03 8.48933911648053E-03 8.49217221716453E-03 8.49378109702211E-03 8.49430901591765E-03 8.49388149046902E-03 8.49260601529151E-03 8.49057158718166E-03 8.4878508742542E-03 8.48450026478084E-03 8.48056551869887E-03 8.47610948144432E-03 8.47124385544926E-03 8.46617756721898E-03 8.46143579142102E-03 8.45822197245448E-03 8.44004183650546E-03 0 0 0 0 0 0 0 0 0 0 0 0 0 0 0 0 0 0 0 0 0 0 0 0 0 0 0 0 0 0 0 0 0 0 0 0
8.34090803703367E-03 8.36526743927713E-03 8.38745086434983E-03 8.40749105707875E-03 8.42541273198659E-03 8.4412374149364E-03 8.45500852015074E-03 8.46678185170435E-03 8.47662715158847E-03 8.48462935801148E-03 8.49090343815192E-03 8.49558558040262E-03 8.49882671246165E-03 8.50078662637106E-03 8.50161992053174E-03 8.50146990122403E-03 8.50046244270154E-03 8.49870690595412E-03 8.49629599502134E-03 8.49330803078572E-03 8.48980736512912E-03 8.48585053945523E-03 8.48151236375127E-03 8.47690676438988E-03 8.47220944938343E-03 8.46805117331238E-03 8.4674775063566E-03 0 0 0 0 0 0 0 0 0 0 0 0 0 0 0 0 0 0 0 0 0 0 0 0 0 0 0 0 0 0 0 0 0 0 0 0 0
8.36536666596016E-03 8.38815184854191E-03 8.40878686914221E-03 8.42730901228121E-03 8.44375063621869E-03 8.45814355241428E-03 8.47053880618335E-03 8.48099955274163E-03 8.48960166372362E-03 8.49643768336234E-03 8.50162682952677E-03 8.50530890237925E-03 8.5076385565026E-03 8.5087783253739E-03 8.50888555117329E-03 8.50810457452074E-03 8.50656376494806E-03 8.50437617246799E-03 8.50163992658072E-03 0.008498441162254 8.49485739779702E-03 8.49096920589049E-03 8.48688573468045E-03 8.4827291192093E-03 8.47837947989537E-03 8.47239741154163E-03 8.4674775063566E-03 0 0 0 0 0 0 0 0 0 0 0 0 0 0 0 0 0 0 0 0 0 0 0 0 0 0 0 0 0 0 0 0 0 0 0 0 0
8.3884866106918E-03 8.40975075447281E-03 8.42889352074298E-03 8.4459573761714E-03 8.46098273224143E-03 8.47401040620534E-03 8.48509747574723E-03 8.49431363931295E-03 8.50173997704176E-03 8.50747421369673E-03 8.51163800533076E-03 8.51437539394338E-03 8.51584536284285E-03 8.51621326377041E-03 8.51563915576204E-03 8.5142695120011E-03 8.51223736175054E-03 8.50966124647408E-03 8.50664649156422E-03 8.50328937488065E-03 8.49968483622156E-03 8.49595414277526E-03 8.49230185245877E-03 8.48907841719093E-03 8.48678477144724E-03 8.47239741154163E-03 0 0 0 0 0 0 0 0 0 0 0 0 0 0 0 0 0 0 0 0 0 0 0 0 0 0 0 0 0 0 0 0 0 0 0 0 0 0
8.41037475587287E-03 8.43017109913333E-03 8.4478778691216E-03 8.46354261089792E-03 8.47721307718646E-03 8.48893789590757E-03 8.49877942961272E-03 8.50681286636167E-03 8.5131230352723E-03 8.51781159180921E-03 8.52100366915608E-03 8.52284765464343E-03 8.52350627244635E-03 8.52314769352805E-03 8.52193507588925E-03 8.52001718451323E-03 8.51753276413312E-03 8.51460799397995E-03 8.5113574828245E-03 8.50789131687823E-03 8.50432568504686E-03 8.50082444444067E-03 8.49769475211542E-03 8.49551949760298E-03 8.49500669402269E-03 0 0 0 0 0 0 0 0 0 0 0 0 0 0 0 0 0 0 0 0 0 0 0 0 0 0 0 0 0 0 0 0 0 0 0 0 0 0 0
8.43112816226964E-03 8.44950814046763E-03 8.46583268437496E-03 8.48015471211431E-03 8.49252873018404E-03 8.50301006817691E-03 8.5116654033165E-03 8.51857339772021E-03 8.52382137797701E-03 8.52751562965295E-03 8.52978616925358E-03 8.53078479536387E-03 8.53067688683708E-03 8.52963394363281E-03 8.5278229273038E-03 8.52539489198089E-03 8.52249420087417E-03 8.51925698218037E-03 8.51580982525146E-03 8.51228066926547E-03 8.50881258862943E-03 8.5056074743085E-03 8.50301559413704E-03 8.50151308573794E-03 8.49500669402269E-03 0 0 0 0 0 0 0 0 0 0 0 0 0 0 0 0 0 0 0 0 0 0 0 0 0 0 0 0 0 0 0 0 0 0 0 0 0 0 0
8.45083438360203E-03 8.46784752210353E-03 8.48284221696101E-03 8.49587667054948E-03 8.50701075116714E-03 8.51630537493635E-03 8.52383003604117E-03 8.52966559451192E-03 8.53390243522868E-03 8.53665139163614E-03 8.53804682971862E-03 8.53824353536931E-03 8.53740996182724E-03 8.53572069108462E-03 8.53334627054536E-03 8.53044089945724E-03 8.52715545478474E-03 8.52363792917873E-03 8.52002900500902E-03 8.51647747705276E-03 8.51315923613105E-03 8.51032965810845E-03 8.50843833172181E-03 8.50801327768307E-03 0 0 0 0 0 0 0 0 0 0 0 0 0 0 0 0 0 0 0 0 0 0 0 0 0 0 0 0 0 0 0 0 0 0 0 0 0 0 0 0
