NongDo/Fusa 17.4h.grd
DSAA
463	323
2	464
2	324
0	10
[rows 56 to 83 of 323, columns 252 to 314 of 463]
0 0 0 0 0 0 0 0 0 0 0 0 0 0 0 0 0 0 0 0 0 0 0 0 0 0 0 0 0 0 0 0 0 0 0 0 0 0 0 0 0 0 0 0 0 0 0 0 0 0 0 0 0 0 0 0 0 0 0 0 0 0 0
0 0 0 0 0 0 0 0 0 0 0 0 0 0 0 0 0 0 0 0 0 0 0 0 0 0 0 0 0 0 0 0 0 0 0 0 0 0 0 0 0 0 0 0 0 0 0 0 0 0 0 0 0 0 0 0 0 0 0 0 0 0 0
0 0 0 0 0 0 0 0 0 0 0 0 0 0 0 0 0 0 0 0 0 0 0 0 0 0 0 0 0 0 0 0 0 0 0 0 0 0 0 0 0 0 0 0 0 0 0 0 0 0 0 0 0 0 0 0 0 0 0 0 0 0 0
0 0 0 0 0 0 0 0 0 0 0 0 0 0 0 0 0 0 0 0 0 0 0 0 0 0 0 0 0 0 0 0 0 0 0 0 0 0 0 0 0 0 0 0 0 0 0 0 0 0 0 0 0 0 0 0 0 0 0 0 0 0 0
0 0 0 0 0 0 0 0 0 0 0 0 0 0 0 0 0 0 0 0 0 0 0 0 0 0 0 0 0 0 0 0 0 0 0 0 0 0 0 0 0 0 0 0 0 0 0 0 0 0 0 0 0 0 0 0 0 0 0 0 0 0 0
0 0 0 0 0 0 0 0 0 0 0 0 0 0 0 0 0 0 0 0 0 0 0 0 0 0 0 0 0 0 0 0 0 0 0 0 0 0 0 0 0 0 0 0 0 0 0 0 0 0 0 0 0 0 0 0 0 0 0 0 0 0 0
0 0 0 0 0 0 0 0 0 0 0 0 0 0 0 0 0 0 0 0 0 0 0 0 0 0 0 0 0 0 0 0 0 0 0 0 0 0 0 0 0 0 0 0 0 0 0 0 0 0 0 0 0 0 0 0 0 0 0 0 0 0 0
0 0 0 0 0 0 0 0 0 0 0 0 0 0 0 0 0 0 0 0 0 0 0 0 0 0 0 0 0 0 0 0 0 0 0 0 0 0 0 0 0 0 0 0 0 0 0 0 0 0 0 0 0 0 0 0 0 0 0 0 0 0 0
0 0 0 0 0 0 0 0 0 0 0 0 0 0 0 0 0 0 0 0 0 0 0 0 0 0 0 0 0 0 0 0 0 0 0 0 0 0 0 0 0 0 0 0 0 0 0 0 0 0 0 0 0 0 0 0 0 0 0 0 0 0 7.01132469722881E-03
0 0 0 0 0 0 0 0 0 0 0 0 0 0 0 0 0 0 0 0 0 0 0 0 0 0 0 0 0 0 0 0 0 0 0 0 0 0 0 0 0 0 0 0 0 0 0 0 0 0 0 0 0 0 0 0 0 0 6.97604732349759E-03 6.98504278963989E-03 6.9937593885887E-03 7.00238370959215E-03 7.01132469722881E-03
0 0 0 0 0 0 0 0 0 0 0 0 0 0 0 0 0 0 0 0 0 0 0 0 0 0 0 0 0 0 0 0 0 0 0 0 0 0 0 0 0 0 0 0 0 0 0 0 0 0 0 0 0 0 0 6.9465766553258E-03 6.95660890786983E-03 6.9663522132663E-03 6.97604732349759E-03 6.98504278963989E-03 6.9937593885887E-03 7.00238370959215E-03 7.0109677652918E-03
0 0 0 0 0 0 0 0 0 0 0 0 0 0 0 0 0 0 0 0 0 0 0 0 0 0 0 0 0 0 0 0 0 0 0 0 0 0 0 0 0 0 0 0 0 0 0 0 0 6.8810776741112E-03 6.89301586520593E-03 6.90431405069185E-03 6.91514040672814E-03 6.92571531327734E-03 6.93609413425102E-03 6.9465766553258E-03 6.95660890786983E-03 6.9663522132663E-03 6.97575969360015E-03 6.98479370193169E-03 6.99354570244561E-03 7.0021625262965E-03 7.01066859005216E-03
0 0 0 0 0 0 0 0 0 0 0 0 0 0 0 0 0 0 0 0 0 0 0 0 0 0 0 0 0 0 0 0 0 0 0 0 0 0 0 0 0 0 0 0 0 0 0 6.85440648139725E-03 6.86773320395385E-03 6.8810776741112E-03 6.89301586520593E-03 6.90431405069185E-03 6.91514040672814E-03 6.92571531327734E-03 6.93609413425102E-03 6.94639545866808E-03 6.95642646134205E-03 6.96617657523005E-03 6.97558888316743E-03 6.98470334052521E-03 6.99355688678577E-03 7.00225250488585E-03 7.01081589398058E-03
0 0 0 0 6.35233495928376E-03 6.36557068074783E-03 6.37856826674301E-03 6.39135365263144E-03 6.40395153794398E-03 6.41646755989508E-03 6.42882426959406E-03 6.44102337133056E-03 6.45308486481857E-03 6.46513592293355E-03 6.47721012980635E-03 6.48937909448658E-03 6.50149350261485E-03 6.51347436185379E-03 6.52525939012529E-03 6.53694292691805E-03 6.54851714026804E-03 6.56007030772842E-03 6.57149997459836E-03 6.58281395267675E-03 6.5940098258484E-03 6.60521956279581E-03 6.61646074565099E-03 6.6278264941626E-03 6.63918415876862E-03 6.65048046090599E-03 6.66163362746112E-03 6.67272095279158E-03 6.68368495118707E-03 6.69459069018506E-03 6.70531431115386E-03 6.71587935557448E-03 6.72629599356754E-03 6.73677356359457E-03 6.74750949490524E-03 0 0 0 0 6.80331342982411E-03 6.81490225670634E-03 6.82762252732269E-03 6.84085286158075E-03 6.85440648139725E-03 6.86773320395385E-03 6.88062771781294E-03 6.89271243962489E-03 6.90414774331364E-03 6.9151069415149E-03 6.92578761413493E-03 6.93624081400642E-03 6.94655446743206E-03 6.95663676197507E-03 6.96647421591918E-03 6.9760134126968E-03 6.98528818985505E-03 6.99432111542319E-03 7.00318819165597E-03 7.01191129322122E-03
6.29544242194995E-03 6.31000847920814E-03 6.32440094907737E-03 6.33869287462203E-03 6.35233495928376E-03 6.36557068074783E-03 6.37856826674301E-03 6.39135365263144E-03 6.40395153794398E-03 6.41646755989508E-03 6.42882426959406E-03 6.44102337133056E-03 6.45308486481857E-03 6.46513592293355E-03 6.47721012980635E-03 6.48937909448658E-03 6.50149350261485E-03 6.51347436185379E-03 6.52525939012529E-03 6.53694292691805E-03 6.54851714026804E-03 6.56007030772842E-03 6.57149997459836E-03 6.58281395267675E-03 6.5940098258484E-03 6.60521956279581E-03 6.61646074565099E-03 6.6278264941626E-03 6.63918415876862E-03 6.65048046090599E-03 6.66163362746112E-03 6.67272095279158E-03 6.68368495118707E-03 6.69459069018506E-03 6.70531431115386E-03 6.71587935557448E-03 6.72629599356754E-03 6.73677356359457E-03 6.74750949490524E-03 6.76004977712048E-03 6.77098182583651E-03 6.78191226444671E-03 6.79291927830474E-03 6.80331342982411E-03 6.81490225670634E-03 6.82762252732269E-03 6.84085286158075E-03 6.85427386430238E-03 6.86750903661798E-03 6.88036651854721E-03 6.89262453555614E-03 6.90430369039238E-03 6.91552077195031E-03 6.92643236622489E-03 0.006937085239817 6.94756660174458E-03 6.95782205802489E-03 6.96785259470401E-03 0.006977615549883 6.98713395029354E-03 6.9964264602513E-03 7.00555285382373E-03 7.0145304752571E-03
6.29544242194995E-03 6.31000847920814E-03 6.32440094907737E-03 6.33869287462203E-03 6.35262826320194E-03 6.36614497627561E-03 6.37929697027298E-03 6.39219328447529E-03 6.4048875188724E-03 6.41748401730687E-03 6.42991698405026E-03 6.44217731786983E-03 6.45429666910896E-03 6.4663889936551E-03 6.47849789588566E-03 6.49071371939608E-03 6.50287643300327E-03 6.51487768930474E-03 6.52668859330867E-03 6.53839475971089E-03 6.55000066263069E-03 6.56157980068802E-03 6.57304773187881E-03 6.58439714642944E-03 6.5956370404865E-03 6.60687889969846E-03 6.61815276017497E-03 6.62956220992942E-03 6.64097243527139E-03 6.65230352122212E-03 6.66349796107862E-03 6.67461835112792E-03 6.68561871734106E-03 6.69654230608395E-03 6.7072790938763E-03 6.71782254159783E-03 6.72817842317579E-03 6.73850848704543E-03 6.74898060761522E-03 6.76004977712048E-03 6.77098182583651E-03 6.78191226444671E-03 6.79291927830474E-03 6.80414765753165E-03 6.81600846424946E-03 6.82867930766829E-03 6.84177578293996E-03 6.85502463544801E-03 6.86817398846182E-03 6.88108997021976E-03 6.89356994374778E-03 6.90556895190576E-03 6.91713752841271E-03 6.92838476519792E-03 6.9393514847138E-03 6.95012090901985E-03 6.96066004354435E-03 6.9709786976333E-03 6.98104823169728E-03 6.99088652881127E-03 7.0005121210653E-03 7.00997465350399E-03 7.01928814460789E-03
6.29601409137385E-03 6.31071639908789E-03 6.32523101288156E-03 6.33965501564765E-03 6.35378558730064E-03 6.36749726578188E-03 6.38084626063116E-03 6.39392540618025E-03 6.40679213681048E-03 6.41953578603756E-03 6.43211108119899E-03 6.44450567830418E-03 6.45676066233425E-03 6.46896574201204E-03 6.48116424603426E-03 6.49345039920558E-03 6.50567164841987E-03 6.51771606244388E-03 6.52959018386413E-03 6.54135919216227E-03 6.55303665313993E-03 6.56467581462359E-03 6.57622132597001E-03 6.58765664171829E-03 6.59900239671531E-03 6.61033916386856E-03 6.62170173257983E-03 6.63318861552828E-03 6.64467447266523E-03 6.65607126564038E-03 6.66734946822356E-03 6.67854618281702E-03 6.68962574881334E-03 6.7006052021728E-03 6.7114011827689E-03 6.72198562605132E-03 6.73236983551109E-03 6.74266499697691E-03 6.75299860024035E-03 6.76363670823161E-03 6.77438987838347E-03 6.78524383226724E-03 6.79624872529126E-03 6.80759786925627E-03 6.81943161454513E-03 6.83189628599895E-03 6.84476229740824E-03 6.85782985304861E-03 6.87090933823993E-03 6.88389794793883E-03 6.8965995474046E-03 6.90893108487333E-03 6.92088298351054E-03 6.93251911752569E-03 6.94386604072865E-03 6.95499737736043E-03 6.9658903199047E-03 6.97656029360245E-03 6.98699223681713E-03 6.99720270241009E-03 7.0072125201943E-03 7.01706386632437E-03 7.02676864509259E-03
6.29709662311148E-03 6.31206441327065E-03 6.32681906531409E-03 6.34142541774334E-03 6.35574885578128E-03 6.36969766408094E-03 6.38330763981134E-03 6.39664597780394E-03 6.40976214669189E-03 6.42272185801385E-03 6.43550416536391E-03 6.44811280122055E-03 6.46058254659087E-03 6.4729805350881E-03 6.48534282305332E-03 6.49772380679136E-03 6.51001727897925E-03 6.52215416729696E-03 6.53414381267455E-03 6.54603094891324E-03 6.55783098092758E-03 6.56957961432091E-03 6.58124638644586E-03 6.59282738454481E-03 6.60434142992344E-03 6.61584464576019E-03 6.62736764562483E-03 6.63896838831375E-03 6.65055501313625E-03 6.66206863775533E-03 6.67348493793719E-03 6.68481596029827E-03 6.69602941040115E-03 6.70712293637222E-03 6.71803429207746E-03 6.72874269040578E-03 6.73925683103094E-03 6.74965379240952E-03 6.76002986594904E-03 6.7705618429287E-03 6.78121703063237E-03 6.7920180197572E-03 6.80301170886632E-03 6.81434018552685E-03 6.82608222318462E-03 6.83834222523964E-03 6.85098905095239E-03 6.86389896356622E-03 6.87692298523116E-03 6.8899636094089E-03 6.90284536820247E-03 6.91546236812495E-03 6.92776786837135E-03 6.93978324775438E-03 6.95151940174917E-03 0.006963025420602 6.97428838668498E-03 6.98532548489789E-03 6.9961327205738E-03 7.00673112766235E-03 7.0171429116003E-03 7.02740188029066E-03 0.007037518344692
6.29870630642285E-03 0.006314039803708 6.32912893819195E-03 6.34400387240831E-03 6.35860005064368E-03 6.37286673729243E-03 6.38681452983862E-03 6.40048905914066E-03 6.41393108936177E-03 6.42718763329508E-03 6.44026049969684E-03 6.45316463397008E-03 6.4659221625024E-03 6.47858120284218E-03 6.49116724491906E-03 6.50370260397388E-03 6.51613939136406E-03 6.52844289298277E-03 6.54061218802865E-03 6.55267831852176E-03 6.56465918312028E-03 6.57658062262648E-03 6.58843568712003E-03 6.6002291900104E-03 6.61197181925237E-03 6.62370097309929E-03 6.63543868821088E-03 6.64721140506511E-03 6.65897198877174E-03 6.67067936470106E-03 6.68230044387215E-03 6.69382943393512E-03 6.70523868186759E-03 6.71651454858948E-03 6.72761656584746E-03 6.7385290280439E-03 6.7492532643535E-03 6.75984357783051E-03 6.77037299126301E-03 6.78096577921413E-03 6.79165888966135E-03 6.80250570199848E-03 6.81355309382793E-03 6.8249062759093E-03 6.8366268425786E-03 6.84879428124116E-03 6.86133841789327E-03 6.87417520072307E-03 6.88717919328104E-03 6.90026184770076E-03 6.91327788107205E-03 6.92610869059684E-03 6.93869027468679E-03 6.9510127325761E-03 6.96307534648766E-03 6.97490436604286E-03 6.98650048465867E-03 6.99787405638705E-03 7.00903252793957E-03 7.0199954451338E-03 7.03078637404167E-03 7.04143253448378E-03 7.05194842930998E-03
6.30094479371824E-03 6.31673630652551E-03 6.33225595954849E-03 6.34752464083999E-03 6.36251036234868E-03 6.37718574701374E-03 6.39155563434848E-03 6.40565178995245E-03 6.41950586515048E-03 6.43315710618464E-03 6.44661493309382E-03 6.45989641124907E-03 6.47301789063628E-03 6.48601382493557E-03 6.49890009797278E-03 6.5116903693366E-03 6.52436597044474E-03 6.53691374675617E-03 6.54933398941397E-03 6.56165143096229E-03 6.57388467406652E-03 6.58605967989203E-03 6.59818125589582E-03 6.61025779941981E-03 6.6222960214044E-03 6.63432068337865E-03 6.64634508724234E-03 6.65838340813371E-03 6.67040883541068E-03 6.68238974585507E-03 6.69428829777206E-03 6.70608815276294E-03 6.71776210505471E-03 6.72929533976473E-03 6.74065901120465E-03 6.75184081378151E-03 6.76283861718057E-03 6.7736932804123E-03 6.7844633946005E-03 6.79524785428621E-03 6.80610952643717E-03 6.81711820660697E-03 6.82832405467617E-03 6.83981359289744E-03 6.85163887750475E-03 6.86386567305263E-03 6.87644497125995E-03 6.88930910949844E-03 6.90234779906732E-03 6.91548432193943E-03 6.92859289047382E-03 6.94156290076249E-03 6.95432466199344E-03 6.96685331634759E-03 6.97914130049295E-03 6.99120530127752E-03 7.00304987418085E-03 7.01468594777959E-03 7.02612483726291E-03 7.03738672003034E-03 7.0484953735994E-03 7.05947548084357E-03 7.07034187932493E-03
6.30395477536904E-03 6.32030269401477E-03 6.33636005466468E-03 6.35214553754462E-03 6.36764093468653E-03 6.3828297392924E-03 6.39771898934063E-03 6.41233282652142E-03 6.42669585801832E-03 6.44084214766831E-03 6.45478113433615E-03 6.46852873888519E-03 6.48209986622665E-03 6.49552024152641E-03 6.50880010762753E-03 6.52195077088115E-03 6.53496726921806E-03 6.54784947672358E-03 6.56060529305794E-03 6.57325876372541E-03 6.58583018663262E-03 6.59834783745428E-03 6.6108216237409E-03 6.62326148564373E-03 6.6356738038298E-03 6.64807543732263E-03 6.66047332524598E-03 6.67287580303991E-03 6.68526259736497E-03 6.69760263824244E-03 6.7098563220046E-03 6.72200129191637E-03 6.73401059616857E-03 6.74587020356489E-03 6.75755733506001E-03 6.76906197989579E-03 6.78038334788928E-03 6.79155689077446E-03 6.80263503656608E-03 6.81370588297032E-03 6.82484039477456E-03 6.83611388533629E-03 6.84757940357344E-03 6.85931472628307E-03 6.87136228789635E-03 6.88377631478588E-03 6.89650493807808E-03 6.90948343020688E-03 6.92261209907043E-03 6.93582414881118E-03 6.94900792860574E-03 6.96206003936279E-03 6.97491447487682E-03 6.98754711748907E-03 6.9999552502309E-03 7.01215278103815E-03 7.02414876177636E-03 7.03595402109721E-03 7.04758292041549E-03 7.05905789337525E-03 7.07040615662375E-03 7.08164870646918E-03 7.09280042765655E-03
6.30792159190179E-03 6.32493395591457E-03 6.34164341218169E-03 6.35806532800781E-03 6.37418874492314E-03 6.39000426600115E-03 6.4055210104808E-03 6.42075784870325E-03 6.43573488140666E-03 6.45047855333046E-03 6.46499816711394E-03 6.47930938043715E-03 6.49342619443603E-03 6.50736781836341E-03 6.52114174202903E-03 6.5347578248829E-03 6.54821887706237E-03 6.56153502608177E-03 6.57472233994595E-03 6.58780652935284E-03 6.60081093774418E-03 6.61376565710316E-03 6.62668352582317E-03 6.63957640432865E-03 6.65245131409507E-03 6.66532004468267E-03 6.67818400831025E-03 6.69104876531608E-03 6.70389130566419E-03 6.71667499147499E-03 6.72935795731228E-03 6.74191553027828E-03 6.75432079857615E-03 6.76656178075797E-03 6.77861927908679E-03 6.79048592170076E-03 6.80216624225859E-03 6.81369762351114E-03 6.82513221583082E-03 6.83655488802828E-03 6.84803733078182E-03 6.85965190584839E-03 6.87145183392392E-03 6.88350945068287E-03 6.89585968920186E-03 6.90853379216129E-03 6.9214685498272E-03 6.93460173031547E-03 6.94784323197543E-03 6.96113036258646E-03 6.97435895779236E-03 6.98743962760437E-03 7.00031531623182E-03 7.01297115897607E-03 7.02541226427169E-03 7.03765441483021E-03 7.04971202830351E-03 0.007061597699685 7.07333041564434E-03 7.08493815428466E-03 7.09645009819485E-03 7.10788302573017E-03 7.11925053016575E-03
6.31305761399095E-03 6.33084859600811E-03 6.34832757823857E-03 6.36550536492199E-03 6.38237693616105E-03 6.39893696384583E-03 6.41519489320137E-03 6.43116437325213E-03 6.4468618887731E-03 6.46230675751235E-03 6.47751038489294E-03 6.49248711375643E-03 6.50724959265046E-03 6.52181218340241E-03 6.53618226932826E-03 6.55036818557625E-03 6.56437940834324E-03 6.57823364758629E-03 6.59195368119052E-03 6.60556791080239E-03 6.61910340074689E-03 6.63259186086414E-03 6.64604875985873E-03 6.65948737992501E-03 6.67291556748756E-03 6.68634221849891E-03 6.69976359296964E-03 6.71318128066171E-03 6.72656127932378E-03 6.73985857598529E-03 6.75302950829418E-03 6.76604967728498E-03 6.77889199652968E-03 6.79154725593927E-03 6.80399859035097E-03 6.81624426652267E-03 6.82829918412674E-03 6.84020779647006E-03 6.85202373509187E-03 6.86383277542366E-03 6.8757004167514E-03 6.88769230103633E-03 6.89985842896541E-03 6.91226405335831E-03 6.92492918754068E-03 6.93786521549241E-03 6.95100677068862E-03 6.96428656757052E-03 6.97762410644667E-03 6.99095969413431E-03 7.0042051039124E-03 7.0172749490262E-03 7.03012655703105E-03 7.04275409577454E-03 7.05517081634036E-03 7.06739487474913E-03 7.0794510080842E-03 7.09135323061232E-03 7.1031319250094E-03 7.11481745429022E-03 7.12643805425515E-03 7.13800422654183E-03 7.14953229904813E-03
6.3196341873317E-03 6.33832572158846E-03 6.35669759556861E-03 6.37475511442804E-03 6.39249721499128E-03 6.40992296459536E-03 6.42704022019386E-03 6.44385736919429E-03 6.46038675969479E-03 6.47664246800909E-03 6.49263637578172E-03 6.50838206699389E-03 6.52389149759165E-03 6.53917595649983E-03 6.55424317032275E-03 6.56910109605892E-03 6.58376496569707E-03 6.59825999743762E-03 6.61261444447722E-03 6.62685922048107E-03 6.64102428904793E-03 6.65514099766659E-03 6.66922650468794E-03 6.68329714237165E-03 6.69736175985322E-03 6.71142655791635E-03 6.72548302400465E-03 6.73952330814507E-03 6.75349801447278E-03 6.76735475679393E-03 6.78104801359311E-03 6.79455347324326E-03 6.80784689336352E-03 6.82092082520015E-03 6.83376235901821E-03 6.84638215843168E-03 6.85880771391176E-03 6.87109178276236E-03 6.88329248138186E-03 6.89549333851141E-03 6.90774988240093E-03 6.9201213882387E-03 6.93265112568389E-03 6.94539090865476E-03 6.95834551012763E-03 6.97150682130139E-03 6.98480720434517E-03 6.99818448099412E-03 7.01156933477026E-03 7.02490484603058E-03 7.03811326795481E-03 7.05112385848254E-03 7.06390927247321E-03 7.07646914976339E-03 7.08882283193623E-03 7.10099332268482E-03 7.11301172289388E-03 7.12489855190163E-03 7.13669467729349E-03 7.14842631727502E-03 7.16011784357496E-03 7.17177744618327E-03 7.18342316054695E-03
6.32797419818695E-03 6.34769410141876E-03 6.36708713180351E-03 6.38615263170479E-03 6.40489400864142E-03 6.4233123122617E-03 6.44141156805704E-03 6.45919436643489E-03 6.4766692690234E-03 6.49384572954339E-03 6.51073600454629E-03 6.52735290716303E-03 6.54370888646778E-03 6.55981297869158E-03 6.57567512099764E-03 6.59130317003064E-03 6.60671932790393E-03 6.62195549740957E-03 6.63704325590641E-03 6.65201396595036E-03 6.66689820885672E-03 6.68172720127759E-03 6.69652095864904E-03 6.7112970979524E-03 6.7260633606318E-03 6.74082319995077E-03 6.7555605957956E-03 6.77026030661523E-03 6.78485792886453E-03 6.79928832205835E-03 6.81350094069892E-03 6.82747699211995E-03 6.84119891367849E-03 6.85466462645893E-03 6.86787313282289E-03 6.88084490837034E-03 6.89361589777752E-03 6.90624891077295E-03 6.91880510476756E-03 6.93137012563098E-03 6.94399156166541E-03 6.95671382901067E-03 6.96956455402685E-03 6.98258385307478E-03 6.99576753483536E-03 7.00908692267937E-03 7.02248256539392E-03 7.03589507858639E-03 7.04926941600451E-03 7.06255134561511E-03 7.07568229737286E-03 7.08859694541969E-03 7.10128008039459E-03 7.11374272309613E-03 7.12601697760828E-03 7.13812611152094E-03 7.15010455012006E-03 7.16197472858447E-03 7.17377633516792E-03 7.18553566263177E-03 7.19727919884467E-03 7.20901101875029E-03 7.22074704002354E-03
6.33847660921665E-03 6.35936063592568E-03 6.3799094907985E-03 6.40011853240288E-03 6.4199928009225E-03 6.43953315212853E-03 6.4587384299996E-03 6.4776056041187E-03 0.006496139744531 6.5143465712822E-03 6.53223833726677E-03 6.5498279688275E-03 6.56712782980782E-03 6.58414641320847E-03 6.60089647129255E-03 6.61738846554388E-03 6.63365220362322E-03 6.64972470274136E-03 6.66563766833048E-03 6.68142082041761E-03 6.69710412966893E-03 6.71271788283968E-03 6.72828281665243E-03 6.74381649965487E-03 6.75932479562873E-03 6.77480902693889E-03 6.7902453063973E-03 6.80560806697381E-03 6.8208113348719E-03 6.83578092288558E-03 6.85047015935379E-03 0.006864871333595 6.87897324964616E-03 6.89278292479778E-03 6.90631048134709E-03 6.91958681871489E-03 6.9326568772609E-03 6.94559383801959E-03 6.95846047199889E-03 6.97134192211268E-03 6.98427019622654E-03 6.99727520536741E-03 7.01037178124887E-03 7.02359152004727E-03 7.0369181285548E-03 7.05031117157257E-03 7.06372157164167E-03 7.07709795225279E-03 7.0903994716598E-03 7.10357492254404E-03 7.11658172660244E-03 7.12936179035919E-03 7.14191789985518E-03 7.15427102591865E-03 7.16646251285072E-03 7.17851170322389E-03 7.19045501426774E-03 7.20231331318293E-03 7.21412260763772E-03 7.22590593736386E-03 7.23769101188735E-03 7.24947747157213E-03 7.26127979829465E-03
6.35161848279717E-03 6.37380992150981E-03 6.39565598180842E-03 6.4171495585629E-03 6.43829485166836E-03 6.45908852564555E-03 6.4795230765236E-03 6.49959064912268E-03 6.5192940738685E-03 6.53863680402699E-03 6.55763187029175E-03 6.57629185730908E-03 6.59462873142942E-03 6.61265130138418E-03 6.6303771252318E-03 6.64782117643632E-03 6.66502042619768E-03 6.68201427940501E-03 6.69883068097979E-03 6.7154966099561E-03 6.73204030997639E-03 6.74849018947883E-03 6.76486466736904E-03 6.7811784884607E-03 6.79743459643836E-03 6.8136341440055E-03 6.82974394351695E-03 6.84572220638805E-03 6.86145835147038E-03 6.87688461360789E-03 6.89197328833949E-03 6.9067298799292E-03 6.92114729572608E-03 6.93523851548152E-03 6.94902041395322E-03 6.96253579669745E-03 6.97584136273778E-03 6.98901896619338E-03 7.0021274154548E-03 7.01524788792906E-03 7.02838952103079E-03 7.04157507933471E-03 7.05481872287383E-03 7.06814513539016E-03 7.08152780925866E-03 7.09491329003409E-03 7.1082675161785E-03 7.12154812043255E-03 7.13473019461512E-03 7.14776018104075E-03 7.16061235472842E-03 7.17323432199292E-03 7.18565513337471E-03 7.19790215788258E-03 7.21001607395893E-03 0.007222007992922 7.23391828025284E-03 7.24576487921606E-03 7.25758212099114E-03 7.26938621678684E-03 7.28120116662387E-03 7.29302078145493E-03 7.30486162225229E-03
6.36795468903219E-03 6.3916029397224E-03 6.41489015580296E-03 6.43781199054627E-03 6.46036674101678E-03 6.48254096618969E-03 6.50432166977085E-03 6.52569943880022E-03 6.54667524177033E-03 6.56725331311821E-03 6.58744675277762E-03 6.60726681097764E-03 6.62672511692248E-03 6.64583381454205E-03 6.6646136355804E-03 6.68309040431953E-03 6.70130527409645E-03 6.7192912950889E-03 6.73707047749161E-03 6.7546695602627E-03 6.77211368026352E-03 6.78942729978638E-03 6.80662285461492E-03 6.82370739263903E-03 6.84067973112961E-03 6.85754126412161E-03 6.87425616096748E-03 6.89074591166237E-03 6.90689356526801E-03 6.92266712732371E-03 6.93806219014177E-03 6.95308731964322E-03 6.96773747359601E-03 6.98203053490889E-03 6.9959893262833E-03 7.00966908933204E-03 7.02313556507263E-03 7.03647059334144E-03 7.04973283095979E-03 7.06298152618313E-03 7.07621042727677E-03 7.08945438312697E-03 7.10273410299454E-03 7.11605980052214E-03 7.12939260443777E-03 7.14268490245554E-03 7.15591699924996E-03 7.16905466775414E-03 7.18208036507107E-03 7.19493965134537E-03 7.20761605940127E-03 7.22007680759074E-03 7.23237507007251E-03 7.24452794842778E-03 7.25656771293182E-03 7.2685025425986E-03 7.28037699383992E-03 7.2922043195611E-03 7.30401834963333E-03 7.31582636485959E-03 7.32764615963007E-03 7.33946946268183E-03 7.35131399098865E-03
