NongDo/Fusa 11.1h.grd
DSAA
463	323
2	464
2	324
0	10
[rows 56 to 83 of 323, columns 256 to 319 of 463]
0 0 0 0 0 0 0 0 0 0 0 0 0 0 0 0 0 0 0 0 0 0 0 0 0 0 0 0 0 0 0 0 0 0 0 0 0 0 0 0 0 0 0 0 0 0 0 0 0 0 0 0 0 0 0 0 0 0 0 0 0 0 0 0
0 0 0 0 0 0 0 0 0 0 0 0 0 0 0 0 0 0 0 0 0 0 0 0 0 0 0 0 0 0 0 0 0 0 0 0 0 0 0 0 0 0 0 0 0 0 0 0 0 0 0 0 0 0 0 0 0 0 0 0 0 0 0 0
0 0 0 0 0 0 0 0 0 0 0 0 0 0 0 0 0 0 0 0 0 0 0 0 0 0 0 0 0 0 0 0 0 0 0 0 0 0 0 0 0 0 0 0 0 0 0 0 0 0 0 0 0 0 0 0 0 0 0 0 0 0 0 0
0 0 0 0 0 0 0 0 0 0 0 0 0 0 0 0 0 0 0 0 0 0 0 0 0 0 0 0 0 0 0 0 0 0 0 0 0 0 0 0 0 0 0 0 0 0 0 0 0 0 0 0 0 0 0 0 0 0 0 0 0 0 0 0
0 0 0 0 0 0 0 0 0 0 0 0 0 0 0 0 0 0 0 0 0 0 0 0 0 0 0 0 0 0 0 0 0 0 0 0 0 0 0 0 0 0 0 0 0 0 0 0 0 0 0 0 0 0 0 0 0 0 0 0 0 0 0 0
0 0 0 0 0 0 0 0 0 0 0 0 0 0 0 0 0 0 0 0 0 0 0 0 0 0 0 0 0 0 0 0 0 0 0 0 0 0 0 0 0 0 0 0 0 0 0 0 0 0 0 0 0 0 0 0 0 0 0 0 0 0 0 0
0 0 0 0 0 0 0 0 0 0 0 0 0 0 0 0 0 0 0 0 0 0 0 0 0 0 0 0 0 0 0 0 0 0 0 0 0 0 0 0 0 0 0 0 0 0 0 0 0 0 0 0 0 0 0 0 0 0 0 0 0 0 0 0
0 0 0 0 0 0 0 0 0 0 0 0 0 0 0 0 0 0 0 0 0 0 0 0 0 0 0 0 0 0 0 0 0 0 0 0 0 0 0 0 0 0 0 0 0 0 0 0 0 0 0 0 0 0 0 0 0 0 0 0 0 0 6.13502512250874E-07 5.20628089572449E-07
0 0 0 0 0 0 0 0 0 0 0 0 0 0 0 0 0 0 0 0 0 0 0 0 0 0 0 0 0 0 0 0 0 0 0 0 0 0 0 0 0 0 0 0 0 0 0 0 0 0 0 0 0 0 0 0 0 0 1.11144266926036E-06 9.67669751377953E-07 8.64811080532577E-07 7.75140575520013E-07 6.13502512250874E-07 5.20628089572449E-07
0 0 0 0 0 0 0 0 0 0 0 0 0 0 0 0 0 0 0 0 0 0 0 0 0 0 0 0 0 0 0 0 0 0 0 0 0 0 0 0 0 0 0 0 0 0 0 0 0 0 0 0 0 0 1.88643872639842E-06 1.66246877041963E-06 1.50528391520435E-06 1.36941512278564E-06 1.11144266926036E-06 9.67669751377953E-07 8.64811080532577E-07 7.75140575520013E-07 6.8132572882559E-07 6.0271721468352E-07
0 0 0 0 0 0 0 0 0 0 0 0 0 0 0 0 0 0 0 0 0 0 0 0 0 0 0 0 0 0 0 0 0 0 0 0 0 0 0 0 0 0 0 0 0 0 0 0 0 0 0 2.8446463911124E-06 2.53675260329382E-06 2.30113739032276E-06 1.88643872639842E-06 1.66246877041963E-06 1.50528391520435E-06 1.36941512278564E-06 1.22566392106087E-06 1.10630464665874E-06 1.00632811117567E-06 9.16242116018344E-07 8.31077041106697E-07 7.52327580603648E-07
0 0 0 0 0 0 0 0 0 0 0 0 0 0 0 0 0 0 0 0 0 0 0 0 0 0 0 0 0 0 0 0 0 0 0 0 0 0 0 0 0 0 0 0 0 4.93309649672282E-06 4.41245455305861E-06 4.08011868643162E-06 3.83126456035678E-06 3.61234639415808E-06 3.38891511390362E-06 2.8446463911124E-06 2.53675260329382E-06 2.30113739032276E-06 2.06981938407649E-06 1.88646919476646E-06 1.73643063345908E-06 1.60289367257648E-06 1.47707070827296E-06 1.36056992831839E-06 1.25351830810828E-06 1.15368747319676E-06 1.05986838430628E-06 9.71046792344402E-07
0 0 0 0 0 0 0 0 0 0 0 0 0 0 0 0 0 0 0 0 0 0 0 0 0 0 0 0 0 0 0 0 0 0 0 0 0 0 0 0 0 0 0 6.67118344922696E-06 5.95405584484367E-06 4.93309649672282E-06 4.41245455305861E-06 4.08011868643162E-06 3.83126456035678E-06 3.61234639415808E-06 3.38891511390362E-06 3.11287327530591E-06 2.87317519945174E-06 2.66140360445255E-06 2.46620826898361E-06 2.2915311352501E-06 2.13470082686583E-06 1.9897175437231E-06 1.85323517662562E-06 1.72362511465127E-06 1.60075250375161E-06 1.48387267712597E-06 1.37283245857274E-06 1.26717067800551E-06
1.24390337173026E-05 1.2180809613964E-05 1.21529515547E-05 1.22157219830773E-05 1.23113886648382E-05 1.2414145997653E-05 1.25105021965932E-05 1.25940289449492E-05 1.26615310190934E-05 1.27112206238122E-05 1.27408382091013E-05 1.27493532656067E-05 1.27367051447971E-05 1.27020112403722E-05 1.26459682413659E-05 1.25703375418833E-05 1.24781595442357E-05 1.23710529785118E-05 1.22533200015663E-05 1.21277188752584E-05 1.19970640182334E-05 1.18610990530267E-05 1.17203522789765E-05 1.15737595951323E-05 1.14236615290683E-05 1.1268621486707E-05 1.11080085499487E-05 1.09394635180067E-05 1.07642125616485E-05 1.05817905797635E-05 1.03992219639644E-05 1.02269314825069E-05 1.0091575948958E-05 1.00537268691864E-05 1.02682461311802E-05 0 0 0 0 9.62433014143922E-06 8.93304408961755E-06 8.39533713387675E-06 7.88237942422415E-06 6.67118344922696E-06 5.95405584484367E-06 5.35785814028786E-06 4.93612844955271E-06 4.62464873599526E-06 4.37307032970007E-06 4.14707382136778E-06 3.92643249267635E-06 3.69752371652276E-06 3.47605576311665E-06 3.26466593970127E-06 3.06422160283448E-06 2.87537012361097E-06 2.69781950108626E-06 2.52931590308286E-06 2.36877488468584E-06 2.21490048642026E-06 2.06754067778675E-06 1.92616043093546E-06 1.79086641191237E-06 1.66162445954813E-06
1.24390337173026E-05 1.2180809613964E-05 1.21529515547E-05 1.22157219830773E-05 1.23113886648382E-05 1.2414145997653E-05 1.25105021965932E-05 1.25940289449492E-05 1.26615310190934E-05 1.27112206238122E-05 1.27408382091013E-05 1.27493532656067E-05 1.27367051447971E-05 1.27020112403722E-05 1.26459682413659E-05 1.25703375418833E-05 1.24781595442357E-05 1.23710529785118E-05 1.22533200015663E-05 1.21277188752584E-05 1.19970640182334E-05 1.18610990530267E-05 1.17203522789765E-05 1.15737595951323E-05 1.14236615290683E-05 1.1268621486707E-05 1.11080085499487E-05 1.09394635180067E-05 1.07642125616485E-05 1.05817905797635E-05 1.03992219639644E-05 1.02269314825069E-05 1.0091575948958E-05 1.00537268691864E-05 1.02682461311802E-05 1.12895741012453E-05 1.12481617429275E-05 1.10945273888542E-05 1.0830021825548E-05 9.62433014143922E-06 8.93304408961755E-06 8.39533713387675E-06 7.88237942422415E-06 7.26355297334118E-06 6.72991175117306E-06 6.26888113223614E-06 5.89069014570236E-06 5.57765582103752E-06 5.30658547168435E-06 5.05676471316328E-06 4.81530019573374E-06 4.57398273924339E-06 4.33555749185914E-06 4.10143911756052E-06 3.87424866833432E-06 3.65498109480732E-06 3.44427590976172E-06 3.24142826896308E-06 3.04642934869593E-06 2.85853013898057E-06 2.6776651932901E-06 2.50351083420923E-06 2.33621558957221E-06 2.17595021462569E-06
1.33085308217123E-05 1.33325307186633E-05 1.34215085759542E-05 1.35447276566757E-05 1.36786837575219E-05 1.38085928785362E-05 1.39249552338706E-05 1.4024663231589E-05 1.41071159719723E-05 1.41708395967265E-05 1.42117111603362E-05 1.42269047628937E-05 1.42157426161252E-05 1.41776423024718E-05 1.41151519186562E-05 1.40321347343904E-05 1.39320468363112E-05 1.3815799741793E-05 1.36869660530601E-05 1.35505007506594E-05 1.34107659414766E-05 1.32679103331239E-05 1.31204124513387E-05 1.29655550908145E-05 1.28047844008253E-05 1.26369104921969E-05 1.24617003558439E-05 1.22777527542661E-05 1.20855635699099E-05 1.18834754619742E-05 1.16759834372949E-05 1.14719107415186E-05 1.12891171357713E-05 1.11595184341976E-05 1.11418245445171E-05 1.12895741012453E-05 1.12481617429275E-05 1.10945273888542E-05 1.0830021825548E-05 1.03511247005184E-05 9.89142309616631E-06 9.44469599170313E-06 8.99056634260696E-06 8.51431413259865E-06 8.057312820454E-06 7.6329248831571E-06 7.25252052750044E-06 6.91390062352546E-06 6.60667475999995E-06 6.31689766444138E-06 6.03543739512807E-06 5.75538715989415E-06 5.4769385870688E-06 5.20072567296826E-06 4.92933677148253E-06 4.66448744269989E-06 4.4074196278692E-06 4.15821245683666E-06 3.91738852801174E-06 3.68463775353814E-06 3.45984840265686E-06 3.24300145518977E-06 3.03427749779694E-06 2.83389726584971E-06
1.51552953341607E-05 1.53556345818862E-05 1.55535400668116E-05 1.57503767139559E-05 1.59391269858357E-05 1.61118452855132E-05 1.62621365961569E-05 1.6390085386035E-05 1.64984231277111E-05 1.65870564884505E-05 1.66502362190259E-05 1.6679434284588E-05 1.66690359027522E-05 1.66225463197445E-05 1.65483468751545E-05 1.64528417463386E-05 1.6339158686137E-05 1.62080786122456E-05 1.60627180929459E-05 1.59095812868876E-05 1.57551094446323E-05 1.56012372182046E-05 1.54449662944077E-05 1.5278959624504E-05 1.50997956060011E-05 1.49081946945139E-05 1.47068961120032E-05 1.4496115500609E-05 1.42749931609085E-05 1.40414063314549E-05 1.37977896622766E-05 1.35516241505086E-05 1.33154992268537E-05 1.31065255940684E-05 1.29465063310098E-05 1.28382117737314E-05 1.26922825636878E-05 1.24952004377591E-05 1.2241910998609E-05 1.19172217999031E-05 1.15582158431709E-05 1.11683525169421E-05 1.07504161919785E-05 1.03117713258897E-05 9.87182652643224E-06 9.44241047680774E-06 9.03532203217473E-06 8.65346225026466E-06 8.29319056943662E-06 7.94650157998169E-06 7.60692620526316E-06 7.26877553375232E-06 6.93146624232962E-06 6.59544442793565E-06 6.26328510555738E-06 5.93729414161196E-06 5.61927652904826E-06 5.31004716715389E-06 5.01030894823499E-06 4.72028512661123E-06 4.43980965808975E-06 4.16894148808978E-06 3.90777796076537E-06 3.6566994256286E-06
1.78474711656006E-05 1.8170559760845E-05 1.84681136285034E-05 1.8746020840737E-05 1.900285043982E-05 1.92323334635085E-05 1.94285512199937E-05 1.95952348388284E-05 1.97378942474743E-05 1.98567056747426E-05 1.99469040520138E-05 1.99938149156148E-05 1.99855554951205E-05 1.99322633096601E-05 1.98482260195125E-05 1.97400888097951E-05 1.96114655520097E-05 1.94628749502199E-05 1.92964660208454E-05 1.91211684955202E-05 1.89458552400271E-05 1.87730577070668E-05 1.86007436877615E-05 1.84167654078974E-05 1.82110259113735E-05 1.79879639406514E-05 1.77537698386459E-05 1.75081117462124E-05 1.72494532279534E-05 1.69751834539407E-05 1.66858262145767E-05 1.63893133258114E-05 1.60968403030831E-05 1.58187303185554E-05 1.55657222965127E-05 1.53343374145879E-05 1.50941373221998E-05 1.48337443131921E-05 1.45497753218327E-05 1.42353625333663E-05 1.38917159680591E-05 1.35126050359336E-05 1.30978642477667E-05 1.26564817785131E-05 1.22021971004913E-05 1.17428891041978E-05 1.1288467624392E-05 1.08456773652568E-05 1.04151425447107E-05 9.99325937155252E-06 9.57648002291181E-06 9.16047919812654E-06 8.74419808052861E-06 8.3290439198034E-06 7.91735076764402E-06 7.5123937170754E-06 7.11660755386274E-06 6.7313596764713E-06 6.35729823104118E-06 5.99530059190971E-06 5.64512799889045E-06 5.30688143994854E-06 4.98054556149668E-06 4.66648440071224E-06
2.13813705662086E-05 2.18300591600506E-05 2.22375755032419E-05 2.26101073721475E-05 2.29481265233434E-05 2.32487243919187E-05 2.35087363271921E-05 2.37298932917312E-05 2.39154072497967E-05 2.40656705000865E-05 2.41762435980512E-05 2.42375060484059E-05 2.42417425523961E-05 2.41942833558113E-05 2.41064888437346E-05 2.39868128425588E-05 2.38406654030852E-05 2.36715523095566E-05 2.34835754687374E-05 2.32839672736422E-05 2.3080240829153E-05 2.28757101460037E-05 2.26685918037764E-05 2.24509565808754E-05 2.22142019016404E-05 2.19575575261668E-05 2.16839146440086E-05 2.13935375254864E-05 2.10854582706806E-05 2.07587129114955E-05 2.04144998151707E-05 2.00583903086197E-05 1.96990496408507E-05 1.93446295558426E-05 1.90019372271854E-05 1.86710688459935E-05 1.8341087250971E-05 1.80048533806752E-05 1.76593225071407E-05 1.72995080513422E-05 1.69197417750629E-05 1.65116373323702E-05 1.60710750969592E-05 1.55996928074456E-05 1.5104490900694E-05 1.45915523206448E-05 1.40695711197806E-05 1.35463156491828E-05 1.30249321138922E-05 1.25058623159878E-05 1.19880627266584E-05 1.14707019995893E-05 1.09533756937608E-05 1.04381960085326E-05 9.92733549427523E-06 9.42419897245486E-06 8.93152616666823E-06 8.45189412330778E-06 7.98622103390867E-06 7.53580451160796E-06 7.10029781842122E-06 6.67972299981728E-06 6.27388226768262E-06 5.88313519956531E-06
2.59288830284246E-05 2.6521957415558E-05 2.70614737434106E-05 2.75518621928114E-05 2.79941386917358E-05 2.83872902763813E-05 2.87295948737864E-05 2.90208558139008E-05 2.92619098801172E-05 2.94528703480786E-05 2.95908352873667E-05 2.96711667620161E-05 2.96904437228699E-05 2.96515940596136E-05 2.95626317554728E-05 2.94321773048702E-05 2.9267335487363E-05 2.90743143105316E-05 2.88594146409622E-05 2.86289466408943E-05 2.83888674070814E-05 2.81425102919821E-05 2.78893311125481E-05 2.76247568242933E-05 2.73428396465351E-05 2.70396720256387E-05 2.67138195692027E-05 2.63642535291082E-05 2.59905054156533E-05 2.55930300705401E-05 2.51743635535195E-05 2.47390048437663E-05 2.42937375540643E-05 2.38456298554697E-05 2.34011244653521E-05 2.2962942689926E-05 2.25292922346191E-05 2.20965860840276E-05 2.16621046701894E-05 2.12212571056869E-05 2.07679557815424E-05 2.02928618332687E-05 1.97890457022804E-05 1.92525708455019E-05 1.86841108491666E-05 1.80869802165579E-05 1.74680996757614E-05 1.68365353740701E-05 1.61974243739723E-05 1.55539639713957E-05 1.49078351170738E-05 1.42613577322448E-05 1.3615784809817E-05 1.29743495765174E-05 1.23393997259361E-05 1.1714416382404E-05 1.11023424567654E-05 1.05066624110721E-05 9.92873968797479E-06 9.37033687582435E-06 8.83107770751062E-06 8.31076181279258E-06 7.80894587785886E-06 7.32583203517833E-06
3.17173983389877E-05 3.24871707679915E-05 3.31910284256092E-05 3.38315152795501E-05 3.44088949994049E-05 3.49221593983987E-05 3.53692256850858E-05 3.57493725122119E-05 3.60627468353848E-05 3.63094393162538E-05 3.64878776913072E-05 3.65962767544563E-05 3.66339230757645E-05 3.66041178854092E-05 3.65140133733233E-05 3.63722351287868E-05 3.61868320502754E-05 3.59654644658827E-05 3.57157802718231E-05 3.54446480198957E-05 3.51577974195976E-05 3.4858596580354E-05 3.45472012154103E-05 3.42207685037609E-05 3.38752082773314E-05 3.35051149951317E-05 3.31059406953494E-05 3.267480676622E-05 3.22112274871122E-05 3.17163143764662E-05 3.1193762307907E-05 3.0648558655647E-05 3.00871276940506E-05 2.95166218595856E-05 2.89440377756295E-05 2.8373897488187E-05 2.78090534594337E-05 2.72490211450758E-05 2.66915554543824E-05 2.61324351581304E-05 2.55654657209645E-05 2.49811950100089E-05 2.43697675748523E-05 2.37241657192102E-05 2.30409075090268E-05 2.23209744810313E-05 2.1569482245726E-05 2.07951919900104E-05 2.00044481702506E-05 1.9203435692722E-05 1.83966588460199E-05 1.75893376373927E-05 1.67845684098785E-05 1.59868561984557E-05 1.51988593599277E-05 1.44245168131659E-05 1.36671086985205E-05 1.29307293814557E-05 1.22170854579906E-05 1.15283426015166E-05 1.08640782590303E-05 1.02240052336988E-05 9.60736711706535E-06 9.01408395291972E-06
3.90515597856757E-05 4.00436502579377E-05 4.0955242493787E-05 4.17869867182889E-05 4.25380826049594E-05 4.32059495327726E-05 4.37872220968439E-05 4.42815336593334E-05 4.46894269472416E-05 4.50110326341567E-05 4.52455612226228E-05 4.53930708941134E-05 4.54545427416756E-05 4.54350616468711E-05 4.53429244620193E-05 4.51871688179187E-05 4.49765316013191E-05 4.47194699022016E-05 4.44243828746854E-05 4.40994427797058E-05 4.37513544707235E-05 4.33837691566458E-05 4.29969426772809E-05 4.25885830229685E-05 4.21551750706394E-05 4.16898106837881E-05 4.11859306651108E-05 4.06393428995485E-05 4.00494880807662E-05 3.94180509114483E-05 3.87498968577037E-05 3.80514194165209E-05 3.7330383883452E-05 3.6595375153194E-05 3.58547084068468E-05 3.51138727240133E-05 3.43782158158247E-05 3.36488579408845E-05 3.29240455130426E-05 3.21997601521711E-05 3.14701768126504E-05 3.07251166565538E-05 2.99513445320403E-05 2.9141526062913E-05 2.82902785220623E-05 2.73974207799748E-05 2.64653945041687E-05 2.55040627668879E-05 2.45203431218688E-05 2.35225650977241E-05 2.2517548189117E-05 2.15129332673749E-05 2.05134967114144E-05 1.9525382691074E-05 1.85517171973405E-05 1.75970418742289E-05 1.66649457707249E-05 1.57599212097543E-05 1.48838394063913E-05 1.40393493217156E-05 1.32261562498433E-05 1.24437077524495E-05 1.16908984877678E-05 1.09672625170059E-05
4.82925934933808E-05 4.95684626731418E-05 5.07440169571568E-05 5.18182367462832E-05 5.27887251963373E-05 5.36521632643231E-05 5.44048804019637E-05 5.50458153703571E-05 5.55752787328452E-05 5.59941260692519E-05 5.63027045327427E-05 5.65025863767276E-05 5.65964129303441E-05 5.65907898906497E-05 5.6495466004528E-05 5.63209062356429E-05 5.60767940616293E-05 5.57725300617587E-05 5.54172708595113E-05 5.50202572776094E-05 5.45896478478947E-05 5.41303294557748E-05 5.3642739749307E-05 5.31238175910663E-05 5.25681671846688E-05 5.19670724965151E-05 5.13133058393818E-05 5.06024776717244E-05 4.9834353051084E-05 4.90115615446529E-05 4.81400911456247E-05 4.72289173535381E-05 4.6289092823907E-05 4.53320398967239E-05 4.43675236809133E-05 4.34018726760555E-05 4.2440686421716E-05 4.14857068958161E-05 4.05352245950655E-05 3.95851285326325E-05 3.86283136504503E-05 3.76564566077765E-05 3.66551329998058E-05 3.56164317511063E-05 3.45339559995694E-05 3.340848061403E-05 3.22414843764239E-05 3.10425192019238E-05 2.98188931279202E-05 2.85802152258177E-05 2.7334650356251E-05 2.60918817288658E-05 2.48583591759384E-05 2.36419670803853E-05 2.24468640906682E-05 2.12779349549899E-05 2.01386626745416E-05 1.90337366549969E-05 1.79653798697033E-05 1.69365515936771E-05 1.59470787171354E-05 1.49963809396892E-05 1.4082931186698E-05 1.32058896591531E-05
5.99094877675667E-05 6.15456540605585E-05 6.30562849596196E-05 6.44378451082991E-05 6.56861979588607E-05 6.67968900611253E-05 6.77658869061262E-05 6.85916556157295E-05 6.92744894680384E-05 6.98159760495231E-05 7.02178387904519E-05 7.04834469132373E-05 7.06172200944912E-05 7.06277346863347E-05 7.0526494951348E-05 7.03251944802774E-05 7.0034843795042E-05 6.96651974912611E-05 6.92257997239372E-05 6.87277795277436E-05 6.81813453233316E-05 6.75928542034157E-05 6.69636699988754E-05 6.62893940264219E-05 6.55600441009375E-05 6.47651224650667E-05 6.38977276541055E-05 6.29540836374229E-05 6.19354719599552E-05 6.08466634407484E-05 5.96947531369942E-05 5.8493149539761E-05 5.72575921031566E-05 5.60030139314329E-05 5.4741424495537E-05 5.34797013745192E-05 5.2221753561498E-05 5.09694102178227E-05 4.97206754551616E-05 4.84705154683973E-05 4.72105684164924E-05 4.59343390008845E-05 4.46273535084956E-05 4.32832071459848E-05 4.18962081412851E-05 4.0468286425406E-05 3.90001878028475E-05 3.75023214616306E-05 3.5982845998804E-05 3.4451504445643E-05 3.29168739368453E-05 3.13900413182588E-05 2.98787141637747E-05 2.83919629599766E-05 2.69356452865926E-05 2.55144226654052E-05 2.41313224284592E-05 2.27911659055201E-05 2.14966720975722E-05 2.02509885752619E-05 1.90544360809161E-05 1.79061476462901E-05 1.68041838530673E-05 1.57474593880766E-05
7.44626419112756E-05 7.65556353351729E-05 7.84898306536395E-05 8.02585314147211E-05 8.18554657940894E-05 8.32750492655998E-05 8.45128922909718E-05 8.55673610642324E-05 8.6439073201875E-05 8.71305103547859E-05 8.76454166247936E-05 8.7989502009316E-05 8.81698928079594E-05 8.81972489628865E-05 8.80840529703772E-05 8.78423243169588E-05 8.74834929121115E-05 8.70187828534994E-05 8.64591284470432E-05 8.58167620482302E-05 8.51031361961341E-05 8.43267347923233E-05 8.34898502572517E-05 8.2590151811001E-05 8.16133747588904E-05 8.05436394111015E-05 7.93731528976739E-05 7.81018681945328E-05 7.67346051340562E-05 7.52808985220145E-05 7.37517261009813E-05 7.21634307809747E-05 7.05351407652933E-05 6.88866143281188E-05 6.723211483102E-05 6.55816576112214E-05 6.39378883626501E-05 6.22996191117416E-05 6.06621125548121E-05 5.90208390089449E-05 5.73673863388974E-05 5.56970510631808E-05 5.39972879637382E-05 5.22630522851781E-05 5.04900662396752E-05 4.8682418456661E-05 4.68418654964901E-05 4.49778629272571E-05 4.30985599173321E-05 4.12150727120349E-05 3.93369753857951E-05 3.74754851185306E-05 3.563890544026E-05 3.38359882367023E-05 3.20731956688798E-05 3.03559783687706E-05 2.86877195936631E-05 2.70727553154459E-05 2.55140515638038E-05 2.40146495726261E-05 2.25751085003947E-05 2.11950860519109E-05 1.98727450656108E-05 1.860661532039E-05
9.264078042338E-05 9.53052697788224E-05 9.7768026348809E-05 1.00018111235244E-04 1.02046997986189E-04 1.03847749164929E-04 1.05415815273758E-04 1.06749645038706E-04 1.0785019465775E-04 1.08720915676411E-04 1.09368145047594E-04 1.09801144628199E-04 1.10031597258312E-04 1.10071723598125E-04 1.09933687053253E-04 1.09628624894355E-04 1.09168291509367E-04 1.08564807289713E-04 1.07830479245713E-04 1.06978673345386E-04 1.06022000942432E-04 1.04972033538859E-04 1.03834179766154E-04 1.02608858547093E-04 1.01275028152321E-04 9.98133666330339E-05 9.82183295183284E-05 9.64963103631825E-05 9.46562767290742E-05 9.27135185070732E-05 9.06836041604779E-05 8.85866088329162E-05 8.64449965642604E-05 8.4283764091643E-05 8.21200967902095E-05 7.99668954073312E-05 7.78239324140676E-05 7.56876130333199E-05 7.35509269762621E-05 7.14104474235714E-05 6.92572411237816E-05 6.70888936453423E-05 6.48961554592654E-05 6.26760269642707E-05 6.04263708793565E-05 5.81528855554884E-05 5.58584496871416E-05 5.35519900461182E-05 5.12424326832469E-05 4.89411981562077E-05 4.66585486504357E-05 4.44049627725129E-05 4.21886553503534E-05 4.00179645248458E-05 3.78990975490671E-05 3.58377610567065E-05 3.38378757456131E-05 3.19035744023786E-05 3.00378047956576E-05 2.82437208692693E-05 2.65221316024622E-05 2.48730527326555E-05 2.32950478672981E-05 2.17864692647173E-05
1.15261272738731E-04 1.18631715389901E-04 1.21744223980662E-04 1.24583000623647E-04 1.2713736846967E-04 1.29399726583852E-04 1.31366238217855E-04 1.33035176144592E-04 1.34407440328353E-04 1.35487371595071E-04 1.36284829991726E-04 1.36813319073232E-04 1.37090222647936E-04 1.37129310159961E-04 1.36940291714937E-04 1.36532827216523E-04 1.35918742048767E-04 1.35110862396534E-04 1.34121983460854E-04 1.32966206261014E-04 1.31656827930143E-04 1.30210311346072E-04 1.28637022825818E-04 1.26942699979486E-04 1.25096976313593E-04 1.23083598838553E-04 1.20906511904522E-04 1.1858031719686E-04 1.16117022926778E-04 1.13536042522182E-04 1.10855935804451E-04 1.0810187639602E-04 1.05300774442523E-04 1.02482952830753E-04 9.96673244161022E-05 9.68711262986296E-05 9.40888212766736E-05 9.13168101173015E-05 8.85492425886138E-05 8.57846938097362E-05 8.3013355594123E-05 8.02328162138335E-05 7.74380549126232E-05 7.46283968987355E-05 7.18045981159355E-05 6.89727781744658E-05 6.61371296040353E-05 6.33052020782062E-05 6.04883257658364E-05 5.76976153936402E-05 5.4942422092763E-05 5.22314932817624E-05 4.95731276560806E-05 4.69753818247175E-05 4.44443229896503E-05 4.19851173277876E-05 3.96018246258168E-05 3.72983068841299E-05 3.50778462819967E-05 3.29436822541925E-05 3.08971953168891E-05 2.89385608335612E-05 2.70665339241217E-05 2.52793588386407E-05
1.43261729349719E-04 1.47489437925657E-04 1.51385643873189E-04 1.54931042726623E-04 1.58112960681494E-04 1.60923691147046E-04 1.63360834852598E-04 1.65421888311645E-04 1.67107584830462E-04 1.68424425874491E-04 1.69384885011879E-04 1.70008366436784E-04 1.7031955101654E-04 1.70329535358392E-04 1.70044155113594E-04 1.69473197788629E-04 1.68628999023093E-04 1.67523956554791E-04 1.66170100173336E-04 1.64580732728025E-04 1.62769060020007E-04 1.60757206128868E-04 1.58565823935151E-04 1.56206817091126E-04 1.53644668302753E-04 1.50879504712706E-04 1.4792838213974E-04 1.44811332080763E-04 1.41540847459622E-04 1.38141674592713E-04 1.34634073198019E-04 1.310484388238E-04 1.27415315397496E-04 1.23768432237988E-04 1.20129393988254E-04 1.16519847505362E-04 1.12928686532965E-04 1.09358275924785E-04 1.05806277414753E-04 1.02273031257672E-04 9.87452464185096E-05 9.52232172690215E-05 9.17064399804201E-05 8.81951064185137E-05 8.46919531877389E-05 8.12027233853821E-05 7.77325792802021E-05 7.42866752384242E-05 7.08808334396128E-05 6.75229635192429E-05 6.4220473478132E-05 6.09798546707841E-05 5.7810518342731E-05 5.4719418501874E-05 5.17132625924466E-05 4.87963200067973E-05 4.59725933625309E-05 4.32455706741872E-05 4.06192416087964E-05 3.8096430716805E-05 3.56796978089613E-05 3.33688398429143E-05 3.11626335330844E-05 2.90590561807145E-05
