NongDo/Fusa 19h.grd
DSAA
463	323
2	464
2	324
0	10
[rows 140 to 167 of 323, columns 189 to 251 of 463]
7.10379674147907E-03 7.21584562930236E-03 7.32905749705876E-03 7.44306362220888E-03 7.55746038332996E-03 7.67184338070665E-03 7.78580271823344E-03 7.89890018264096E-03 8.01060907095748E-03 8.12040072646724E-03 8.22773711871073E-03 8.33210195699258E-03 8.4329739427057E-03 8.52985705360141E-03 8.62226976198459E-03 8.70979408607392E-03 8.79208706415285E-03 8.86888672854649E-03 8.94002058736601E-03 9.00541361258346E-03 9.06509915853855E-03 9.1192003199838E-03 9.16792125245844E-03 9.21152771797495E-03 9.25033201135575E-03 9.28466978697238E-03 9.31488631175292E-03 9.3413196027924E-03 9.36428251648777E-03 9.38405143981676E-03 9.40085899180158E-03 9.41494135601089E-03 9.42655067718253E-03 9.4359546994511E-03 9.44341670158343E-03 9.44918660326943E-03 9.45350270113378E-03 9.45658705284516E-03 9.4586428200806E-03 9.45984173143986E-03 9.46032513754034E-03 9.4602045783759E-03 9.45956391820288E-03 9.45846750448802E-03 9.45696545894785E-03 9.45509974562615E-03 9.45291369876877E-03 9.45046341263566E-03 9.44782007864541E-03 9.44507627541265E-03 9.43983608489474E-03 0 0 0 0 0 0 0 0 0 0 0 0
7.20654772330335E-03 7.31996774773308E-03 7.43412936840041E-03 7.54863940856259E-03 7.66307362841218E-03 7.77701494758174E-03 7.89004933404797E-03 8.00173731197678E-03 8.11155290435068E-03 8.21900084260569E-03 8.32358245629143E-03 8.42482208309264E-03 8.52223556977392E-03 8.61536667761785E-03 8.70377533741132E-03 8.78709102919584E-03 8.86501903234968E-03 8.93734380907866E-03 9.00393933588721E-03 9.06477960749229E-03 9.1199494125426E-03 9.16961949452741E-03 9.21404003090045E-03 9.2535157017662E-03 9.28838714730046E-03 9.31901027976861E-03 9.34574293078896E-03 9.36892692103532E-03 9.38887169202907E-03 9.40584649435111E-03 9.42007095068089E-03 9.43178076527441E-03 9.44123724179988E-03 9.44870639746673E-03 9.45444391847108E-03 9.45869109745954E-03 9.46167750463727E-03 9.46361309216654E-03 9.46468641604205E-03 9.46505346823903E-03 9.46483822796937E-03 9.46413372896815E-03 9.4630040733667E-03 9.46149985103152E-03 9.45966378453065E-03 9.45753135306161E-03 9.45514460321799E-03 9.45257728896831E-03 9.44995095959601E-03 9.44507627541265E-03 0 0 0 0 0 0 0 0 0 0 0 0 0
7.30940928619612E-03 7.42382978650137E-03 7.5385561713865E-03 7.65317977581465E-03 7.76726587383451E-03 7.88039211549868E-03 7.99213650194732E-03 8.10205685645094E-03 8.20964851300124E-03 8.3144611502173E-03 8.41603502832503E-03 8.51392911009603E-03 8.60769195802054E-03 8.69690332520948E-03 8.78116889909122E-03 8.86016667058646E-03 8.93364897760721E-03 9.0014473815376E-03 9.06348636306357E-03 9.11979223699404E-03 9.17050071383171E-03 9.21583040796352E-03 9.25607654460425E-03 9.2915796013649E-03 9.32270357756174E-03 9.34981860094022E-03 9.37328787885971E-03 9.39344955655542E-03 9.41060357353786E-03 9.42500780669756E-03 9.43687195666091E-03 9.4464334508366E-03 9.45395725643498E-03 9.45970128213717E-03 9.46391179629478E-03 9.46682127352786E-03 9.46865066297909E-03 9.46959888899151E-03 9.46983860625499E-03 9.46950819343137E-03 9.46871484176319E-03 9.46753482794993E-03 9.46601224044276E-03 9.46418305237864E-03 9.46208791595747E-03 9.45976183891994E-03 9.45725138640303E-03 9.45465922588235E-03 9.44995095959601E-03 0 0 0 0 0 0 0 0 0 0 0 0 0 0
7.4122089015882E-03 7.52726660097959E-03 7.64218862264826E-03 7.75655234019164E-03 7.8699228034703E-03 7.98187675222375E-03 8.09198146861679E-03 8.1998011347506E-03 8.30487926706953E-03 8.4067970756731E-03 8.50513152543667E-03 8.59946932355526E-03 8.68939329624336E-03 8.77451941935768E-03 8.85450712892892E-03 8.9290797154468E-03 8.99803793912931E-03 9.06126416879799E-03 9.11873871556124E-03 9.17054226422046E-03 9.21686028393532E-03 9.25796029035116E-03 9.29417954531291E-03 9.32588930522546E-03 9.35346960898711E-03 9.37729792079044E-03 9.39773511374026E-03 9.41510834439163E-03 0.009429703091152 9.44176333053781E-03 9.45149230922622E-03 9.45912573941824E-03 9.46492794764744E-03 9.46914629162783E-03 9.47201650506335E-03 9.4737628541905E-03 9.47459698263407E-03 0.009474706230029 9.47424663176625E-03 9.47333861214796E-03 9.47207236169521E-03 9.47050815524744E-03 9.46867387485959E-03 9.46659213654002E-03 9.46430605906786E-03 9.46186102003481E-03 9.45932530327481E-03 9.45465922588235E-03 0 0 0 0 0 0 0 0 0 0 0 0 0 0 0
7.51482930023129E-03 7.63017339149598E-03 7.74493589885377E-03 7.85868273228411E-03 7.97098222766159E-03 8.08141192015047E-03 8.18954293708796E-03 8.29496154890022E-03 8.39725597628384E-03 8.49602627138875E-03 8.59088582346524E-03 8.68144915998951E-03 8.76734040316822E-03 8.84821687183104E-03 8.92379110571991E-03 8.99383142834067E-03 9.05819325532353E-03 9.11681569596368E-03 9.16973718889308E-03 9.21709303868823E-03 9.25911899641331E-03 9.29612990528558E-03 9.32849831653545E-03 9.35661775634165E-03 9.38087747174994E-03 9.40165435511419E-03 9.41929856892857E-03 9.43412016319437E-03 9.44638674500354E-03 9.45632780128314E-03 9.46414295933484E-03 9.47006396603073E-03 9.47434778134401E-03 9.47722899213173E-03 9.47893527757331E-03 9.4796837965203E-03 9.4796748710139E-03 9.47908134312248E-03 9.47804353875395E-03 9.47666473792253E-03 9.47501621329621E-03 9.47314062708852E-03 9.47105568807665E-03 9.46877884415182E-03 9.46636279214406E-03 9.46388110333233E-03 9.45932530327481E-03 0 0 0 0 0 0 0 0 0 0 0 0 0 0 0 0
7.61719574636949E-03 7.73248252562696E-03 7.84673531710556E-03 7.9595166834486E-03 8.07040033135356E-03 8.17897052605653E-03 8.28481257694811E-03 8.38753286607252E-03 8.48675421263605E-03 8.58210888942363E-03 8.67324355445969E-03 8.75980700070506E-03 8.84146762322975E-03 8.91792908776545E-03 8.98895383460016E-03 9.05436573861806E-03 9.11407915260754E-03 9.16809455666531E-03 9.21650766301869E-03 9.25950797379671E-03 9.29737948013204E-03 9.33047784671975E-03 9.35920242727546E-03 9.38395939920969E-03 9.4051395228947E-03 9.42310949234627E-03 9.43820183234787E-03 9.45070625032155E-03 9.4608702234163E-03 9.46890809736152E-03 9.47501835759745E-03 0.009479427193298 9.48237823013555E-03 9.48409695795058E-03 9.48480430337215E-03 9.48470919646596E-03 9.4839991244791E-03 9.48283191501589E-03 9.48133136891361E-03 9.47958170178198E-03 9.47763368928295E-03 0.009475515130702 9.47323821087103E-03 9.47082755160615E-03 9.46835979146276E-03 9.46388110333233E-03 0 0 0 0 0 0 0 0 0 0 0 0 0 0 0 0 0
7.7191333171057E-03 7.83400575261452E-03 7.94738831707634E-03 8.05884673601244E-03 8.16796484412172E-03 8.27433887517564E-03 8.37757227958815E-03 8.47729050170066E-03 8.57315159645878E-03 8.66482673391848E-03 8.75199773504004E-03 8.83435256798539E-03 8.9116055426155E-03 8.98350982533386E-03 9.04988109963687E-03 9.11060602671395E-03 9.16566155318703E-03 9.21511165220375E-03 9.25910621017674E-03 9.29788602978074E-03 9.33177938329038E-03 9.36117452175515E-03 9.38648816008884E-03 9.40812948906485E-03 9.42648099594214E-03 9.4418910376135E-03 9.45467128334528E-03 9.4650890330958E-03 9.47337112091633E-03 9.47971795447159E-03 9.48432370967382E-03 9.48740419308092E-03 9.4891926639919E-03 9.48991067002287E-03 9.4897709472889E-03 9.48897138231213E-03 9.48768687281147E-03 9.48606247344254E-03 9.48420534327228E-03 9.48217652211027E-03 9.4800018125945E-03 9.47770035055048E-03 9.47528971888335E-03 9.47282785275044E-03 9.46835979146276E-03 0 0 0 0 0 0 0 0 0 0 0 0 0 0 0 0 0 0
7.82039766844101E-03 7.93447964218807E-03 8.04661671893652E-03 8.15638220820815E-03 8.26337432660017E-03 8.36720535863532E-03 8.46750067598468E-03 8.56391206236035E-03 8.65613753338046E-03 8.74388714733163E-03 0.008826879519624 8.90484472245404E-03 8.97754680326742E-03 9.04479376511362E-03 9.10645838440812E-03 9.1624913215429E-03 9.21293439638649E-03 9.2579139883861E-03 9.29762953149819E-03 9.33236838611317E-03 9.36249731140253E-03 9.38842683133798E-03 9.41058096139085E-03 9.42936277666249E-03 9.44513806587243E-03 9.45823310705688E-03 9.46893629062188E-03 0.009477489691455 9.48409937870899E-03 9.48895258629156E-03 9.49223876081313E-03 9.4941661831776E-03 9.4949576763523E-03 9.49482846752935E-03 9.49398275083135E-03 9.49260688280792E-03 9.49086351609903E-03 9.48888841279366E-03 9.48677620124086E-03 9.48455684373701E-03 9.48221530765174E-03 9.47978486385345E-03 9.47730771565487E-03 9.47282785275044E-03 0 0 0 0 0 0 0 0 0 0 0 0 0 0 0 0 0 0 0
7.9206845100827E-03 8.03358519031726E-03 8.1440913247194E-03 8.25178792057075E-03 8.35629139192413E-03 8.45723478469961E-03 8.55427166155305E-03 8.64708745315289E-03 8.73542250745224E-03 8.81902582530194E-03 8.89765551845274E-03 8.97108785641359E-03 9.03913980099106E-03 9.10167791927553E-03 9.15863411008582E-03 0.009210023939275 9.25595269984319E-03 9.29660538497975E-03 9.33222683926989E-03 9.36314484450228E-03 9.38975458953761E-03 9.41247779541551E-03 9.43173610015628E-03 9.44791834308475E-03 9.4613688552774E-03 9.47238920756543E-03 9.48124154163245E-03 9.48814127906042E-03 9.49327507706761E-03 9.49681879231888E-03 9.49895744351005E-03 9.49989334504752E-03 9.49983999048933E-03 9.4990042446888E-03 9.49758015875905E-03 9.49574233558263E-03 9.49364320804924E-03 9.49141753598141E-03 9.48915995813168E-03 9.48685656353908E-03 9.48437471552317E-03 9.48185834739616E-03 9.47730771565487E-03 0 0 0 0 0 0 0 0 0 0 0 0 0 0 0 0 0 0 0 0
8.01965003077235E-03 8.13096995525818E-03 8.23945513530303E-03 8.34470708157396E-03 8.44636450091092E-03 8.54408731560004E-03 8.63756385451115E-03 8.72651833725281E-03 8.81073499940806E-03 8.89000435064973E-03 8.96412697368495E-03 9.0329285146807E-03 9.09628156889328E-03 9.15411273399061E-03 9.20641364502251E-03 9.25326421287806E-03 9.2948295439081E-03 9.33134694118536E-03 9.36310042250094E-03 9.39044845475172E-03 9.41380466419014E-03 9.43359272123627E-03 9.45022326086457E-03 9.46406471267037E-03 9.47543629497143E-03 9.48461172888325E-03 9.49182525207239E-03 9.49726729119727E-03 9.50110707878136E-03 9.50351121088245E-03 9.50466079641829E-03 0.00950475359439 9.50399436708698E-03 0.009502579639232 9.50069012705761E-03 9.49848635177239E-03 9.4961168117932E-03 9.4937402393133E-03 9.4914932063468E-03 9.48932889037707E-03 9.48661195630306E-03 9.48185834739616E-03 0 0 0 0 0 0 0 0 0 0 0 0 0 0 0 0 0 0 0 0 0
8.11691302693154E-03 8.22625325773504E-03 8.33233300589054E-03 8.43477518391886E-03 8.53324615411224E-03 8.62743895814554E-03 8.7170827083137E-03 8.80194488964276E-03 8.8818536242397E-03 8.95664303714141E-03 9.02616025631532E-03 9.09028377663503E-03 9.14894172280386E-03 9.20212057560248E-03 9.24987245704414E-03 9.29233851883432E-03 9.32973617875897E-03 9.36234689565242E-03 9.39048738971271E-03 9.41453711612891E-03 9.43491723981924E-03 9.45204487157327E-03 9.46631306352511E-03 9.47806508778534E-03 9.48759256467503E-03 9.49513961978207E-03 9.5009122328171E-03 9.50507815162322E-03 9.50779226186146E-03 9.50921409531801E-03 9.50952071523236E-03 9.50890543169358E-03 9.50756592383455E-03 9.50568699292386E-03 9.50342967776945E-03 9.50093120912513E-03 9.49833880901948E-03 9.49588793744678E-03 9.49388813619386E-03 9.49262517419618E-03 9.48661195630306E-03 0 0 0 0 0 0 0 0 0 0 0 0 0 0 0 0 0 0 0 0 0 0
8.21207735864225E-03 8.31904737716327E-03 8.42235039851134E-03 8.52163799711941E-03 8.61660915908414E-03 8.70699485733555E-03 8.79257018315582E-03 8.87314971261444E-03 8.94860502253621E-03 9.01881650138255E-03 9.08368149292052E-03 9.14313265976307E-03 9.19715332483761E-03 9.2457886880513E-03 9.28914972162051E-03 9.32743062386635E-03 9.36089315974491E-03 9.38985431494643E-03 0.00941465592822 9.43568787511595E-03 9.45337003971179E-03 9.46810723944025E-03 9.4802690134595E-03 9.49016977974398E-03 9.49807231290788E-03 9.50419134123826E-03 9.50870536949975E-03 9.51176283740103E-03 9.51350682387064E-03 9.51409085609113E-03 9.51368803557006E-03 9.51248899631542E-03 9.51068619661424E-03 9.50845106411463E-03 9.50591508206666E-03 9.50316390549287E-03 9.50030719265553E-03 9.49773097479643E-03 9.49603740749923E-03 9.49583713071099E-03 0 0 0 0 0 0 0 0 0 0 0 0 0 0 0 0 0 0 0 0 0 0 0
8.30474805878482E-03 8.40897499170148E-03 8.50915541753127E-03 8.60497604918768E-03 8.69617231569931E-03 8.78251710564277E-03 8.86383412080113E-03 8.93998727894749E-03 9.01089382400153E-03 9.07648254060069E-03 9.13670112126919E-03 9.19153705877089E-03 9.24102911495961E-03 9.2852785243423E-03 9.32444755791457E-03 9.35877492094718E-03 9.38855989255761E-03 9.41414681365659E-03 9.43589143828633E-03 9.45418517657122E-03 9.46944197270339E-03 9.48204839978421E-03 9.49234566356587E-03 9.50061731969956E-03 9.50709669796883E-03 9.5119702242455E-03 9.51539261781736E-03 9.51749645007817E-03 9.51841434384504E-03 9.51829359212846E-03 9.51730307993724E-03 9.51563320948662E-03 9.51347697659811E-03 9.51099695073916E-03 9.50828760625656E-03 9.50531634535825E-03 9.50195068484818E-03 9.49892246288327E-03 9.49720558091128E-03 9.49583713071099E-03 0 0 0 0 0 0 0 0 0 0 0 0 0 0 0 0 0 0 0 0 0 0 0
8.3945428130909E-03 8.49568320718205E-03 8.59243276844522E-03 8.68451536816637E-03 8.7717060604589E-03 8.85382255258692E-03 8.93074086241298E-03 9.00237665483568E-03 9.06869351390901E-03 9.12966719041908E-03 9.18529655990773E-03 9.23562477734584E-03 9.28074398297666E-03 9.32080482671198E-03 9.35601199998372E-03 9.38664126263887E-03 9.41302128946135E-03 9.4355148286885E-03 9.45448165876259E-03 9.47031027551648E-03 9.48340407953827E-03 9.49412382655808E-03 9.50277923964666E-03 9.50962334915518E-03 9.51486172881894E-03 9.51865615673549E-03 9.52114100800797E-03 9.52243463231982E-03 9.52266034469213E-03 9.52195873331053E-03 9.52049245864932E-03 9.51845460860961E-03 9.51605148389605E-03 9.51345890266189E-03 9.51077190566806E-03 9.50779023559805E-03 9.50315671474908E-03 9.49892246288327E-03 9.49720558091128E-03 0 0 0 0 0 0 0 0 0 0 0 0 0 0 0 0 0 0 0 0 0 0 0 0
8.48112733938095E-03 8.57887778266513E-03 8.67193069716291E-03 8.76004941387718E-03 8.84305114204472E-03 8.92080165147295E-03 8.99323231441381E-03 9.06031166217789E-03 9.12204670594831E-03 9.17846079298139E-03 9.22960560146788E-03 9.27557881172997E-03 9.31651963364964E-03 9.35262067483154E-03 9.38412116149746E-03 9.41132487628787E-03 9.43458023205261E-03 9.45425879224781E-03 9.47072084528777E-03 9.48434744610972E-03 9.49552344380129E-03 0.009504578788676 9.51179230900723E-03 9.51738894904455E-03 9.52154998610506E-03 9.52441617356049E-03 9.52610414244675E-03 9.52671953239259E-03 9.5263773002126E-03 9.52521022558624E-03 9.52337014860611E-03 9.52105274338692E-03 9.51849544155239E-03 9.51593567863563E-03 9.51365706883959E-03 9.51205267535559E-03 9.50315671474908E-03 0 0 0 0 0 0 0 0 0 0 0 0 0 0 0 0 0 0 0 0 0 0 0 0 0 0
8.56421503267303E-03 8.65831599244959E-03 8.74745117494487E-03 8.83142756505822E-03 8.91010639036744E-03 8.98340451281918E-03 9.05130967804457E-03 9.11384321096037E-03 9.17105140649488E-03 0.009223008752791 9.26981875572037E-03 9.3116286060167E-03 9.34861628762564E-03 9.38100970021791E-03 9.40907454655495E-03 9.43313247369395E-03 9.45354320482098E-03 9.47067835201505E-03 9.48489648976489E-03 9.49656403965456E-03 9.50604215954377E-03 9.51363102257146E-03 9.51958050754433E-03 9.52409083034956E-03 9.52732209358667E-03 9.52939658058567E-03 9.53041551517496E-03 9.53047411332358E-03 9.52967869324296E-03 9.52815072147886E-03 9.52602517943503E-03 9.52349552266808E-03 9.52083301484623E-03 9.51832734083548E-03 9.51645583075877E-03 9.51620564989358E-03 0 0 0 0 0 0 0 0 0 0 0 0 0 0 0 0 0 0 0 0 0 0 0 0 0 0 0
8.6435680897481E-03 8.73380719171933E-03 8.81885258640463E-03 8.89855776731771E-03 8.97283216193594E-03 9.04164600969185E-03 9.10503921301323E-03 9.16308313122606E-03 9.2158672981275E-03 9.2635170225602E-03 9.30618092377846E-03 9.34404778448785E-03 9.37732812011308E-03 9.40627753254584E-03 9.43118034882728E-03 9.45236787370759E-03 0.009470202414671 9.48504971504393E-03 9.49726374752723E-03 9.50719225262459E-03 9.5151693666433E-03 9.52146724232464E-03 9.52631115236018E-03 9.52988021757523E-03 9.53231527438823E-03 9.5337219614225E-03 9.53418916127503E-03 9.53380342922859E-03 9.53266133561436E-03 9.53086890966313E-03 9.52853666309953E-03 9.52584213843235E-03 9.52306870281467E-03 9.52045488119116E-03 9.51819451501938E-03 9.51620564989358E-03 0 0 0 0 0 0 0 0 0 0 0 0 0 0 0 0 0 0 0 0 0 0 0 0 0 0 0
8.71900292791369E-03 8.80521674900721E-03 8.8860507247669E-03 8.96140717198243E-03 9.03124686048841E-03 9.09559366982206E-03 9.15453688926213E-03 9.20819770058165E-03 9.25670975366935E-03 9.30023922486899E-03 9.33897442317446E-03 9.37313861890126E-03 9.40296874982813E-03 9.42873863146464E-03 9.45074488431406E-03 9.46932194207912E-03 9.48482801392135E-03 9.49761959969147E-03 9.50804369342067E-03 9.5164285276571E-03 9.52307837239862E-03 9.52824130792956E-03 0.009532121216305 9.53487831551431E-03 9.53663603000362E-03 9.53748670520346E-03 9.53750930290822E-03 9.53678220280576E-03 9.53539031332152E-03 9.53341920538339E-03 9.53095233641059E-03 9.52815230834249E-03 9.52530268831993E-03 9.5226117505607E-03 9.51819451501938E-03 0 0 0 0 0 0 0 0 0 0 0 0 0 0 0 0 0 0 0 0 0 0 0 0 0 0 0 0
8.79042814970883E-03 8.87250534374768E-03 8.94905808877123E-03 9.02003965625032E-03 9.08546239859882E-03 9.14540283326097E-03 9.20000009311985E-03 9.24942246251319E-03 9.29384072575728E-03 9.33345537438127E-03 9.36848980566158E-03 9.3991956692301E-03 9.42582892549642E-03 9.44867461996238E-03 9.46803652326688E-03 9.48424679257119E-03 9.49765548575498E-03 9.50860682611435E-03 9.51743639391291E-03 9.52445110929899E-03 9.52992884883776E-03 9.53409729710304E-03 9.53714040896831E-03 9.53920080378963E-03 9.54038707707153E-03 9.54078133615104E-03 9.54045478130982E-03 9.53947907125646E-03 9.53792629054891E-03 9.5358510590921E-03 9.53329762439411E-03 9.53045596861877E-03 9.52762381535103E-03 9.5226117505607E-03 0 0 0 0 0 0 0 0 0 0 0 0 0 0 0 0 0 0 0 0 0 0 0 0 0 0 0 0 0
8.85782150000221E-03 8.93569929333064E-03 9.00794812232789E-03 9.0745739573215E-03 9.13564053634027E-03 9.19127571151382E-03 9.24166652514535E-03 9.28702050115326E-03 9.32753821005333E-03 9.36345268359583E-03 9.39501750893406E-03 9.42250651032743E-03 9.44618693883937E-03 9.46635074044875E-03 9.4833043105116E-03 9.49737292445124E-03 9.50889529979529E-03 9.51820070279181E-03 9.52561102249865E-03 9.53141331564638E-03 9.53586136745338E-03 9.53916309674851E-03 9.54148453434841E-03 9.54295305566975E-03 9.54366463499481E-03 9.54369254934536E-03 9.54310300325087E-03 9.54196591500446E-03 9.54034904725095E-03 9.53826872551691E-03 9.53564673491227E-03 9.53281582256068E-03 9.52762381535103E-03 0 0 0 0 0 0 0 0 0 0 0 0 0 0 0 0 0 0 0 0 0 0 0 0 0 0 0 0 0 0
8.92122829244292E-03 8.99488509037962E-03 9.06284609754316E-03 9.12517102494181E-03 9.18197567047632E-03 9.23343674907976E-03 9.2797819563852E-03 9.32125095208192E-03 9.35807232982845E-03 9.3905083176766E-03 9.41883596034225E-03 9.44334390071418E-03 9.46430651161044E-03 9.48201846126607E-03 9.49678403700024E-03 9.50891817627499E-03 9.51874605888177E-03 9.52658104414081E-03 9.53272971346016E-03 9.53745982846553E-03 9.5410041408157E-03 9.54355249321651E-03 9.54525501115416E-03 9.54622608429949E-03 9.54655051684771E-03 9.54629334466428E-03 9.54551863977943E-03 9.54430468468171E-03 9.54274790392826E-03 9.54086450121659E-03 9.53806374180023E-03 9.53281582256068E-03 0 0 0 0 0 0 0 0 0 0 0 0 0 0 0 0 0 0 0 0 0 0 0 0 0 0 0 0 0 0 0
8.98073917533275E-03 9.0501884950983E-03 9.11391094118748E-03 9.17201996290233E-03 9.22468254354534E-03 9.27211989892166E-03 9.31459367886864E-03 9.35237237129167E-03 9.38571047351473E-03 9.41489258876168E-03 9.44021313977952E-03 9.46196905213229E-03 9.48043818682075E-03 9.49591285515431E-03 9.50869205263006E-03 9.51907868776697E-03 9.52738328663191E-03 9.53390386389966E-03 9.53893073277081E-03 9.54271367355969E-03 9.54546621927888E-03 9.54736182670427E-03 9.54853658760094E-03 9.54909365039627E-03 9.54910874814199E-03 9.5486405148893E-03 9.54775109810983E-03 9.54653403450583E-03 9.54519319055579E-03 9.54417990234966E-03 9.53806374180023E-03 0 0 0 0 0 0 0 0 0 0 0 0 0 0 0 0 0 0 0 0 0 0 0 0 0 0 0 0 0 0 0 0
9.0364929462224E-03 9.10177781482672E-03 9.16133811172474E-03 9.21533974006295E-03 9.26399811602113E-03 9.30757459455601E-03 9.34635939552101E-03 9.38064604642947E-03 9.41071285525916E-03 9.43686110054805E-03 9.45939552626161E-03 9.47861554696631E-03 9.49480032211782E-03 9.50823633305446E-03 9.51921355049887E-03 9.5280220610005E-03 9.53495825383214E-03 9.54030528436983E-03 9.54433629923862E-03 9.54728364224863E-03 9.54934385269694E-03 9.55067572087533E-03 9.55140298779153E-03 9.55161950034827E-03 9.55139469509443E-03 9.55078353007804E-03 9.54984126979777E-03 9.54864014051702E-03 9.54740589589508E-03 9.5472229189458E-03 0 0 0 0 0 0 0 0 0 0 0 0 0 0 0 0 0 0 0 0 0 0 0 0 0 0 0 0 0 0 0 0 0
9.08865556473105E-03 9.1498427006391E-03 9.20533814313386E-03 9.25535698659568E-03 9.30016034308274E-03 9.34004610743987E-03 9.37532829806108E-03 9.40632137384598E-03 9.43332470281332E-03 9.45665007926032E-03 9.47660721066957E-03 9.49349360410561E-03 9.50758726584347E-03 9.51916554275461E-03 9.52850739123869E-03 9.53589143564824E-03 9.54159963816841E-03 9.54590030012797E-03 9.54904872112036E-03 9.55126109965107E-03 9.55271841159538E-03 9.55356583589467E-03 9.55391634541549E-03 9.55385653660061E-03 9.55345367046605E-03 9.55276675652418E-03 9.55184995367624E-03 9.5506839403256E-03 9.54884013214723E-03 9.5472229189458E-03 0 0 0 0 0 0 0 0 0 0 0 0 0 0 0 0 0 0 0 0 0 0 0 0 0 0 0 0 0 0 0 0 0
9.13741384305361E-03 9.19458472521853E-03 9.24612373949711E-03 9.29229241552804E-03 9.33339401919212E-03 9.3697591600425E-03 9.40172294636808E-03 9.42961748697493E-03 9.45375757235094E-03 9.47446046128165E-03 9.49203744680809E-03 9.50678075388004E-03 9.51896247867524E-03 9.52884891271297E-03 9.53670920897857E-03 9.54281051368538E-03 9.54741976436077E-03 9.55078982387484E-03 9.55315863908146E-03 9.55472717327822E-03 9.55566183764363E-03 9.5560954755922E-03 9.55613172024888E-03 9.55585148686747E-03 9.55532446715351E-03 9.55463007512903E-03 9.55388478797639E-03 9.5532594095065E-03 9.54884013214723E-03 0 0 0 0 0 0 0 0 0 0 0 0 0 0 0 0 0 0 0 0 0 0 0 0 0 0 0 0 0 0 0 0 0 0
9.18295766901627E-03 9.23620069030729E-03 9.28389632961542E-03 9.32635101906064E-03 9.36390620980509E-03 9.39692128128697E-03 9.42574845363691E-03 9.45073335315628E-03 9.47220123883664E-03 9.49047115071306E-03 9.50585244976815E-03 9.51862884926949E-03 9.52906340494564E-03 9.53741232478392E-03 9.54393522005617E-03 9.54888583982381E-03 9.55251559408632E-03 9.55506178323623E-03 9.55674560813767E-03 9.55775295476973E-03 9.55823682321674E-03 9.55831947937101E-03 9.55809718077879E-03 9.55764710115553E-03 9.55704235323611E-03 9.55638404530504E-03 9.55585330909063E-03 9.55570403374777E-03 0 0 0 0 0 0 0 0 0 0 0 0 0 0 0 0 0 0 0 0 0 0 0 0 0 0 0 0 0 0 0 0 0 0 0
9.2254599752351E-03 9.27486320878185E-03 9.31882967145825E-03 9.35770775283428E-03 9.39187191043866E-03 9.42170515028268E-03 9.4475738886646E-03 9.46983344173184E-03 9.48881491578522E-03 9.50483501333176E-03 9.51819627103353E-03 9.52917156572724E-03 9.5380148111181E-03 9.5449723772513E-03 9.55029239922222E-03 9.55421410303007E-03 9.55697380800859E-03 9.55879371786101E-03 9.55987832850279E-03 9.56039864723527E-03 9.56049584284824E-03 9.56028345218456E-03 9.55985255666917E-03 9.55927943983712E-03 9.55864063927446E-03 9.55804510019699E-03 9.55764986094247E-03 9.55570403374777E-03 0 0 0 0 0 0 0 0 0 0 0 0 0 0 0 0 0 0 0 0 0 0 0 0 0 0 0 0 0 0 0 0 0 0 0
9.2650735923257E-03 9.31072523957105E-03 9.35107869991423E-03 9.38651897590414E-03 9.41744830476863E-03 9.44426803607285E-03 9.46735513024467E-03 9.48706963504809E-03 9.50374426546896E-03 9.51768933412562E-03 9.52919693832566E-03 9.53852884878376E-03 9.54592903957203E-03 9.55163253288865E-03 9.55587421365497E-03 9.55887952786662E-03 9.56086953595814E-03 9.56205153461018E-03 9.56261356843179E-03 9.56271309555069E-03 9.56248088414346E-03 9.56202317920582E-03 9.5614276573622E-03 9.56077209310549E-03 9.56014201931456E-03 9.55967192588811E-03 9.55954950803863E-03 0 0 0 0 0 0 0 0 0 0 0 0 0 0 0 0 0 0 0 0 0 0 0 0 0 0 0 0 0 0 0 0 0 0 0 0
