NongDo/Fusa 19.8h.grd
DSAA
463	323
2	464
2	324
0	10
[rows 140 to 167 of 323, columns 192 to 255 of 463]
7.4614598584571E-03 7.57812777478691E-03 7.69494496442305E-03 7.81148897261349E-03 7.92730613721241E-03 8.04184868990964E-03 8.15456348872447E-03 8.26488486763554E-03 8.37226719715631E-03 8.47615762911165E-03 8.57602782223454E-03 8.67136321105208E-03 8.76171439640738E-03 8.84671009350395E-03 8.92606406367191E-03 8.99958444884978E-03 9.06718248738133E-03 9.12888424691224E-03 9.18481142012532E-03 9.23517218793325E-03 9.28024080211275E-03 9.32034158482994E-03 9.35582454289703E-03 9.38705075512599E-03 9.41437459242601E-03 9.4381247627001E-03 9.45859208650838E-03 9.4760209467312E-03 9.49065836735574E-03 9.50276725244611E-03 9.51262587731458E-03 9.52050701368214E-03 9.52666847919105E-03 9.53135513238149E-03 9.53479399531847E-03 9.5371922271028E-03 9.53872360064422E-03 9.53953021389599E-03 9.53972365528307E-03 9.53938842506005E-03 9.53858858912919E-03 9.53737342210118E-03 9.53578342680209E-03 9.53385984417977E-03 9.53165397253075E-03 9.52922634647267E-03 9.52665007995255E-03 9.52158401039905E-03 0 0 0 0 0 0 0 0 0 0 0 0 0 0 0 0
7.56901902212628E-03 7.68587127050237E-03 7.80237929150095E-03 7.91811341488174E-03 8.03261576051134E-03 8.14533643582292E-03 8.2557542359968E-03 8.36334213051906E-03 8.46759498248699E-03 8.56799729982724E-03 8.66406131784245E-03 8.7553153383312E-03 8.8413596314822E-03 8.92187390286737E-03 8.99662143706352E-03 9.0654602402525E-03 9.12835424952991E-03 9.18538481968746E-03 9.23672496673483E-03 9.28263238415299E-03 9.32342328018732E-03 9.3594526815889E-03 9.39109259920427E-03 9.41871786136682E-03 9.44268723201391E-03 9.46332602750505E-03 9.48091751606727E-03 9.49569208154862E-03 9.50789557366962E-03 9.51779987527104E-03 9.52568087263405E-03 9.53180271594847E-03 9.53641339879906E-03 9.53974791650976E-03 9.54201992053931E-03 9.54342079712617E-03 9.54410738751328E-03 9.54420346487165E-03 9.5438015151232E-03 9.54296627443782E-03 9.54174773123292E-03 9.5401867144453E-03 9.53831591056839E-03 9.53617242860848E-03 9.53381913395284E-03 9.53135817648309E-03 9.52665007995255E-03 0 0 0 0 0 0 0 0 0 0 0 0 0 0 0 0 0
7.67565407050314E-03 7.79229303072274E-03 7.90810414325526E-03 8.02264675478464E-03 8.13545742922813E-03 8.24600566990711E-03 8.35381457753322E-03 8.45839576244256E-03 8.55927879092384E-03 8.65598135462692E-03 8.74805273936448E-03 8.83506897383569E-03 8.91668146489887E-03 8.99262000096072E-03 9.06269834319177E-03 9.12682875361953E-03 9.18503142905393E-03 9.23744251315763E-03 9.28428652067516E-03 9.32586951756365E-03 9.36254623930458E-03 9.39469701554396E-03 9.42270935278294E-03 9.44696412541227E-03 9.46781648143813E-03 9.48558180280903E-03 9.50053121018882E-03 9.51288412605348E-03 9.52288742780321E-03 9.53081628230068E-03 9.53693751364073E-03 9.54150467839932E-03 9.54475570154351E-03 9.54691581125433E-03 9.54818641553086E-03 9.54874184519204E-03 9.54872022434577E-03 9.54822783228988E-03 9.54734006364567E-03 0.00954610162187 9.54454718305101E-03 9.54271372830023E-03 9.54063061249827E-03 9.53833325333167E-03 9.53590415073834E-03 9.53135817648309E-03 0 0 0 0 0 0 0 0 0 0 0 0 0 0 0 0 0 0
7.78122683389059E-03 7.89727120681816E-03 8.01201222130558E-03 8.12499561741994E-03 8.23576192674901E-03 8.34382816655507E-03 8.44874835053601E-03 8.5500708382165E-03 8.64735317667905E-03 8.74014825585115E-03 8.82804305355772E-03 8.91067000053512E-03 8.98772866414575E-03 9.05900061692175E-03 9.12435417063522E-03 9.18376151697686E-03 9.23730130185501E-03 9.28516320702019E-03 9.32762418567573E-03 9.36503535213568E-03 9.39778450696684E-03 9.42626942338974E-03 9.45088570562686E-03 9.47201202613022E-03 9.48999209597122E-03 9.50512601353502E-03 9.51766995194589E-03 9.52783592895697E-03 9.53586829483733E-03 9.54204102387419E-03 9.5466092588349E-03 9.5498147293433E-03 0.00955188590946 9.55303759749884E-03 9.55345845816086E-03 9.55330491912533E-03 9.55269635997669E-03 9.55172164938858E-03 9.55044008886231E-03 9.54887953449131E-03 9.54705992713809E-03 9.54501758103402E-03 9.54278625750435E-03 9.54041335905913E-03 9.53590415073834E-03 0 0 0 0 0 0 0 0 0 0 0 0 0 0 0 0 0 0 0
7.88565694494348E-03 8.00073595617526E-03 8.11403725839845E-03 8.22510818665162E-03 0.008333509746724 8.43880331410182E-03 8.54056115179563E-03 8.63836851223191E-03 8.73181139545862E-03 8.82048557418407E-03 0.008904021429396 8.9821074918946E-03 9.05449153448185E-03 9.12101363817254E-03 9.18160300103952E-03 9.23629419938926E-03 9.28522454980722E-03 9.32863768125317E-03 9.36686113926041E-03 9.4002838258534E-03 9.42931748873741E-03 9.4543699749309E-03 9.47583651826985E-03 9.49408466525517E-03 9.50944013821845E-03 9.52218404849737E-03 9.5325568986827E-03 9.54076628388683E-03 9.54705175278213E-03 9.55167905311165E-03 9.55488926752656E-03 9.55691483420075E-03 9.55797592551852E-03 9.5582748314245E-03 9.55798451070956E-03 9.55724446096941E-03 9.55615645046315E-03 9.55479016058372E-03 9.55318695929717E-03 9.55136293904262E-03 9.54933000498512E-03 9.54712807123563E-03 9.5448100182215E-03 9.54041335905913E-03 0 0 0 0 0 0 0 0 0 0 0 0 0 0 0 0 0 0 0 0
7.98888240233426E-03 8.10263409392333E-03 8.2141415300879E-03 8.32296454090056E-03 8.42868296226953E-03 8.53089249906454E-03 8.6291979208405E-03 8.72321855899725E-03 8.81257592986986E-03 8.89691216053725E-03 8.97590662745548E-03 9.04930097945925E-03 9.1169023650516E-03 9.17861401120476E-03 9.23443090988252E-03 9.28444911012387E-03 9.32886400770162E-03 9.36797084632307E-03 9.40214075351522E-03 9.43179132489141E-03 9.4573479786806E-03 9.47922038230388E-03 9.49779318206944E-03 9.51341541187475E-03 9.52639128083899E-03 9.53698044970863E-03 9.54540703315282E-03 9.55187687131891E-03 9.5566231415588E-03 9.55989699412603E-03 9.56192922437205E-03 9.56294435597515E-03 9.56315313908347E-03 9.56274369993832E-03 9.56187278009813E-03 9.56066233495525E-03 9.5591946525295E-03 9.55751873853952E-03 9.55566007854812E-03 9.55362613296627E-03 0.009551429756492 9.54912614325372E-03 9.5448100182215E-03 0 0 0 0 0 0 0 0 0 0 0 0 0 0 0 0 0 0 0 0 0
8.09068182493691E-03 8.20273726093806E-03 8.31209340128148E-03 8.4183270017741E-03 8.52103612018814E-03 8.61985190466032E-03 8.71441895720078E-03 8.80439304650067E-03 8.88943667531897E-03 8.96924040846571E-03 9.04353626399742E-03 9.11212276133065E-03 9.17487410567895E-03 9.23176055495245E-03 9.2828450930421E-03 9.32828190327669E-03 9.36832122123841E-03 9.40330552970424E-03 9.43364070402128E-03 9.45976294225691E-03 9.48210105675922E-03 9.50105614680701E-03 9.5169936392185E-03 9.53024055198906E-03 9.54107730998352E-03 9.54974152084395E-03 9.55644215299454E-03 9.56138010967756E-03 9.56477728634926E-03 9.56687320091392E-03 9.56789362768264E-03 9.5680536874972E-03 9.56755183486748E-03 9.56656224968793E-03 9.5652276979727E-03 9.56365242405916E-03 9.56189520899889E-03 9.55997987933013E-03 9.55792067367354E-03 9.55572448619843E-03 9.55342822075581E-03 9.54912614325372E-03 0 0 0 0 0 0 0 0 0 0 0 0 0 0 0 0 0 0 0 0 0 0
8.19074706929955E-03 8.30072448823641E-03 8.40755998399335E-03 8.51085153463957E-03 8.61022341004104E-03 8.70534758096871E-03 8.79590890884248E-03 8.88160167284691E-03 8.96213277929631E-03 9.0372455478251E-03 9.10673047237176E-03 9.17044715259795E-03 9.22833821461915E-03 9.2804433031273E-03 9.3268921553632E-03 9.36789208506604E-03 9.40374296485333E-03 9.43482819327702E-03 9.4615773883944E-03 9.48443463126895E-03 9.50382242117139E-03 9.52012434147868E-03 9.53368253576609E-03 9.54479937136227E-03 9.55372849411288E-03 9.56068532880963E-03 9.56586456149494E-03 9.56946174038081E-03 9.57169042290581E-03 9.57277849256586E-03 9.57294420148058E-03 9.57239288228037E-03 9.57131021258688E-03 9.56985678770915E-03 9.56816449658596E-03 9.56632345559557E-03 9.56436128015176E-03 9.56226125441698E-03 9.56004571662037E-03 9.55773620066573E-03 9.55342822075581E-03 0 0 0 0 0 0 0 0 0 0 0 0 0 0 0 0 0 0 0 0 0 0 0
8.28872288373893E-03 8.39623680964392E-03 8.50018350619655E-03 8.6001890747228E-03 8.69591201639825E-03 8.78706805566665E-03 8.87338279475171E-03 8.95459220594033E-03 9.03045220085076E-03 9.10076244609476E-03 9.16537598986531E-03 9.22421575103911E-03 9.27729374636716E-03 9.32471746127127E-03 0.009366679245686 9.40343497716757E-03 9.43532747660745E-03 9.46277030476525E-03 9.4862050476784E-03 9.50607338142703E-03 9.52278286384412E-03 9.53669444322833E-03 9.54812410051406E-03 9.55734639620173E-03 9.56458670707932E-03 9.57003971704382E-03 9.57388776203369E-03 9.57632137822172E-03 9.57754737373598E-03 9.57778316186011E-03 9.57723742008929E-03 9.57610413593129E-03 9.57455604604692E-03 9.57274188784321E-03 9.57078985136626E-03 9.56878707894913E-03 9.56671734422899E-03 9.56445062567657E-03 9.56210614069993E-03 9.55773620066573E-03 0 0 0 0 0 0 0 0 0 0 0 0 0 0 0 0 0 0 0 0 0 0 0 0
8.3842305271968E-03 8.48889976698053E-03 8.58960083002997E-03 8.68599518822592E-03 8.7777813728881E-03 8.86472092255212E-03 8.94658322174812E-03 9.02314936855148E-03 9.09422788908708E-03 9.15967785258803E-03 9.21941651503898E-03 9.27343079525342E-03 9.32180145311702E-03 9.36469983163876E-03 9.40237406058228E-03 9.43512179192658E-03 9.46331838381706E-03 9.48739689192903E-03 9.50780101849434E-03 9.52496087341637E-03 9.53926248558232E-03 9.55104024376639E-03 9.56058062508523E-03 9.56812862305455E-03 9.57388308264452E-03 9.5780200730986E-03 9.58071185640571E-03 9.58214453838714E-03 9.58251958952826E-03 9.58204450273994E-03 9.58091646910312E-03 9.57931517010748E-03 9.57739828143348E-03 9.57530841243757E-03 9.5731927636218E-03 9.57117378715168E-03 9.56919976123761E-03 9.56666250293838E-03 9.56210614069993E-03 0 0 0 0 0 0 0 0 0 0 0 0 0 0 0 0 0 0 0 0 0 0 0 0 0
8.47688227154784E-03 8.57834240657146E-03 8.67546490271285E-03 8.76795328401391E-03 8.85555121890861E-03 8.93806646897647E-03 9.01531471441025E-03 9.08712669565634E-03 9.15336740106006E-03 9.21395535705002E-03 9.26887192266073E-03 9.31816874285616E-03 9.36199193076164E-03 9.40056864212707E-03 9.43419400010093E-03 9.46320038921021E-03 9.48798534814356E-03 9.50898985849237E-03 9.52665069304652E-03 9.54137938751065E-03 9.55353536940829E-03 9.56342380014664E-03 9.57129980905124E-03 9.57737845360343E-03 9.58183449776092E-03 9.58482867543724E-03 9.58652553332452E-03 9.58710663445966E-03 9.58676813273279E-03 9.58570916058822E-03 9.58411412261902E-03 9.58214245860563E-03 9.57992833745145E-03 9.57761081530438E-03 9.57540488231514E-03 9.5735912363156E-03 9.57242616784471E-03 9.56666250293838E-03 0 0 0 0 0 0 0 0 0 0 0 0 0 0 0 0 0 0 0 0 0 0 0 0 0 0
8.56630034540072E-03 8.66421448713703E-03 8.75745891631086E-03 8.84578502627629E-03 8.9289860198124E-03 9.00691579938802E-03 9.07943936499233E-03 9.14644112561319E-03 9.20784406418426E-03 9.26362590123049E-03 9.31383084807772E-03 9.3585734242677E-03 9.39805635286435E-03 9.4325540395774E-03 9.46239931717897E-03 9.48795111014677E-03 9.5096179106809E-03 9.52783926298516E-03 9.54303887624093E-03 9.55560341496027E-03 9.56586176172377E-03 9.57408849883326E-03 9.58050761045579E-03 9.58530506150422E-03 9.58863510949207E-03 9.59064589686971E-03 9.59149545637769E-03 9.5913608809156E-03 9.59043466189174E-03 9.58890916207384E-03 9.58695417118357E-03 9.58469956163037E-03 9.5822298935758E-03 9.57964728592183E-03 9.57730244866537E-03 9.57575340583965E-03 9.57556484524119E-03 0 0 0 0 0 0 0 0 0 0 0 0 0 0 0 0 0 0 0 0 0 0 0 0 0 0 0
8.6521425849081E-03 8.74621340177458E-03 8.83532542568423E-03 8.91928105692293E-03 8.99792574347434E-03 9.07116211959169E-03 9.13890692593428E-03 9.20109852178006E-03 9.25771864988918E-03 9.30880446053537E-03 9.35446010353564E-03 9.39485491872278E-03 9.43023909566327E-03 9.46092688048098E-03 9.48728001721008E-03 9.50967206736219E-03 9.52851303871149E-03 9.54423601827175E-03 9.5572453259959E-03 9.56789764251517E-03 9.57648914424486E-03 9.5832631847224E-03 9.58841376782607E-03 9.59210165845511E-03 9.59446426020234E-03 9.59563863167077E-03 9.59577616736669E-03 9.59504927654554E-03 9.59364898172121E-03 9.59176595052469E-03 9.58955903080834E-03 9.58712083813225E-03 9.58442373876103E-03 9.58134265067278E-03 9.5785392930138E-03 9.57695086991068E-03 9.57556484524119E-03 0 0 0 0 0 0 0 0 0 0 0 0 0 0 0 0 0 0 0 0 0 0 0 0 0 0 0
8.73411397184538E-03 8.82409040268995E-03 8.90886440096372E-03 8.98829358613311E-03 9.06227845536754E-03 9.13077128424667E-03 9.19373921044093E-03 9.25117548512377E-03 9.30312146518055E-03 9.34967148443654E-03 9.39098257574187E-03 9.4272694328279E-03 9.45882166385658E-03 9.48598461055701E-03 9.50913935898221E-03 9.52866361992446E-03 9.54496409278112E-03 9.55846247889436E-03 9.56953575703114E-03 9.57850728517368E-03 9.58564083795127E-03 9.59115026987285E-03 9.59520341141916E-03 9.59793950530273E-03 9.59948091786842E-03 9.59995491136965E-03 9.59950587828322E-03 9.59829965622212E-03 9.59652832446559E-03 9.59439235114441E-03 9.59205940362204E-03 9.58961826368582E-03 9.58688057571998E-03 9.58257502287219E-03 9.5785392930138E-03 9.57695086991068E-03 0 0 0 0 0 0 0 0 0 0 0 0 0 0 0 0 0 0 0 0 0 0 0 0 0 0 0 0
8.81198961578857E-03 8.8976702052039E-03 8.97795299732805E-03 9.0527542808592E-03 9.12203099368391E-03 9.18578216799885E-03 9.24402606306918E-03 9.2968124999707E-03 9.3442411744845E-03 9.38645688044927E-03 9.4236615603857E-03 9.45610680334877E-03 9.48411195774443E-03 9.50804315414488E-03 9.52829062380764E-03 9.54523237450385E-03 9.5592669317279E-03 9.57079621283689E-03 9.58016463530014E-03 9.58766278188684E-03 9.59352451249444E-03 9.59793776486568E-03 9.60104798294353E-03 9.60297567560328E-03 9.60382988004595E-03 9.60372918669109E-03 9.60281002631528E-03 9.60122713725451E-03 9.59917315228246E-03 9.59687476845479E-03 9.59455310871322E-03 9.59246713005636E-03 9.59097499370097E-03 9.58257502287219E-03 0 0 0 0 0 0 0 0 0 0 0 0 0 0 0 0 0 0 0 0 0 0 0 0 0 0 0 0 0 0
8.88560306306082E-03 8.96683850402222E-03 9.04253122833574E-03 9.11265747333152E-03 9.17723068288461E-03 9.23629242028601E-03 9.28991572987334E-03 9.33820589605888E-03 9.38131558069425E-03 9.41943121204803E-03 9.45279245600993E-03 9.48167916129405E-03 9.50642961930147E-03 9.52742176404965E-03 9.54504566659319E-03 9.55967716844863E-03 9.57169910608859E-03 9.58148821196304E-03 9.58935732069633E-03 9.59556618765452E-03 9.60032219467315E-03 9.60379062247047E-03 9.60609724189951E-03 9.60734630526257E-03 9.60763605700877E-03 9.60707631492973E-03 9.60579221338608E-03 9.60392135686036E-03 9.60165208691786E-03 9.59924004133649E-03 9.59695213691006E-03 9.59522772378071E-03 9.59499149084297E-03 0 0 0 0 0 0 0 0 0 0 0 0 0 0 0 0 0 0 0 0 0 0 0 0 0 0 0 0 0 0 0
8.95484947070002E-03 9.03154590727433E-03 9.10260752879003E-03 9.16806630316763E-03 9.22798937204663E-03 9.28246492211781E-03 9.33162034262248E-03 9.37560925237178E-03 9.41462886070024E-03 9.44890051909071E-03 9.47869347472781E-03 9.50430743904459E-03 9.52609091764632E-03 9.54442441308528E-03 9.55969154479379E-03 9.57226288743891E-03 9.58250136204911E-03 9.59075499395267E-03 9.59730676322271E-03 9.60239002019129E-03 9.60618939590559E-03 9.60884951442117E-03 9.61047844669544E-03 9.61116744094898E-03 9.61100590996115E-03 9.61009399143737E-03 9.60854157547827E-03 9.60646128287185E-03 9.60402295134074E-03 9.60149083241851E-03 9.59908179478627E-03 9.59696685617057E-03 9.59499149084297E-03 0 0 0 0 0 0 0 0 0 0 0 0 0 0 0 0 0 0 0 0 0 0 0 0 0 0 0 0 0 0 0
9.01968672487217E-03 9.09180470276416E-03 0.009158246473932 9.21909695580213E-03 9.27447672610755E-03 9.32452138956091E-03 9.36940221162729E-03 9.40931534204803E-03 9.44449495985613E-03 9.47519077103638E-03 9.5016915388547E-03 9.52431005937163E-03 9.54339811543233E-03 9.55933170901135E-03 9.57248438735383E-03 9.58321889423665E-03 9.59187731210131E-03 9.59877594366964E-03 9.60417190941928E-03 9.6082754328437E-03 9.61125067358725E-03 9.61322352668496E-03 9.61428788628386E-03 9.61452456327858E-03 9.61401466076024E-03 9.61284688357466E-03 9.61111106752998E-03 9.60889171822154E-03 9.60633905249507E-03 9.60371344723659E-03 9.60120080638797E-03 9.59696685617057E-03 0 0 0 0 0 0 0 0 0 0 0 0 0 0 0 0 0 0 0 0 0 0 0 0 0 0 0 0 0 0 0 0
9.08017420898847E-03 9.14772539674547E-03 9.20960492712337E-03 9.26595113140465E-03 9.31693508858457E-03 9.36273243157175E-03 9.4035513647808E-03 9.43962562286554E-03 9.47121981485518E-03 9.49860411716599E-03 9.52207937627009E-03 9.54196596013058E-03 9.55861318031591E-03 9.57238820986791E-03 9.58365126944391E-03 9.59275259628319E-03 9.60001151168457E-03 9.60571610815073E-03 9.6101013614153E-03 9.61335585002275E-03 9.61562464509175E-03 9.61701764062035E-03 9.61761772831382E-03 9.61749740862766E-03 9.61673073893268E-03 9.61539354310065E-03 9.61354517227169E-03 9.61123033172614E-03 9.60861835101047E-03 9.60597841687079E-03 9.60120080638797E-03 0 0 0 0 0 0 0 0 0 0 0 0 0 0 0 0 0 0 0 0 0 0 0 0 0 0 0 0 0 0 0 0 0
9.13642906642896E-03 9.19947096839569E-03 9.25688898724955E-03 9.30887277641085E-03 9.3556356319067E-03 9.39738545606916E-03 9.43436539106155E-03 9.46684149099408E-03 9.49510215652789E-03 9.51942983288612E-03 9.54013278177081E-03 9.55753409270501E-03 9.57197570573753E-03 9.58381255801145E-03 9.59338869777439E-03 9.60103941621067E-03 9.60706265749355E-03 9.61172063637275E-03 9.61522681278628E-03 9.61775016847228E-03 9.61941913872921E-03 9.62032998916077E-03 9.62055603958325E-03 9.62016401016359E-03 9.61922531617679E-03 9.61781014659002E-03 9.61593976185584E-03 9.61354142861808E-03 9.61090980965108E-03 9.60597841687079E-03 0 0 0 0 0 0 0 0 0 0 0 0 0 0 0 0 0 0 0 0 0 0 0 0 0 0 0 0 0 0 0 0 0 0
9.18861321663769E-03 9.24723913631654E-03 9.30032854432056E-03 9.34811478605845E-03 9.39084587828192E-03 9.4287600209486E-03 9.46213164568432E-03 9.49125195284983E-03 9.51642531829425E-03 9.53794195946493E-03 9.55611306261262E-03 9.57125940341459E-03 9.58371187022823E-03 9.59381080444726E-03 9.60188302548555E-03 9.6082471283941E-03 9.61318018207997E-03 9.61692163440707E-03 9.61966517897836E-03 9.62156230047039E-03 9.62272714674799E-03 9.62324386809739E-03 9.62317675039616E-03 9.62258930454048E-03 9.6215592908611E-03 9.62018076818013E-03 9.6184709238213E-03 9.61587662960198E-03 9.61090980965108E-03 0 0 0 0 0 0 0 0 0 0 0 0 0 0 0 0 0 0 0 0 0 0 0 0 0 0 0 0 0 0 0 0 0 0 0
9.23691873083421E-03 9.29124958703484E-03 9.34016412153187E-03 9.38393231362889E-03 9.4228333052228E-03 9.45713322937058E-03 9.4871305743406E-03 9.51313520749923E-03 9.53546052911779E-03 9.55440060846012E-03 9.57026418483729E-03 9.58336631535872E-03 9.59402499809525E-03 9.60256474459363E-03 9.60929564943355E-03 9.61451854566479E-03 9.61849090447825E-03 9.62143124692745E-03 9.62351526455967E-03 9.62487892537736E-03 9.62562391099961E-03 9.62582432951416E-03 9.62553718697959E-03 9.62482287664688E-03 9.62377147342583E-03 9.6225730749875E-03 9.62164359722275E-03 9.61587662960198E-03 0 0 0 0 0 0 0 0 0 0 0 0 0 0 0 0 0 0 0 0 0 0 0 0 0 0 0 0 0 0 0 0 0 0 0 0
9.28156942953642E-03 9.33174570107877E-03 9.37665281478062E-03 9.41659167085011E-03 9.45186843289619E-03 9.48277482871338E-03 9.50962734485874E-03 9.53274705213424E-03 9.55245022784776E-03 9.56903238724089E-03 9.58279613006204E-03 9.59404684612158E-03 9.60308873981242E-03 9.61023093850755E-03 9.61576723271692E-03 9.61997970490553E-03 9.62310674631367E-03 9.6253482346559E-03 9.62686366370336E-03 9.62777527936432E-03 9.62817429217444E-03 9.62812742383296E-03 9.62768692448619E-03 9.6269053908353E-03 9.62585159394639E-03 9.62473478509907E-03 9.62456366790242E-03 0 0 0 0 0 0 0 0 0 0 0 0 0 0 0 0 0 0 0 0 0 0 0 0 0 0 0 0 0 0 0 0 0 0 0 0 0
9.32279758861801E-03 9.36897225279864E-03 9.41004761179053E-03 9.44635040617408E-03 9.47820940500343E-03 9.50593891045334E-03 9.52986688608483E-03 9.55031992560204E-03 9.56761250585049E-03 9.58203892089396E-03 9.59389212879883E-03 9.60346571448005E-03 9.61105138878243E-03 9.61694251182512E-03 9.62141651650151E-03 9.62473599093553E-03 9.62712155410501E-03 9.62875593053157E-03 9.62978353816916E-03 9.63031459013472E-03 9.63043189951265E-03 9.63019865678618E-03 9.62966938850141E-03 9.62889390182576E-03 9.62785428001692E-03 9.62614861014064E-03 9.62456366790242E-03 0 0 0 0 0 0 0 0 0 0 0 0 0 0 0 0 0 0 0 0 0 0 0 0 0 0 0 0 0 0 0 0 0 0 0 0 0
9.36082977589525E-03 9.40316069903337E-03 9.4405804451895E-03 9.47343864303787E-03 9.5020831173168E-03 9.52684475468765E-03 9.54805763230907E-03 9.56605023732874E-03 9.58113164012659E-03 9.59358989398109E-03 9.60370624551842E-03 9.61176362078558E-03 9.61804111515664E-03 9.62281563090896E-03 9.62634760248813E-03 9.62888063297849E-03 9.63061851157642E-03 9.63172785786859E-03 9.63233936676709E-03 9.63255270658062E-03 9.63244383681864E-03 9.63207672812774E-03 9.63152313755415E-03 9.63088806544574E-03 9.63032711468003E-03 9.62614861014064E-03 0 0 0 0 0 0 0 0 0 0 0 0 0 0 0 0 0 0 0 0 0 0 0 0 0 0 0 0 0 0 0 0 0 0 0 0 0 0
9.39587656315297E-03 9.43452435609361E-03 9.4684656081635E-03 9.4980685624718E-03 9.52369568626075E-03 9.54568918730166E-03 9.56438530910456E-03 9.58011066198823E-03 9.59316547553865E-03 9.60382823467623E-03 9.61236935017397E-03 9.61906125120189E-03 9.62416836044492E-03 9.6279505533378E-03 9.63065111503083E-03 9.63249533278345E-03 9.63367036456164E-03 9.63432792538267E-03 9.63458684176488E-03 9.63453823114308E-03 9.63425310785629E-03 9.63379719767474E-03 9.6332606385751E-03 9.63280691524185E-03 9.63266825494877E-03 0 0 0 0 0 0 0 0 0 0 0 0 0 0 0 0 0 0 0 0 0 0 0 0 0 0 0 0 0 0 0 0 0 0 0 0 0 0 0
9.42811780457157E-03 9.46324366778846E-03 9.49388160471145E-03 9.52041530279372E-03 9.54321777230868E-03 9.56263761939356E-03 9.57900886414506E-03 9.59265107246256E-03 9.60385313754568E-03 9.61288375693029E-03 9.62000263060502E-03 9.62546960822684E-03 9.6295332319476E-03 9.63243677094993E-03 9.63440684645852E-03 9.63565051386968E-03 9.63633856249834E-03 9.63660944926951E-03 9.63657206068469E-03 9.63631120107874E-03 9.63589574955786E-03 9.63539305812168E-03 9.63489859158295E-03 9.6345536159155E-03 9.63266825494877E-03 0 0 0 0 0 0 0 0 0 0 0 0 0 0 0 0 0 0 0 0 0 0 0 0 0 0 0 0 0 0 0 0 0 0 0 0 0 0 0
9.45771457483841E-03 9.48948105994773E-03 9.51699135424825E-03 9.54064065047026E-03 9.56080723704515E-03 9.57784159532895E-03 9.59207122224994E-03 9.60380480506516E-03 9.61331950246373E-03 9.62087329309993E-03 9.6267135245303E-03 9.63108556526359E-03 9.63422279082503E-03 9.63635168874416E-03 9.63768245852238E-03 9.63840420857075E-03 9.6386727838427E-03 9.63861486476832E-03 9.63833086302713E-03 9.63790103661574E-03 9.63739432935037E-03 9.63688474639812E-03 9.63648941945369E-03 9.63637628767082E-03 0 0 0 0 0 0 0 0 0 0 0 0 0 0 0 0 0 0 0 0 0 0 0 0 0 0 0 0 0 0 0 0 0 0 0 0 0 0 0 0
