NongDo/Fusa 10.4h.grd
DSAA
463	323
2	464
2	324
0	10
[rows 140 to 167 of 323, columns 189 to 251 of 463]
5.81261563202011E-16 6.02642962966601E-16 6.15779473706145E-16 6.19766693034389E-16 6.14078643839198E-16 5.98628212498801E-16 5.73807089849619E-16 5.40491414649692E-16 5.00007847656521E-16 4.54031729299242E-16 4.04488736020951E-16 3.53388724901042E-16 3.02675605555425E-16 2.54072753699045E-16 2.08983766081598E-16 1.68416054267737E-16 1.32964096015061E-16 1.0283643976189E-16 7.79128356339173E-17 5.78223038535791E-17 4.20274687599545E-17 2.9910440074966E-17 2.08357556006147E-17 1.42002791569033E-17 9.46316568879982E-18 6.16206590809079E-18 3.9174495094085E-18 2.42929672729503E-18 1.4682506648404E-18 8.6437877548499E-19 4.95740913047766E-19 2.77013921864999E-19 1.50807157539745E-19 7.99977191588312E-20 4.13646719702312E-20 2.0868046783867E-20 1.02825033704311E-20 4.95685472061857E-21 2.34072062404406E-21 1.08488253282371E-21 4.94586332966016E-22 2.22293073247551E-22 9.85333477060871E-23 4.31019625791205E-23 1.86153493064337E-23 7.94256297723181E-24 3.34757048696453E-24 1.39708902664086E-24 5.87325560893947E-25 2.66709493783746E-25 1.14365874895609E-25 0 0 0 0 0 0 0 0 0 0 0 0
1.07313436063886E-15 1.10169046324884E-15 1.11432900184957E-15 1.10990751953969E-15 1.08803783059842E-15 1.0491533058293E-15 9.94519159123315E-16 9.26197331253885E-16 8.46947561888319E-16 7.60032210718042E-16 6.689908650888E-16 5.77344879754521E-16 4.8834146572431E-16 4.04721363713033E-16 3.2858069700708E-16 2.61286291746661E-16 2.03486144190737E-16 1.55192633722056E-16 1.15906455606682E-16 8.47644247266106E-17 6.06881551254974E-17 4.25267157953264E-17 2.91546097299525E-17 1.9544337418017E-17 1.28037501202401E-17 8.1909619680274E-18 5.11238379436122E-18 3.11017862441067E-18 1.84262888410431E-18 1.06252448804242E-18 5.9664339189694E-19 3.26381680062355E-19 1.739041354326E-19 9.02800033136575E-20 4.56930408692343E-20 2.25769841399541E-20 1.09053785710276E-20 5.1603841498443E-21 2.39562978907514E-21 1.09370860026567E-21 4.92318972993198E-22 2.19066747176794E-22 9.63023457464608E-23 4.18223076831853E-23 1.79578242880334E-23 7.62605138753104E-24 3.20404616198261E-24 1.35069209735998E-24 6.15404788431687E-25 2.66709493783746E-25 0 0 0 0 0 0 0 0 0 0 0 0 0
1.95034845441452E-15 1.98211583357378E-15 1.98414548212916E-15 1.95537570112035E-15 1.8961564335537E-15 1.80831769618186E-15 1.69503026817539E-15 1.56066538653025E-15 1.41063449049058E-15 1.25101705325291E-15 1.08803179906305E-15 9.27596107535912E-16 7.7490666106012E-16 6.3412153959655E-16 5.0818686705269E-16 3.9877786113587E-16 3.06364620545941E-16 2.30414232779763E-16 1.69635488249419E-16 1.22243001911876E-16 8.62056042559547E-17 5.94725093715858E-17 4.01199617864377E-17 2.64499731970024E-17 1.7030684876933E-17 1.07015218612128E-17 6.55623212765627E-18 3.91220160559798E-18 2.2716597822943E-18 1.28289449279773E-18 7.05265295593754E-19 3.77680565224675E-19 1.96967391262663E-19 1.00085608513087E-19 4.96000838082772E-20 2.40160159468877E-20 1.13806903454677E-20 5.29154798970819E-21 2.41805730714908E-21 1.08907180744513E-21 4.84873964099783E-22 2.13986906242335E-22 9.34437108663934E-23 4.03313656130359E-23 1.72333135187893E-23 7.30349078841061E-24 3.10483276767481E-24 1.41493801547214E-24 6.15404788431687E-25 0 0 0 0 0 0 0 0 0 0 0 0 0 0
3.49105521571917E-15 3.51158560045896E-15 3.47830865010766E-15 3.39114568440662E-15 3.25252495614537E-15 3.0674101509569E-15 2.84287093150166E-15 2.58766800733439E-15 2.3118651064851E-15 2.02625177221864E-15 1.741303327707E-15 1.46658212730259E-15 1.21006998061417E-15 9.77770497130558E-16 7.73502308647032E-16 5.98968139660638E-16 4.53935398958979E-16 3.36654011844043E-16 2.44306802125286E-16 1.7346166494133E-16 1.2047160324389E-16 8.18134393618056E-17 5.42991490542156E-17 3.5198440362463E-17 2.22704783770419E-17 1.37425063381551E-17 8.26245517886979E-18 4.8352337530445E-18 2.75159184257374E-18 1.52199024418774E-18 8.19213033346919E-19 4.29523611532941E-19 2.19294898726847E-19 1.09108803847341E-19 5.29782013299088E-20 2.51599149869522E-20 1.17093780671991E-20 5.35541638808798E-21 2.41253341036823E-21 1.07373787142698E-21 4.73585150791726E-22 2.07495503796178E-22 9.01020296027934E-23 3.86881252007046E-23 1.64880445905455E-23 7.07518014440966E-24 3.25574992360498E-24 1.41493801547214E-24 0 0 0 0 0 0 0 0 0 0 0 0 0 0 0
6.1579730907311E-15 6.1299256234594E-15 6.00747287658562E-15 5.79362278948859E-15 5.49562808633866E-15 5.12478514328391E-15 4.69567099866772E-15 4.22514145965401E-15 3.7310903917666E-15 3.23175595838625E-15 2.7441693791444E-15 2.2831790399736E-15 1.860525208087E-15 1.48436843375689E-15 1.15909220394174E-15 8.85655489681004E-16 6.62064581140185E-16 4.84133845476849E-16 3.46269434817988E-16 2.42207645111651E-16 1.65643190232919E-16 1.10713360177904E-16 7.22793853163546E-17 4.60605121797507E-17 2.86316976054539E-17 1.73469437921635E-17 1.02336869003079E-17 5.87280851004475E-18 3.27547777269261E-18 1.77487664461586E-18 9.35557718276969E-19 4.80371864002509E-19 2.40197836575399E-19 1.17099170083158E-19 5.57620419659228E-20 2.60057227877051E-20 1.19032616048011E-20 5.36322869872228E-21 2.38588888817643E-21 1.05119412239862E-21 4.60056666349014E-22 2.00309163596098E-22 8.65867728247697E-23 3.70965043342451E-23 1.60054142264693E-23 7.42634432469024E-24 3.25574992360498E-24 0 0 0 0 0 0 0 0 0 0 0 0 0 0 0 0
1.07109499330967E-14 1.05506155960965E-14 1.02294202994838E-14 9.75793755322189E-15 9.15362256287019E-15 8.44001190622359E-15 7.64513455726547E-15 6.79963331249298E-15 5.93438567400405E-15 5.07926637194472E-15 4.26103701291034E-15 3.50180157628462E-15 2.81790280502253E-15 2.21947086713071E-15 1.71046367282051E-15 1.28943873834907E-15 9.50638390998599E-16 6.85306755087462E-16 4.83017485385002E-16 3.32796659034588E-16 2.24079966652925E-16 1.47382111283421E-16 9.4630711190343E-17 5.92740406383868E-17 3.61935942631323E-17 2.15275232263357E-17 1.24606124075128E-17 7.0123782774434E-18 3.83382281152025E-18 2.03589229444314E-18 1.0513303593728E-18 5.28790962329033E-19 2.59121985452742E-19 1.23899498019357E-19 5.79342919207313E-20 2.65692988618124E-20 1.19804107362674E-20 5.3280563943048E-21 2.34495870322158E-21 1.02470381511431E-21 4.45770824633927E-22 1.93253692574845E-22 8.34470145362147E-23 3.62513801036553E-23 1.68961662704786E-23 7.42634432469024E-24 0 0 0 0 0 0 0 0 0 0 0 0 0 0 0 0 0
1.83762119181E-14 1.79102304078606E-14 1.71781024640478E-14 1.62067910510088E-14 1.50337913299425E-14 1.3705144261431E-14 1.22721038852183E-14 1.07879023399501E-14 9.30399647323509E-15 7.86785670069905E-15 6.52000267667154E-15 5.29184355860048E-15 4.20452187727669E-15 3.26881202392711E-15 2.48583554889108E-15 1.84854604662109E-15 1.34386111125855E-15 9.5490007565561E-16 6.63128683699495E-16 4.49982599349217E-16 2.98262041557889E-16 1.93016107921431E-16 1.21868263077435E-16 7.5021443661589E-17 4.49951783169047E-17 2.62727166222199E-17 1.49210900714121E-17 8.23551260418088E-18 4.41476317572464E-18 2.29862916821493E-18 1.16366882988243E-18 5.73785199875618E-19 2.75818406503081E-19 1.29510271552751E-19 5.95532991010395E-20 2.69031662819577E-20 1.19725129277134E-20 5.26525491768335E-21 2.2969061343732E-21 9.97604133234001E-22 4.32467281550422E-22 1.87592141762996E-22 8.2211852853241E-23 3.85804403273042E-23 1.68961662704786E-23 0 0 0 0 0 0 0 0 0 0 0 0 0 0 0 0 0 0
3.11018883009798E-14 2.99905291856317E-14 2.84523144603394E-14 2.65468675339229E-14 2.43488325676975E-14 2.19437057166941E-14 1.94216951152129E-14 1.6872133598709E-14 1.43775889299327E-14 1.20107814365817E-14 9.83040098493185E-15 7.87846359428255E-15 6.17952581745164E-15 4.74147133035234E-15 3.55756106035719E-15 2.60930442697341E-15 1.87026496779384E-15 1.30973978182561E-15 8.96057917934613E-16 5.98785660785641E-16 3.90669861841574E-16 2.48725728608863E-16 1.54415422678281E-16 9.34142502290798E-17 5.50299884979934E-17 3.15462671475125E-17 1.7581593615306E-17 9.51978784431185E-18 5.00577214025947E-18 2.55689499455705E-18 1.27004042685029E-18 6.14651882437976E-19 2.90222284010297E-19 1.34025593825883E-19 6.07184364411708E-20 2.70770978830563E-20 1.19160291454968E-20 5.1905850379376E-21 2.24921421992264E-21 9.74493758767365E-22 4.23458429075599E-22 1.87033057360667E-22 8.834313270863E-23 3.85804403273042E-23 0 0 0 0 0 0 0 0 0 0 0 0 0 0 0 0 0 0 0
5.19332798658303E-14 4.9538975539635E-14 4.64829781296854E-14 4.28861418445465E-14 3.88889465989729E-14 3.46434087056621E-14 3.03026594490858E-14 2.60116503147108E-14 2.18980201009314E-14 1.80684533418672E-14 1.46035571156521E-14 1.15549500129876E-14 8.945738957818E-15 6.77322107859776E-15 5.01344262511179E-15 3.6264042119536E-15 2.56253258347167E-15 1.76845153304726E-15 1.19184995621464E-15 7.84274570559545E-16 5.03645275484061E-16 3.15458407775195E-16 1.92569728876687E-16 1.14486728876439E-16 6.62496808828511E-17 3.72919174408012E-17 2.04013788048017E-17 1.08414989294938E-17 5.59524116611724E-18 2.80604283780977E-18 1.36903418547592E-18 6.51207282766647E-19 3.02519491947534E-19 1.37651545652263E-19 6.1566012292826E-20 2.71629843390127E-20 1.18455931351241E-20 5.12042969640747E-21 2.21235682320276E-21 9.67478262085974E-22 4.28856533890519E-22 2.03986396759269E-22 8.834313270863E-23 0 0 0 0 0 0 0 0 0 0 0 0 0 0 0 0 0 0 0 0
8.55541839516561E-14 8.07226258846777E-14 7.49041261453048E-14 6.83290570533795E-14 6.12500385004896E-14 5.39272347697139E-14 4.66112817798324E-14 3.9529030945395E-14 3.2870326727487E-14 2.67842322929323E-14 2.13738016601651E-14 1.66939442712459E-14 1.27548339873543E-14 9.52829610861481E-15 6.95677569934955E-15 4.96223749038506E-15 3.45668248072965E-15 2.35078590316667E-15 1.56068386558152E-15 1.01129017611071E-15 6.39238417401725E-16 3.93924160485424E-16 2.36473684949529E-16 1.38189521152088E-16 7.8568857428634E-17 4.34407612041416E-17 2.33381932104613E-17 1.21792410632137E-17 6.17437967009517E-18 3.04346487573715E-18 1.46039571150451E-18 6.83809797835303E-19 3.13112366764189E-19 1.40670019757532E-19 6.22506436841167E-20 2.72314528925419E-20 1.1791806064318E-20 5.07042244501356E-21 2.20492369336138E-21 1.02041559597899E-21 4.81487463939828E-22 2.03986396759269E-22 0 0 0 0 0 0 0 0 0 0 0 0 0 0 0 0 0 0 0 0 0
1.39045009280641E-13 1.29750970651186E-13 1.19051511188136E-13 1.07364612173335E-13 9.51267891857988E-14 8.27673752393666E-14 7.06818421910162E-14 5.92117801780013E-14 4.86272847046003E-14 3.91241007080626E-14 3.08205835889055E-14 2.3758394000358E-14 1.79117888007534E-14 1.32004212981713E-14 9.50580780858848E-15 6.68586923805794E-15 4.59108155963712E-15 3.07681670314701E-15 2.01229798285907E-15 1.28409383450297E-15 7.9902487780362E-16 4.84516277711952E-16 2.86087128577249E-16 1.64381326146928E-16 9.18644764432188E-17 4.99143085157762E-17 2.63513601376271E-17 1.3516086046444E-17 6.73815526927612E-18 3.26890109854972E-18 1.54517037922246E-18 7.13465951398701E-19 3.22654632589946E-19 1.43437173068495E-19 6.29499725506922E-20 2.73663023656282E-20 1.17874384761617E-20 5.0543085217548E-21 2.26763925880012E-21 1.32504535527528E-21 4.81487463939828E-22 0 0 0 0 0 0 0 0 0 0 0 0 0 0 0 0 0 0 0 0 0 0
2.22927174219085E-13 2.05716074902574E-13 1.86619491307003E-13 1.66365090692647E-13 1.45679357555348E-13 1.25245317133314E-13 1.05663440928038E-13 8.7426460391881E-14 7.08985338290836E-14 5.63154039417209E-14 4.37877836857031E-14 3.33091654346808E-14 2.4776116742184E-14 1.80112897692478E-14 1.27914704215889E-14 8.87091044209269E-15 6.0047698298699E-15 3.96583155725216E-15 2.55535310423846E-15 1.60604130944499E-15 9.83956980771874E-16 5.87253411840578E-16 3.4117451253586E-16 1.92835467911321E-16 1.05985790640631E-16 5.6631152660891E-17 2.94058889233198E-17 1.48414245350346E-17 7.28606971262831E-18 3.48459677587527E-18 1.62558454687633E-18 7.41647840570097E-19 3.319400552023E-19 1.46347856629554E-19 6.3872203276223E-20 2.76967865698734E-20 1.18820583542019E-20 5.08172205903384E-21 2.45109803827592E-21 2.25149252137307E-21 0 0 0 0 0 0 0 0 0 0 0 0 0 0 0 0 0 0 0 0 0 0 0
3.52560314241521E-13 3.2169259984467E-13 2.88502691292805E-13 2.54210415997456E-13 2.19980928097647E-13 1.86860940322423E-13 1.55724725801181E-13 1.27247535311791E-13 1.01886515537883E-13 7.98878867782388E-14 6.13033612125484E-14 4.60126180038047E-14 3.376315980877E-14 2.42089089078867E-14 1.69550304157482E-14 1.15934578567793E-14 7.73592823737424E-15 5.03523639545546E-15 3.19679568991242E-15 1.97928687560005E-15 1.19423655702202E-15 7.01739057327032E-16 4.01298725453412E-16 2.23245357993247E-16 1.20765088685662E-16 6.35185916509043E-17 3.2478246344118E-17 1.61530318041199E-17 7.82295821971712E-18 3.69605959111895E-18 1.7053553092512E-18 7.70289474159561E-19 3.41871021974E-19 1.4983037587386E-19 6.5336080088436E-20 2.85919233354872E-20 1.21971772423202E-20 5.11854372204564E-21 2.49360249691674E-21 2.25149252137307E-21 0 0 0 0 0 0 0 0 0 0 0 0 0 0 0 0 0 0 0 0 0 0 0
5.49963599071304E-13 4.96136630790053E-13 4.39839963260231E-13 3.83041668359071E-13 3.27541380138392E-13 2.74879719768599E-13 2.26271278181349E-13 1.82585598983896E-13 1.44336694977001E-13 1.1170722277969E-13 8.45913619131801E-14 6.2641788751971E-14 4.53409683042361E-14 3.2063335648009E-14 2.21441077763387E-14 1.49292047920609E-14 9.82016879969588E-15 6.29964619933277E-15 3.94132447339544E-15 2.40447667997912E-15 1.42916705898454E-15 8.27118015818036E-16 4.65830456798757E-16 2.55241188354444E-16 1.36024229315114E-16 7.05111635678604E-17 3.55539732808617E-17 1.74551249405336E-17 8.35747329509081E-18 3.91092640944598E-18 1.78901673011027E-18 8.01441990682702E-19 3.53296872769504E-19 1.54305139530411E-19 6.79778084810981E-20 3.15197210435234E-20 1.29993191781721E-20 5.11854372204564E-21 2.49360249691674E-21 0 0 0 0 0 0 0 0 0 0 0 0 0 0 0 0 0 0 0 0 0 0 0 0
8.46173261645134E-13 7.54659346382602E-13 6.61305352413659E-13 5.69167131188558E-13 4.80918684557235E-13 3.98728483913502E-13 3.24188807166373E-13 2.58324357244874E-13 2.01606540871956E-13 1.54004469186621E-13 1.150799099418E-13 8.40735566409361E-14 6.00236547853415E-14 4.18602776832651E-14 2.85075907746523E-14 1.89498146377274E-14 1.22883943247072E-14 7.77015018904354E-15 4.79116622101993E-15 2.88062338803259E-15 1.68717340337042E-15 9.6214468380004E-16 5.34017083671283E-16 2.88452396988107E-16 1.51612127482002E-16 7.75636224378837E-17 3.86329196205718E-17 1.87604377694937E-17 8.90194611564501E-18 4.1375650372497E-18 1.88115924004119E-18 8.36992652968825E-19 3.66887861217128E-19 1.60194521355887E-19 7.33010431321377E-20 4.36109931689993E-20 1.29993191781721E-20 0 0 0 0 0 0 0 0 0 0 0 0 0 0 0 0 0 0 0 0 0 0 0 0 0 0
1.28415674598746E-12 1.13215925292904E-12 9.80610951480438E-13 8.3407995743754E-13 6.9637670136497E-13 5.70397203440835E-13 4.58071935561376E-13 3.60438353135759E-13 2.77716181564791E-13 2.09390392568929E-13 1.54398904461765E-13 1.11280197718336E-13 7.83619235374554E-14 5.38929156470825E-14 3.61896399151827E-14 2.37188458420549E-14 1.51640803007535E-14 9.4528299627911E-15 5.74564888825026E-15 3.40517856419813E-15 1.96592849307911E-15 1.10527303502705E-15 6.05028472401268E-16 3.22517420115465E-16 1.67406424435193E-16 8.46522706573709E-17 4.172805064614E-17 2.00873197577299E-17 9.47015270108737E-18 4.38363996612735E-18 1.98550418492815E-18 8.78170729152167E-19 3.83118305567451E-19 1.67946615458208E-19 8.29526059589834E-20 7.63901043165311E-20 0 0 0 0 0 0 0 0 0 0 0 0 0 0 0 0 0 0 0 0 0 0 0 0 0 0 0
1.9223004662438E-12 1.67530181109067E-12 1.43420708645459E-12 1.20557350282031E-12 9.94576671244931E-13 8.04840940130665E-13 6.38442556581635E-13 4.96102710590565E-13 3.77392655628332E-13 2.80866322370482E-13 2.04376610409017E-13 1.45323010186802E-13 1.00936728281424E-13 6.84567320226574E-14 4.5325903219751E-14 2.92892166020271E-14 1.84618669113633E-14 1.13472612256258E-14 6.80011163798104E-15 3.97350171021217E-15 2.26218923241111E-15 1.25465005206477E-15 6.77948071641234E-16 3.57046134478993E-16 1.8328443239295E-16 9.17654726068658E-17 4.48567541011414E-17 2.14534297447592E-17 1.00726383834422E-17 4.65418091733296E-18 2.10473322045154E-18 9.26903237238404E-19 4.03836671044365E-19 1.7886084433827E-19 8.80377862811677E-20 7.63901043165311E-20 0 0 0 0 0 0 0 0 0 0 0 0 0 0 0 0 0 0 0 0 0 0 0 0 0 0 0
2.83850164119993E-12 2.44533518402257E-12 2.06913761778058E-12 1.7189097655223E-12 1.40127198593216E-12 1.12034601989344E-12 8.77902180624193E-13 6.73736552075139E-13 5.06070082849904E-13 3.71804953491588E-13 2.6701366348806E-13 1.87328481274356E-13 1.28342533865059E-13 8.58399248560782E-14 5.60393618878961E-14 3.57020605271824E-14 2.21877925575037E-14 1.34476190465173E-14 7.94683331094637E-15 4.57934411235093E-15 2.57205797728489E-15 1.40820953151396E-15 7.51814432118902E-16 3.9163119313815E-16 1.99106605844583E-16 9.8872567358017E-17 4.80176466330637E-17 2.28623271541772E-17 1.07100643111948E-17 4.94795827127071E-18 2.2399414559019E-18 9.88893469475927E-19 4.38003014835722E-19 2.07895435588345E-19 8.80377862811677E-20 0 0 0 0 0 0 0 0 0 0 0 0 0 0 0 0 0 0 0 0 0 0 0 0 0 0 0 0
4.13509892437519E-12 3.52149710904664E-12 2.94531233815182E-12 2.41827027604692E-12 1.94820236452809E-12 1.53907879357539E-12 1.19145594146111E-12 9.03158946057431E-13 6.69946377573418E-13 4.85959114641881E-13 3.44471980789805E-13 2.38466550522676E-13 1.61164554794557E-13 1.06303659058715E-13 6.84251170935412E-14 4.29768503181143E-14 2.63327235676064E-14 1.57388851710069E-14 9.17365331908212E-15 5.21507904869947E-15 2.89127803685839E-15 1.56384053594281E-15 8.25740293962361E-16 4.25986445868529E-16 2.14803659085412E-16 1.05962043020999E-16 5.12126791095504E-17 2.43164048280557E-17 1.13888851443183E-17 5.27914993346374E-18 2.40492056033662E-18 1.08298396179317E-18 5.15458119645946E-19 2.07895435588345E-19 0 0 0 0 0 0 0 0 0 0 0 0 0 0 0 0 0 0 0 0 0 0 0 0 0 0 0 0 0
5.94421474992292E-12 5.00453743486254E-12 4.13772193374546E-12 3.35805986751505E-12 2.67378835967894E-12 2.08741560949607E-12 1.59665120705601E-12 1.19562978775736E-12 8.75970811240587E-13 6.27429191813037E-13 4.3904223855883E-13 2.99927736044303E-13 1.99964729155456E-13 1.30075080382457E-13 8.25481962142415E-14 5.1111906776571E-14 3.0874801918571E-14 1.81985889873121E-14 1.0464053216346E-14 5.8708879353689E-15 3.21468929704781E-15 1.71910168243113E-15 8.98729145185599E-16 4.59807645997001E-16 2.30311632801678E-16 1.13027950935766E-16 5.44508873674008E-17 2.58279468042676E-17 1.21417822518509E-17 5.72410246843542E-18 2.66370357006172E-18 1.2807206860891E-18 5.15458119645946E-19 0 0 0 0 0 0 0 0 0 0 0 0 0 0 0 0 0 0 0 0 0 0 0 0 0 0 0 0 0 0
8.43377987716816E-12 7.02059438901638E-12 5.73881111654419E-12 4.60427920478002E-12 3.62383913769571E-12 2.79620228182913E-12 2.11359626240455E-12 1.56378655025941E-12 1.13175251878779E-12 8.0057896689369E-13 5.53080862243174E-13 3.7288748196744E-13 2.45261307845134E-13 1.57337350724845E-13 9.84399055202475E-14 6.00828721495693E-14 3.57791854031117E-14 2.0798370403774E-14 1.17995047600819E-14 6.53618479382539E-15 3.53696578121049E-15 1.87158628448438E-15 9.69774370983474E-16 4.92702304485275E-16 2.4551256171273E-16 1.20058121715579E-16 5.77511123891448E-17 2.74384959717525E-17 1.30759877373573E-17 6.58408066887472E-18 3.21001768462263E-18 1.2807206860891E-18 0 0 0 0 0 0 0 0 0 0 0 0 0 0 0 0 0 0 0 0 0 0 0 0 0 0 0 0 0 0 0
1.18136448209369E-11 9.72494550618307E-12 7.8606402899823E-12 6.23568091907085E-12 4.85210525138687E-12 3.70093373116005E-12 2.76491392826239E-12 2.02150980640056E-12 1.44543110327233E-12 1.00992495390884E-12 6.88923070609899E-13 4.58447281367549E-13 2.97500146369005E-13 1.88219859392473E-13 1.16098252510311E-13 6.98479264455439E-14 4.10037168729798E-14 2.35071391031013E-14 1.31605760530868E-14 7.20015119239803E-15 3.85269632014936E-15 2.01882830160983E-15 1.03779142512838E-15 5.24170886621849E-16 2.60194400728602E-16 1.27001216342744E-16 6.11530918393388E-17 2.92742772319492E-17 1.44950419258699E-17 9.16680866273889E-18 3.21001768462263E-18 0 0 0 0 0 0 0 0 0 0 0 0 0 0 0 0 0 0 0 0 0 0 0 0 0 0 0 0 0 0 0 0
1.63421978917349E-11 1.33061167428661E-11 1.06372972466084E-11 8.3450595491638E-12 6.42090289413671E-12 4.84207827244738E-12 3.57591781592727E-12 2.5839670625989E-12 1.82563564502173E-12 1.26007099574594E-12 8.48825645184757E-13 5.57581023373143E-13 3.57007282613067E-13 2.22762621467483E-13 1.354669510849E-13 8.03376430216044E-14 4.64936806306938E-14 2.62893499425466E-14 1.45271031718561E-14 7.85247749271294E-15 4.15696315330947E-15 2.15859704074136E-15 1.10176593923298E-15 5.53718946433602E-16 2.7411567371143E-16 1.33795063331102E-16 6.48125514720582E-17 3.17250344878013E-17 1.67657043597139E-17 1.5559016663408E-17 0 0 0 0 0 0 0 0 0 0 0 0 0 0 0 0 0 0 0 0 0 0 0 0 0 0 0 0 0 0 0 0 0
2.23321245318629E-11 1.79890131045276E-11 1.42264154258591E-11 1.10398297930105E-11 8.40116565295495E-12 6.26485303137033E-12 4.57430163454876E-12 3.26734735809546E-12 2.281288768978E-12 1.55556608587099E-12 1.03486050010045E-12 6.71075678839147E-13 4.23968490389068E-13 2.60916889259739E-13 1.56441708915259E-13 9.14603207506572E-14 5.21870087430251E-14 2.91080425948516E-14 1.58794550140584E-14 8.48355956609211E-15 4.44526405088677E-15 2.28888599325351E-15 1.16079352559103E-15 5.80892449044055E-16 2.87057322985603E-16 1.40477253575781E-16 6.93120526610783E-17 3.62281668074471E-17 1.85338165224519E-17 1.5559016663408E-17 0 0 0 0 0 0 0 0 0 0 0 0 0 0 0 0 0 0 0 0 0 0 0 0 0 0 0 0 0 0 0 0 0
3.01564706737039E-11 2.40378744595324E-11 1.88102534062737E-11 1.44421084812211E-11 1.08721073377112E-11 8.01873257108178E-12 5.78960356605154E-12 4.08834738224678E-12 2.82120315982633E-12 1.90062883635403E-12 1.24873060718266E-12 7.99392865598678E-13 4.98348537099697E-13 3.02512948569594E-13 1.7885526649127E-13 1.03095627104431E-13 5.80113288867499E-14 3.19258616407477E-14 1.71994979503295E-14 9.08484629572457E-15 4.71376307581543E-15 2.40800776881984E-15 1.21423305326377E-15 6.05547977714578E-16 2.99071753463519E-16 1.47481627999667E-16 7.65579807091332E-17 5.01026093009458E-17 1.85338165224519E-17 0 0 0 0 0 0 0 0 0 0 0 0 0 0 0 0 0 0 0 0 0 0 0 0 0 0 0 0 0 0 0 0 0 0
4.02523872813307E-11 3.17573029794621E-11 2.45951993382629E-11 1.86875010310821E-11 1.39198174607932E-11 1.01562746796201E-11 7.25243170435261E-12 5.06370640750515E-12 3.45380101910197E-12 2.29901084068248E-12 1.49175254012959E-12 9.42708803049314E-13 5.79916922123247E-13 3.4726338007428E-13 2.02476818426316E-13 1.15093648343705E-13 6.38824303583349E-14 3.47021245836592E-14 1.84689475663982E-14 9.6484478321947E-15 4.95929543550649E-15 2.51461902136585E-15 1.26157297977668E-15 6.27746289917645E-16 3.10631184998118E-16 1.5611358107065E-16 9.02171884098409E-17 8.39481807489514E-17 0 0 0 0 0 0 0 0 0 0 0 0 0 0 0 0 0 0 0 0 0 0 0 0 0 0 0 0 0 0 0 0 0 0 0
5.31231949127637E-11 4.14911601046004E-11 3.18091786402414E-11 2.39222080535133E-11 1.76346318036813E-11 1.27308532518565E-11 8.99257987594548E-12 6.20886515897477E-12 4.18620635987501E-12 2.75338620605206E-12 1.76451216885313E-12 1.10080117511854E-12 6.68232340120998E-13 3.94763650645351E-13 2.27029985410414E-13 1.27293143658703E-13 6.97166090096013E-14 3.73962431283602E-14 1.9670682381563E-14 1.01680366855141E-14 5.17968902541501E-15 2.60793705272726E-15 1.30234371565215E-15 6.47324212115374E-16 3.22726875966355E-16 1.69517058356874E-16 1.135659236814E-16 8.39481807489514E-17 0 0 0 0 0 0 0 0 0 0 0 0 0 0 0 0 0 0 0 0 0 0 0 0 0 0 0 0 0 0 0 0 0 0 0
6.93380322954068E-11 5.3619314435276E-11 4.06975595249665E-11 3.02989435824275E-11 2.21075532890277E-11 1.57939835436475E-11 1.10372935840478E-11 7.53691199416919E-12 5.023736439232E-12 3.26516442529821E-12 2.06679624041321E-12 1.2730132925598E-12 7.62667853414997E-13 4.44549434668262E-13 2.52232918644069E-13 1.39544872271929E-13 7.54447741209858E-14 3.99777428933058E-14 2.07935108852603E-14 1.06403769752364E-14 5.37443948176258E-15 2.68815082623904E-15 1.33667786654962E-15 6.64713968670403E-16 3.37942393073017E-16 1.97215477680895E-16 1.83895619649078E-16 0 0 0 0 0 0 0 0 0 0 0 0 0 0 0 0 0 0 0 0 0 0 0 0 0 0 0 0 0 0 0 0 0 0 0 0
