NongDo/Fusa 15.9h.grd
DSAA
463	323
2	464
2	324
0	10
[rows 252 to 279 of 323, columns 0 to 63 of 463]
0 0 0 0 0 0 0 0 0 0 0 0 0 0 0 0 0 0 0 0 0 0 0 0 0 0 0 0 0 0 0 0 0 0 0 0 0 0 4.13780840471583E-03 4.14972070380908E-03 4.15587184862943E-03 4.16038594051346E-03 4.16510991031521E-03 4.17050486025647E-03 4.17677219896717E-03 4.18401844206894E-03 4.19235655908783E-03 4.20185814939101E-03 4.21261574739456E-03 4.22470399571661E-03 4.23819986441371E-03 4.25317490206716E-03 4.26967624730542E-03 4.28774531748868E-03 4.30739041899478E-03 4.32862740623382E-03 4.35142581223524E-03 4.37575493222814E-03 4.40155105249318E-03 4.42876723654267E-03 4.45730820929446E-03 4.48704249802567E-03 4.51782275601163E-03 4.5494907857322E-03
0 0 0 0 0 0 0 0 0 0 0 0 0 0 0 0 0 0 0 0 0 0 0 0 0 0 0 0 0 0 0 0 0 0 0 0 0 4.1275393192449E-03 4.13780840471583E-03 4.14295381993032E-03 4.1481147903395E-03 4.15312620953246E-03 4.15851752215112E-03 4.16459847760841E-03 4.17158001789736E-03 4.17958877043658E-03 4.18874671180577E-03 4.19913576425169E-03 4.21085439312151E-03 4.22398712110099E-03 4.23861343962385E-03 4.25480411487376E-03 4.27260125787916E-03 4.29203908711367E-03 4.31311574024673E-03 4.33583248723308E-03 4.36014431943942E-03 4.3860021482202E-03 4.41332285854334E-03 4.44203565607133E-03 4.47202592298038E-03 4.50314289873392E-03 4.53522175815152E-03 4.56808909057689E-03
0 0 0 0 0 0 0 0 0 0 0 0 0 0 0 0 0 0 0 0 0 0 0 0 0 0 0 0 0 0 0 0 0 0 0 0 4.11881241918257E-03 4.1275393192449E-03 4.13199413924218E-03 4.13656943814834E-03 4.14144079605763E-03 0.004146699800937 4.15258823025216E-03 4.15928729263386E-03 4.16696804248814E-03 4.17575171223243E-03 4.18575962387839E-03 4.19707880934452E-03 0.004209810955856 4.22404784103934E-03 4.23986938635472E-03 4.25734370314106E-03 4.27650559430844E-03 4.29737918007121E-03 4.3199488249226E-03 4.34420144278235E-03 4.37007376051258E-03 4.39749477485931E-03 4.42635900763268E-03 4.45657252520814E-03 4.48799840424401E-03 4.52046638695782E-03 4.55379501620101E-03 4.58779729181428E-03
0 0 0 0 0 0 0 0 0 0 0 0 0 0 0 0 0 0 0 0 0 0 0 0 0 0 0 0 0 0 0 0 0 0 0 4.11415671938756E-03 4.11881241918257E-03 4.12232813617299E-03 4.12611220238846E-03 4.13036180327182E-03 4.13520871384837E-03 4.14074575013659E-03 4.1471186045234E-03 4.15443682601628E-03 4.16283919313734E-03 4.17243785583812E-03 4.18334866470719E-03 4.19566128166545E-03 4.20947714489285E-03 4.2248951256935E-03 4.24199137896904E-03 4.26082965309015E-03 4.28143429739781E-03 4.3038173445486E-03 4.32794463791967E-03 4.35378854916002E-03 4.38126362654386E-03 4.41027283712116E-03 4.44068752203616E-03 4.47239012921886E-03 4.50522332312708E-03 4.53899555549325E-03 4.57351046690551E-03 4.60856928666714E-03
0 0 0 0 0 0 0 0 0 0 0 0 0 0 0 0 0 0 0 0 0 0 0 0 0 0 0 0 0 0 0 0 0 0 0 4.11415671938756E-03 4.11448933362834E-03 4.11663999564962E-03 4.11991192286246E-03 4.12405846123758E-03 4.1290723776698E-03 4.13499138174453E-03 4.14191211940666E-03 4.1499102779194E-03 4.15909886316364E-03 4.16958333077528E-03 4.18147476237371E-03 4.19486603334229E-03 4.20985696861285E-03 4.2265488357929E-03 4.24501283526582E-03 4.26530499390857E-03 4.28743698345279E-03 4.31140588148472E-03 4.33715879608617E-03 4.36464551779536E-03 4.39375482675678E-03 4.42436448277877E-03 4.45632354375526E-03 4.4894904637236E-03 4.52368534665206E-03 4.55869841442582E-03 4.5943205729469E-03 4.63034484698991E-03
0 0 0 0 0 0 0 0 0 0 0 0 0 0 0 0 0 0 0 0 0 0 0 0 0 0 0 0 0 0 0 0 0 0 4.09836132367664E-03 4.10692286763681E-03 4.1077717846626E-03 4.10987515052877E-03 4.11314624465559E-03 4.1174773257012E-03 4.12285330878143E-03 4.12928898059649E-03 4.13685435963818E-03 4.14562161818121E-03 4.1556870016643E-03 4.16715345649347E-03 4.18012362350594E-03 4.19469841503973E-03 4.21097227711174E-03 4.22904642270898E-03 4.24898381333453E-03 4.27083004173053E-03 4.29458038509236E-03 4.32021376915207E-03 4.34765684997631E-03 4.37682670107767E-03 4.4075891279505E-03 4.43979570103785E-03 4.47327490176332E-03 4.50785866803189E-03 4.54335075079048E-03 4.57952431471691E-03 4.61615969177614E-03 4.65304528500434E-03
0 0 0 0 0 0 0 0 0 0 0 0 0 0 0 0 0 0 0 0 0 0 0 0 0 0 0 0 0 0 0 0 0 0 4.09836132367664E-03 4.09877629060443E-03 4.09985315681329E-03 4.10218566445454E-03 4.10575866506674E-03 4.11051009051683E-03 4.1164300417094E-03 4.1235275969716E-03 4.13186295070506E-03 4.14151363742869E-03 4.15257069450383E-03 4.16513607830591E-03 4.17930590601759E-03 4.19518556958693E-03 4.21286461516349E-03 4.23244070376017E-03 4.2539661451084E-03 4.27747185802031E-03 4.3029326700453E-03 4.3303049864606E-03 4.35948964086238E-03 4.39037167805421E-03 4.4227905590702E-03 4.4565730880607E-03 4.49152734362598E-03 4.52746408664424E-03 4.56417172869006E-03 4.60140927359635E-03 4.63895025612292E-03 4.67658395193265E-03
0 0 0 0 0 0 0 0 0 0 0 0 0 0 0 0 0 0 0 0 0 0 0 0 0 0 0 0 0 0 0 0 0 0 4.08944468265644E-03 4.08951893553895E-03 4.09090374341048E-03 4.09367108206055E-03 4.09776488296538E-03 4.1031283188939E-03 4.10975522816085E-03 4.1176577994727E-03 4.12689909066442E-03 4.13756663023033E-03 4.14974852988004E-03 4.16355001289083E-03 4.17905661628478E-03 4.19637891110402E-03 4.2155967226588E-03 4.23680428251973E-03 4.26003876787027E-03 4.28531125307047E-03 4.31257041578431E-03 4.34174522602368E-03 4.37270882529766E-03 4.40531383410044E-03 4.43937374673232E-03 4.47468960443327E-03 4.51105257462552E-03 4.54825600037325E-03 4.58608049169859E-03 4.62427027796257E-03 4.66259766622526E-03 4.70085977548047E-03
0 0 0 0 0 0 0 0 0 0 0 0 0 0 0 0 0 0 0 0 0 0 0 0 0 0 0 0 0 0 0 0 0 0 4.07890119256722E-03 4.07904290055919E-03 4.0809417075187E-03 4.08435110491504E-03 4.08916386644659E-03 4.09531962070616E-03 4.10281645371405E-03 4.11167546795424E-03 4.12196735730281E-03 4.13379931472373E-03 4.14725579953512E-03 4.16244439561056E-03 4.17943884168596E-03 4.19835278652719E-03 4.21924981586473E-03 4.24222383073834E-03 4.2672899025462E-03 4.29443103103348E-03 4.32356448787213E-03 4.35458998830879E-03 4.38735107111764E-03 4.42166904325576E-03 4.45733197000138E-03 4.49411782077167E-03 4.53180314509746E-03 4.5701701759062E-03 4.60899699968507E-03 4.64801336879819E-03 4.68699976331769E-03 4.72576974766051E-03
0 0 0 0 0 0 0 0 0 0 0 0 0 0 0 0 0 0 0 0 0 0 0 0 0 0 0 0 0 0 0 0 0 4.05173459903551E-03 4.06580849721429E-03 4.06713156412533E-03 4.06998541672852E-03 4.0742833592394E-03 4.08000883721504E-03 4.08712608134207E-03 4.09565200962492E-03 4.10562194941477E-03 4.11711316874926E-03 4.1302682011184E-03 4.14515750414441E-03 4.16189746883432E-03 4.18053791302449E-03 4.20120570324814E-03 4.22392720918812E-03 4.24880705926207E-03 4.27582166080955E-03 4.30492009791384E-03 4.33598558457796E-03 4.36888751296689E-03 4.40344103659288E-03 4.43943488934648E-03 4.47663855603257E-03 4.51480815722828E-03 4.55371188357774E-03 4.59311911383933E-03 4.63282049771898E-03 4.6725269281248E-03 4.71204438122922E-03 4.75120918813985E-03
0 0 0 0 0 0 0 0 0 0 0 0 0 0 0 0 0 0 0 0 0 0 0 0 0 0 0 0 0 0 0 0 0 4.05173459903551E-03 4.0524124568922E-03 4.05436575678432E-03 4.0582017803043E-03 4.06358008087702E-03 4.07038913067954E-03 4.07862309101596E-03 4.08833191617936E-03 4.09957351013089E-03 4.1124316068704E-03 4.12706934542359E-03 4.14355751758167E-03 4.16201155585504E-03 4.18246681994867E-03 4.20504611414645E-03 4.22975353600176E-03 4.25666898944046E-03 4.2857298798371E-03 4.31685019094437E-03 4.34988233180215E-03 4.38466117361722E-03 4.42097328875277E-03 4.45858040477961E-03 4.49723633654795E-03 4.53668587329242E-03 4.5766913667256E-03 4.61701369985537E-03 4.65743671725474E-03 4.69769507718405E-03 4.73762720748717E-03 4.77708621698251E-03
0 0 0 0 0 0 0 0 0 0 0 0 0 0 0 0 0 0 0 0 0 0 0 0 0 0 0 0 0 0 0 0 0 4.03790810949062E-03 4.03817314111776E-03 4.04104252606905E-03 4.04597180732989E-03 4.05249004018762E-03 4.06048140569693E-03 4.06994863358908E-03 4.08097253563812E-03 4.09363095837926E-03 4.10802891730443E-03 4.12432149202731E-03 4.14258460945151E-03 4.16292408413308E-03 4.18536684247535E-03 4.21001275490601E-03 4.23685804836012E-03 4.26591252050707E-03 4.29709390069181E-03 4.33027360805391E-03 4.36528069970327E-03 4.40190454114763E-03 4.43991368326015E-03 4.47904344875824E-03 4.51903932417417E-03 4.55964184987911E-03 4.60061215351386E-03 4.64170898623695E-03 4.68270955797082E-03 4.72341701633924E-03 4.76366862131453E-03 4.80333669459561E-03
0 0 0 0 0 0 0 0 0 0 0 0 0 0 0 0 0 0 0 0 0 0 0 0 0 0 0 0 0 0 0 0 3.99280531551294E-03 4.01980229434793E-03 4.02262729904266E-03 4.02719909484555E-03 4.03346033768834E-03 4.04122484150788E-03 4.05048404577618E-03 4.06129131869551E-03 4.07375702700479E-03 4.08798095903783E-03 4.10407630773571E-03 4.12219233082977E-03 4.14239924741375E-03 4.16479076966277E-03 4.18937646816323E-03 4.21623102182023E-03 4.24532146479089E-03 4.27660063380384E-03 4.30995105866345E-03 4.34520669879481E-03 4.38216625639363E-03 4.42058309323282E-03 4.46020572132951E-03 4.50075250518803E-03 4.54196504091335E-03 4.58358562639223E-03 4.62538111516936E-03 4.66711686694772E-03 4.70858848003677E-03 4.74964193039866E-03 4.79012114484916E-03 4.8299086402827E-03
0 0 0 0 0 0 0 0 0 0 0 0 0 0 0 0 0 0 0 0 0 0 0 0 0 0 0 0 0 0 0 3.98268509516946E-03 3.99280531551294E-03 4.00149382645998E-03 4.00726636517513E-03 4.01349549355451E-03 4.02105639363146E-03 4.03006982216751E-03 4.04064675992595E-03 4.05288202989697E-03 4.06690581156393E-03 4.0828295473865E-03 4.10076897250868E-03 4.12086435185418E-03 4.14317288286434E-03 4.16776628298786E-03 4.19462921531422E-03 4.22380147131609E-03 4.25521501696679E-03 4.28877208042184E-03 4.3243138480812E-03 4.36163352508288E-03 4.40049999273716E-03 4.44063724203271E-03 4.48177682141177E-03 4.52362744035678E-03 4.56593089247805E-03 4.60843895340944E-03 4.65093290573799E-03 4.69319509327916E-03 4.73503977175689E-03 4.77633766790293E-03 4.81694796686194E-03 4.85675960358009E-03
0 0 0 0 0 0 0 0 0 0 0 0 0 0 0 0 0 0 0 0 0 0 0 0 0 0 0 0 0 0 0 3.98268509516946E-03 3.98330945822253E-03 3.98756058571168E-03 3.99322247041873E-03 4.00029354310835E-03 4.00895923177861E-03 4.01921789179656E-03 4.0311726548097E-03 4.04493434713473E-03 4.06063659791249E-03 4.07839328537414E-03 4.09831173654893E-03 4.12052633730466E-03 4.14507295316879E-03 4.17199341797572E-03 4.20123861120095E-03 4.23281136328141E-03 4.26660044562957E-03 4.30246026308957E-03 4.34018708765084E-03 4.37953406512816E-03 4.4202405261219E-03 4.46200743970957E-03 4.50455646440433E-03 4.54758926155848E-03 4.59085503191111E-03 4.63412212532836E-03 4.67719263036108E-03 4.71986882119528E-03 4.76198700930414E-03 4.80343416865542E-03 4.84408091208289E-03 4.88382081272926E-03
0 0 0 0 0 0 0 0 0 0 0 0 0 0 0 0 0 0 0 0 0 0 0 0 0 0 0 0 0 0 0 3.96991796566598E-03 3.97017289842368E-03 3.97371300439976E-03 3.9796228646232E-03 3.98750964315648E-03 3.99728067176206E-03 4.00883300588166E-03 4.02225191619609E-03 4.03765023749964E-03 4.05515405737868E-03 4.07487310962739E-03 4.09689754743349E-03 4.12135806783154E-03 4.14826077397532E-03 4.17760847515711E-03 4.20931406698923E-03 4.24333844768867E-03 4.27952775440001E-03 4.31768305960248E-03 4.35755991961407E-03 4.39887028955915E-03 4.44133019077654E-03 4.48461978768223E-03 4.52846057761429E-03 4.57254780935884E-03 4.61664764093903E-03 4.66055046051837E-03 4.70408294525027E-03 4.74706873459763E-03 4.78936254963042E-03 4.83086414036072E-03 4.87145298130643E-03 4.91102321340937E-03
0 0 0 0 0 0 0 0 0 0 0 0 0 0 0 0 0 0 0 0 0 0 0 0 0 0 0 0 0 0 3.9353750993344E-03 3.95297161694418E-03 3.95490819099714E-03 3.95929643407696E-03 3.96606231220326E-03 3.97500096813285E-03 3.98602709927057E-03 3.99901962705762E-03 4.01404012763393E-03 4.03120720079411E-03 4.05064212867405E-03 4.07245283368444E-03 4.09671023662467E-03 4.12352613309056E-03 4.15287556089205E-03 4.18472268667549E-03 4.21894069920042E-03 4.25544327952514E-03 4.29402759099751E-03 4.33444482913191E-03 4.37640881923838E-03 4.41959753874295E-03 0.004463705460396 4.50839944788482E-03 4.55339950212874E-03 4.59841033811694E-03 4.64322037927992E-03 4.68764120746167E-03 4.73152225844331E-03 4.77471112639494E-03 4.81708511724939E-03 4.85854860911956E-03 4.89898342056155E-03 4.93828516003417E-03
0 0 0 0 0 0 0 0 0 0 0 0 0 0 0 0 0 0 0 0 0 0 0 0 0 0 0 0 0 0 3.9353750993344E-03 3.93631349577779E-03 3.93919044128363E-03 3.94469844131259E-03 3.95265199220376E-03 3.96288917984803E-03 3.97534106208621E-03 3.98992381538148E-03 4.00669640168963E-03 4.02577677860992E-03 4.04727388862513E-03 4.07130103542634E-03 4.09791098155171E-03 4.12717671003891E-03 4.15904526864515E-03 4.19343957557382E-03 4.23019516062961E-03 4.26916600393144E-03 4.31010944940685E-03 4.35272268034083E-03 4.39668376669383E-03 4.44164077417027E-03 4.48727361256294E-03 4.53324194154926E-03 4.57926810413206E-03 4.62508124751475E-03 4.6704853195184E-03 4.71531326932895E-03 4.7594374521643E-03 4.80273234046106E-03 4.8450928271259E-03 4.88642090887153E-03 4.92660298323236E-03 4.96553506739873E-03
0 0 0 0 0 0 0 0 0 0 0 0 0 0 0 0 0 0 0 0 0 0 0 0 0 0 0 0 0 3.8971113847008E-03 3.91670949104783E-03 3.9187549906665E-03 3.92317201657045E-03 3.93009528586264E-03 3.93949186585738E-03 3.95124972907116E-03 3.96533048602225E-03 3.98168528080014E-03 4.00037596926087E-03 4.02152076610585E-03 4.04521729369912E-03 4.0715789164593E-03 4.10063781920397E-03 4.13243032338773E-03 4.16686811252819E-03 4.20383381387783E-03 4.24312002990095E-03 4.28452752118811E-03 4.32776653566939E-03 4.37248767670319E-03 4.41833466559978E-03 4.46493470751648E-03 4.51195842158287E-03 4.55906665702023E-03 4.60599202602528E-03 4.65248636145752E-03 4.69837172480998E-03 4.74350004833387E-03 4.78776482973229E-03 4.83106581114151E-03 4.87331402859895E-03 4.91440843308982E-03 4.95423569023197E-03 4.99269354957205E-03
0 0 0 0 0 0 0 0 0 0 0 0 0 0 0 0 0 0 0 0 0 0 0 0 0 0 0 0 0 3.8971113847008E-03 3.8981370713311E-03 3.90131481214106E-03 3.90723062431343E-03 3.91573255785634E-03 3.92676558767897E-03 3.94024103186779E-03 3.95614596120746E-03 3.97445293358537E-03 3.99522864164362E-03 4.0185899591539E-03 4.04461867666787E-03 4.07342428019218E-03 4.10501525751826E-03 4.13939246105024E-03 4.17643085266592E-03 4.21596697720401E-03 4.2577503374683E-03 4.30152963933379E-03 4.34697538448528E-03 4.39369156738853E-03 4.44129372575226E-03 4.48939782364315E-03 4.53767348017981E-03 4.58579067891557E-03 4.63349242403787E-03 4.68055403530446E-03 4.72681307042616E-03 4.77213974414403E-03 4.81644437771118E-03 4.85965239891696E-03 4.90168869381697E-03 4.94244642639321E-03 4.98181114544305E-03 5.01968451078551E-03
0 0 0 0 0 0 0 0 0 0 0 0 0 0 0 0 0 0 0 0 0 0 0 0 0 0 0 0 3.85617839357948E-03 3.87703311350612E-03 3.87918166518812E-03 3.88395863028666E-03 3.89153190334436E-03 3.90177727111898E-03 3.91463280379699E-03 3.93001833293884E-03 3.94794026190326E-03 3.96838262477321E-03 3.9914070722927E-03 4.01712967265189E-03 4.0456119193908E-03 4.07695777403286E-03 4.11114672606468E-03 4.14814859687572E-03 4.18779752906065E-03 4.22988077512306E-03 4.27410327955519E-03 4.32016895636327E-03 4.36771158286155E-03 4.41628993732898E-03 4.46550155342619E-03 4.51496382789756E-03 4.56435189863986E-03 4.61334797680059E-03 4.66170686558363E-03 4.70922626640435E-03 4.75575714677571E-03 4.80118298115532E-03 4.84542667780876E-03 4.88843883597838E-03 4.93015851021142E-03 4.97046751925665E-03 5.00925243668663E-03 5.04642482320893E-03
0 0 0 0 0 0 0 0 0 0 0 0 0 0 0 0 0 0 0 0 0 0 0 0 0 0 0 0 3.85617839357948E-03 3.85718992711164E-03 3.8604560902314E-03 3.86689905199316E-03 3.87630754369009E-03 3.88847092800847E-03 3.90332410331759E-03 3.92079211981916E-03 3.94090060931088E-03 3.96363890444665E-03 3.98905808601024E-03 4.01727621229486E-03 4.04831821204388E-03 4.08229034613663E-03 4.11912950371441E-03 4.15877761460968E-03 4.20102683845482E-03 4.24560850490767E-03 4.2921896098763E-03 4.34042575927773E-03 4.38993303380539E-03 4.44021890612992E-03 4.49088365402461E-03 4.54155701366756E-03 4.59192095567085E-03 4.64167408490998E-03 4.69057531510593E-03 4.73845078967598E-03 4.78515445037591E-03 4.83058284034534E-03 4.87466226978057E-03 4.91737009286155E-03 4.95866141428343E-03 4.99839703097481E-03 5.03647598842695E-03 5.07282685014549E-03
0 0 0 0 0 0 0 0 0 0 0 0 0 0 0 0 0 0 0 0 0 0 0 0 0 0 0 0 3.83615973337432E-03 3.83664706158237E-03 3.84170528295715E-03 3.85024061996052E-03 3.86176106388952E-03 3.8760430757462E-03 3.89306090687635E-03 3.91276800465115E-03 3.93520944980106E-03 3.96038405239406E-03 3.98832921206263E-03 4.01915323639429E-03 4.05285136602456E-03 4.08951501166703E-03 4.12904380438303E-03 0.004171337954853 4.21614613034722E-03 4.26315409835876E-03 4.31199510366787E-03 4.36227686909773E-03 4.4135828121349E-03 4.4654126697097E-03 4.51737903835137E-03 4.5691237807396E-03 4.62033337495274E-03 4.67072287895609E-03 4.7200587010243E-03 4.76818697830348E-03 4.81496203194493E-03 4.86028948644333E-03 4.90410013454641E-03 4.94639077621083E-03 4.98711853698045E-03 5.02614154883406E-03 5.06338222366441E-03 5.09879124995735E-03
0 0 0 0 0 0 0 0 0 0 0 0 0 0 0 0 0 0 0 0 0 0 0 0 0 0 0 3.76985937604737E-03 3.80968010779392E-03 3.81494418440708E-03 3.82331599805384E-03 3.83444553850516E-03 3.84829723365213E-03 3.86483742157313E-03 3.88413514352625E-03 3.90619200052217E-03 3.93107281855365E-03 3.95879013963397E-03 3.98936662209306E-03 4.02288897256032E-03 4.05931911393375E-03 4.09871752768508E-03 4.14095191728839E-03 4.18585886365769E-03 4.23315897559745E-03 4.28249148870829E-03 4.33346901682063E-03 4.38564327527721E-03 4.43858014232759E-03 4.49180976406163E-03 4.54493770942578E-03 4.59762602310462E-03 4.64955687919753E-03 4.70047294457282E-03 0.004750131378092 4.79840432323876E-03 4.84513670013348E-03 4.89024790493341E-03 4.93366300458541E-03 4.97539484489299E-03 5.01541517249202E-03 5.05358768561675E-03 5.08986057041989E-03 5.12421416363404E-03
0 0 0 0 0 0 0 0 0 0 0 0 0 0 0 0 0 0 0 0 0 0 0 0 0 0 3.74527132225562E-03 3.76985937604737E-03 3.7840729747977E-03 3.79479624170666E-03 3.80641626527226E-03 3.82010048783723E-03 3.83629357115969E-03 3.85514066263999E-03 3.87678811850269E-03 3.90127474117013E-03 3.92867762695332E-03 3.95901713780227E-03 3.99230023957763E-03 4.02858507405711E-03 4.06779627123186E-03 4.10995168847452E-03 4.1548716862769E-03 4.20234106494746E-03 4.25204348564969E-03 4.30358588004442E-03 4.35655619122611E-03 4.41047268685693E-03 4.46489599456484E-03 4.51937969659945E-03 4.57353793688438E-03 4.62704072955038E-03 4.67957336991255E-03 4.73089148785557E-03 4.78075809079335E-03 4.82905127134716E-03 4.87561363789287E-03 4.92037226593088E-03 4.96325752465188E-03 5.00429094632391E-03 5.04344663046472E-03 5.08061819803651E-03 5.11579428097021E-03 5.14898783578492E-03
0 0 0 0 0 0 0 0 0 0 0 0 0 0 0 0 0 0 0 0 0 0 0 0 0 3.73377560937508E-03 3.74527132225562E-03 3.75518531411759E-03 3.76636748457304E-03 3.77824725495709E-03 3.79182874639168E-03 3.80764891495705E-03 3.82605481491921E-03 3.84719819249645E-03 3.87123153426187E-03 3.89820313101306E-03 3.92818737556114E-03 3.96120612934641E-03 3.99724854500551E-03 4.03633356714426E-03 0.00407834589664 4.1232428459976E-03 4.17080104526464E-03 4.22075376990931E-03 4.27275243359224E-03 4.32637751038047E-03 4.38120009667792E-03 4.43672191017786E-03 4.4924994803019E-03 4.54811015592389E-03 4.6031754939869E-03 4.65737145056924E-03 4.71038345382067E-03 4.76197552608634E-03 4.81191699810963E-03 4.86008084172026E-03 4.90631967540571E-03 4.95056320289327E-03 4.99275540310849E-03 5.0329178176055E-03 5.07105174081349E-03 5.10709102420706E-03 5.14105986515483E-03 5.17300945048277E-03
0 0 0 0 0 0 0 0 0 0 0 0 0 0 0 0 0 0 0 0 0 0 0 0 0 3.73377560937508E-03 3.73468663365195E-03 3.74122750762544E-03 3.75135812551075E-03 3.76403481359837E-03 3.77923837132568E-03 3.79704637754023E-03 3.81763561213222E-03 3.84110717426406E-03 3.8675843432312E-03 3.89710237355932E-03 3.92971915277087E-03 3.96545862957373E-03 4.00428990585902E-03 4.04618672197958E-03 4.09099041688631E-03 4.13859392606464E-03 4.18872351010762E-03 4.24106671537243E-03 4.2952443435889E-03 4.35082158831782E-03 4.40735826848427E-03 4.46434850530146E-03 4.52134834051533E-03 4.57795853542054E-03 4.63380729852124E-03 4.68856648287396E-03 4.74191969642176E-03 4.79363618556141E-03 4.84349527335335E-03 4.89136287773156E-03 4.93710399848192E-03 4.98065759818208E-03 5.02198911362197E-03 5.06112717175545E-03 5.0980951852563E-03 5.13287854141759E-03 5.1655473077274E-03 5.19618787505791E-03
0 0 0 0 0 0 0 0 0 0 0 0 0 0 0 0 0 0 0 0 0 0 0 0 3.69595016969382E-03 3.71585345231854E-03 3.71900311408459E-03 3.72628346217026E-03 3.73721418750892E-03 3.75126116714751E-03 3.7682701910652E-03 3.78816246870987E-03 3.81102084713387E-03 3.83691307375014E-03 3.86591982568585E-03 3.89806175273145E-03 3.93336392615234E-03 3.97186243788037E-03 4.01350131749844E-03 4.05819757792891E-03 4.10575974398333E-03 4.15599993063664E-03 4.20861219540011E-03 4.26323125203024E-03 4.31946070406958E-03 4.37685580982009E-03 4.43497117569467E-03 4.49330277196916E-03 4.55139557212991E-03 4.60888580738139E-03 4.6653896131456E-03 4.72057117776415E-03 4.77410952612655E-03 4.82577926127193E-03 4.87537616997787E-03 4.92275149498254E-03 4.96780311769064E-03 5.01047541137511E-03 5.05077386031595E-03 5.08872895566972E-03 5.12440702262681E-03 5.15784532420545E-03 5.18915242090449E-03 5.21844742873016E-03
