NongDo/Fusa 12.1h.grd
DSAA
463	323
2	464
2	324
0	10
[rows 140 to 167 of 323, columns 192 to 255 of 463]
6.8844654902091E-03 6.9786502995659E-03 7.07158605978237E-03 7.16312348510916E-03 7.25307980967964E-03 7.34121190004928E-03 7.42728452789212E-03 7.51105114133269E-03 7.59227133878058E-03 0.007670687792385 7.74604837867703E-03 7.81809870441108E-03 7.88661740546082E-03 7.95141645400285E-03 8.01234509033814E-03 8.0692978446044E-03 8.12222195886685E-03 8.17112535554307E-03 8.21606281138514E-03 8.25713390003986E-03 8.29447126753692E-03 8.32823354087132E-03 8.35859090695563E-03 8.38571919886239E-03 8.4097897760044E-03 8.43096113471463E-03 8.44937849386328E-03 8.46517981346797E-03 8.47853581608063E-03 8.48964826049336E-03 8.4987398739081E-03 8.5060317387872E-03 8.51173205708488E-03 8.51603698335598E-03 8.51912455029649E-03 8.52115202725814E-03 8.52224668329537E-03 8.52251060528319E-03 8.52202368429341E-03 8.5208474091587E-03 8.51903375114445E-03 8.51662365221119E-03 8.51364993740777E-03 8.51014471798066E-03 8.50615018572678E-03 8.50171781480842E-03 8.49692440589261E-03 8.4866225859907E-03 0 0 0 0 0 0 0 0 0 0 0 0 0 0 0 0
6.97753483806764E-03 7.07013160459156E-03 7.16129649328057E-03 7.25088327788025E-03 7.33871246711713E-03 7.42454329605754E-03 7.50816191556857E-03 7.5893420699985E-03 7.66786068646911E-03 7.74347346052038E-03 7.81594135984514E-03 7.88502132168981E-03 7.95050519894136E-03 8.01221759722355E-03 8.07001904782135E-03 8.12381659061018E-03 8.17357407625133E-03 8.21932012190139E-03 8.26112972925788E-03 8.29912397458266E-03 8.33345396677062E-03 8.3642924701358E-03 8.39182194451002E-03 8.41622823721141E-03 8.43768963647251E-03 8.45637025635179E-03 8.47242119294174E-03 8.4859841127847E-03 8.49724533001074E-03 8.5064268031329E-03 8.51375773111552E-03 8.51945823681072E-03 8.52373271551571E-03 8.52677118084447E-03 8.52874163196616E-03 8.52979036707222E-03 8.53003392097687E-03 8.52956221066213E-03 8.52844215039745E-03 8.52672167520628E-03 8.52444685822387E-03 8.52165729082274E-03 8.51838040632424E-03 8.51464748621875E-03 8.51052356170816E-03 8.50612518138788E-03 8.49692440589261E-03 0 0 0 0 0 0 0 0 0 0 0 0 0 0 0 0 0
7.06743251611865E-03 7.15837223818223E-03 7.24770847655708E-03 7.33529177548647E-03 7.42094276959931E-03 7.50443545010165E-03 7.58558288769919E-03 7.66417651182161E-03 7.74000452845002E-03 7.81283069058037E-03 7.88242461585841E-03 7.94855616892029E-03 8.01103001944955E-03 8.06968199927224E-03 8.12438444546166E-03 8.17506029774322E-03 8.22169323417607E-03 8.26433372288458E-03 8.30307934468881E-03 8.33807456479693E-03 8.36948951344238E-03 8.39751028220036E-03 8.42232989014042E-03 8.44414167457257E-03 8.46312820975901E-03 8.47945735625715E-03 8.49328504522416E-03 8.50476082930561E-03 8.51408833601638E-03 8.5215033120166E-03 8.52723412637897E-03 8.53149700560759E-03 8.53449118461033E-03 8.5364006823307E-03 8.53738522598385E-03 8.53757863076846E-03 8.53708462774677E-03 8.5359825024665E-03 8.53432865643471E-03 8.5321549521176E-03 8.52949661255347E-03 8.52639574994493E-03 8.52287691796417E-03 8.51896563056349E-03 8.51474679941706E-03 8.50612518138788E-03 0 0 0 0 0 0 0 0 0 0 0 0 0 0 0 0 0 0
7.15437621038584E-03 7.24359835621889E-03 7.33105336165134E-03 7.41658287732691E-03 7.50001311605615E-03 7.58115045074694E-03 7.65982181781223E-03 7.73583287249355E-03 7.8089759399533E-03 7.87902157970755E-03 7.94574615881516E-03 8.00893710173319E-03 8.06840833682243E-03 8.12400759467685E-03 8.17562207270675E-03 8.22319568192731E-03 8.26673500507857E-03 8.30631371147822E-03 8.34205573662105E-03 8.37412997482549E-03 8.40272541813891E-03 8.42803916963608E-03 8.45027262213369E-03 8.46962353387026E-03 8.48627572909621E-03 8.50039926039958E-03 8.51215488647227E-03 8.52170326936919E-03 8.52926020498962E-03 8.53506967338255E-03 8.5393556361495E-03 8.54232769094657E-03 8.54417954305851E-03 8.54508875806132E-03 8.54520723444977E-03 8.54465581022206E-03 8.54352475177456E-03 8.5418828152706E-03 8.5397769019549E-03 8.5372251478788E-03 8.53424745782353E-03 8.53088815321059E-03 8.52717316727384E-03 8.52312821367336E-03 8.51474679941706E-03 0 0 0 0 0 0 0 0 0 0 0 0 0 0 0 0 0 0 0
7.23861981210415E-03 7.3260660674105E-03 7.41158217075205E-03 7.49501011149163E-03 7.57619267915364E-03 7.65496326443896E-03 7.73114925129301E-03 7.80456713756064E-03 7.87501096256837E-03 7.94226118552042E-03 8.00610293564478E-03 8.06633955988587E-03 8.12279310091371E-03 8.17532788401409E-03 8.22385137805463E-03 8.26833211374198E-03 8.30880243812728E-03 8.34536307418633E-03 8.3781670050421E-03 8.40740615511527E-03 8.4332855961966E-03 8.45601176156665E-03 8.47579135718408E-03 8.49282250801717E-03 8.50728754081455E-03 8.51935756018938E-03 8.52919878092217E-03 8.53698438282799E-03 8.54293766544217E-03 8.54730221649423E-03 8.55029321202814E-03 8.55211509772405E-03 8.55295706224833E-03 8.55298819173147E-03 8.55234941949816E-03 8.55115063799813E-03 8.54946995571597E-03 8.54736166318257E-03 8.54485807087638E-03 8.5419679919694E-03 8.5387006692421E-03 8.53509957810238E-03 8.53120133390938E-03 8.52312821367336E-03 0 0 0 0 0 0 0 0 0 0 0 0 0 0 0 0 0 0 0 0
7.32045453252222E-03 7.40606968221553E-03 7.48959596942892E-03 7.57088233866671E-03 7.64978340049671E-03 7.72614847806364E-03 7.79981198709151E-03 7.87059535465498E-03 7.93829734225729E-03 8.00270898425143E-03 8.06362619885733E-03 8.12086484594384E-03 8.1742635614505E-03 8.22370751105931E-03 8.26912988346601E-03 8.31052617763581E-03 8.34795838872898E-03 8.38155692518967E-03 8.41150267344671E-03 8.43800774126263E-03 8.46128931535834E-03 8.48156031992857E-03 8.49902743882158E-03 8.51388553911293E-03 8.52631439070309E-03 8.5364848210163E-03 8.54456724711391E-03 8.55074786541686E-03 8.55525368282078E-03 8.55831982274062E-03 8.56015456442283E-03 8.56095799951715E-03 8.56091420041944E-03 8.56018288565121E-03 8.55889386140377E-03 8.55714508040789E-03 8.55499892119682E-03 8.55249080425905E-03 8.54963818080356E-03 8.54643988381691E-03 8.54289865769632E-03 8.53906148757237E-03 8.53120133390938E-03 0 0 0 0 0 0 0 0 0 0 0 0 0 0 0 0 0 0 0 0 0
7.40005914474652E-03 7.48378173820597E-03 7.56526180425101E-03 7.64435522649886E-03 7.72092247549805E-03 7.79482565219202E-03 7.86590888526385E-03 7.93399804616429E-03 7.9988989890127E-03 8.06041321915193E-03 8.11834839570076E-03 8.1725356230083E-03 8.2228376909136E-03 8.26916598229101E-03 8.31148413860579E-03 8.3498161362728E-03 8.38425619659023E-03 8.41496565288541E-03 8.44215058703422E-03 8.46603931100865E-03 8.48685645056645E-03 8.50481558704599E-03 8.52011813758996E-03 8.53295474426986E-03 8.54350202118963E-03 8.55193014261976E-03 8.55841351109629E-03 8.56314469827023E-03 8.56634543431633E-03 8.56824511470244E-03 8.56905122069526E-03 8.56895729077744E-03 8.56813914621651E-03 8.56674889352097E-03 8.56490915322767E-03 8.56270401697993E-03 8.56017123946056E-03 8.55731671694007E-03 8.55414510725097E-03 8.5506497949648E-03 8.54685088518199E-03 8.53906148757237E-03 0 0 0 0 0 0 0 0 0 0 0 0 0 0 0 0 0 0 0 0 0 0
7.47751389856717E-03 7.55926572928329E-03 7.63862358739756E-03 7.71544952804978E-03 7.78961081281481E-03 7.86098236597736E-03 7.92941592636849E-03 7.9947418773989E-03 8.05677416513461E-03 8.11532688977673E-03 8.17022348824441E-03 8.22131467945572E-03 8.26849113987152E-03 8.31169608643821E-03 8.35092689038039E-03 8.38623676439949E-03 8.41775322072378E-03 8.44566832739005E-03 8.47020861226932E-03 8.49161338017478E-03 8.5101093481114E-03 8.52590520766982E-03 8.53919545304536E-03 8.55016550366104E-03 8.55898646830615E-03 8.56582659502185E-03 8.57086224654944E-03 8.57428937596848E-03 8.57632550965048E-03 8.57719271208906E-03 8.5770948968192E-03 8.57621916420117E-03 8.5747332325756E-03 8.57278322806376E-03 8.57048941052148E-03 8.56792412003633E-03 8.56508280006538E-03 8.56191080238621E-03 8.55842358444528E-03 8.55462015347995E-03 8.54685088518199E-03 0 0 0 0 0 0 0 0 0 0 0 0 0 0 0 0 0 0 0 0 0 0 0
7.55282754121776E-03 7.63251403688001E-03 7.70965703962508E-03 7.7841263593274E-03 7.85579816747822E-03 7.92455903720737E-03 7.9902663629413E-03 8.05275586816069E-03 8.11185194431664E-03 8.16738399158947E-03 8.21919552448514E-03 8.26716072762712E-03 8.31120225922742E-03 8.35129847358327E-03 8.38748234294034E-03 8.41983792171887E-03 8.44852594435267E-03 8.47376495650038E-03 8.49579565309398E-03 8.51486243447502E-03 8.53118876785712E-03 8.54497593164913E-03 8.55641055321595E-03 8.5656702882202E-03 8.57291835035062E-03 8.57832042156375E-03 8.58205389168659E-03 8.58431659157288E-03 8.58532203015594E-03 8.58528432448813E-03 8.58440078835309E-03 8.58285101802504E-03 8.58079590736789E-03 8.57837890486576E-03 8.57572809246023E-03 8.57291716588843E-03 8.56986849495379E-03 8.56633298241355E-03 8.56247995610756E-03 8.55462015347995E-03 0 0 0 0 0 0 0 0 0 0 0 0 0 0 0 0 0 0 0 0 0 0 0 0
7.62595734003988E-03 7.70346976444687E-03 7.77829323241621E-03 7.85030745251064E-03 7.91939832509009E-03 7.98546292773306E-03 8.04836508161423E-03 8.10794738103864E-03 8.16404694320155E-03 8.21651170403482E-03 8.26520884293869E-03 8.31003963178543E-03 8.35096240095897E-03 8.38799279966445E-03 8.42119993446412E-03 8.45069853631062E-03 8.47667841849359E-03 8.49937952155414E-03 8.51905117782509E-03 8.53593703220807E-03 8.55025321765922E-03 8.56219127206842E-03 8.57192727119157E-03 8.57962908117053E-03 8.58545221245904E-03 8.58955935462516E-03 8.59212850717854E-03 8.59335852522495E-03 8.59345977834987E-03 8.59263743178924E-03 8.5910786029768E-03 8.58895163604153E-03 8.58640864092976E-03 8.58360022825292E-03 8.58069902619012E-03 8.57783914959836E-03 8.57486501091607E-03 8.57066996195372E-03 8.56247995610756E-03 0 0 0 0 0 0 0 0 0 0 0 0 0 0 0 0 0 0 0 0 0 0 0 0 0
7.69682007766768E-03 7.77204176521313E-03 7.84443579060102E-03 7.91389382397039E-03 7.98031218646027E-03 8.04359686517635E-03 8.10361938673267E-03 8.16023239889542E-03 8.21328906536218E-03 8.26265753575798E-03 8.30823174202632E-03 8.34994475886889E-03 8.38779315840559E-03 8.42182920318942E-03 8.45215686214415E-03 8.47892063598053E-03 8.50233450009125E-03 8.5226529130356E-03 8.54012804850056E-03 8.55499812821343E-03 8.56746846183985E-03 8.57771867351535E-03 8.58591189794422E-03 8.59220474612046E-03 8.59674546125527E-03 8.59969461720957E-03 8.60123111059071E-03 8.60155331227456E-03 8.60086756214512E-03 8.59937112731737E-03 8.59723804606705E-03 8.5946153449088E-03 8.5916323439589E-03 8.58845131765359E-03 8.58537386547753E-03 8.58280554326475E-03 8.58109472164529E-03 8.57066996195372E-03 0 0 0 0 0 0 0 0 0 0 0 0 0 0 0 0 0 0 0 0 0 0 0 0 0 0
7.76530420457603E-03 7.83811639983659E-03 7.90797123383252E-03 7.97477431116198E-03 8.03843320849003E-03 8.09886140335225E-03 8.15594052435404E-03 8.20953720068376E-03 8.25952319756098E-03 8.30578905851459E-03 8.3482585853183E-03 8.38690045834881E-03 8.42174815262015E-03 8.45288918072201E-03 8.48045997204017E-03 8.50463235725475E-03 8.52563778090091E-03 8.54373901114591E-03 8.55918713175649E-03 8.57221014378807E-03 8.58299916799886E-03 8.59172021022071E-03 8.59852242002184E-03 8.60355003049261E-03 8.60694524520296E-03 8.6088668645731E-03 8.60949412433438E-03 8.60902455687582E-03 8.60766286038896E-03 8.60559993557163E-03 8.60299201813265E-03 8.59994637819271E-03 8.59652177875309E-03 8.5928322991289E-03 8.58942823924596E-03 8.58719604630903E-03 8.58689590414458E-03 0 0 0 0 0 0 0 0 0 0 0 0 0 0 0 0 0 0 0 0 0 0 0 0 0 0 0
7.83128838449814E-03 7.90157796018824E-03 7.96879222524623E-03 8.03285110449128E-03 8.0936737027576E-03 8.15118242508009E-03 8.20527187073619E-03 8.25582459500288E-03 8.30273385299856E-03 8.34591615982972E-03 0.008385327763397 8.42097201011388E-03 8.45291742954631E-03 8.48128602768187E-03 8.50624396981743E-03 8.52798351760901E-03 8.54674720100379E-03 8.56280321331749E-03 8.57639697639006E-03 8.58774191021122E-03 8.59701243346451E-03 8.60435892535529E-03 8.6099154530584E-03 8.61381567878355E-03 8.61619732997077E-03 8.61721637402421E-03 8.61705037302134E-03 8.61589625041992E-03 8.61396175604809E-03 8.6114388499612E-03 8.6084691924878E-03 8.60510004438359E-03 8.60120011749603E-03 8.59649561219943E-03 8.59211005419265E-03 8.58970783582763E-03 8.58689590414458E-03 0 0 0 0 0 0 0 0 0 0 0 0 0 0 0 0 0 0 0 0 0 0 0 0 0 0 0
7.89465022600253E-03 7.96231533314634E-03 8.02679988505687E-03 8.08803967943489E-03 8.14596663140196E-03 8.20051340734953E-03 8.2515881292014E-03 8.29909225329113E-03 8.34294445919165E-03 8.38308987800265E-03 8.41951655556167E-03 8.45226006792879E-03 8.48142297587953E-03 8.50715948300075E-03 8.52966110752658E-03 8.5491334869629E-03 8.5658276293302E-03 8.58001403484821E-03 8.59192528496683E-03 8.60175632058086E-03 8.60966372484036E-03 8.61578228292295E-03 8.62023298229956E-03 8.6231402456067E-03 8.62463656724326E-03 8.62487404267543E-03 8.62402663050256E-03 8.62228917581525E-03 8.61987927502001E-03 8.61700844008724E-03 8.61383413103844E-03 8.61039099161765E-03 0.008606247833453 8.59908431163616E-03 8.59211005419265E-03 8.58970783582763E-03 0 0 0 0 0 0 0 0 0 0 0 0 0 0 0 0 0 0 0 0 0 0 0 0 0 0 0 0
7.95528805996813E-03 8.02024158562558E-03 8.0819236155166E-03 8.14028772019087E-03 8.19527975515089E-03 8.24684168570943E-03 8.29489779045185E-03 8.33937280550576E-03 8.38021408186644E-03 8.41739492947398E-03 8.45093377619081E-03 8.48089648292063E-03 8.5074165753032E-03 8.53067579425262E-03 8.55088512404804E-03 8.56826225697194E-03 8.58306377737895E-03 8.59555477111039E-03 8.60594852902783E-03 8.61442045670983E-03 8.62111008507828E-03 8.62613895151455E-03 8.62961747126025E-03 8.63166113301097E-03 8.63239594887814E-03 8.63196939449749E-03 8.63054983409154E-03 8.62832417159658E-03 0.008625521027784 8.62239876183812E-03 8.61920602923415E-03 8.61626204655468E-03 8.61405963683669E-03 8.59908431163616E-03 0 0 0 0 0 0 0 0 0 0 0 0 0 0 0 0 0 0 0 0 0 0 0 0 0 0 0 0 0 0
8.01311963406959E-03 8.07529203926665E-03 8.1341177449269E-03 8.18956925497497E-03 8.24160748202788E-03 8.29018202887507E-03 8.33523932135341E-03 8.37673078951878E-03 8.41463316418712E-03 8.44894583435443E-03 8.47971691396574E-03 8.50703983634643E-03 8.53107353883122E-03 8.55202260901217E-03 8.57011171203382E-03 8.58556976100658E-03 8.59865107904427E-03 8.60960926542426E-03 8.61863818027582E-03 8.62589399992588E-03 8.63150135103242E-03 8.63557069204831E-03 8.63820311960143E-03 8.6395054172104E-03 8.63959729735585E-03 8.63861938865071E-03 8.63672857392559E-03 8.63409429929377E-03 8.63094891155437E-03 8.62759873350913E-03 8.62436456530616E-03 8.62185494778122E-03 8.62147139874434E-03 0 0 0 0 0 0 0 0 0 0 0 0 0 0 0 0 0 0 0 0 0 0 0 0 0 0 0 0 0 0 0
8.06808417116326E-03 0.008127427489168 8.18336708529534E-03 8.2358918018393E-03 8.28497723699668E-03 8.33058654385695E-03 8.37269254005765E-03 8.41127266050816E-03 8.44633116281258E-03 8.47789288935057E-03 8.50603372955791E-03 8.53087130624448E-03 8.55258492244101E-03 8.57139557449307E-03 8.5875371057493E-03 8.60124687448128E-03 8.61277101937679E-03 8.62234695624415E-03 8.63014992041523E-03 8.63632071078392E-03 8.64097238787995E-03 8.64420506928302E-03 8.64611028798526E-03 8.64678778563671E-03 8.64635136132074E-03 8.64493169782308E-03 8.64266676187869E-03 8.63969202163332E-03 8.63621395839478E-03 8.63254817623961E-03 8.6289217784458E-03 8.62548296988169E-03 8.62147139874434E-03 0 0 0 0 0 0 0 0 0 0 0 0 0 0 0 0 0 0 0 0 0 0 0 0 0 0 0 0 0 0 0
8.12013875833896E-03 8.17662794323936E-03 8.22967455718068E-03 8.2792826191424E-03 8.32544557407767E-03 8.36814528374035E-03 8.40737706170949E-03 8.44314418701461E-03 8.47547667351874E-03 8.50442372951595E-03 8.53008410915096E-03 8.55259643836573E-03 8.57215545567276E-03 8.58899259112351E-03 8.60334759776874E-03 8.61546379499553E-03 8.62557724320628E-03 8.63390441895681E-03 8.64060565370879E-03 8.64580951766499E-03 8.64961935102627E-03 8.6521259001662E-03 0.008653413645246 8.6535763408601E-03 8.65272024628665E-03 8.65096115214594E-03 8.64840810653239E-03 8.64514981308962E-03 8.64135241611954E-03 8.63731553101157E-03 8.63319864280921E-03 8.62548296988169E-03 0 0 0 0 0 0 0 0 0 0 0 0 0 0 0 0 0 0 0 0 0 0 0 0 0 0 0 0 0 0 0 0
8.16929789739791E-03 8.22293169048539E-03 8.27310088921353E-03 8.31982750610873E-03 8.36312492895532E-03 8.4029922618776E-03 8.43944532228587E-03 8.47251298046952E-03 8.50224944366587E-03 8.52872507431219E-03 8.55205764633683E-03 8.57240373983915E-03 8.58996898603393E-03 8.60499142746603E-03 8.61771349098347E-03 8.62837945975174E-03 8.63721187080789E-03 8.64440912646108E-03 8.65012102067626E-03 8.65446492019242E-03 8.65753471754104E-03 8.65941402006734E-03 8.6601834618936E-03 8.65993178906914E-03 8.65875684280031E-03 8.65675233533023E-03 8.65397290102703E-03 8.65043089257595E-03 8.64631054902548E-03 8.64190996460308E-03 8.63319864280921E-03 0 0 0 0 0 0 0 0 0 0 0 0 0 0 0 0 0 0 0 0 0 0 0 0 0 0 0 0 0 0 0 0 0
8.21561803643583E-03 8.26641975982095E-03 8.31375225796485E-03 8.35765746653351E-03 8.39816605785323E-03 8.43529153789032E-03 8.46907208585406E-03 8.49956141205311E-03 8.52683589519212E-03 8.5509826571232E-03 8.57213654980838E-03 8.59046915540715E-03 8.60619284295874E-03 8.61954867792868E-03 8.63077774535971E-03 8.64012238319958E-03 8.64779335921581E-03 8.65397305689222E-03 8.65880080786554E-03 8.66238445991406E-03 8.66481032779292E-03 8.66615653733421E-03 8.66650070444682E-03 8.66592919391032E-03 8.66453666305626E-03 8.66240083854409E-03 8.65949257667746E-03 8.65558664126653E-03 8.65107400141874E-03 8.64190996460308E-03 0 0 0 0 0 0 0 0 0 0 0 0 0 0 0 0 0 0 0 0 0 0 0 0 0 0 0 0 0 0 0 0 0 0
8.25918972251374E-03 8.3072036954282E-03 8.35176122767849E-03 8.39292136796913E-03 8.43072918616092E-03 8.46521411431599E-03 8.49643734165726E-03 8.52447496195335E-03 8.54942196153211E-03 8.57138073060454E-03 8.59050106067078E-03 8.60696592284358E-03 8.62099081699963E-03 8.6328167352741E-03 8.64268114220189E-03 8.65082232809259E-03 8.65743996972626E-03 8.66270353131053E-03 8.66674314986038E-03 8.66965911039425E-03 8.67153237223372E-03 8.67243563958743E-03 8.67244185289323E-03 8.67163867581417E-03 8.67013425661912E-03 8.66803812594092E-03 8.66527149476642E-03 8.66062253500163E-03 8.65107400141874E-03 0 0 0 0 0 0 0 0 0 0 0 0 0 0 0 0 0 0 0 0 0 0 0 0 0 0 0 0 0 0 0 0 0 0 0
8.30012688400041E-03 8.34541380374151E-03 8.3872713977829E-03 8.42577297896428E-03 8.46097878597481E-03 8.49293559934771E-03 8.52172445360412E-03 8.54744140169317E-03 8.57019687845473E-03 8.5901071072729E-03 8.60733265613471E-03 8.62206514205836E-03 8.63452095497353E-03 8.64493879610301E-03 8.65355212655889E-03 8.6605939140275E-03 8.66625482316745E-03 8.67069332039066E-03 8.67403190191109E-03 8.6763650644574E-03 8.67776965828018E-03 8.6783138212839E-03 8.67806558215604E-03 8.67711223932283E-03 8.67558919280319E-03 8.67377911027475E-03 8.67231586605716E-03 8.66062253500163E-03 0 0 0 0 0 0 0 0 0 0 0 0 0 0 0 0 0 0 0 0 0 0 0 0 0 0 0 0 0 0 0 0 0 0 0 0
8.33857215240609E-03 8.38120438262962E-03 8.42044610635477E-03 8.4563832250673E-03 8.48909157194309E-03 8.51863652826139E-03 8.54511629025475E-03 8.56864276725986E-03 8.58933853317672E-03 8.60733303623604E-03 8.62279452288468E-03 8.63591935135958E-03 8.64692326511064E-03 8.65604266540699E-03 8.66350721933975E-03 8.66954344789424E-03 8.67433376954983E-03 8.67802836053066E-03 8.68074392662621E-03 8.68257077167632E-03 8.68358338659399E-03 8.68384733882778E-03 8.68342547368582E-03 8.68238787811488E-03 8.68082426330358E-03 8.67904065628716E-03 8.67872076580841E-03 0 0 0 0 0 0 0 0 0 0 0 0 0 0 0 0 0 0 0 0 0 0 0 0 0 0 0 0 0 0 0 0 0 0 0 0 0
8.37468440488744E-03 8.41474232454358E-03 8.45145878668107E-03 8.48493096275853E-03 8.51524991401156E-03 8.54250023392113E-03 8.5667937464023E-03 8.58825493575961E-03 8.60701583768812E-03 8.6232180338191E-03 8.63703402083798E-03 8.6486622554002E-03 8.65831912333148E-03 8.66623818608927E-03 8.67264530276833E-03 8.67775959757462E-03 8.68175715669103E-03 8.68478155838832E-03 8.68694435057751E-03 8.6883329591021E-03 8.68902170230331E-03 8.68907877201949E-03 8.68857070819696E-03 8.68754654759464E-03 8.68588959432329E-03 8.68264460314799E-03 8.67872076580841E-03 0 0 0 0 0 0 0 0 0 0 0 0 0 0 0 0 0 0 0 0 0 0 0 0 0 0 0 0 0 0 0 0 0 0 0 0 0
8.40862832468779E-03 8.44619489163677E-03 8.48047704705997E-03 8.51158374008162E-03 8.53962127312378E-03 8.5646909460732E-03 8.58691540766691E-03 8.60643017574836E-03 8.62337464195963E-03 8.6378982912232E-03 8.65017546986647E-03 8.66040807093918E-03 8.66881342974024E-03 8.67562160189124E-03 8.68105379742422E-03 8.68532241504179E-03 8.68859859367268E-03 8.69101998402268E-03 8.69269350076697E-03 8.69370409146245E-03 8.69412661300759E-03 8.69403978295526E-03 8.69354463940405E-03 8.69278364864288E-03 8.69195504990695E-03 8.68264460314799E-03 0 0 0 0 0 0 0 0 0 0 0 0 0 0 0 0 0 0 0 0 0 0 0 0 0 0 0 0 0 0 0 0 0 0 0 0 0 0
8.44056683848983E-03 8.47572539413502E-03 8.50766433735262E-03 8.53650384984063E-03 8.56236407651372E-03 8.58536054838854E-03 8.60562519285173E-03 8.62330284782782E-03 8.63853766463286E-03 8.65148392710283E-03 8.66231942565095E-03 8.6712505529503E-03 8.67849364512087E-03 8.6842745550786E-03 8.68880945445929E-03 8.6923046597578E-03 8.69492600482103E-03 8.69680559791758E-03 8.69804691182741E-03 8.69873349300082E-03 8.69894135484896E-03 8.69875942534002E-03 8.69832241979319E-03 8.69786039654499E-03 8.69758548783208E-03 0 0 0 0 0 0 0 0 0 0 0 0 0 0 0 0 0 0 0 0 0 0 0 0 0 0 0 0 0 0 0 0 0 0 0 0 0 0 0
8.47064421387644E-03 8.5034759731536E-03 8.53315940824226E-03 8.55982614769975E-03 8.58360894929628E-03 8.60463544761962E-03 8.62304472237845E-03 8.63898731507121E-03 8.65261022617275E-03 8.66407325180712E-03 8.67355908732858E-03 8.68127688107121E-03 8.68744032584738E-03 8.69227142135071E-03 8.69598173186784E-03 8.69877071530191E-03 8.70079777376755E-03 8.70219045245386E-03 8.70305037674769E-03 8.70346169464862E-03 8.70350391893663E-03 8.70326857797811E-03 8.70288552933849E-03 8.70252058767062E-03 8.69758548783208E-03 0 0 0 0 0 0 0 0 0 0 0 0 0 0 0 0 0 0 0 0 0 0 0 0 0 0 0 0 0 0 0 0 0 0 0 0 0 0 0
8.49898928040686E-03 8.52957365868455E-03 8.55708792026873E-03 8.5816747528889E-03 8.60347702840328E-03 8.62263254645465E-03 8.63928481642035E-03 8.65358724510407E-03 8.66569046898503E-03 8.67575993725553E-03 8.68398207767895E-03 8.69056677777633E-03 8.69572618981045E-03 8.69967785497267E-03 8.70262854565952E-03 8.70476986767907E-03 8.70625553631174E-03 8.70720895323109E-03 8.70773028474815E-03 8.7079052884964E-03 8.70781736619408E-03 8.70756164454166E-03 8.70727686496988E-03 8.70705746833405E-03 0 0 0 0 0 0 0 0 0 0 0 0 0 0 0 0 0 0 0 0 0 0 0 0 0 0 0 0 0 0 0 0 0 0 0 0 0 0 0 0
