NongDo/Fusa 12.9h.grd
DSAA
463	323
2	464
2	324
0	10
[rows 252 to 279 of 323, columns 0 to 63 of 463]
0 0 0 0 0 0 0 0 0 0 0 0 0 0 0 0 0 0 0 0 0 0 0 0 0 0 0 0 0 0 0 0 0 0 0 0 0 0 4.14843477829385E-03 4.15716375056669E-03 4.16246741013844E-03 4.16704308223952E-03 4.17213090265329E-03 4.17789507247669E-03 4.18436216682265E-03 4.19151121322677E-03 4.1993635841229E-03 4.20791622828584E-03 4.21720409450089E-03 4.22725494124439E-03 4.23811119952871E-03 4.2498191558964E-03 4.2624143931207E-03 4.27593790624095E-03 4.29041503162267E-03 4.30588544394189E-03 4.3223599644644E-03 4.33985651972461E-03 4.3583730046029E-03 4.37792020940134E-03 4.39846952402149E-03 4.41996750121873E-03 4.4423526432634E-03 4.46555788409888E-03
0 0 0 0 0 0 0 0 0 0 0 0 0 0 0 0 0 0 0 0 0 0 0 0 0 0 0 0 0 0 0 0 0 0 0 0 0 4.14105060462242E-03 4.14843477829385E-03 4.15302441268189E-03 4.15810932977178E-03 4.16339882584033E-03 4.16916846758568E-03 4.17552050520088E-03 4.18252510236029E-03 4.19020102632377E-03 4.1985889187076E-03 4.20770385472104E-03 4.21759025433878E-03 4.22828789875557E-03 4.23984242154549E-03 4.25230113070292E-03 4.26569826938633E-03 4.28007273306337E-03 4.29544625014646E-03 4.3118519517843E-03 4.32929523755715E-03 4.34778590291086E-03 4.36731288444844E-03 4.38787431916241E-03 4.4094323785085E-03 4.43192386526901E-03 4.45527810262025E-03 4.4794196116665E-03
0 0 0 0 0 0 0 0 0 0 0 0 0 0 0 0 0 0 0 0 0 0 0 0 0 0 0 0 0 0 0 0 0 0 0 0 4.13512448438316E-03 4.14105060462242E-03 4.14502811808775E-03 4.14964497183527E-03 4.15484627665192E-03 4.16053344857721E-03 4.16677666041072E-03 4.17361008212803E-03 4.1810985254762E-03 4.18927589158503E-03 4.19819279856878E-03 4.20787627200575E-03 4.21837780290434E-03 4.22974613830764E-03 4.24202913868246E-03 4.25527394541814E-03 4.26951213329831E-03 4.28477863997186E-03 4.30108952603038E-03 4.31847209853954E-03 4.33692370342278E-03 4.35644351992174E-03 4.37700930655283E-03 4.39860695729438E-03 4.42118672464538E-03 4.44467497103073E-03 4.46899175694449E-03 4.49405345163807E-03
0 0 0 0 0 0 0 0 0 0 0 0 0 0 0 0 0 0 0 0 0 0 0 0 0 0 0 0 0 0 0 0 0 0 0 4.13291628050049E-03 4.13512448438316E-03 4.13822384234542E-03 4.14214189115836E-03 4.14682931548142E-03 4.15221272180608E-03 4.15821211339588E-03 4.16484189896072E-03 4.17210087899816E-03 4.18004587244971E-03 4.18871802009402E-03 4.19817120563057E-03 4.20844118270107E-03 4.2195829194654E-03 4.23165443089138E-03 4.24470277278905E-03 4.25877447071507E-03 4.27389666167113E-03 4.29009947261095E-03 4.30739032850148E-03 4.32579132975103E-03 4.34528902865291E-03 4.36586880197249E-03 4.3874962470002E-03 4.41014405630344E-03 4.43375121384021E-03 4.45823139291779E-03 4.48349568515396E-03 4.50945250577784E-03
0 0 0 0 0 0 0 0 0 0 0 0 0 0 0 0 0 0 0 0 0 0 0 0 0 0 0 0 0 0 0 0 0 0 0 4.13291628050049E-03 4.13318699938178E-03 4.13567737898005E-03 4.13952797963238E-03 4.14433620951538E-03 4.14994095921132E-03 4.15624381340895E-03 4.16323834879976E-03 4.17091435834847E-03 4.1793204990479E-03 4.18850170983461E-03 4.19851371024811E-03 4.20940030919812E-03 4.22121949937078E-03 4.23403475078367E-03 4.24789237754315E-03 4.26283658233386E-03 4.27888938998056E-03 4.2960746725506E-03 4.31439161444806E-03 4.33385178831524E-03 4.3544284227982E-03 4.37609325916348E-03 4.39879964198258E-03 0.004422506017743 4.44713730103864E-03 4.4725953569799E-03 4.49878268016083E-03 4.52560117608849E-03
0 0 0 0 0 0 0 0 0 0 0 0 0 0 0 0 0 0 0 0 0 0 0 0 0 0 0 0 0 0 0 0 0 0 4.12484982538902E-03 4.12888067878531E-03 4.13011508046245E-03 4.13289026142316E-03 4.13693768486182E-03 4.14197787272863E-03 4.1478634961439E-03 0.004154499679526 4.16187317331509E-03 4.16998695504075E-03 4.17888073898596E-03 4.18860432096648E-03 4.1992115208023E-03 4.21075854710692E-03 4.22330295847973E-03 4.23691252621453E-03 4.25163155535062E-03 4.26750116647554E-03 4.28453667353906E-03 4.30275432979878E-03 4.32214412926021E-03 4.34269950268311E-03 4.36438256377039E-03 4.38715029405827E-03 4.41094403224782E-03 4.43570457148181E-03 4.46134587780828E-03 4.48775745853464E-03 4.51483345802947E-03 4.54247060341674E-03
0 0 0 0 0 0 0 0 0 0 0 0 0 0 0 0 0 0 0 0 0 0 0 0 0 0 0 0 0 0 0 0 0 0 4.12484982538902E-03 4.12510967892952E-03 4.12675897307646E-03 4.12988990773079E-03 4.13425588155258E-03 4.13961942529253E-03 4.14585296561919E-03 4.15287365611236E-03 4.16067256734943E-03 4.16926614427326E-03 4.17869331691245E-03 4.18900760531247E-03 4.20026287872437E-03 4.21252469915901E-03 4.22585200408326E-03 4.24031486770172E-03 4.25595504703581E-03 4.27280873273904E-03 4.29088277568115E-03 4.31018341863232E-03 4.3306877405351E-03 4.35237122646675E-03 4.37518186695889E-03 4.39906219805265E-03 4.42394048765816E-03 4.44974226624974E-03 4.47636948048653E-03 4.50369979221372E-03 4.53162040397101E-03 4.5600257097322E-03
0 0 0 0 0 0 0 0 0 0 0 0 0 0 0 0 0 0 0 0 0 0 0 0 0 0 0 0 0 0 0 0 0 0 4.12098635013456E-03 4.12110048159752E-03 4.12309825768109E-03 4.12663984570676E-03 4.13140802226063E-03 4.13717399730035E-03 4.14382498979355E-03 0.004151293540882 4.15957935563084E-03 4.16871315456316E-03 4.17873446252021E-03 4.18970390808713E-03 4.20167238343656E-03 4.21471610893889E-03 4.22889319079715E-03 4.24427733451731E-03 4.26090583571026E-03 4.27880753684855E-03 4.29797768855864E-03 4.31840941288767E-03 4.34006550245049E-03 4.36290267882919E-03 4.38685396245223E-03 4.41184547039083E-03 4.43779360904004E-03 4.4646098296842E-03 4.49218774066165E-03 4.52039104734146E-03 4.54910283190444E-03 4.57821925600643E-03
0 0 0 0 0 0 0 0 0 0 0 0 0 0 0 0 0 0 0 0 0 0 0 0 0 0 0 0 0 0 0 0 0 0 0.004116295907041 4.11649795142672E-03 4.11898397294045E-03 4.12304656354939E-03 4.12831269064844E-03 4.13456836013229E-03 4.14171797731798E-03 4.14970984416904E-03 4.15855456090924E-03 4.16830242975197E-03 4.17899360498399E-03 4.19069460723923E-03 4.20345377974098E-03 4.21735702910797E-03 4.23245875181921E-03 4.24884020631622E-03 4.26653047572968E-03 0.004285546280441 4.30586818216504E-03 4.32747500917543E-03 4.35031342735588E-03 4.37432131406004E-03 4.39941550309846E-03 4.42550587399142E-03 4.4524970693678E-03 4.48028990292498E-03 4.50877190369009E-03 4.53779119515836E-03 4.56723254709243E-03 4.59699978539015E-03
0 0 0 0 0 0 0 0 0 0 0 0 0 0 0 0 0 0 0 0 0 0 0 0 0 0 0 0 0 0 0 0 0 4.1018822581808E-03 4.10918238085128E-03 4.11086063785685E-03 4.11428252522833E-03 4.11904004660399E-03 4.12491661531987E-03 0.004131757015006 4.13949409381772E-03 4.14809521198197E-03 4.15757833828055E-03 4.16802741663459E-03 4.17947354189604E-03 4.19199562535174E-03 4.20563132220754E-03 4.22048554734678E-03 4.23659485057119E-03 4.25405882303628E-03 4.27288738343726E-03 4.29308176757897E-03 4.31460601159357E-03 4.33742360350924E-03 4.3614651305631E-03 4.38664734046238E-03 4.41287400203413E-03 4.44003740816634E-03 4.4680331862614E-03 4.49674897601447E-03 4.52607703134873E-03 4.5558443746428E-03 4.58594980694534E-03 4.61630995018184E-03
0 0 0 0 0 0 0 0 0 0 0 0 0 0 0 0 0 0 0 0 0 0 0 0 0 0 0 0 0 0 0 0 0 4.1018822581808E-03 4.1023198723408E-03 4.10473961123053E-03 4.10904174061038E-03 4.11460279679373E-03 4.12119546666706E-03 4.12871591804406E-03 4.13713314292521E-03 4.14643711539423E-03 4.15665816070263E-03 4.16789910229032E-03 4.18019488490802E-03 4.19363038482602E-03 4.20824232469591E-03 4.2241426799604E-03 4.24136255715301E-03 4.25999600142377E-03 4.28003495062899E-03 4.30146446403509E-03 4.32423377745753E-03 4.3482873494391E-03 4.37353841122298E-03 4.39988493221087E-03 4.4272178502439E-03 4.45541732571696E-03 4.48436975834104E-03 4.51395142792512E-03 4.54404456090674E-03 4.57448622677083E-03 4.60519465237623E-03 4.63609630130985E-03
0 0 0 0 0 0 0 0 0 0 0 0 0 0 0 0 0 0 0 0 0 0 0 0 0 0 0 0 0 0 0 0 0 4.09466942319208E-03 4.0949674274657E-03 4.09822009686155E-03 4.10340932063797E-03 4.10980358479707E-03 4.11718075197875E-03 0.004125460062714 4.13464388507458E-03 4.14474409686235E-03 4.15581108047991E-03 4.16794615027043E-03 4.18119721405459E-03 4.1956509127319E-03 4.21134922380715E-03 4.22839849770199E-03 4.24683589316782E-03 4.26671651201387E-03 4.28803023692938E-03 0.004310740614304 4.33478661961715E-03 4.36008411068535E-03 4.38653515028249E-03 4.41401759636869E-03 4.44241325263991E-03 4.47159360217066E-03 4.50143715722647E-03 4.53181147255155E-03 4.56258860504508E-03 4.59365354125573E-03 4.6249184094833E-03 4.65632239943028E-03
0 0 0 0 0 0 0 0 0 0 0 0 0 0 0 0 0 0 0 0 0 0 0 0 0 0 0 0 0 0 0 0 4.0658796288205E-03 4.08354495335252E-03 4.08643044644224E-03 4.09118874241587E-03 4.09742785435078E-03 4.10471619555627E-03 4.11293214476145E-03 4.12204044258543E-03 4.13207303537712E-03 4.14306411232306E-03 4.15507662522974E-03 4.16821323881203E-03 4.1825287577721E-03 4.19811205100589E-03 4.21500565331521E-03 4.23330984064177E-03 4.25305250938855E-03 4.27425864986773E-03 4.29690458674073E-03 4.32093578925258E-03 4.34627500129905E-03 4.37281452220065E-03 4.40044210281539E-03 4.42902072065243E-03 4.45842491752966E-03 4.48852080648972E-03 4.51918316320849E-03 0.004550276934948 4.58168406174941E-03 4.61332026550389E-03 4.64509842773683E-03 4.67696325785705E-03
0 0 0 0 0 0 0 0 0 0 0 0 0 0 0 0 0 0 0 0 0 0 0 0 0 0 0 0 0 0 0 4.05993411321382E-03 4.0658796288205E-03 4.07253517219721E-03 4.07791117881496E-03 4.08406328596599E-03 4.09130324367416E-03 4.0994730724307E-03 4.10855137780519E-03 4.11854141759078E-03 4.12949548103623E-03 4.14146385358393E-03 4.15451788954963E-03 4.16876177596907E-03 4.18425264260644E-03 4.20107608214211E-03 4.21927061300938E-03 4.23892375901914E-03 4.26005009482129E-03 4.28264858751288E-03 4.30667591681567E-03 4.33205592559823E-03 4.35869409139586E-03 4.3864624239436E-03 4.41523481800622E-03 4.44486355015292E-03 4.47521800742578E-03 4.50616424908866E-03 4.53758016362929E-03 4.56933704780803E-03 4.60132758363905E-03 4.63348425995207E-03 4.66572857330203E-03 4.69800784892264E-03
0 0 0 0 0 0 0 0 0 0 0 0 0 0 0 0 0 0 0 0 0 0 0 0 0 0 0 0 0 0 0 4.05993411321382E-03 4.06039262666086E-03 4.06446328094892E-03 4.07013484075162E-03 4.07707034145815E-03 4.08514809950929E-03 4.09417056730409E-03 4.10413087987212E-03 4.11505337753391E-03 4.12699940577816E-03 4.14002828626182E-03 4.1542141734648E-03 4.16966589052531E-03 4.18643696978044E-03 4.20460429990064E-03 4.22419597966507E-03 4.24528522872455E-03 4.26786662021987E-03 4.29191428935244E-03 4.3173607733076E-03 4.34410687267964E-03 4.37203932789949E-03 4.40101299798337E-03 4.43089161815983E-03 4.46151783476988E-03 4.49276092063863E-03 4.52449262860597E-03 4.55659979539383E-03 4.58896315247663E-03 4.6214886406766E-03 4.65411898848814E-03 4.68678214730558E-03 4.7194268643359E-03
0 0 0 0 0 0 0 0 0 0 0 0 0 0 0 0 0 0 0 0 0 0 0 0 0 0 0 0 0 0 0 4.0524024270852E-03 4.05269858375335E-03 4.05651357147626E-03 4.06256172292642E-03 4.07016759318471E-03 4.07902716000546E-03 4.0888951171985E-03 4.09976501411972E-03 4.11167283662213E-03 4.12467995611601E-03 4.13885081879087E-03 4.15425621722525E-03 0.004171012762805 4.18916380272528E-03 4.2087705319606E-03 4.22984665630965E-03 4.25244652293186E-03 4.27654383998607E-03 4.30208261672709E-03 4.32897213210341E-03 4.35708711573643E-03 4.38629817824432E-03 4.41644333726411E-03 4.4473823995028E-03 4.47894801998784E-03 4.51101667077329E-03 4.54347101181888E-03 4.57621122552648E-03 4.6091294769298E-03 4.64214197901861E-03 4.67519869480442E-03 4.70823236381645E-03 4.74118987817759E-03
0 0 0 0 0 0 0 0 0 0 0 0 0 0 0 0 0 0 0 0 0 0 0 0 0 0 0 0 0 0 4.02966633998351E-03 4.04108803046217E-03 4.04336480113771E-03 4.04809963342218E-03 4.05488129554052E-03 4.0632472001992E-03 4.07293170898072E-03 4.08369911671323E-03 4.09553703510691E-03 4.10849376867867E-03 4.12263403237628E-03 4.1380289032435E-03 4.15474505918032E-03 4.17289636491449E-03 4.19251482479552E-03 4.2136448083086E-03 4.23628244023872E-03 4.26045826196436E-03 4.28611882328604E-03 4.31317824787019E-03 4.34151966234628E-03 4.37099450054961E-03 4.40145666123322E-03 4.4327313799472E-03 4.46467314803589E-03 4.49711595372208E-03 4.52994816309549E-03 4.56306448484535E-03 4.59637865547592E-03 4.62979691945757E-03 4.66324882709564E-03 4.69668506082922E-03 0.004730037865761 4.76325269851775E-03
0 0 0 0 0 0 0 0 0 0 0 0 0 0 0 0 0 0 0 0 0 0 0 0 0 0 0 0 0 0 4.02966633998351E-03 4.03041575190125E-03 4.03371061756932E-03 4.03944599070307E-03 4.04712372599404E-03 4.05635919342487E-03 4.06693169916363E-03 4.07865991372329E-03 4.09153507119155E-03 4.1056142716656E-03 4.1209624963784E-03 4.13766471892405E-03 4.15578324808547E-03 4.17541422654008E-03 4.19658062696747E-03 4.21930719189543E-03 4.24357168440904E-03 4.26936942216029E-03 4.29662379590452E-03 4.32521391512846E-03 4.35499872979869E-03 4.38580709707824E-03 4.41747935142727E-03 4.44983114761311E-03 4.48271434120514E-03 4.51597653861075E-03 4.54951401775306E-03 4.58323495091178E-03 4.61706821984916E-03 4.65093761453566E-03 4.68478207349611E-03 4.71854633214594E-03 4.75216365657378E-03 4.78557681563346E-03
0 0 0 0 0 0 0 0 0 0 0 0 0 0 0 0 0 0 0 0 0 0 0 0 0 0 0 0 0 4.00314783527093E-03 4.01655165159733E-03 4.01896301959323E-03 4.02372965301128E-03 4.03061261616571E-03 4.03930910403146E-03 4.04951984333887E-03 4.0610787634603E-03 4.07385423635865E-03 4.08785010926728E-03 4.10313396145172E-03 4.11977416136984E-03 4.13786672523301E-03 4.15746843360158E-03 4.17865823385317E-03 4.20144355418576E-03 4.22582873452208E-03 4.25176737354654E-03 4.27922139999323E-03 4.30808331468547E-03 4.33819972867127E-03 4.36940424952321E-03 4.40150757524308E-03 4.43433886804703E-03 4.46770964583474E-03 4.50147544243976E-03 4.5354974893711E-03 4.56968302382263E-03 4.60395322906137E-03 4.63825218001529E-03 4.67252071610295E-03 4.70670565722529E-03 4.74074460939541E-03 4.77456779966042E-03 4.80811568109953E-03
0 0 0 0 0 0 0 0 0 0 0 0 0 0 0 0 0 0 0 0 0 0 0 0 0 0 0 0 0 4.00314783527093E-03 4.00398693671738E-03 4.00757566139241E-03 4.01364516315447E-03 4.02171623276597E-03 4.03151450962974E-03 4.04279730887794E-03 4.0554445079558E-03 4.0693620863785E-03 4.08457091601722E-03 4.10115050870698E-03 4.11917116872751E-03 4.13873806698496E-03 4.15990076979365E-03 4.18272116790643E-03 4.20718839138747E-03 4.23328071017023E-03 4.2609252469099E-03 4.29004859533442E-03 4.32051430442189E-03 4.35213422368118E-03 4.38471884738053E-03 4.4180658414994E-03 4.45199831124625E-03 4.48632970870172E-03 4.52092018525469E-03 4.5556462446935E-03 4.59042527132322E-03 4.6251921405781E-03 4.65990391486638E-03 4.69451955628675E-03 4.72899161262649E-03 4.76324750097256E-03 4.79721231015098E-03 4.83082472312102E-03
0 0 0 0 0 0 0 0 0 0 0 0 0 0 0 0 0 0 0 0 0 0 0 0 0 0 0 0 3.97381585224309E-03 3.98856443866801E-03 3.99104457341156E-03 3.99611264445812E-03 4.00350233643982E-03 4.0128109749736E-03 4.0237965647239E-03 4.03625376367688E-03 4.05009958353251E-03 4.06526780594783E-03 4.08179124129849E-03 4.09976337536632E-03 4.11925469347498E-03 4.14037889964435E-03 4.16317506580577E-03 4.18769073621945E-03 4.21389210268411E-03 4.24172702474568E-03 4.27109284416393E-03 4.30188369597016E-03 4.33393357509518E-03 4.36701783318136E-03 4.40092913275923E-03 4.43545999457458E-03 4.47043221848075E-03 4.50566412305693E-03 4.54102256513852E-03 4.5763994945289E-03 4.61172180280683E-03 4.64693507252016E-03 4.68200687486303E-03 4.71691454966276E-03 4.75161615969599E-03 4.78602308399551E-03 4.82005563470913E-03 4.85365428652809E-03
0 0 0 0 0 0 0 0 0 0 0 0 0 0 0 0 0 0 0 0 0 0 0 0 0 0 0 0 3.97381585224309E-03 3.97462974264778E-03 3.9782098245053E-03 3.98464941551899E-03 3.99339233685146E-03 4.00400073811799E-03 4.01625896332612E-03 4.02998787790699E-03 4.04513752168765E-03 4.06166245653156E-03 4.07960336801914E-03 4.09907037176866E-03 4.1201229094088E-03 4.14288952048712E-03 4.16738903325692E-03 4.19365726379063E-03 4.22163492093216E-03 4.25123241531079E-03 4.28231922201988E-03 4.31475255324894E-03 4.34834829205626E-03 4.38283799658011E-03 4.41800985176643E-03 4.45365903311121E-03 4.48960800676724E-03 4.52568426873602E-03 4.56175659511521E-03 4.59773801228854E-03 4.63355725149529E-03 4.66917061631038E-03 4.70454873750316E-03 4.73968923034764E-03 4.77455709643117E-03 4.80903720023342E-03 4.84305317180602E-03 0.004876551883607
0 0 0 0 0 0 0 0 0 0 0 0 0 0 0 0 0 0 0 0 0 0 0 0 0 0 0 0 3.95949946972566E-03 3.95999777877321E-03 3.9650916338731E-03 3.97313600183933E-03 3.98336868147563E-03 3.99537673641539E-03 4.00899964929876E-03 4.02409897193075E-03 4.04065466292019E-03 4.05864296279095E-03 4.07810817037082E-03 4.09916845859305E-03 4.12187695796115E-03 4.14636542913161E-03 4.17263640544849E-03 4.20070412773508E-03 4.23048192840793E-03 4.26184670630064E-03 4.29463982563672E-03 4.32868003856858E-03 4.36375415255445E-03 4.3995779344291E-03 4.4359414498246E-03 4.47264405386912E-03 4.50950885697842E-03 4.54637364037029E-03 4.58311235880312E-03 4.61965338971365E-03 4.65592505328506E-03 4.69189038074786E-03 4.72752297070629E-03 4.76283458773254E-03 4.79778448791876E-03 4.83224422054305E-03 4.86614853103828E-03 4.89945459505546E-03
0 0 0 0 0 0 0 0 0 0 0 0 0 0 0 0 0 0 0 0 0 0 0 0 0 0 0 3.90557390384221E-03 3.93875016763314E-03 3.94390580974724E-03 3.95179981591251E-03 3.96180356744198E-03 3.97364967214013E-03 3.98713005415938E-03 4.00218424599587E-03 4.01872949624981E-03 4.03677451623836E-03 4.05631909388476E-03 4.07740929930788E-03 4.10016072545076E-03 4.12461736431603E-03 4.15090226769115E-03 4.17900474937701E-03 4.20890102400917E-03 4.24048618847567E-03 4.27360128214661E-03 4.30806618071835E-03 4.34365206336307E-03 4.38012648402971E-03 0.004417219175981 4.45470902681364E-03 4.49240658049794E-03 4.53013018051896E-03 4.56773773961811E-03 4.60509556193632E-03 4.64215195764057E-03 4.67882595805271E-03 4.71508970761782E-03 4.7509087938801E-03 4.78630436383063E-03 4.82123993380998E-03 4.85558052266899E-03 4.88927322700781E-03 4.92229163211099E-03
0 0 0 0 0 0 0 0 0 0 0 0 0 0 0 0 0 0 0 0 0 0 0 0 0 0 3.88439680659558E-03 3.90557390384221E-03 3.91860219140527E-03 3.92857667188271E-03 3.93913103341797E-03 3.95102677739973E-03 3.96446883611016E-03 3.97944055001975E-03 3.99596948606433E-03 4.01402211981973E-03 0.004033631074459 4.05481496852477E-03 4.07761850753851E-03 4.10214846986044E-03 4.12843449920902E-03 4.15658170115888E-03 4.18655526136133E-03 4.21829893317993E-03 4.25168201773602E-03 4.28651752982574E-03 4.32259951402829E-03 4.35966581048846E-03 4.3974741553116E-03 4.4357658693539E-03 4.47432112019106E-03 4.51295424819393E-03 4.55148531521113E-03 4.58978204952651E-03 4.62771379433255E-03 4.66523257351278E-03 4.70225184620837E-03 4.73874521278405E-03 4.77467614087566E-03 4.81006712873989E-03 4.84487494785949E-03 4.87897832455421E-03 4.9123496420016E-03 4.94498290487447E-03
0 0 0 0 0 0 0 0 0 0 0 0 0 0 0 0 0 0 0 0 0 0 0 0 0 3.8754258417057E-03 3.88439680659558E-03 3.89387148935993E-03 3.90460804730186E-03 3.91567818195239E-03 3.92776782319192E-03 3.9411738493088E-03 3.95607794586768E-03 3.97251042769458E-03 3.99052974568552E-03 4.01013140586333E-03 4.03136222888227E-03 4.05425398554514E-03 4.07884783037971E-03 4.10523102378337E-03 4.13341457151144E-03 4.1634699263532E-03 4.1953375750837E-03 4.22892775899847E-03 4.2640851630288E-03 4.30059791729762E-03 4.33823911985268E-03 4.37672615058655E-03 4.41580909208733E-03 4.4552427385033E-03 4.49480953153031E-03 4.53432729952891E-03 4.5736163633501E-03 4.61255056207071E-03 4.65100131248312E-03 0.004688912910159 4.7262006414248E-03 4.76283215825483E-03 4.79877234389134E-03 4.83403400381534E-03 4.86858859797037E-03 4.90234034680217E-03 4.93528429066898E-03 4.96744210392364E-03
0 0 0 0 0 0 0 0 0 0 0 0 0 0 0 0 0 0 0 0 0 0 0 0 0 3.8754258417057E-03 3.87627211927522E-03 3.88293464405335E-03 3.8927613311278E-03 3.90438687092502E-03 3.91758826685399E-03 3.93229722980827E-03 3.94858372477742E-03 3.96646564282517E-03 3.98600009171179E-03 4.00719325749701E-03 4.03009613950597E-03 4.05475390689703E-03 4.08119902335505E-03 4.10949301069818E-03 4.13962165244705E-03 4.17161680153456E-03 4.20538744038453E-03 4.24081162326158E-03 4.27770947317126E-03 4.31585133998791E-03 4.35499408970976E-03 4.39484211666388E-03 4.43514174983481E-03 4.47566258743426E-03 4.51619022595092E-03 4.55653959489072E-03 4.59652953222401E-03 4.63603623796746E-03 4.67493345305885E-03 4.71315326544777E-03 4.7506115879978E-03 4.78727204922984E-03 4.82310461236739E-03 4.8581169223026E-03 4.89229181382697E-03 4.92557097946356E-03 4.95798440938426E-03 4.9895820507994E-03
0 0 0 0 0 0 0 0 0 0 0 0 0 0 0 0 0 0 0 0 0 0 0 0 3.84493409315768E-03 3.86069965523958E-03 3.86407828053501E-03 3.87135049926201E-03 3.88162540035953E-03 3.89407994801309E-03 3.90839322888935E-03 3.92438006879063E-03 3.94204780498259E-03 3.96140605738416E-03 3.9824951721745E-03 4.00532878810784E-03 4.02995009777228E-03 4.05642498235836E-03 4.08477268608783E-03 4.11501725206822E-03 4.14712299338728E-03 4.18106591107632E-03 4.21673241228309E-03 4.25396106790571E-03 4.29255578548206E-03 4.33227371360393E-03 4.37286134155545E-03 4.41401845854443E-03 4.4554809627679E-03 4.49704414109788E-03 4.5384837475991E-03 4.5796087299566E-03 4.62023263518528E-03 4.66023178462756E-03 4.69948441357727E-03 4.73789989356235E-03 4.77540857481511E-03 4.81196353351108E-03 4.84755449934257E-03 4.88217776788886E-03 4.9158483561892E-03 4.94855033125376E-03 4.98034606167234E-03 5.01131534340978E-03
