NongDo/Fusa 12.8h.grd
DSAA
463	323
2	464
2	324
0	10
[rows 140 to 167 of 323, columns 192 to 255 of 463]
6.9715837445508E-03 7.05133420398792E-03 7.13028631754913E-03 7.20830010229016E-03 7.28520148358216E-03 7.36076658820004E-03 7.43478003296939E-03 7.50701536089045E-03 7.57724998426131E-03 7.64524658304582E-03 7.71077378453493E-03 7.77360132089794E-03 7.83353023473241E-03 7.89039116071472E-03 7.94404760170274E-03 7.99440241699322E-03 8.04140312538141E-03 8.08504701159096E-03 8.12536790974173E-03 8.16243507161965E-03 8.19634338896248E-03 8.22720827908278E-03 8.25515449025712E-03 8.28031291147575E-03 8.3028129988233E-03 8.32277723767116E-03 8.34032259781474E-03 8.35556624613906E-03 8.36865999143778E-03 8.37978385022448E-03 8.38913295446087E-03 8.39689638013311E-03 8.40324712694574E-03 8.40834538728417E-03 8.41233292995946E-03 8.41533326143149E-03 8.41744227304113E-03 8.41873662593955E-03 8.41927812419858E-03 8.41911955291134E-03 8.41830530863251E-03 8.41686763355689E-03 8.41482714330806E-03 8.41219770052955E-03 8.40898543557652E-03 8.40517139216005E-03 8.40071217195245E-03 8.39010375138711E-03 0 0 0 0 0 0 0 0 0 0 0 0 0 0 0 0
7.04987918779843E-03 7.12867759290368E-03 7.20650498020572E-03 7.28322394953736E-03 7.35866327173071E-03 7.43260094782248E-03 7.50483880216553E-03 7.57516623715591E-03 7.64337421254647E-03 7.70923601347269E-03 7.77253134098485E-03 7.83303945762447E-03 7.8905725077123E-03 7.94497185615951E-03 7.99611070838624E-03 8.04390282990308E-03 8.08831021279466E-03 8.12934784954687E-03 8.1670665065781E-03 8.20155324826378E-03 8.2329182671849E-03 8.26128946970134E-03 8.28680374992688E-03 8.30960320377748E-03 8.3298266887172E-03 8.34760561907698E-03 8.36306602033203E-03 8.37633153658256E-03 8.38757069350752E-03 8.39698316119259E-03 8.40476943325023E-03 8.41111664519789E-03 8.41619307742752E-03 8.4201521203367E-03 8.4231252245195E-03 8.42522608349575E-03 8.42654116958453E-03 8.42713665669944E-03 8.42706362476021E-03 8.42636515980167E-03 8.42508075946972E-03 8.42323660244317E-03 8.42083974657674E-03 8.41788785252634E-03 8.41437655641016E-03 8.41029447691503E-03 8.40071217195245E-03 0 0 0 0 0 0 0 0 0 0 0 0 0 0 0 0 0
7.12593898224111E-03 7.20368659093394E-03 7.28029933482301E-03 7.35563766933573E-03 7.42953134195153E-03 7.50177103954884E-03 7.57218087501365E-03 7.64056452417855E-03 7.70672199346643E-03 7.7704333961763E-03 7.83148594416842E-03 7.88966977028937E-03 7.9448076053935E-03 7.99675007831945E-03 8.04538014426006E-03 8.09062481418191E-03 8.13246267158762E-03 8.1709268511067E-03 8.20608668055316E-03 8.23804845877423E-03 8.26693817569411E-03 8.29289573061203E-03 8.31606903405823E-03 8.33660970868733E-03 8.3546642545639E-03 8.37037172729363E-03 8.38386629166683E-03 8.39528168714192E-03 8.4048043048112E-03 8.4126470948781E-03 8.41900866726442E-03 8.4240712582944E-03 8.42799708911047E-03 8.43093328377521E-03 8.43300310818504E-03 8.43430882836426E-03 8.43492534489827E-03 8.43491017667198E-03 8.43430609295833E-03 8.43314229513084E-03 8.4314451429228E-03 8.42923398128593E-03 8.42649735522939E-03 8.42319703667427E-03 8.41929850660914E-03 8.41029447691503E-03 0 0 0 0 0 0 0 0 0 0 0 0 0 0 0 0 0 0
7.19985178048435E-03 7.27646071042472E-03 7.35177853514723E-03 7.42565883424279E-03 7.49793755344368E-03 7.56843349337004E-03 7.63698230257747E-03 7.70339949092743E-03 7.76748817200213E-03 7.82903410112456E-03 7.88783017449513E-03 7.94368117422296E-03 7.99641694737302E-03 8.04589752622693E-03 8.09201773509453E-03 8.13472166168544E-03 8.17400656555443E-03 8.20992446514438E-03 8.24256637676015E-03 8.27205885235667E-03 8.29854394681812E-03 8.32217200090786E-03 8.34310057443523E-03 8.36148867841548E-03 8.37748821548904E-03 8.39124475610963E-03 8.40290064737884E-03 8.41260238524605E-03 8.42054861618094E-03 8.42696001439738E-03 8.43202969293338E-03 8.43593207468352E-03 8.43882308191696E-03 8.44084367383747E-03 8.44210989930996E-03 8.44271132928211E-03 8.44271092355856E-03 8.44215785522258E-03 8.44108741101363E-03 8.43951301180507E-03 8.43743864440188E-03 8.4348692936892E-03 8.43176485321003E-03 8.42804006242116E-03 8.41929850660914E-03 0 0 0 0 0 0 0 0 0 0 0 0 0 0 0 0 0 0 0
7.27175792666883E-03 7.3471472945011E-03 7.42109173023848E-03 7.49344600045896E-03 7.56406224685294E-03 7.63278308367501E-03 7.69944399280456E-03 7.76386920887851E-03 7.82586265815626E-03 7.88521806322647E-03 7.94173540631753E-03 7.99523234114259E-03 8.04554426692582E-03 8.09254413742403E-03 8.13614285935679E-03 8.17630434784098E-03 8.21304669769854E-03 8.24644411986361E-03 8.2766118983956E-03 8.30369604674138E-03 8.32785289985582E-03 8.34924255538707E-03 8.36803023736011E-03 8.38437925702015E-03 8.39844472827369E-03 8.41037774970253E-03 8.4203293518455E-03 8.4284596425811E-03 8.43497438639364E-03 8.44009306590662E-03 8.44399854809614E-03 8.44685901064667E-03 8.44882545901035E-03 8.45003080627238E-03 8.45058059106115E-03 8.45055358102179E-03 8.45000238925992E-03 8.44896279450794E-03 8.4474549916522E-03 8.44547626832111E-03 8.4430067388292E-03 8.44002180938423E-03 8.43644756955931E-03 8.42804006242116E-03 0 0 0 0 0 0 0 0 0 0 0 0 0 0 0 0 0 0 0 0
7.34186475373664E-03 7.41596345520353E-03 7.48846952318791E-03 7.55924495929513E-03 7.62815395745566E-03 7.69505303981223E-03 7.75978261406595E-03 7.82216994577944E-03 7.88202214985161E-03 7.93914118210351E-03 7.99333540112869E-03 8.04443191932875E-03 8.09227876561112E-03 8.13676508901928E-03 8.17782230737596E-03 8.21543609268822E-03 8.24964893660476E-03 8.28055981086448E-03 8.30830764871446E-03 8.33305605924401E-03 8.35497296606752E-03 8.37422655070137E-03 8.3909855410858E-03 8.40541464472524E-03 8.41767127562518E-03 8.4279104990599E-03 8.43629026554198E-03 8.44298436992613E-03 8.44820168388227E-03 8.45215160835277E-03 8.45500846837566E-03 8.45693542756968E-03 8.45807856831358E-03 8.45856175648462E-03 8.45847978894943E-03 8.45789961974569E-03 8.45685842092181E-03 8.45537234535386E-03 8.4534422102969E-03 8.4510422492723E-03 8.44811937027678E-03 8.44461272008703E-03 8.43644756955931E-03 0 0 0 0 0 0 0 0 0 0 0 0 0 0 0 0 0 0 0 0 0
7.4103194067783E-03 7.48305929090492E-03 7.55406551866368E-03 7.62320700219448E-03 7.69035398019049E-03 7.75537361459268E-03 0.007818113170447 7.87840219858775E-03 7.93605285633905E-03 7.9908748983456E-03 8.04268538549392E-03 8.09132309196295E-03 8.13665536769244E-03 8.17859221297686E-03 8.21708964766062E-03 8.25215658794486E-03 8.28386263711487E-03 8.3123330452226E-03 8.3377285203125E-03 8.36022748311455E-03 8.38000609196502E-03 8.39723593491996E-03 8.41208480993103E-03 8.42471820699802E-03 8.43529521304675E-03 8.44397408503641E-03 8.45091880344415E-03 8.45630938005608E-03 8.46034795186824E-03 8.46323666874841E-03 8.46514807869239E-03 8.46623825415871E-03 8.46664543326142E-03 8.46648664898429E-03 8.46585007111369E-03 8.46478722239849E-03 8.46330818139367E-03 8.46139503074747E-03 8.45902518877211E-03 8.45614521037761E-03 8.45267866813624E-03 8.44461272008703E-03 0 0 0 0 0 0 0 0 0 0 0 0 0 0 0 0 0 0 0 0 0 0
7.47720027834021E-03 7.5485049976002E-03 7.61793850568373E-03 7.68537518341728E-03 7.7506910751586E-03 7.81376343064524E-03 7.87444426563239E-03 7.9325653618633E-03 7.98794456500271E-03 8.04040102947513E-03 8.08976384797161E-03 8.13588740525994E-03 8.17866194161374E-03 8.21802356445085E-03 8.25395600301441E-03 8.28649242039011E-03 8.31573101883349E-03 8.34182376093176E-03 8.36494951343794E-03 8.38529754717875E-03 8.40304806205284E-03 8.41837140936251E-03 8.43143321022518E-03 8.44239886280516E-03 8.4514265699808E-03 8.45867583293825E-03 8.46431372708204E-03 8.46852272881734E-03 8.47149899950122E-03 8.47343617377357E-03 8.47450248228267E-03 8.47484730905023E-03 8.47460159936293E-03 8.47387797886429E-03 8.47276184608312E-03 8.47128761657981E-03 8.46941613538907E-03 8.4670577043341E-03 8.46418123545842E-03 8.4607061875638E-03 8.45267866813624E-03 0 0 0 0 0 0 0 0 0 0 0 0 0 0 0 0 0 0 0 0 0 0 0
7.54252874850743E-03 7.6123107304788E-03 7.68008607590318E-03 7.74573528496665E-03 7.80914121659084E-03 7.87018960319815E-03 7.92873518173111E-03 7.98461251507102E-03 8.03764706631578E-03 8.08766978579013E-03 8.13452572595555E-03 8.17808852819459E-03 8.21827532719455E-03 8.25505172394238E-03 8.28843125668603E-03 8.31847329836979E-03 8.34530529873663E-03 8.36910275283169E-03 8.39005760125408E-03 8.40836520003437E-03 8.42420539797283E-03 8.43774546213138E-03 8.44914820955783E-03 8.45857627021718E-03 8.4661839691475E-03 8.47213054848873E-03 8.47658442257509E-03 8.47972872344387E-03 8.48175364894567E-03 8.48284364137757E-03 8.48315974337987E-03 8.48284404770205E-03 8.48202214561016E-03 8.48080540190238E-03 8.47928429454982E-03 8.47748400895864E-03 0.008475276894358 8.47235480308494E-03 8.46881821924608E-03 8.4607061875638E-03 0 0 0 0 0 0 0 0 0 0 0 0 0 0 0 0 0 0 0 0 0 0 0 0
7.6062813928083E-03 7.67444115098887E-03 7.74046188064749E-03 7.80423146302538E-03 7.86563957560486E-03 7.92457896400343E-03 7.98090757556123E-03 8.03446396680415E-03 8.08508318974339E-03 8.13261107388464E-03 8.1769121900609E-03 8.21788302645748E-03 8.25547137912651E-03 8.28967490345835E-03 8.32053813555766E-03 8.34814711007819E-03 8.37265532656042E-03 8.39425780804104E-03 8.4131550728596E-03 8.42954367944861E-03 8.44359979987304E-03 8.4554857387957E-03 8.46535889882494E-03 8.47337673789407E-03 8.47968911458449E-03 8.48445368987242E-03 8.48783917952906E-03 8.49002854484352E-03 8.49120698836169E-03 8.49154825159774E-03 8.49120246162165E-03 8.49030105451676E-03 8.48896269539543E-03 8.48730687832621E-03 8.48546436808498E-03 8.48350448817109E-03 8.48118776852872E-03 8.47728287380939E-03 8.46881821924608E-03 0 0 0 0 0 0 0 0 0 0 0 0 0 0 0 0 0 0 0 0 0 0 0 0 0
7.66839590601713E-03 7.73482536460916E-03 0.007798988066174 7.86078056958749E-03 7.92009938760457E-03 7.97684261583535E-03 8.03087255600905E-03 8.08203455813748E-03 8.13017627177936E-03 8.1751602012917E-03 8.21687369835724E-03 8.25524086101716E-03 8.29024312731821E-03 8.32191032835258E-03 8.35031758475059E-03 8.37557733649243E-03 8.3978651472664E-03 8.41738978717943E-03 8.43435544060793E-03 8.44895594871493E-03 8.46136084218671E-03 8.47172541628346E-03 8.48019900380726E-03 8.48693187061357E-03 8.49206904225759E-03 8.49576681530988E-03 8.49819422410649E-03 8.49953259407881E-03 8.4999610276624E-03 8.49964312503922E-03 8.49871477166578E-03 8.49728594087224E-03 8.49545382892819E-03 8.49335045370776E-03 8.49123321080756E-03 8.48942546291063E-03 8.48814884738976E-03 8.47728287380939E-03 0 0 0 0 0 0 0 0 0 0 0 0 0 0 0 0 0 0 0 0 0 0 0 0 0 0
7.72877861064901E-03 7.79336468674027E-03 7.85556240048824E-03 7.9152783631001E-03 7.97241622906119E-03 8.02687805400266E-03 8.07853280293732E-03 8.12723631867161E-03 8.17285131876844E-03 8.21525928517552E-03 8.25437379852707E-03 8.29015076122767E-03 8.32260479283435E-03 8.35179736529649E-03 8.37783264985544E-03 8.40084780390219E-03 8.42103467300449E-03 8.43861037973672E-03 8.45377948616029E-03 8.4667288869521E-03 8.47761833407625E-03 8.4865942387847E-03 8.49379631287291E-03 8.49936572501915E-03 8.50344312581613E-03 8.5061833485329E-03 8.50775524720724E-03 8.50833848182941E-03 8.50810860497651E-03 8.50721963152235E-03 8.50578644003363E-03 8.50387630627078E-03 8.50151395862141E-03 8.49878205314331E-03 0.008496191325044 8.49452797033915E-03 8.49426543558111E-03 0 0 0 0 0 0 0 0 0 0 0 0 0 0 0 0 0 0 0 0 0 0 0 0 0 0 0
7.78731850357851E-03 7.8499489526634E-03 7.91007773909241E-03 7.96762161679928E-03 8.02249134256804E-03 8.07459423428217E-03 8.12380885048048E-03 8.17000363297004E-03 8.21305927289506E-03 8.25287991903013E-03 8.28940846992886E-03 8.32263257395657E-03 8.35259906463113E-03 8.37940104370652E-03 8.40316983911804E-03 8.42406131613578E-03 8.44227783296487E-03 8.45804252641003E-03 8.47155640547296E-03 8.48299544058827E-03 8.49250700598466E-03 8.50022606064726E-03 8.50628068765166E-03 8.51080401613226E-03 8.51393332195286E-03 8.51582050257778E-03 8.51663239654924E-03 8.5165483084481E-03 8.51574537327473E-03 8.51437370682463E-03 8.51252695483559E-03 8.51020236939477E-03 8.50722133267491E-03 8.50326704148519E-03 8.49946760684575E-03 8.49750744868946E-03 8.49426543558111E-03 0 0 0 0 0 0 0 0 0 0 0 0 0 0 0 0 0 0 0 0 0 0 0 0 0 0 0
7.84389364020611E-03 7.9044620053786E-03 7.96242454774369E-03 8.01770934589658E-03 8.07023532186591E-03 8.11991651411314E-03 8.16664199355898E-03 8.21029587425852E-03 8.2507808338126E-03 8.28802669843828E-03 8.32200577854877E-03 8.35273594242574E-03 8.38029607198773E-03 8.40480947443661E-03 8.42643106070991E-03 8.44532902137703E-03 8.46171402888023E-03 8.47581269869276E-03 8.48781582991228E-03 8.49788452834196E-03 8.50615214407779E-03 8.51274142524005E-03 8.51776993922035E-03 8.52136338092151E-03 8.52365427965383E-03 8.5247902213139E-03 8.52493448814125E-03 8.52426638133398E-03 8.52297215282389E-03 8.52121397500766E-03 8.51909060498606E-03 8.5165668172272E-03 8.51312592170081E-03 8.50632164301092E-03 8.49946760684575E-03 8.49750744868946E-03 0 0 0 0 0 0 0 0 0 0 0 0 0 0 0 0 0 0 0 0 0 0 0 0 0 0 0 0
7.89839083836539E-03 7.95679995487061E-03 8.01250977764899E-03 8.0654613851876E-03 8.1155829547562E-03 8.16279470584686E-03 8.20699900385042E-03 8.2481000758842E-03 8.28602615746342E-03 8.32073303012313E-03 8.35222172037023E-03 8.38053915295419E-03 8.40579416795052E-03 8.42813657113443E-03 8.44773978452742E-03 8.46478347382561E-03 8.47948434002099E-03 8.49206521428364E-03 8.50270005443465E-03 8.51153348268023E-03 8.51868484558805E-03 8.52426636263985E-03 8.52838692933796E-03 8.53116426225339E-03 8.53272420446408E-03 8.53320920933454E-03 8.53277768414402E-03 8.53160426225803E-03 8.52988544447799E-03 8.52781994585779E-03 8.52558474609235E-03 8.52340645225541E-03 8.52165898688563E-03 8.50632164301092E-03 0 0 0 0 0 0 0 0 0 0 0 0 0 0 0 0 0 0 0 0 0 0 0 0 0 0 0 0 0 0
7.95070716659772E-03 8.00687224699929E-03 8.06025667551442E-03 8.11081571883577E-03 8.1584880485094E-03 8.20319885725768E-03 8.24486977634858E-03 8.28342897038517E-03 8.31883166131497E-03 8.35105836302793E-03 8.38013880612526E-03 8.40614696247251E-03 8.42921693351275E-03 8.44952117280026E-03 8.46724668430165E-03 8.48258412896592E-03 8.4957486265766E-03 8.50695316698071E-03 8.51635428199967E-03 8.52407963814444E-03 8.5302359579679E-03 8.53492652563823E-03 8.5382522298384E-03 8.54032215360157E-03 8.54125520796794E-03 8.54118627044923E-03 8.54026302585634E-03 8.53864578555758E-03 8.53653364105676E-03 8.53415719910466E-03 8.53174590955951E-03 8.52977606717512E-03 8.52942546108986E-03 0 0 0 0 0 0 0 0 0 0 0 0 0 0 0 0 0 0 0 0 0 0 0 0 0 0 0 0 0 0 0
8.0007524101319E-03 8.05460537549217E-03 8.10561089700373E-03 8.15373625289321E-03 8.19893057143473E-03 8.24112983110905E-03 8.28027969248839E-03 8.31633255685185E-03 8.34926972915422E-03 8.37909657467489E-03 8.40587039535078E-03 8.42968941365467E-03 8.45070848970498E-03 8.46911692767613E-03 8.48511132007129E-03 8.49889062508968E-03 8.51066212636471E-03 8.52062404360356E-03 8.52891580370417E-03 8.53565142716397E-03 8.54092787653677E-03 8.5448395614634E-03 8.54747826003637E-03 8.54894555919189E-03 8.54935357427613E-03 8.54882610398798E-03 8.54749151880914E-03 8.54547551432202E-03 8.54294534209188E-03 8.54012076561132E-03 8.53712136032115E-03 8.53396972368666E-03 8.52942546108986E-03 0 0 0 0 0 0 0 0 0 0 0 0 0 0 0 0 0 0 0 0 0 0 0 0 0 0 0 0 0 0 0
8.04844393379026E-03 8.0999355303286E-03 8.14852788978611E-03 8.19419935643315E-03 8.2369130442421E-03 8.27662131731187E-03 8.31329118612944E-03 8.34689994767146E-03 8.37745404941575E-03 8.40498330250396E-03 8.42956838872452E-03 8.45132888122467E-03 8.47043558990392E-03 8.48708886657588E-03 8.50149169604068E-03 8.51384884605872E-03 8.52435755846978E-03 8.53319601417858E-03 8.54048990389732E-03 8.54634245128068E-03 8.55084239070282E-03 8.55407565872046E-03 8.55612696934962E-03 8.55709100611807E-03 8.55707062702884E-03 8.55617255119255E-03 8.55449303855115E-03 8.55210201946131E-03 8.54911124380553E-03 8.54570426023868E-03 8.54191435632126E-03 8.53396972368666E-03 0 0 0 0 0 0 0 0 0 0 0 0 0 0 0 0 0 0 0 0 0 0 0 0 0 0 0 0 0 0 0 0
8.09374453359725E-03 8.14284638171488E-03 8.18901161162118E-03 8.23223258154577E-03 8.27248924105988E-03 8.30974989266429E-03 8.34400166433077E-03 8.37524706759874E-03 8.40351673565992E-03 8.42886226585037E-03 8.45138417735792E-03 8.47122036519596E-03 8.48855294903511E-03 8.50358946607818E-03 8.51653608540625E-03 8.52759836134449E-03 8.5369594769105E-03 8.54478006137077E-03 8.5511764623857E-03 8.55624180482088E-03 8.56005642049983E-03 8.5626998930707E-03 8.56425311543696E-03 8.56480408952163E-03 8.56444393530128E-03 8.56325147300044E-03 8.56125812884531E-03 8.55843872368245E-03 8.55490350581292E-03 8.55081457036786E-03 8.54191435632126E-03 0 0 0 0 0 0 0 0 0 0 0 0 0 0 0 0 0 0 0 0 0 0 0 0 0 0 0 0 0 0 0 0 0
8.13665605414658E-03 8.18336315552506E-03 8.22711180238167E-03 8.26791079234402E-03 8.30575527229629E-03 8.34062746488549E-03 8.37253680137714E-03 8.4015107563205E-03 8.4276026312406E-03 8.45088178737411E-03 8.47146666846199E-03 8.48951046432703E-03 8.5052022666875E-03 8.51875297001478E-03 8.53036761617149E-03 8.54024958613214E-03 8.54856970081972E-03 8.55547290736798E-03 8.56106606720246E-03 8.56543360044103E-03 8.56864903336851E-03 8.57078731755842E-03 8.5719262747972E-03 8.57214899107694E-03 8.57153828331519E-03 8.57014551673101E-03 8.5678949309767E-03 8.56448474332788E-03 8.56022213765216E-03 8.55081457036786E-03 0 0 0 0 0 0 0 0 0 0 0 0 0 0 0 0 0 0 0 0 0 0 0 0 0 0 0 0 0 0 0 0 0 0
8.17721565946905E-03 8.22154488668347E-03 8.26290988226284E-03 8.30133385495539E-03 8.33682497697196E-03 8.36938120992786E-03 8.39903540105263E-03 8.4258381607338E-03 8.4498623955837E-03 8.47119386732907E-03 8.48996686253858E-03 8.50634620096172E-03 8.52052404383663E-03 8.53271115004923E-03 8.54310875441783E-03 8.55191597733257E-03 8.55929195755272E-03 8.56536891666433E-03 8.57024529427533E-03 8.57399864815861E-03 8.57669783923568E-03 8.57841280345114E-03 8.5792158200145E-03 8.57918821542942E-03 8.57842025463451E-03 8.57697838830457E-03 8.57469560508882E-03 8.57017089872824E-03 8.56022213765216E-03 0 0 0 0 0 0 0 0 0 0 0 0 0 0 0 0 0 0 0 0 0 0 0 0 0 0 0 0 0 0 0 0 0 0 0
8.21548689940703E-03 8.25747342022846E-03 8.2965033765282E-03 8.33261214541303E-03 8.36582219453344E-03 8.3961489412987E-03 8.42364601620508E-03 8.44838528652863E-03 8.47045659132568E-03 8.48996073072597E-03 8.50704359628546E-03 8.52187872289594E-03 8.53465869444513E-03 8.54559142570399E-03 8.55487358978719E-03 8.56269883830109E-03 8.56921698699675E-03 8.57454942067578E-03 8.57878764090498E-03 8.58200406630565E-03 8.58426385461278E-03 8.58563196622382E-03 8.58617368710799E-03 8.58596554436899E-03 8.58511765084327E-03 8.58385552428077E-03 8.58271518454782E-03 8.57017089872824E-03 0 0 0 0 0 0 0 0 0 0 0 0 0 0 0 0 0 0 0 0 0 0 0 0 0 0 0 0 0 0 0 0 0 0 0 0
8.25156614945153E-03 8.29125922239759E-03 8.32801451001114E-03 8.3618784204397E-03 8.39288872048326E-03 8.42107977217034E-03 8.44652364870339E-03 8.46930983467636E-03 8.48954211061315E-03 8.50733562226817E-03 8.52284455261008E-03 8.5362470158885E-03 8.54773402259751E-03 8.55751029198239E-03 8.5657680205334E-03 8.57269439939749E-03 8.57843090730498E-03 8.58309098834509E-03 8.58676116243985E-03 8.5895103186304E-03 8.59140140483474E-03 8.59249530246763E-03 8.59284756716168E-03 8.59250742902198E-03 8.59151998583167E-03 8.59009847834327E-03 8.5897886335479E-03 0 0 0 0 0 0 0 0 0 0 0 0 0 0 0 0 0 0 0 0 0 0 0 0 0 0 0 0 0 0 0 0 0 0 0 0 0
8.28557371991751E-03 8.32303348650427E-03 8.35758402525965E-03 0.008389281948513 8.41818050541417E-03 8.44433391513573E-03 8.4678294434921E-03 8.4887710917912E-03 8.50727400923518E-03 8.52346650786213E-03 8.53750731006773E-03 8.54957604229821E-03 8.55986311096026E-03 8.56856937400338E-03 8.57588263550756E-03 8.58198282844664E-03 8.58700542939692E-03 8.59105790448374E-03 8.59422240138262E-03 8.59656560593267E-03 8.59815031172716E-03 8.5990376605151E-03 8.59927978308303E-03 8.59888677221101E-03 8.59765555693306E-03 8.59443833091188E-03 8.5897886335479E-03 0 0 0 0 0 0 0 0 0 0 0 0 0 0 0 0 0 0 0 0 0 0 0 0 0 0 0 0 0 0 0 0 0 0 0 0 0
8.31764514283832E-03 8.35293742722101E-03 8.38535661328297E-03 8.41497039174178E-03 8.44184795380373E-03 8.46606130701642E-03 8.48771029234461E-03 8.50691191091225E-03 8.52379054089954E-03 8.53848327933894E-03 8.55115049191569E-03 8.56197433017039E-03 8.57114485449934E-03 8.57885845349998E-03 8.58529785609705E-03 8.59063682872148E-03 8.59500671575944E-03 8.59850976093224E-03 8.60122408701026E-03 8.60321414500625E-03 8.60454273916186E-03 8.60527935135507E-03 8.60550393319255E-03 8.60530305065539E-03 8.60477562200099E-03 8.59443833091188E-03 0 0 0 0 0 0 0 0 0 0 0 0 0 0 0 0 0 0 0 0 0 0 0 0 0 0 0 0 0 0 0 0 0 0 0 0 0 0
8.34792444698096E-03 8.38111802113647E-03 8.41148176644105E-03 8.4390943975725E-03 8.46404000039623E-03 8.48640619361668E-03 8.50630399513404E-03 8.52386173840525E-03 8.53921023528851E-03 8.55249191679709E-03 8.56387007912184E-03 8.57353052803398E-03 8.58166112790159E-03 8.58845324526315E-03 8.59408436370379E-03 8.59872326958081E-03 8.60249701774287E-03 8.60550283257077E-03 8.60781581586992E-03 8.60949856879681E-03 8.61061343666887E-03 8.61123681775127E-03 8.61147090107871E-03 8.61145409653946E-03 8.6111820589875E-03 0 0 0 0 0 0 0 0 0 0 0 0 0 0 0 0 0 0 0 0 0 0 0 0 0 0 0 0 0 0 0 0 0 0 0 0 0 0 0
8.37654707061891E-03 8.40771049306507E-03 8.43609298206626E-03 8.46178489660779E-03 8.48488429256072E-03 8.50549257673383E-03 8.52373000456429E-03 8.53973267092298E-03 8.55363563417502E-03 8.5655871773574E-03 8.57575505154676E-03 8.58432710380272E-03 8.59148741179846E-03 8.59742290735092E-03 8.60230662491692E-03 8.60630178487967E-03 8.60952992052512E-03 8.61208404514475E-03 8.61403770976641E-03 8.61545316817955E-03 8.61639330328283E-03 8.61692906362604E-03 8.61713945281867E-03 8.6170862233032E-03 8.6111820589875E-03 0 0 0 0 0 0 0 0 0 0 0 0 0 0 0 0 0 0 0 0 0 0 0 0 0 0 0 0 0 0 0 0 0 0 0 0 0 0 0
8.40363939702679E-03 8.4328405948221E-03 8.45931556834491E-03 8.4831664243161E-03 8.50450302880744E-03 8.52343889239914E-03 8.54010082055325E-03 8.55462971869559E-03 8.56716551161848E-03 8.5778624967585E-03 8.58689180692215E-03 8.59444139005548E-03 8.60069298923786E-03 8.60582874459664E-03 8.61001741292776E-03 8.61341549026535E-03 8.61613984262491E-03 8.61827932841445E-03 8.61990586235783E-03 0.00862108166853 8.62186800358376E-03 8.6223238961365E-03 8.62250110932799E-03 8.62229002735983E-03 0 0 0 0 0 0 0 0 0 0 0 0 0 0 0 0 0 0 0 0 0 0 0 0 0 0 0 0 0 0 0 0 0 0 0 0 0 0 0 0
