NongDo/Fusa 12.2h.grd
DSAA
463	323
2	464
2	324
0	10
[rows 140 to 167 of 323, columns 192 to 255 of 463]
6.90387987008735E-03 6.99560677229554E-03 7.08620264237867E-03 7.17551598795072E-03 7.26336152147822E-03 7.34949522165788E-03 7.43368105921563E-03 7.51567169733991E-03 7.59522558901675E-03 7.67208463411455E-03 7.74599614718534E-03 7.81670586939173E-03 7.88399257704608E-03 7.94766807539485E-03 8.00758108610869E-03 8.06362509920074E-03 0.008115745511451 8.16394716421741E-03 8.20828056142581E-03 8.24883993380222E-03 8.28575177676885E-03 8.31916804644081E-03 8.34925219608687E-03 8.3761736928747E-03 8.40009828262114E-03 8.42118003393789E-03 8.4395612434004E-03 8.45537845994384E-03 8.46880179151035E-03 8.48003229999983E-03 8.48929116588881E-03 8.49679694418118E-03 8.50275421808921E-03 8.50735483735673E-03 8.51077178390119E-03 8.51315726490211E-03 8.51463304496477E-03 8.51529638755644E-03 8.5152236836833E-03 8.51447533763624E-03 8.51310172925684E-03 8.51114132371834E-03 8.50862280701369E-03 8.50557169939196E-03 8.50201672049957E-03 8.49798292812983E-03 8.49350134454903E-03 8.48351342630921E-03 0 0 0 0 0 0 0 0 0 0 0 0 0 0 0 0
6.99451501234544E-03 7.0848139600915E-03 7.17379467459339E-03 7.26130851747758E-03 7.34717339641457E-03 7.43114766150042E-03 7.51301618920974E-03 7.59255150976163E-03 7.66952915932802E-03 7.74370409298353E-03 7.81483686223233E-03 7.88268472850885E-03 7.9470398304363E-03 8.00772677452268E-03 8.06460576979993E-03 8.11758298911682E-03 8.16662051279789E-03 8.21174379618715E-03 8.25302339823916E-03 8.29057477646566E-03 8.32454263581794E-03 8.35509300399615E-03 8.38240175764397E-03 8.40664873032478E-03 8.42800716016283E-03 8.44663745827594E-03 8.46268851512445E-03 8.47630120545462E-03 8.48766164099871E-03 8.49699123667779E-03 8.50451749900757E-03 8.51045771806512E-03 8.51501223336846E-03 8.5183662875899E-03 8.5206823048971E-03 8.52210128337939E-03 8.52273399060029E-03 8.52266540576238E-03 8.5219590882021E-03 8.52066268393208E-03 8.51882047461501E-03 8.51646746492278E-03 8.51362398632881E-03 8.51030920386144E-03 8.50656211395538E-03 8.50245033800336E-03 8.49350134454903E-03 0 0 0 0 0 0 0 0 0 0 0 0 0 0 0 0 0
7.08220694938929E-03 7.17099530530676E-03 7.25828903814712E-03 7.34393648385423E-03 7.4277559454165E-03 0.007509520414722 7.58904127337513E-03 7.66610856382902E-03 7.74050915597304E-03 7.81200629818686E-03 7.88036946418612E-03 7.94536896955625E-03 8.00680985907628E-03 8.06452807230919E-03 8.11839569467785E-03 8.16833476001316E-03 8.2143270314238E-03 8.25641957241646E-03 0.008294705193748 8.32932235194409E-03 8.36043446966247E-03 8.38822084669575E-03 8.41286812604801E-03 8.43456408848391E-03 8.45348694406868E-03 8.46980166002535E-03 8.48366269433138E-03 8.49521934890964E-03 8.50467535572105E-03 8.51226601194841E-03 8.51821775154345E-03 8.5227435722509E-03 8.52603814981528E-03 8.52828029489246E-03 8.52962368592224E-03 8.53019654976773E-03 8.53009656747572E-03 8.52939806047332E-03 8.52815421035425E-03 8.52639694153615E-03 8.5241585532892E-03 8.52147286291871E-03 8.51835173047265E-03 8.51479779159213E-03 8.51085096698731E-03 8.50245033800336E-03 0 0 0 0 0 0 0 0 0 0 0 0 0 0 0 0 0 0
7.16713827491775E-03 7.25434259897479E-03 7.33988399421732E-03 7.42360237227603E-03 7.50532196933476E-03 7.58484781696301E-03 7.66200518154427E-03 7.73659836112129E-03 7.80841859338318E-03 7.87723615988975E-03 0.007942827532409 8.00498054788013E-03 8.0635095572589E-03 8.11826237313324E-03 8.16912582311345E-03 8.21604264630931E-03 8.25901717384202E-03 8.2981192951165E-03 8.33346771785818E-03 8.36522490088804E-03 8.39357286028841E-03 8.41870193843056E-03 8.44080746170594E-03 8.46008221480136E-03 8.47670645556797E-03 8.49084821589356E-03 8.50266752323695E-03 8.51232524880086E-03 8.52003745942349E-03 8.52604770301704E-03 8.53057766571628E-03 8.53383319794919E-03 8.53600291428093E-03 8.53725881245276E-03 8.53774636171574E-03 8.53758026675943E-03 8.53684461310595E-03 0.008535603271149 8.53390003280978E-03 8.5317520433947E-03 8.52917377349726E-03 0.008526195172652 8.52281860424738E-03 8.5190292329665E-03 8.51085096698731E-03 0 0 0 0 0 0 0 0 0 0 0 0 0 0 0 0 0 0 0
7.24953182323876E-03 7.33508224480471E-03 7.41880268345655E-03 7.50053377809954E-03 7.58011666076346E-03 7.65738327761263E-03 7.73215962428774E-03 7.80426090502578E-03 7.87348030967126E-03 7.93959810070496E-03 8.00239963080858E-03 8.06168855424824E-03 8.11728726267229E-03 8.16905991981987E-03 8.21691329401985E-03 8.26081431404799E-03 8.30079260388019E-03 8.33694462644551E-03 8.36941763997316E-03 8.39839676633076E-03 8.42407995319093E-03 8.44666703469062E-03 8.46635910785843E-03 8.48335004118796E-03 8.49781947126079E-03 8.50993737536797E-03 8.51986996217308E-03 8.52779099352328E-03 8.53392406377905E-03 8.53851217440899E-03 8.54176771929837E-03 8.54389084854169E-03 8.54506515849855E-03 8.54545377318125E-03 8.54519073654837E-03 8.54437919695375E-03 8.54309108382585E-03 8.54137566616167E-03 8.53926159485209E-03 8.53675401962859E-03 8.53385207579361E-03 8.53057454014185E-03 8.52691763738223E-03 8.5190292329665E-03 0 0 0 0 0 0 0 0 0 0 0 0 0 0 0 0 0 0 0 0
7.32965445637834E-03 7.4134860204689E-03 7.49532556576765E-03 7.57502106570702E-03 7.65242592855775E-03 7.72738813042917E-03 7.79974074122238E-03 7.86930395909128E-03 7.93587581125035E-03 7.99924712120121E-03 8.05921399321342E-03 8.1155924442456E-03 8.1682211502527E-03 8.21698469842122E-03 8.2618150709358E-03 8.30270565419653E-03 8.33971518867694E-03 8.37296931263953E-03 8.40264273851047E-03 8.42894051877851E-03 8.45207272961867E-03 8.47224601169176E-03 8.48966205394816E-03 8.50451228413861E-03 8.51697468096796E-03 8.52721979318139E-03 8.53541865960669E-03 8.54175836152167E-03 8.54646613210439E-03 8.5497760557924E-03 8.55189305011217E-03 8.55301240966132E-03 8.55331217896258E-03 8.5529455926183E-03 8.55203503526519E-03 8.55067112908556E-03 8.54890972650209E-03 8.54678069583721E-03 8.54429602320002E-03 8.54144613643087E-03 8.5382141274325E-03 8.53460739959798E-03 8.52691763738223E-03 0 0 0 0 0 0 0 0 0 0 0 0 0 0 0 0 0 0 0 0 0
7.40767037488977E-03 7.48971409258392E-03 7.56960954262176E-03 7.64721200433886E-03 7.72238117939593E-03 7.79497789379778E-03 7.86484485010025E-03 7.93180669280506E-03 7.9956685539796E-03 8.05623162599004E-03 8.11330357447138E-03 8.1667154008933E-03 8.21632948773766E-03 8.26205610291953E-03 8.3038570662289E-03 8.34175371325648E-03 8.37583648911127E-03 8.40626146511378E-03 8.43322818982975E-03 8.45695781072086E-03 8.47766802422849E-03 8.49556658794266E-03 8.51085063769849E-03 8.52370824819777E-03 8.53431514035868E-03 8.54284199134999E-03 8.54946432898516E-03 8.55437571704713E-03 8.55779779606027E-03 8.55995841744122E-03 8.56106122122634E-03 8.56129441245876E-03 8.56082732770973E-03 8.5598050798859E-03 8.55834228019085E-03 8.55651466809591E-03 8.55435257043557E-03 8.5518549781688E-03 8.54901719245335E-03 8.54581603220306E-03 8.54223656067466E-03 8.53460739959798E-03 0 0 0 0 0 0 0 0 0 0 0 0 0 0 0 0 0 0 0 0 0 0
7.4836507523573E-03 7.56382287850594E-03 7.64169339789339E-03 7.71712403829499E-03 7.78998153082175E-03 7.86013948351273E-03 7.92744810658793E-03 7.99173651500136E-03 8.05281785955212E-03 8.11050571407483E-03 8.16462320588862E-03 8.21502060477724E-03 8.26158769583242E-03 8.30426598606112E-03 8.34305037421078E-03 8.37799092541276E-03 8.40921090053912E-03 8.43689668138731E-03 8.46126803424723E-03 8.48255713872004E-03 8.50098410274408E-03 8.51675236504002E-03 8.5300529086306E-03 8.54106947766344E-03 8.54997314675986E-03 8.55693332734025E-03 8.56212783000975E-03 8.56575352264757E-03 8.56802742175474E-03 8.56916955130085E-03 8.56937947066794E-03 8.56883841304411E-03 8.56770718377685E-03 8.56612450273779E-03 8.56420158842041E-03 8.56200029914154E-03 8.55950698764575E-03 8.55665767126173E-03 8.55345075717834E-03 8.54985585763589E-03 8.54223656067466E-03 0 0 0 0 0 0 0 0 0 0 0 0 0 0 0 0 0 0 0 0 0 0 0
7.55759826224794E-03 7.63580008892683E-03 7.71154942030186E-03 7.78471588039677E-03 7.85517516794426E-03 7.92281240386429E-03 7.98748330492374E-03 8.04902220991814E-03 8.10725254496163E-03 8.16200289635914E-03 8.2131160765236E-03 8.26046542478438E-03 8.30397219681419E-03 8.34361244578785E-03 8.37941604314466E-03 8.41146342835967E-03 8.43991069640703E-03 8.46497040717508E-03 8.48687640058271E-03 8.50586612097639E-03 8.52215685749698E-03 8.53594529726913E-03 8.54741537743401E-03 8.55674394547638E-03 8.56409493356645E-03 8.56963569267671E-03 8.57354521369508E-03 8.57602206278213E-03 8.57727873445387E-03 8.57752674740561E-03 8.57695853415147E-03 8.57574736419382E-03 8.57404689500709E-03 8.57199253880067E-03 8.5697012468189E-03 8.56723222202073E-03 8.56449550006528E-03 8.56123018499418E-03 8.55757489806385E-03 8.54985585763589E-03 0 0 0 0 0 0 0 0 0 0 0 0 0 0 0 0 0 0 0 0 0 0 0 0
7.62946591939911E-03 7.70558551550256E-03 7.77910612344068E-03 7.84990726869239E-03 7.91787429023625E-03 7.98290259611619E-03 8.04485410657868E-03 8.1035698316981E-03 8.15888567149746E-03 8.2106484107711E-03 8.25872411178082E-03 8.30301278415567E-03 8.34347084309558E-03 8.3801110963433E-03 0.008412999009013 8.44224530027603E-03 8.46803486012451E-03 8.49060146521885E-03 8.51018761354682E-03 8.52703027240247E-03 8.54133991969485E-03 8.55330422156419E-03 8.56309739006308E-03 8.57088728824543E-03 8.57683077124341E-03 8.58109253867888E-03 8.58385220680478E-03 8.58530914327524E-03 8.58567216018017E-03 8.58514311045677E-03 8.58390366886561E-03 8.58211554141753E-03 8.5799234304835E-03 8.57746889143588E-03 8.57490977994987E-03 8.57235831516226E-03 8.56963798391945E-03 8.56563298535408E-03 8.55757489806385E-03 0 0 0 0 0 0 0 0 0 0 0 0 0 0 0 0 0 0 0 0 0 0 0 0 0
7.69916729911195E-03 7.77308530186125E-03 7.84426475751276E-03 7.91259702311162E-03 7.97797763399951E-03 8.04031064244555E-03 8.09946539814217E-03 8.15529267460993E-03 8.2076440861855E-03 8.2563862820125E-03 8.30141166885223E-03 8.34265163799247E-03 8.38010038565371E-03 8.41380689867763E-03 8.44387107491352E-03 8.47043307724651E-03 8.49370177276502E-03 8.51392539816429E-03 8.5313494071799E-03 8.54620570691391E-03 8.55869453838061E-03 8.56899238438432E-03 8.57726129393318E-03 8.58365858795024E-03 8.58833434645558E-03 8.5914513708028E-03 8.59319011224677E-03 8.59374918353057E-03 8.59333271095063E-03 8.59213376581251E-03 8.5903202985388E-03 8.58803242683682E-03 8.58539217963255E-03 8.58255172985449E-03 8.57979247126334E-03 8.57748482266766E-03 8.57592989460039E-03 8.56563298535408E-03 0 0 0 0 0 0 0 0 0 0 0 0 0 0 0 0 0 0 0 0 0 0 0 0 0 0
7.76658797539399E-03 7.83818309690368E-03 7.90690916919234E-03 7.97267123586974E-03 8.03537574142708E-03 8.09493392285555E-03 8.1512249085437E-03 8.2041130982153E-03 8.25346832970087E-03 8.29917928737821E-03 8.34116787400094E-03 8.37940071415675E-03 8.41390856246951E-03 8.44477532769469E-03 8.47213304613412E-03 8.49614896729052E-03 8.51704933538883E-03 8.53509071869827E-03 8.55051766207532E-03 8.56355227865613E-03 8.57438122980045E-03 8.58316807963068E-03 8.59006158720492E-03 8.59520727466969E-03 8.59874954044421E-03 8.60084953539601E-03 8.60168796605727E-03 8.60146233773664E-03 8.60037441716726E-03 8.59860970099209E-03 8.59631721383866E-03 8.59359676267091E-03 8.59050041644652E-03 8.5871323378243E-03 8.58401578622547E-03 8.58198501610815E-03 8.58170141543071E-03 0 0 0 0 0 0 0 0 0 0 0 0 0 0 0 0 0 0 0 0 0 0 0 0 0 0 0
7.83160340235057E-03 7.90075987974462E-03 7.9669285087327E-03 8.03002831915721E-03 8.08997683840004E-03 8.1466938587508E-03 8.20007113067804E-03 8.24998861546178E-03 8.29633723390049E-03 8.33903127775888E-03 8.37802478639074E-03 8.41331879608335E-03 8.44497888527474E-03 8.47312322038468E-03 8.49791335155322E-03 8.51953681402539E-03 8.53823089527962E-03 8.55425766055112E-03 8.5678562481323E-03 8.57923466062004E-03 8.5885634471613E-03 8.59599115373985E-03 8.60165200324404E-03 8.60568140130227E-03 8.60821951822229E-03 8.60942469139893E-03 8.60947586617353E-03 8.60856982936153E-03 8.60691064317063E-03 8.60468303546956E-03 8.60201928486281E-03 8.59895715613531E-03 8.59535908572115E-03 8.59094712172933E-03 8.58681141759728E-03 8.58458052637752E-03 8.58170141543071E-03 0 0 0 0 0 0 0 0 0 0 0 0 0 0 0 0 0 0 0 0 0 0 0 0 0 0 0
7.89408729622774E-03 7.96070045063568E-03 8.02421956998101E-03 8.08457911557515E-03 8.14170889388199E-03 8.19553855733918E-03 8.24597304248019E-03 8.29291082806798E-03 8.33626783907723E-03 8.3759866563448E-03 8.41205290186138E-03 8.44449970923888E-03 8.47342657213226E-03 8.49898372802107E-03 8.52135795013027E-03 8.54075007171956E-03 8.55740584870303E-03 8.57158978683932E-03 8.58352849789861E-03 8.59341195922032E-03 8.60139339367839E-03 8.60760624121259E-03 8.61217205246953E-03 8.61521732076435E-03 8.61687709744959E-03 8.61730576774944E-03 8.61667862142448E-03 8.61519059229236E-03 8.61305484943867E-03 8.61047287446771E-03 8.60758877086894E-03 8.60442175925087E-03 8.60053013207786E-03 8.59361363633178E-03 8.58681141759728E-03 8.58458052637752E-03 0 0 0 0 0 0 0 0 0 0 0 0 0 0 0 0 0 0 0 0 0 0 0 0 0 0 0 0
7.95393316274906E-03 8.01791285417317E-03 8.07870648717809E-03 8.13626576351954E-03 8.19053383678564E-03 8.24144927112239E-03 8.28893280224345E-03 8.33290578395675E-03 8.37331242164358E-03 8.41012324146943E-03 8.44335412515455E-03 8.47306846159521E-03 8.49939672388626E-03 8.52251667900982E-03 8.54263453001842E-03 8.55996313161667E-03 8.57475387817866E-03 8.5872660398859E-03 8.59770720690517E-03 8.60624818668663E-03 0.008613025547149 0.008618159875889 8.62176245626504E-03 8.6239510171435E-03 8.62485408953854E-03 8.62462130343451E-03 8.62342239819668E-03 8.62144484953451E-03 8.61891207108217E-03 8.61606854311148E-03 8.61314348466375E-03 8.61042749700372E-03 8.60837196968771E-03 8.59361363633178E-03 0 0 0 0 0 0 0 0 0 0 0 0 0 0 0 0 0 0 0 0 0 0 0 0 0 0 0 0 0 0
8.01105342415414E-03 8.07232688943837E-03 8.13033781291465E-03 8.18505624059107E-03 8.23643975231918E-03 8.28443418215038E-03 8.32898201889083E-03 8.37003094371384E-03 8.40755424262736E-03 8.44154840904693E-03 8.47205898278855E-03 8.49917698567637E-03 8.52305842280007E-03 8.54390400078549E-03 8.56193367383623E-03 8.57737150826539E-03 8.59046670338283E-03 8.60146721073514E-03 8.61056139333147E-03 8.61790108209538E-03 8.62360823158351E-03 8.62779266728714E-03 8.63055656299788E-03 8.63200893862184E-03 8.63227187724087E-03 8.63148794550236E-03 8.62981544613125E-03 8.62742492079833E-03 8.62454281694735E-03 8.62145665054898E-03 8.61846079819327E-03 8.61611926802653E-03 8.61574993894847E-03 0 0 0 0 0 0 0 0 0 0 0 0 0 0 0 0 0 0 0 0 0 0 0 0 0 0 0 0 0 0 0
8.06538144986105E-03 8.12389729838671E-03 8.1790920474946E-03 8.23095149007193E-03 8.27944725565204E-03 8.3245383082854E-03 8.36619319114611E-03 8.40438535242091E-03 8.43911543275102E-03 8.47040537086271E-03 8.49832856594337E-03 8.52300036348062E-03 8.54459731357263E-03 8.56333669431628E-03 8.57944776233415E-03 8.59316300416575E-03 8.60472342538054E-03 8.61436092218116E-03 8.62224537287551E-03 8.62851341921155E-03 8.63327568579325E-03 8.63663187406231E-03 8.63867465480618E-03 8.63950588315455E-03 8.63924149013189E-03 8.63801377379572E-03 8.63596195745667E-03 8.63322246313052E-03 8.62999441262496E-03 8.62656940402048E-03 8.62314471810148E-03 8.61983139341008E-03 8.61574993894847E-03 0 0 0 0 0 0 0 0 0 0 0 0 0 0 0 0 0 0 0 0 0 0 0 0 0 0 0 0 0 0 0
8.11686758884831E-03 8.17259720046415E-03 8.22496507110323E-03 8.27397155058006E-03 8.31960549782054E-03 8.36184420357481E-03 8.40067852558518E-03 8.43610762243776E-03 8.46815783116764E-03 8.49687554291312E-03 8.52235720585258E-03 8.54473933296383E-03 8.56421408632877E-03 8.58100934392977E-03 8.59536038679079E-03 8.60750562020374E-03 8.61767590591799E-03 8.62608225077712E-03 8.63287972856751E-03 8.6381929132782E-03 8.64212291352212E-03 8.64476018913421E-03 8.64619032709633E-03 8.64650895103389E-03 8.64582400398939E-03 8.6442523566669E-03 8.64190368958781E-03 8.63886587087252E-03 8.63529391177641E-03 8.63145777547202E-03 8.62748171692074E-03 8.61983139341008E-03 0 0 0 0 0 0 0 0 0 0 0 0 0 0 0 0 0 0 0 0 0 0 0 0 0 0 0 0 0 0 0 0
8.16551852061689E-03 8.21845701154725E-03 8.26800973328159E-03 8.31419438166774E-03 8.35701922805903E-03 8.3964785536223E-03 8.43258362611421E-03 8.46535912972132E-03 8.49485561719633E-03 8.52114079874592E-03 8.54433036495351E-03 8.56457893986863E-03 8.58208972530471E-03 8.59709735483972E-03 8.60983988812297E-03 8.62055663748548E-03 8.62946478461861E-03 8.63675726145386E-03 8.6425787216296E-03 8.64704265709379E-03 8.65024086907103E-03 8.65225678796326E-03 8.65317210239334E-03 8.6530769870028E-03 8.65207013561637E-03 8.65024507111528E-03 8.64765522052932E-03 8.64430860941264E-03 8.64037201188092E-03 8.63610672691325E-03 8.62748171692074E-03 0 0 0 0 0 0 0 0 0 0 0 0 0 0 0 0 0 0 0 0 0 0 0 0 0 0 0 0 0 0 0 0 0
8.21138311980491E-03 8.26155031029023E-03 8.30832490166149E-03 8.35174390332512E-03 8.39183246701424E-03 8.42859912822999E-03 8.46207745590302E-03 8.49231697473542E-03 8.51939050541744E-03 8.54338273960088E-03 8.56442667104381E-03 8.58269206627739E-03 8.59838897651782E-03 8.61175515097778E-03 8.62302735116533E-03 8.6324428734938E-03 8.64020697159192E-03 8.64649653549215E-03 8.65144584637851E-03 8.65515895679492E-03 8.65772018056362E-03 8.65920757037522E-03 8.6596996914626E-03 8.65928365630758E-03 8.65805364741417E-03 8.65608461216257E-03 8.65334198559259E-03 8.64959054070929E-03 8.64519523386882E-03 8.63610672691325E-03 0 0 0 0 0 0 0 0 0 0 0 0 0 0 0 0 0 0 0 0 0 0 0 0 0 0 0 0 0 0 0 0 0 0
8.25454502376431E-03 8.30198206449541E-03 8.34603691088457E-03 8.38676316461928E-03 8.42420005538803E-03 8.45837192744098E-03 8.48933536478217E-03 8.51716237149058E-03 8.54194455282562E-03 8.56378211425508E-03 8.5828232262433E-03 8.59924917557685E-03 8.6132732064728E-03 8.62513301760021E-03 8.63506172006973E-03 8.64329249013204E-03 8.6500193380084E-03 8.65540619467474E-03 8.65957820664744E-03 8.66263192214575E-03 8.66464635812318E-03 8.66569413927118E-03 8.66584886056223E-03 0.00866519806217 8.66384763578571E-03 8.66189991131506E-03 8.65926196987906E-03 8.65470101415099E-03 8.64519523386882E-03 0 0 0 0 0 0 0 0 0 0 0 0 0 0 0 0 0 0 0 0 0 0 0 0 0 0 0 0 0 0 0 0 0 0 0
8.29511198989132E-03 8.33987678922865E-03 8.38128396620938E-03 8.41940093897225E-03 8.45428185536403E-03 8.4859683293398E-03 8.51453687418259E-03 8.54007963686787E-03 8.56270393308801E-03 8.58252406281758E-03 8.59969920070187E-03 8.61441938451628E-03 8.62689874608193E-03 8.63737263555806E-03 8.64607006477164E-03 8.65321882299324E-03 8.65900380428684E-03 8.66357790121952E-03 8.66705866736297E-03 8.66953690371342E-03 8.67108750320062E-03 8.67177832839639E-03 8.67167749736805E-03 8.67087103477323E-03 8.66948986183432E-03 8.66780360365574E-03 8.66641876281583E-03 8.65470101415099E-03 0 0 0 0 0 0 0 0 0 0 0 0 0 0 0 0 0 0 0 0 0 0 0 0 0 0 0 0 0 0 0 0 0 0 0 0
8.33322125777246E-03 8.37538375695792E-03 8.41422475335155E-03 8.44982388003509E-03 8.48225072028938E-03 8.51156544849646E-03 8.53786188005484E-03 8.56124828083694E-03 8.58184442768071E-03 8.59977809883725E-03 8.61521634457288E-03 8.62835401425834E-03 8.6394045167118E-03 8.64860078828844E-03 8.65616792750552E-03 8.66232723170686E-03 8.6672552791849E-03 8.67109666120493E-03 8.67396320073139E-03 8.67594153509499E-03 8.67710410758321E-03 8.6775157657838E-03 8.67723838937532E-03 8.67633877096163E-03 8.67489869352133E-03 8.67320367835714E-03 8.6728891281808E-03 0 0 0 0 0 0 0 0 0 0 0 0 0 0 0 0 0 0 0 0 0 0 0 0 0 0 0 0 0 0 0 0 0 0 0 0 0
8.36902751049844E-03 8.40866603798882E-03 8.44502925417331E-03 8.47820776259874E-03 8.50828630694383E-03 8.53534428911828E-03 8.55948934673102E-03 8.58084262197016E-03 8.59953370523262E-03 8.61570275556165E-03 8.62952122410671E-03 8.64118606345645E-03 8.65091119390837E-03 8.6589265756353E-03 8.6654533903515E-03 8.67070551560236E-03 8.67485318844252E-03 8.67803442826332E-03 8.68035594612687E-03 8.68190151254468E-03 8.68274324984373E-03 8.68294796151236E-03 8.68257957273342E-03 8.68168031223468E-03 8.68011960997499E-03 8.67691625668705E-03 8.6728891281808E-03 0 0 0 0 0 0 0 0 0 0 0 0 0 0 0 0 0 0 0 0 0 0 0 0 0 0 0 0 0 0 0 0 0 0 0 0 0
8.40269257308025E-03 8.43988839555986E-03 8.4738629311581E-03 8.50471832328915E-03 8.53255456737523E-03 8.55746786755613E-03 8.57957692391775E-03 8.59901423106405E-03 8.61591709640177E-03 8.63043381813847E-03 8.64273777344484E-03 8.65302930142764E-03 8.66152313138634E-03 8.66844558625337E-03 8.6740131076201E-03 8.67843288314862E-03 0.008681870263616 8.6844573709373E-03 8.68629628402174E-03 8.68746820966405E-03 8.68804553209491E-03 8.68810486374492E-03 8.68774276206013E-03 8.68709025462373E-03 8.68632469313795E-03 8.67691625668705E-03 0 0 0 0 0 0 0 0 0 0 0 0 0 0 0 0 0 0 0 0 0 0 0 0 0 0 0 0 0 0 0 0 0 0 0 0 0 0
8.43437790024679E-03 8.46921291138085E-03 8.50088822047119E-03 8.52951705262392E-03 8.5552133208037E-03 8.57808761678937E-03 8.59826819793537E-03 8.61589722148108E-03 8.63111709765204E-03 8.64408111818447E-03 8.65496613600221E-03 8.66397694343898E-03 8.67132714456734E-03 8.67723874366733E-03 8.6819230775588E-03 8.68558135965551E-03 8.68837372187117E-03 8.69042673338188E-03 8.69183898294772E-03 8.69269005119654E-03 8.69305299037609E-03 8.69301372400095E-03 8.69269989092806E-03 8.69232251942856E-03 8.69205065805343E-03 0 0 0 0 0 0 0 0 0 0 0 0 0 0 0 0 0 0 0 0 0 0 0 0 0 0 0 0 0 0 0 0 0 0 0 0 0 0 0
8.46422757825737E-03 8.49678167921477E-03 8.52624392942963E-03 8.5527389260101E-03 8.57639333016349E-03 8.59733005670629E-03 8.61568484149617E-03 8.63160591331338E-03 8.64523884327388E-03 8.65674260628903E-03 8.66629900547698E-03 8.67411556067822E-03 8.68040310743404E-03 8.68537970808132E-03 8.68925207221681E-03 8.69221468171573E-03 8.6944212944661E-03 0.008695993864437 8.69702904709868E-03 8.69760670115634E-03 8.69780265231278E-03 8.69770374635051E-03 8.69742919406129E-03 8.69712340534273E-03 8.69205065805343E-03 0 0 0 0 0 0 0 0 0 0 0 0 0 0 0 0 0 0 0 0 0 0 0 0 0 0 0 0 0 0 0 0 0 0 0 0 0 0 0
8.49237095579622E-03 8.52272227191242E-03 8.55005626070013E-03 8.57450859570389E-03 8.59621625641432E-03 8.61531259884954E-03 8.63193813678444E-03 8.64624433179042E-03 8.65838068610789E-03 8.66851200308952E-03 8.67682387804509E-03 8.68352455350409E-03 8.68882324101824E-03 8.69293348526945E-03 8.69605722902377E-03 8.69838119616757E-03 8.70005351385834E-03 8.70119186337672E-03 8.70189125961928E-03 8.70223272631538E-03 8.70229483456646E-03 8.70216506197395E-03 8.70196464834175E-03 8.70174853819993E-03 0 0 0 0 0 0 0 0 0 0 0 0 0 0 0 0 0 0 0 0 0 0 0 0 0 0 0 0 0 0 0 0 0 0 0 0 0 0 0 0
