NongDo/Fusa 17.2h.grd
DSAA
463	323
2	464
2	324
0	10
[rows 252 to 279 of 323, columns 0 to 63 of 463]
0 0 0 0 0 0 0 0 0 0 0 0 0 0 0 0 0 0 0 0 0 0 0 0 0 0 0 0 0 0 0 0 0 0 0 0 0 0 4.0026864172701E-03 4.01481869563182E-03 4.02132054549626E-03 4.02665509995236E-03 4.03259741588646E-03 4.03956437132728E-03 4.04773994073446E-03 4.05721669820875E-03 4.06811548888449E-03 4.08051417475098E-03 4.09452768663287E-03 4.11025236236663E-03 4.12779007969398E-03 4.14723508592344E-03 4.16864719584339E-03 4.19207509799132E-03 4.21751910742151E-03 4.24498520773083E-03 4.27441478159834E-03 4.30574486065442E-03 4.33886625222369E-03 4.37369223075276E-03 4.41007690810801E-03 4.44782812983931E-03 4.48673210766186E-03 4.52656030199135E-03
0 0 0 0 0 0 0 0 0 0 0 0 0 0 0 0 0 0 0 0 0 0 0 0 0 0 0 0 0 0 0 0 0 0 0 0 0 3.99213641467161E-03 4.0026864172701E-03 4.00822832687842E-03 4.01413058076184E-03 4.02026539761164E-03 4.0271367504073E-03 4.03502163532705E-03 4.04412420378648E-03 4.05456982180978E-03 4.06649728395089E-03 4.0800031751795E-03 4.0952125937193E-03 4.11223656906733E-03 4.13118058851856E-03 4.15213799767708E-03 4.17516130628587E-03 4.20028841296119E-03 4.22750439611043E-03 4.25679398907892E-03 4.28807733606167E-03 4.32126487893408E-03 4.35621980759745E-03 4.39282226748855E-03 4.43089985328222E-03 4.47023428563092E-03 4.51058860998284E-03 4.55171477401519E-03
0 0 0 0 0 0 0 0 0 0 0 0 0 0 0 0 0 0 0 0 0 0 0 0 0 0 0 0 0 0 0 0 0 0 0 0 3.98316987653352E-03 3.99213641467161E-03 3.99699057388126E-03 4.00228119352199E-03 4.0082027137532E-03 4.01484769767426E-03 4.02244743152939E-03 4.0311641104793E-03 4.04117316845826E-03 4.05260492848462E-03 4.06560418279259E-03 4.08027801448519E-03 4.09675765106391E-03 4.1151640440046E-03 4.13560337760934E-03 4.15816467383307E-03 4.18288965781291E-03 4.20980107417671E-03 4.23886366411205E-03 4.27004087915467E-03 4.30322664606633E-03 4.33830037860342E-03 4.37509417820851E-03 4.41345671014085E-03 4.45318567873464E-03 4.49403738131893E-03 4.53575372627234E-03 4.57807018285825E-03
0 0 0 0 0 0 0 0 0 0 0 0 0 0 0 0 0 0 0 0 0 0 0 0 0 0 0 0 0 0 0 0 0 0 0 3.97863381755561E-03 3.98316987653352E-03 3.98702648308161E-03 3.99146451125447E-03 3.99669234450908E-03 4.00284141331071E-03 4.00999268461847E-03 4.01828911399548E-03 4.02783159792491E-03 4.03877304938942E-03 4.05124361778023E-03 4.06538671837487E-03 4.0813158352472E-03 4.09916221426951E-03 4.11905602150082E-03 4.14109750242058E-03 4.16536852606297E-03 4.19189517398264E-03 4.22068211615839E-03 4.25166718926189E-03 4.28479192975081E-03 4.3199188871866E-03 4.35689138088827E-03 4.39551007091579E-03 4.43559235290302E-03 4.47690975171524E-03 4.51919176179896E-03 4.56216234795708E-03 4.60554386066179E-03
0 0 0 0 0 0 0 0 0 0 0 0 0 0 0 0 0 0 0 0 0 0 0 0 0 0 0 0 0 0 0 0 0 0 0 3.97863381755561E-03 3.97899823718535E-03 3.98163741057185E-03 3.98577454703381E-03 3.99112126356895E-03 3.99765305940581E-03 4.00539253781229E-03 4.01443921150219E-03 4.0248705473538E-03 4.03682168139858E-03 4.05042171848563E-03 4.06581102031952E-03 4.08310856164158E-03 4.10244387246079E-03 4.12394859443362E-03 4.14771448080332E-03 4.17381089690834E-03 4.20224472648512E-03 4.23299820527792E-03 4.26598215436509E-03 4.30110543707967E-03 4.33819421676224E-03 4.37705761186767E-03 4.41746712912182E-03 4.45920950102203E-03 4.50202814512596E-03 4.54563112860636E-03 4.58972841745733E-03 4.63403476022764E-03
0 0 0 0 0 0 0 0 0 0 0 0 0 0 0 0 0 0 0 0 0 0 0 0 0 0 0 0 0 0 0 0 0 0 3.96286377654352E-03 3.97129998454846E-03 3.97246058218285E-03 3.9752634354742E-03 3.9796011916881E-03 3.98533013190183E-03 3.9924185302818E-03 4.00087035916403E-03 4.01076421851889E-03 4.02218640983329E-03 4.0352583090421E-03 4.05011090259793E-03 4.06687503532899E-03 4.08568000305341E-03 4.10664640099849E-03 4.12990346913675E-03 0.004155529513555 4.18357711141534E-03 4.21402826775063E-03 4.24683801409153E-03 4.28188748240981E-03 4.31904019409125E-03 4.35809054199234E-03 4.39881278803325E-03 4.44095235120302E-03 4.48426342591434E-03 4.5284709877084E-03 4.57326427761987E-03 4.61834293929571E-03 4.6634195680458E-03
0 0 0 0 0 0 0 0 0 0 0 0 0 0 0 0 0 0 0 0 0 0 0 0 0 0 0 0 0 0 0 0 0 0 3.96286377654352E-03 3.96329446937382E-03 3.96482574087403E-03 3.96802965849471E-03 3.97284745957099E-03 3.9791766369048E-03 3.98699362122448E-03 3.99630308591602E-03 4.00718103967518E-03 4.01972787009833E-03 4.03406235751847E-03 4.05031625334143E-03 4.06861166512751E-03 4.08908154754444E-03 4.11183706739267E-03 4.13699924733183E-03 4.16462888979207E-03 4.19475551267555E-03 4.22733037561793E-03 4.26227523414548E-03 4.29943463741663E-03 4.33862855544653E-03 4.37961613698866E-03 4.42213975926521E-03 4.46592012640432E-03 4.51068713106293E-03 4.55614983396637E-03 4.60198362223415E-03 4.6478835285839E-03 4.69356768416332E-03
0 0 0 0 0 0 0 0 0 0 0 0 0 0 0 0 0 0 0 0 0 0 0 0 0 0 0 0 0 0 0 0 0 0 3.95414528373904E-03 3.95424985358415E-03 3.95620289589317E-03 3.95999455957591E-03 3.96549760289947E-03 3.97261172850457E-03 3.98132185391249E-03 3.99164346709562E-03 4.00366115902385E-03 4.01749288770998E-03 4.03325536204869E-03 4.05108474787894E-03 4.07108694762301E-03 4.09339800641431E-03 4.11811175952572E-03 4.14534014456352E-03 4.17512005714382E-03 4.2074503550114E-03 4.24224363395619E-03 4.27938210008368E-03 4.3186721197459E-03 4.35989056385904E-03 4.40276322389427E-03 4.44700065701863E-03 4.49230460109912E-03 4.53838658302205E-03 4.58495071634097E-03 4.63165872630918E-03 4.67820869797327E-03 4.72433361548954E-03
0 0 0 0 0 0 0 0 0 0 0 0 0 0 0 0 0 0 0 0 0 0 0 0 0 0 0 0 0 0 0 0 0 0 3.94374296781685E-03 0.003943941437593 3.94654750930134E-03 3.95114306373704E-03 3.95753241692791E-03 3.96561775837615E-03 3.97539705754722E-03 0.003986902202992 4.00023041218288E-03 4.01552688167559E-03 4.03290422978598E-03 4.05249954782938E-03 4.0743994011603E-03 4.09873895099428E-03 4.12558473440569E-03 4.15504259801747E-03 4.18711568679873E-03 4.22176092036359E-03 4.2588454038206E-03 4.29821022679834E-03 4.3396221263641E-03 0.004382817749708 4.42749176209417E-03 4.47332815112936E-03 4.52001394111366E-03 4.5672511314442E-03 4.61474619555671E-03 4.66214858612354E-03 4.70917178394662E-03 4.75557445731472E-03
0 0 0 0 0 0 0 0 0 0 0 0 0 0 0 0 0 0 0 0 0 0 0 0 0 0 0 0 0 0 0 0 0 3.91600746023748E-03 3.93027337497459E-03 3.9320366888143E-03 3.93584472730935E-03 3.94152047899914E-03 3.94900497279332E-03 3.95824749694356E-03 3.96927741286893E-03 3.98214952637772E-03 3.9969692468647E-03 4.01392808884823E-03 4.03311825154874E-03 4.05468484869653E-03 4.07867813422661E-03 4.10524501841666E-03 4.13439726366424E-03 4.16624722299627E-03 4.20074199639993E-03 4.23778869877469E-03 4.27720667782447E-03 4.31879570962404E-03 4.36228597321732E-03 4.40737378049997E-03 4.45373321564773E-03 4.50102506938482E-03 4.5489310554895E-03 0.00459714205918 4.6453856073898E-03 4.69329436024493E-03 4.74061889076308E-03 4.78715077678384E-03
0 0 0 0 0 0 0 0 0 0 0 0 0 0 0 0 0 0 0 0 0 0 0 0 0 0 0 0 0 0 0 0 0 3.91600746023748E-03 3.91672094192026E-03 3.91930093848506E-03 3.92430390674009E-03 3.93126011125426E-03 3.94002869334896E-03 3.9506066500023E-03 3.96306913771114E-03 3.97750163632799E-03 3.99402137346994E-03 4.01284248523807E-03 4.03405225165521E-03 4.05778960991595E-03 4.08408112996163E-03 4.11306175581253E-03 4.14470853617028E-03 4.17909366706408E-03 4.21610531370997E-03 4.25560125041364E-03 4.29735918956242E-03 4.34113392031201E-03 4.38661993229968E-03 4.43348215681292E-03 4.48137911140949E-03 4.52996333553653E-03 4.57891575522456E-03 4.62792264519005E-03 4.67670729980581E-03 4.72493866327524E-03 4.7724129239695E-03 4.81894527392779E-03
0 0 0 0 0 0 0 0 0 0 0 0 0 0 0 0 0 0 0 0 0 0 0 0 0 0 0 0 0 0 0 0 0 3.90202893592298E-03 3.90236105546778E-03 3.90604214856616E-03 3.91234375043617E-03 3.92065010424083E-03 3.93082403699998E-03 3.9428830345074E-03 3.95694498638547E-03 3.97312291694493E-03 3.9915593020069E-03 4.01245512968872E-03 4.03589994920535E-03 4.06201433248888E-03 4.0908069044065E-03 4.12237521913674E-03 4.15667997612279E-03 4.1936955251189E-03 4.23327956655702E-03 4.27523144011656E-03 4.3192979199303E-03 4.36517636662332E-03 4.41254083791012E-03 4.46102693939279E-03 4.51028789475267E-03 4.55997753989169E-03 4.60978263706148E-03 4.65939392786095E-03 4.70853129346396E-03 4.75695172230723E-03 4.80445402371363E-03 4.85087894577119E-03
0 0 0 0 0 0 0 0 0 0 0 0 0 0 0 0 0 0 0 0 0 0 0 0 0 0 0 0 0 0 0 0 3.8552208412979E-03 3.88318687955571E-03 3.88659263103429E-03 3.89229321641973E-03 3.90016878701796E-03 3.90995385428717E-03 3.92164501238733E-03 3.93532415541567E-03 3.95114861621956E-03 3.96925896617855E-03 3.98980707850602E-03 4.01298246687691E-03 4.03886304014014E-03 4.06754713191348E-03 4.09901361220989E-03 4.13331963011903E-03 4.17038111944085E-03 4.21009484614735E-03 4.25226971471497E-03 4.29665518398901E-03 4.34295930046778E-03 4.39083606628455E-03 4.43993786694013E-03 4.48988410091871E-03 4.54032890396274E-03 4.59093504394081E-03 4.64140364263254E-03 4.69144040096125E-03 4.74079180946244E-03 4.78926917422472E-03 4.83668254363526E-03 4.88288706831158E-03
0 0 0 0 0 0 0 0 0 0 0 0 0 0 0 0 0 0 0 0 0 0 0 0 0 0 0 0 0 0 0 3.84500042422322E-03 3.8552208412979E-03 3.86447416018775E-03 3.87118538955129E-03 3.87881698267505E-03 3.88823315801652E-03 3.8995154878214E-03 3.91279926576034E-03 3.92821940538058E-03 3.94595882094112E-03 3.96617267065143E-03 3.98901227629215E-03 4.01465243090063E-03 4.04314957247717E-03 4.07456718763749E-03 4.10884465771044E-03 4.14598713477904E-03 4.18586136765409E-03 4.22829582234409E-03 4.27304474407211E-03 4.31980506185698E-03 4.36824860420537E-03 4.41799580011308E-03 4.46868248586139E-03 4.51992164497822E-03 4.57137348984773E-03 4.62271903227795E-03 4.67368359547986E-03 4.72399917544301E-03 4.77343803715176E-03 4.82184365113554E-03 4.86904708637883E-03 4.91491315019982E-03
0 0 0 0 0 0 0 0 0 0 0 0 0 0 0 0 0 0 0 0 0 0 0 0 0 0 0 0 0 0 0 3.84500042422322E-03 3.84565677105601E-03 3.85051533124061E-03 3.85731714530583E-03 3.86601886467201E-03 3.87678161267814E-03 3.8895762279513E-03 3.90454059481188E-03 3.92183302715433E-03 3.94164210224978E-03 3.96412399680894E-03 3.98941616745933E-03 4.01768111458388E-03 4.04894335593704E-03 4.08322155181337E-03 4.12040549521618E-03 4.16044764501782E-03 4.20315602462637E-03 4.24829677476373E-03 4.29556661774344E-03 4.34461306727182E-03 4.39507351510475E-03 4.44654407811577E-03 4.49865380746742E-03 4.5510128230922E-03 4.60329612387784E-03 4.65521080901781E-03 4.70651285913547E-03 4.75696292454952E-03 4.80636313020438E-03 4.85457857161938E-03 4.90145611261702E-03 4.94686789234046E-03
0 0 0 0 0 0 0 0 0 0 0 0 0 0 0 0 0 0 0 0 0 0 0 0 0 0 0 0 0 0 0 3.83217141381425E-03 3.83248724409411E-03 3.83679661340214E-03 3.84406389831007E-03 3.85381994422391E-03 3.86595062058114E-03 3.88033458770281E-03 3.89709839431911E-03 3.91640843112593E-03 3.93844333532986E-03 3.96335199821035E-03 3.99124461755311E-03 4.02227416742079E-03 4.05642204969645E-03 4.09365134982953E-03 4.1337985739998E-03 4.17675899931298E-03 4.22228560449827E-03 4.27007653923168E-03 4.31977861039479E-03 4.37099022687344E-03 4.42332378760882E-03 4.47635464911973E-03 4.52971739312995E-03 4.58302032431172E-03 4.63596446849064E-03 4.68828848197891E-03 4.73978199652075E-03 4.79023500626571E-03 4.83947481435248E-03 4.88738416043275E-03 4.93382242667134E-03 4.97866421034429E-03
0 0 0 0 0 0 0 0 0 0 0 0 0 0 0 0 0 0 0 0 0 0 0 0 0 0 0 0 0 0 3.79692401830294E-03 3.81471501547167E-03 3.81714937036604E-03 3.82261365406219E-03 3.8310073146925E-03 3.84208791606248E-03 3.85576838099821E-03 3.8719235045564E-03 3.89066208982897E-03 3.91215688590002E-03 3.93657648236033E-03 3.96406315170596E-03 3.99469975541922E-03 4.02860811821362E-03 4.06572340032526E-03 4.1059553415046E-03 4.14908785101991E-03 4.19495436405481E-03 4.24324554496458E-03 4.29359879153021E-03 4.34561138963119E-03 4.39884379219266E-03 4.45288678105227E-03 4.5073052034607E-03 4.56173726229151E-03 4.61580886685789E-03 4.66925289890828E-03 4.72183683899352E-03 4.7733801932313E-03 4.82370459778739E-03 4.87266766313297E-03 4.92016003185452E-03 4.96604583209241E-03 5.01020335631311E-03
0 0 0 0 0 0 0 0 0 0 0 0 0 0 0 0 0 0 0 0 0 0 0 0 0 0 0 0 0 0 3.79692401830294E-03 3.79792180459295E-03 3.80154957441882E-03 3.80841879789683E-03 3.81828834733313E-03 3.83096924612036E-03 3.84640350166954E-03 3.86451975448602E-03 3.88542233879592E-03 3.90928119203948E-03 3.93624343169714E-03 3.96645237687837E-03 3.99996138912528E-03 4.03683690665399E-03 4.07697407384633E-03 4.12022678489672E-03 4.16633007645498E-03 4.21504198998615E-03 4.26600588761639E-03 4.31879470581292E-03 4.37296554562293E-03 4.42804722755358E-03 4.48361876563093E-03 4.53924255094795E-03 4.59456498226012E-03 4.64924657355211E-03 4.70304243651834E-03 4.75574805497766E-03 4.80721191523158E-03 4.85728983539179E-03 4.90586350118055E-03 4.9528238926867E-03 4.99804276801456E-03 5.04140105707115E-03
0 0 0 0 0 0 0 0 0 0 0 0 0 0 0 0 0 0 0 0 0 0 0 0 0 0 0 0 0 3.75803550788705E-03 3.77775512369352E-03 3.78030489262035E-03 3.78581781378691E-03 3.79441193770025E-03 3.80603635114216E-03 3.82057012940633E-03 3.8379986306557E-03 3.85829444947748E-03 3.88156229535646E-03 3.90796543173676E-03 3.93762923773806E-03 3.97068866441929E-03 4.0071641790314E-03 4.04707016367733E-03 4.09025318418456E-03 4.13651413073167E-03 4.18553421128587E-03 4.23700677012779E-03 4.29052000924232E-03 4.34559424158703E-03 4.40174946633121E-03 4.45849543725192E-03 4.5154064275488E-03 4.57205276877691E-03 4.62809805204071E-03 4.6832338842295E-03 4.73723984264048E-03 4.7899355108668E-03 4.84119525624416E-03 4.89090658389235E-03 4.93897378242841E-03 4.98528778462629E-03 5.02972319272375E-03 5.07216546082741E-03
0 0 0 0 0 0 0 0 0 0 0 0 0 0 0 0 0 0 0 0 0 0 0 0 0 0 0 0 0 3.75803550788705E-03 3.75911530857634E-03 3.76306693019537E-03 3.77038896754169E-03 3.7808776209036E-03 3.79447128735506E-03 3.81108513729032E-03 3.83073868045094E-03 3.8534291632293E-03 3.87925892720379E-03 3.90838188011955E-03 3.9408935604794E-03 3.97691499102601E-03 4.01642957149085E-03 4.05940170067171E-03 4.10562918681237E-03 4.15485374891122E-03 4.20670417290158E-03 4.26081245335787E-03 4.31672371070142E-03 4.37390681122831E-03 4.43185354581634E-03 4.49006728494792E-03 4.54812798420806E-03 4.60562287246432E-03 4.66223173093086E-03 4.71767722293634E-03 4.77175937587611E-03 4.82432035455525E-03 4.87525465997642E-03 4.92448155476399E-03 4.97192541814228E-03 5.01747445070589E-03 5.06100496713022E-03 5.10241006825778E-03
0 0 0 0 0 0 0 0 0 0 0 0 0 0 0 0 0 0 0 0 0 0 0 0 0 0 0 0 3.71689967670657E-03 3.73761835413999E-03 3.74025444982987E-03 3.7461468894909E-03 3.75545218595493E-03 3.76801861924821E-03 3.7837930889263E-03 3.80270929621401E-03 3.82481139417871E-03 3.85010638178715E-03 3.8786833325773E-03 3.9106848003097E-03 3.94617037401659E-03 3.98524424688324E-03 4.02784596632661E-03 4.07389604838472E-03 4.12313933007505E-03 4.17525616438347E-03 4.22982283985858E-03 4.28642086889347E-03 4.34455718588653E-03 4.40365289924674E-03 4.46318514278454E-03 4.52266694545729E-03 4.58169126038479E-03 4.63986492599247E-03 4.6968845684328E-03 4.75250162612594E-03 4.80653356395613E-03 4.85883880132161E-03 4.90932675403407E-03 4.95794756021238E-03 5.00464638677704E-03 5.04930296555118E-03 5.09179846598006E-03 5.13204113098973E-03
0 0 0 0 0 0 0 0 0 0 0 0 0 0 0 0 0 0 0 0 0 0 0 0 0 0 0 0 3.71689967670657E-03 3.71793158074283E-03 3.72193321781125E-03 3.72980167203974E-03 3.74127607473769E-03 3.75611520216004E-03 3.77427218810209E-03 3.7956906366061E-03 3.82043623032575E-03 0.003848517883374 3.88000107959922E-03 3.91502204078986E-03 3.95358340971261E-03 3.99578269598357E-03 4.04149939505288E-03 4.09061387075965E-03 4.14281797330059E-03 4.19772425388288E-03 4.25486713784977E-03 4.31377453649843E-03 4.37393993998567E-03 4.43473071315705E-03 4.49563552422003E-03 4.55618978455466E-03 4.61599963488066E-03 4.6746951432772E-03 4.73197956186062E-03 4.78763959220747E-03 4.84149764254192E-03 4.89342846708336E-03 4.94334622291332E-03 4.9912336466415E-03 5.03705892403231E-03 5.08068341480764E-03 5.12200689861405E-03 5.16096126811913E-03
0 0 0 0 0 0 0 0 0 0 0 0 0 0 0 0 0 0 0 0 0 0 0 0 0 0 0 0 3.69718006994716E-03 3.69775570566866E-03 3.70383865281901E-03 3.71414547395377E-03 3.72809639326845E-03 3.7454385142045E-03 3.76617232785777E-03 3.79027327132845E-03 3.81782602815791E-03 3.84884399605961E-03 3.88336961811756E-03 3.92151596796367E-03 3.96323901445586E-03 4.00860784340834E-03 4.05744881106237E-03 4.10958608743721E-03 4.16465686067726E-03 4.22222201343705E-03 4.28178207669812E-03 4.34281362130845E-03 4.40477696795709E-03 4.46704101986343E-03 4.52911786433145E-03 4.59056288748029E-03 4.65099074617368E-03 4.71005363852798E-03 4.76746513991093E-03 4.82303667340784E-03 4.87659294952965E-03 4.92802130848104E-03 4.97724312372381E-03 5.02426570001929E-03 5.06906452322491E-03 5.11150457902465E-03 5.15151698822425E-03 0.005189062765661
0 0 0 0 0 0 0 0 0 0 0 0 0 0 0 0 0 0 0 0 0 0 0 0 0 0 0 3.63064711199608E-03 3.67043629553987E-03 3.67646699017086E-03 3.6863545482765E-03 3.69967065828034E-03 3.71635486904999E-03 3.73636906865793E-03 3.75981977720633E-03 3.78673459322735E-03 3.81721404990502E-03 3.85128201982834E-03 3.88895297983331E-03 3.93030546418169E-03 3.97524495270438E-03 4.02379358048641E-03 4.07573377636549E-03 4.13080756690569E-03 4.18861968866491E-03 4.24867915525955E-03 4.31047028132001E-03 4.37341061700117E-03 4.43694723788688E-03 4.50049428535311E-03 4.56356139941126E-03 4.62573238581124E-03 4.68661883072747E-03 4.74590727607881E-03 4.80330184025497E-03 4.8586460772636E-03 4.91175665883708E-03 4.96254013896526E-03 5.01091532896293E-03 5.05691158103258E-03 5.10052619697111E-03 5.14163667345326E-03 5.18020796114708E-03 5.2162381196107E-03
0 0 0 0 0 0 0 0 0 0 0 0 0 0 0 0 0 0 0 0 0 0 0 0 0 0 3.60600837917375E-03 3.63064711199608E-03 3.64523087506023E-03 3.65717858625525E-03 3.67074701989305E-03 3.68703184882202E-03 3.70647398613664E-03 3.72922844536646E-03 3.75548451430081E-03 3.78530607164028E-03 3.81880044742627E-03 3.85599223780109E-03 3.8968708015963E-03 3.94147123999366E-03 3.98964676270284E-03 4.04135995328493E-03 4.09633021178183E-03 4.15423615473802E-03 4.21464029849531E-03 4.27701956796519E-03 4.34083775078411E-03 4.4054820932894E-03 4.47040042343701E-03 4.53504095946716E-03 4.59892869150044E-03 4.6616595007286E-03 4.72285008237761E-03 4.78220333060515E-03 4.83943280120506E-03 4.89439124984775E-03 4.94689700073646E-03 4.99687060756383E-03 5.04424307448837E-03 5.08905844576318E-03 5.13132171641561E-03 5.17095006152593E-03 5.20795776539909E-03 5.2423816543429E-03
0 0 0 0 0 0 0 0 0 0 0 0 0 0 0 0 0 0 0 0 0 0 0 0 0 3.59475042237983E-03 3.60600837917375E-03 3.61625756867104E-03 3.6283726420084E-03 3.64191174213348E-03 3.65785034260607E-03 3.67668258647033E-03 3.69876495751459E-03 3.72426700847224E-03 3.75338204315616E-03 3.78617853104569E-03 3.82275015398999E-03 3.8631158979567E-03 3.90723591643037E-03 3.95509209184523E-03 4.00648403906974E-03 4.06129592341806E-03 4.11919345381233E-03 4.17979350796388E-03 4.2426244856129E-03 4.30713897923304E-03 4.37279014860788E-03 4.43895438512956E-03 4.50507995140653E-03 4.57064804912287E-03 4.63519603627804E-03 4.69832866000268E-03 4.75966372872056E-03 4.81891548877474E-03 4.87580859892162E-03 4.93019420075715E-03 4.98190822787835E-03 5.03088123432384E-03 5.07706754319768E-03 5.12051776089496E-03 5.16127177763537E-03 5.1992955280521E-03 5.23464537183955E-03 5.26740108334191E-03
0 0 0 0 0 0 0 0 0 0 0 0 0 0 0 0 0 0 0 0 0 0 0 0 0 3.59475042237983E-03 3.59570820547821E-03 3.60297756667631E-03 3.61452722333428E-03 3.62930879536588E-03 3.64729637519552E-03 3.66854920445045E-03 3.69326628891662E-03 3.72157134547564E-03 3.75362261433477E-03 3.78946561004796E-03 3.82916395386239E-03 3.87273028251567E-03 3.92009640814355E-03 3.97118401494997E-03 4.02573843728399E-03 4.08356403192408E-03 4.14426604231084E-03 4.20741006227644E-03 4.27249319409798E-03 4.33895818584986E-03 4.40625333199335E-03 4.47375390282714E-03 4.54091192745369E-03 4.60723972227045E-03 4.67228527525214E-03 4.73564956113498E-03 4.79694973503163E-03 4.85590881240414E-03 4.91226882730252E-03 4.96587901733428E-03 5.01659730582087E-03 5.0643734323538E-03 5.10919482496923E-03 5.15112660017381E-03 5.1902363658866E-03 5.22654935272524E-03 5.26017290782785E-03 5.29122404467953E-03
0 0 0 0 0 0 0 0 0 0 0 0 0 0 0 0 0 0 0 0 0 0 0 0 3.55706813583506E-03 3.57669375016253E-03 3.58042242744745E-03 3.58894766096663E-03 3.60179377278098E-03 3.61841340610224E-03 3.63866384102122E-03 3.66246720188051E-03 3.68993637362583E-03 3.72116554158302E-03 3.75625947631801E-03 3.79523871064115E-03 3.83811507611851E-03 3.88490741943814E-03 0.00393551161752 3.98977764853194E-03 4.04741217519839E-03 4.1081232724369E-03 4.17148199142365E-03 4.23699567097061E-03 4.30414782960932E-03 4.37237697231789E-03 4.44113243606772E-03 4.50979832166744E-03 4.57781690957291E-03 4.64474469529205E-03 4.71011745173838E-03 4.77352886113751E-03 4.83459376249821E-03 4.89304594439975E-03 4.94865415993226E-03 5.00125953093416E-03 5.05076659443907E-03 5.09714090511862E-03 5.14042330718513E-03 5.18068737171107E-03 5.2180491439149E-03 5.25259023355929E-03 5.28445812610808E-03 5.3138019704486E-03
