NongDo/Fusa 16.9h.grd
DSAA
463	323
2	464
2	324
0	10
[rows 56 to 83 of 323, columns 256 to 319 of 463]
0 0 0 0 0 0 0 0 0 0 0 0 0 0 0 0 0 0 0 0 0 0 0 0 0 0 0 0 0 0 0 0 0 0 0 0 0 0 0 0 0 0 0 0 0 0 0 0 0 0 0 0 0 0 0 0 0 0 0 0 0 0 0 0
0 0 0 0 0 0 0 0 0 0 0 0 0 0 0 0 0 0 0 0 0 0 0 0 0 0 0 0 0 0 0 0 0 0 0 0 0 0 0 0 0 0 0 0 0 0 0 0 0 0 0 0 0 0 0 0 0 0 0 0 0 0 0 0
0 0 0 0 0 0 0 0 0 0 0 0 0 0 0 0 0 0 0 0 0 0 0 0 0 0 0 0 0 0 0 0 0 0 0 0 0 0 0 0 0 0 0 0 0 0 0 0 0 0 0 0 0 0 0 0 0 0 0 0 0 0 0 0
0 0 0 0 0 0 0 0 0 0 0 0 0 0 0 0 0 0 0 0 0 0 0 0 0 0 0 0 0 0 0 0 0 0 0 0 0 0 0 0 0 0 0 0 0 0 0 0 0 0 0 0 0 0 0 0 0 0 0 0 0 0 0 0
0 0 0 0 0 0 0 0 0 0 0 0 0 0 0 0 0 0 0 0 0 0 0 0 0 0 0 0 0 0 0 0 0 0 0 0 0 0 0 0 0 0 0 0 0 0 0 0 0 0 0 0 0 0 0 0 0 0 0 0 0 0 0 0
0 0 0 0 0 0 0 0 0 0 0 0 0 0 0 0 0 0 0 0 0 0 0 0 0 0 0 0 0 0 0 0 0 0 0 0 0 0 0 0 0 0 0 0 0 0 0 0 0 0 0 0 0 0 0 0 0 0 0 0 0 0 0 0
0 0 0 0 0 0 0 0 0 0 0 0 0 0 0 0 0 0 0 0 0 0 0 0 0 0 0 0 0 0 0 0 0 0 0 0 0 0 0 0 0 0 0 0 0 0 0 0 0 0 0 0 0 0 0 0 0 0 0 0 0 0 0 0
0 0 0 0 0 0 0 0 0 0 0 0 0 0 0 0 0 0 0 0 0 0 0 0 0 0 0 0 0 0 0 0 0 0 0 0 0 0 0 0 0 0 0 0 0 0 0 0 0 0 0 0 0 0 0 0 0 0 0 0 0 0 7.09720660990205E-03 7.10501343010266E-03
0 0 0 0 0 0 0 0 0 0 0 0 0 0 0 0 0 0 0 0 0 0 0 0 0 0 0 0 0 0 0 0 0 0 0 0 0 0 0 0 0 0 0 0 0 0 0 0 0 0 0 0 0 0 0 0 0 0 7.06599388385626E-03 7.07376201037936E-03 7.0814546238349E-03 7.08916684202528E-03 7.09720660990205E-03 7.10501343010266E-03
0 0 0 0 0 0 0 0 0 0 0 0 0 0 0 0 0 0 0 0 0 0 0 0 0 0 0 0 0 0 0 0 0 0 0 0 0 0 0 0 0 0 0 0 0 0 0 0 0 0 0 0 0 0 7.03365600850104E-03 7.04195351629158E-03 7.05001413311997E-03 7.05797167601469E-03 7.06599388385626E-03 7.07376201037936E-03 7.0814546238349E-03 7.08916684202528E-03 7.09691115809502E-03 7.10463953651532E-03
0 0 0 0 0 0 0 0 0 0 0 0 0 0 0 0 0 0 0 0 0 0 0 0 0 0 0 0 0 0 0 0 0 0 0 0 0 0 0 0 0 0 0 0 0 0 0 0 0 0 0 7.00640919418587E-03 7.01574745956131E-03 7.02482208594132E-03 7.03365600850104E-03 7.04195351629158E-03 7.05001413311997E-03 7.05797167601469E-03 7.06583903838512E-03 7.07364728700747E-03 7.08133720888224E-03 7.08899209660345E-03 7.09661079637879E-03 7.10423710966426E-03
0 0 0 0 0 0 0 0 0 0 0 0 0 0 0 0 0 0 0 0 0 0 0 0 0 0 0 0 0 0 0 0 0 0 0 0 0 0 0 0 0 0 0 0 0 6.94469062449126E-03 6.95597432528176E-03 6.9666825277873E-03 6.9769456208304E-03 6.98695260350821E-03 6.99674124252662E-03 7.00640919418587E-03 7.01574745956131E-03 7.02482208594132E-03 7.03354730724348E-03 7.04193434413247E-03 7.05005975133471E-03 7.05804590968875E-03 7.06590824774115E-03 7.07371788668263E-03 7.08141844952469E-03 7.0890629789473E-03 7.09665300721053E-03 7.10423186123813E-03
0 0 0 0 0 0 0 0 0 0 0 0 0 0 0 0 0 0 0 0 0 0 0 0 0 0 0 0 0 0 0 0 0 0 0 0 0 0 0 0 0 0 0 6.91954925597311E-03 6.93219132324477E-03 6.94469062449126E-03 6.95597432528176E-03 6.9666825277873E-03 6.9769456208304E-03 6.98695260350821E-03 6.99674124252662E-03 7.00639489037137E-03 7.0157890392154E-03 7.0249099355035E-03 7.03369889956933E-03 7.04220063076603E-03 7.0504496502534E-03 7.05853796331521E-03 7.06648781634452E-03 7.07435487731211E-03 7.08212269030826E-03 7.08982714852167E-03 7.09747272177782E-03 7.1050881217138E-03
6.41479853260679E-03 6.42850916708781E-03 6.44198541941297E-03 6.45523246045875E-03 6.46826869037624E-03 6.48119784189449E-03 6.49394342126405E-03 6.50650766372926E-03 6.51891144560025E-03 6.5312817176966E-03 6.54365286510674E-03 6.55609590331697E-03 6.56846420283312E-03 6.58067967795016E-03 6.59268122480407E-03 6.60456140820108E-03 6.61631329374171E-03 6.6280233973973E-03 6.63959265610298E-03 6.65102956848508E-03 6.66233312182033E-03 6.67363215249646E-03 6.68494396307281E-03 6.6963575629385E-03 6.7077440215491E-03 6.71905135540854E-03 6.73020108654988E-03 6.74126727048387E-03 6.75219500103684E-03 6.76304664903392E-03 6.77370552883242E-03 6.78419773882182E-03 6.79453953936128E-03 6.80494032849493E-03 6.81560578456763E-03 0 0 0 0 6.87049588320953E-03 6.88174062218139E-03 6.8940272702884E-03 6.90674686674833E-03 6.91954925597311E-03 6.93219132324477E-03 6.94440468421224E-03 6.95587062879078E-03 6.96672830904155E-03 0.006977128674666 6.98724770593139E-03 6.99712714089277E-03 7.00684416691188E-03 7.0163241578997E-03 7.02555680841484E-03 7.03449358694887E-03 7.04316850632374E-03 7.05160389692853E-03 7.05987015024458E-03 7.06798774289368E-03 7.07600308940839E-03 7.08391644829266E-03 7.09175905223166E-03 7.09953988780376E-03 7.10728569365776E-03
6.41479853260679E-03 6.42850916708781E-03 6.44198541941297E-03 6.45523246045875E-03 6.46826869037624E-03 6.48119784189449E-03 6.49394342126405E-03 6.50650766372926E-03 6.51891144560025E-03 6.5312817176966E-03 6.54365286510674E-03 6.55609590331697E-03 6.56846420283312E-03 6.58067967795016E-03 6.59268122480407E-03 6.60456140820108E-03 6.61631329374171E-03 6.6280233973973E-03 6.63959265610298E-03 6.65102956848508E-03 6.66233312182033E-03 6.67363215249646E-03 6.68494396307281E-03 6.6963575629385E-03 6.7077440215491E-03 6.71905135540854E-03 6.73020108654988E-03 6.74126727048387E-03 6.75219500103684E-03 6.76304664903392E-03 6.77370552883242E-03 6.78419773882182E-03 6.79453953936128E-03 6.80494032849493E-03 6.81560578456763E-03 6.82804729217641E-03 6.83884163670391E-03 6.84960391681734E-03 6.86040648335659E-03 6.87049588320953E-03 6.88174062218139E-03 6.8940272702884E-03 6.90674686674833E-03 6.91956842610159E-03 6.93218910829516E-03 6.9444297674717E-03 6.95609236065597E-03 6.96719655030563E-03 6.97784930878597E-03 6.98819438141961E-03 6.9982734798857E-03 7.00816691222058E-03 7.01782635342513E-03 7.02725431387428E-03 7.03641291150494E-03 7.0453256424802E-03 7.05401160392947E-03 7.06252731419635E-03 7.0708896947918E-03 7.07913751564582E-03 7.08727730769747E-03 7.09533771121551E-03 7.10333480832018E-03 7.11129644439913E-03
6.41522592730636E-03 6.42925567175644E-03 6.44289865696172E-03 6.45625972947874E-03 6.46939118996763E-03 6.48239806820226E-03 6.49521559751943E-03 6.50783579248094E-03 6.52029153461447E-03 6.53269763031208E-03 6.54509838344612E-03 6.55758386003317E-03 6.56999567200475E-03 6.58222648285297E-03 6.59424800279516E-03 6.60614523496157E-03 6.61792319048901E-03 6.62965447187275E-03 6.64125667884529E-03 6.65272370304876E-03 6.66406566288684E-03 6.67539227876573E-03 6.6867327292973E-03 6.69818655942941E-03 6.70962131328596E-03 6.72095909245903E-03 6.73214462628239E-03 6.74323858218811E-03 6.75419653872615E-03 6.76506015852031E-03 6.77572463029969E-03 6.78618698085878E-03 6.79645833851949E-03 6.80670143252851E-03 6.81708577180289E-03 6.82804729217641E-03 6.83884163670391E-03 6.84960391681734E-03 6.86040648335659E-03 6.87137010280506E-03 6.88290965775787E-03 6.89518148250229E-03 6.90780976290057E-03 6.92053000620444E-03 6.93311577603794E-03 6.94544655588656E-03 6.95733799876398E-03 6.96875202021566E-03 6.97973825853496E-03 6.99039955270117E-03 7.00077432022432E-03 7.01094032758461E-03 7.02086745059538E-03 7.03056599277198E-03 7.04001094000799E-03 7.04922108561763E-03 7.05821563928174E-03 7.06704207488576E-03 7.07571442940173E-03 7.08426277611724E-03 7.09269730489161E-03 7.10104616383791E-03 7.10933042447665E-03 7.1175784422061E-03
6.41670455754751E-03 6.4309423807439E-03 6.4447842351413E-03 6.4583244487623E-03 6.4716217425386E-03 6.48476761181042E-03 6.49771785370006E-03 6.51046158440699E-03 6.52304174900011E-03 6.53554975209043E-03 6.5480297215126E-03 6.56057590637814E-03 6.57303588111775E-03 6.58529849230059E-03 6.59737119306987E-03 6.60931960415522E-03 6.62115771608603E-03 6.63293850615829E-03 6.64460757681414E-03 6.6561496335159E-03 6.66758630499566E-03 6.67899753489587E-03 6.69041711305639E-03 6.70193988653028E-03 6.71344120292822E-03 6.72483488709282E-03 6.73609292268403E-03 6.74725174481448E-03 6.7582765912459E-03 6.76918390307151E-03 6.7798937108468E-03 6.79038182962558E-03 6.80066401795675E-03 6.81085342377509E-03 6.82107818936106E-03 6.83159212529342E-03 6.84219896759747E-03 6.85288088732227E-03 6.86368341873959E-03 6.87478649289677E-03 6.88632378734359E-03 6.89842559837787E-03 6.91086373780887E-03 6.92344482964421E-03 6.93599186105692E-03 6.94841080040297E-03 6.96052076820433E-03 6.97224871589876E-03 6.98359033317107E-03 6.99460876183864E-03 7.00533087741339E-03 7.01582649850929E-03 7.02607493578179E-03 7.03609174964309E-03 7.04586455803067E-03 7.05541089827934E-03 7.06475217977642E-03 7.07392893497759E-03 7.08295325711126E-03 7.09184701613352E-03 7.10062498230484E-03 7.10931261347049E-03 7.11793488290344E-03 7.1265187695504E-03
6.41914657765621E-03 6.43361307479881E-03 6.44770478052981E-03 6.46149113949277E-03 6.47502358213137E-03 6.48837007734133E-03 6.50151079353614E-03 6.51445142500294E-03 6.5272290140225E-03 6.53991261501487E-03 6.55253926742554E-03 6.56516331861897E-03 6.57767781414892E-03 6.59001457410638E-03 0.006602184347308 6.61423270188486E-03 6.62617552513444E-03 6.6380485243283E-03 6.64982167978822E-03 6.66149206031191E-03 6.67307938346862E-03 6.68463954799121E-03 6.69620223175559E-03 6.70782259270581E-03 6.7194083320931E-03 6.7309015509176E-03 6.74227911298377E-03 6.75355309846838E-03 6.76469199872951E-03 6.77569355362696E-03 6.78649804843639E-03 6.7970879495268E-03 6.80747574572618E-03 6.81774070857345E-03 6.82797996692012E-03 6.83836326559117E-03 6.84885310357481E-03 6.85946736683698E-03 6.87024841821428E-03 6.88132901735598E-03 6.89278001680686E-03 6.90469249175822E-03 6.91693175054676E-03 6.92937493180424E-03 6.94187931926649E-03 6.95435289590877E-03 6.96663182644403E-03 6.97862110679407E-03 6.99028258044393E-03 7.00164107613116E-03 7.01271030785229E-03 7.0235380891751E-03 7.03411364991988E-03 7.04445450808971E-03 7.05455878378665E-03 7.06444808344652E-03 7.07414495591604E-03 7.08368190158619E-03 7.09306953007491E-03 7.10232596776603E-03 7.11146673507816E-03 7.12051698810696E-03 7.12950221107576E-03 7.13844782150357E-03
6.42259995421326E-03 6.4373640132116E-03 6.45177231990205E-03 6.46587271546754E-03 6.47970807799019E-03 6.49332771751856E-03 6.50673500402413E-03 6.51994683597678E-03 6.53298737129702E-03 6.54590663723301E-03 6.55873117960953E-03 6.57148361362779E-03 6.58411576696127E-03 6.59659355572996E-03 6.60891726468784E-03 0.006621118931649 6.63321704592747E-03 6.64523765050693E-03 0.006657174068985 6.66903166876513E-03 6.68082171363397E-03 6.69258144286113E-03 6.70433205086128E-03 6.7160980263988E-03 6.72783134104228E-03 6.73949116297023E-03 6.75104533478919E-03 6.76248851360542E-03 6.77379390012272E-03 6.78494847297915E-03 6.79591377494394E-03 6.80667676141526E-03 6.81724202149558E-03 6.82766591757169E-03 6.83802246029765E-03 6.8484319976757E-03 6.85892756039406E-03 6.86955767583819E-03 6.88036467400568E-03 6.89144606402768E-03 6.90285596982903E-03 6.91466255995976E-03 0.006926790027562 6.93915232066533E-03 6.95162705257373E-03 6.96412876823474E-03 6.97652036964142E-03 6.98869367782726E-03 7.00059429310167E-03 0.007012218182504 7.02356904022848E-03 7.03467405705356E-03 7.04553599327485E-03 7.05616628732117E-03 7.06657397505442E-03 7.07677905922396E-03 7.08680509541747E-03 7.09667815185816E-03 7.10641264654161E-03 7.11602043453037E-03 7.12551823261057E-03 7.13492886092362E-03 7.14427764699355E-03 7.15358720606897E-03
6.42722027633647E-03 6.44236343532745E-03 6.45716366005257E-03 6.47165478382014E-03 6.48587060771772E-03 6.49985274043871E-03 6.51361242799549E-03 6.52716861361465E-03 6.54053946981041E-03 6.55376124701249E-03 6.56685099071357E-03 6.57982304103187E-03 6.59265900621763E-03 6.60534636225438E-03 6.61788637903185E-03 6.63030471356546E-03 6.64262057719064E-03 6.65486016722618E-03 6.66702841969462E-03 6.67913391156752E-03 6.69118355456251E-03 6.70320181581953E-03 6.71520124043534E-03 6.72719455442536E-03 6.7391540282975E-03 6.75104796990614E-03 6.76283938067467E-03 6.77451266049754E-03 6.78604167654747E-03 6.79741253556858E-03 6.80859815391302E-03 6.81958844611441E-03 6.83038407692975E-03 6.84102764870382E-03 6.85157855566896E-03 6.86213314929959E-03 6.87275076514016E-03 6.88349628186995E-03 0.006894415250592 6.90558713302342E-03 6.91705707613598E-03 6.9288809797881E-03 6.94100447521384E-03 6.95335754300856E-03 6.96583228758628E-03 6.97835391129824E-03 6.99080304303629E-03 7.00307803610682E-03 7.01511856188125E-03 7.02690629049203E-03 7.0384386196539E-03 7.04973397215702E-03 7.06079911516068E-03 7.07164615289237E-03 7.08228783313411E-03 7.09274451543014E-03 7.10303961463857E-03 7.1131964564206E-03 7.12322957053033E-03 7.13314811303218E-03 7.14296798060616E-03 7.15270984834223E-03 7.16239721232275E-03 7.17204899873222E-03
6.43315203016963E-03 6.4487709697105E-03 6.46405199618665E-03 6.47902135993312E-03 6.49370585385214E-03 6.50814193927626E-03 6.52234097890927E-03 6.53632080067588E-03 6.55009811269258E-03 6.56370037109253E-03 6.57713908925966E-03 6.59042653283846E-03 6.60355842542776E-03 6.61653541938349E-03 6.62936631279424E-03 6.64207593968354E-03 6.65468511137776E-03 6.66722221434194E-03 6.67969707988408E-03 6.69211949840788E-03 6.70449568704255E-03 6.71684199064287E-03 6.72916460921318E-03 6.74147070447091E-03 6.75373918625272E-03 6.76593900088094E-03 6.77803156762024E-03 6.78999561148667E-03 6.80180553349317E-03 6.81344846340362E-03 6.82490330815708E-03 6.83616201314866E-03 6.84722617529021E-03 6.85813254852566E-03 6.86893390335399E-03 6.87971600002091E-03 6.89054617675386E-03 6.90149466023087E-03 6.91260984141077E-03 6.92396256426901E-03 6.93558891884416E-03 6.94753423721467E-03 6.9597431314318E-03 6.97214968198834E-03 6.98465739041086E-03 6.99720131192261E-03 7.0096758559912E-03 7.02198593069489E-03 7.03407428074702E-03 7.04592268439856E-03 7.05753256756004E-03 7.06891937115427E-03 7.08009393448824E-03 7.09106809059444E-03 7.10185734569249E-03 7.1124838158017E-03 7.12297358980703E-03 7.13334615701696E-03 7.14361580547035E-03 7.15378771949884E-03 7.16387716384063E-03 7.1739034864039E-03 7.18388782194786E-03 7.19384330257347E-03
6.44057482264105E-03 6.45677479037983E-03 6.47263619684918E-03 6.48818019189644E-03 6.50342920180832E-03 6.51841204845767E-03 6.53314005189879E-03 6.54763091754432E-03 6.5619005430749E-03 6.57596986554251E-03 6.58984776592061E-03 6.60354528686351E-03 6.61706622150598E-03 6.63042164297424E-03 6.64362849180589E-03 6.65671311687314E-03 6.66969920466562E-03 6.68261672795166E-03 6.69547819799191E-03 6.70829499366274E-03 6.72107360783107E-03 6.73382505196208E-03 6.74654997805391E-03 6.75925287431117E-03 6.77191015058446E-03 6.78448564396894E-03 6.79693898773339E-03 6.80924701630905E-03 6.82138453738884E-03 0.006833340937999 6.8450987813342E-03 6.85665254561389E-03 6.86800873436994E-03 6.87920538067681E-03 6.89029428332776E-03 6.9013574785362E-03 6.91246261832827E-03 6.92367689861593E-03 6.9350488918394E-03 6.94664396714108E-03 6.95849110064735E-03 6.97061413850084E-03 6.98294904129366E-03 6.99543381729882E-03 7.00798266846379E-03 7.02053540567691E-03 7.03299478040698E-03 7.04527913149901E-03 7.0573395560613E-03 7.06916594948755E-03 7.08076633610135E-03 7.09215732076455E-03 7.10335427955569E-03 7.11437027598476E-03 7.12522476937376E-03 7.13594445639633E-03 7.14655659160875E-03 7.1570763982964E-03 7.16751666379053E-03 7.17788073800079E-03 7.18818407363369E-03 7.19844348071384E-03 7.20867623704972E-03 7.21888817920208E-03
6.44968883768659E-03 6.46657904195273E-03 6.48312532928546E-03 6.49934391714033E-03 6.51525382879939E-03 6.53087689187146E-03 6.54622674594992E-03 0.006561319902065 6.57617101145603E-03 6.59079625440125E-03 6.60520456868959E-03 6.61940567529265E-03 6.63341025719783E-03 6.64723706871255E-03 6.66090970955975E-03 6.67445706559571E-03 6.6879063263169E-03 6.70128879536505E-03 6.7146193257022E-03 6.7279103736885E-03 6.74116888684166E-03 6.75440266967831E-03 6.76760717393617E-03 6.7807829409872E-03 6.79389594856427E-03 6.80690248794022E-03 6.81976110521522E-03 6.83244938725702E-03 6.84494243840343E-03 6.85723261153994E-03 6.86930506243852E-03 6.88115981771156E-03 6.89281313770687E-03 6.90430918236389E-03 6.91570046380417E-03 6.92706895986304E-03 6.93847588221315E-03 6.94998173876172E-03 6.96163201512091E-03 6.97348508155377E-03 6.98555609970611E-03 6.99785070845617E-03 7.01030465726751E-03 7.0228528080001E-03 7.0354198904416E-03 7.04794951842592E-03 7.0603604979251E-03 7.07257566230315E-03 7.0845596419706E-03 7.09631039586983E-03 7.10784294459841E-03 7.11917564788562E-03 7.13033280829015E-03 7.14132842882384E-03 7.15219175122874E-03 7.16295098312618E-03 7.17363188941716E-03 7.18424373730876E-03 7.19480141284141E-03 7.20530506445989E-03 7.21577029478483E-03 7.2262124380902E-03 7.23664364848341E-03 7.2470625919843E-03
6.46076084055415E-03 6.47845228612033E-03 6.49579100193758E-03 6.51278824728855E-03 6.52945918027347E-03 6.54582060291951E-03 6.56188689184768E-03 6.57767398817036E-03 6.59319601142966E-03 6.60846621839899E-03 6.62349407640615E-03 6.63828913775312E-03 6.65286800153507E-03 6.66725694739925E-03 6.68148494213173E-03 6.69558319885139E-03 6.70958155454859E-03 6.72351066238782E-03 6.73738678241628E-03 6.75122503773682E-03 6.76503299835041E-03 6.7788154494367E-03 6.79256301621358E-03 6.80626691783985E-03 6.81987871612286E-03 6.83334844629432E-03 6.84663373116038E-03 6.85971284439666E-03 6.8725641731627E-03 6.88518207343464E-03 6.89755597137865E-03 6.90969788480933E-03 6.92163586835879E-03 6.93342128169924E-03 6.94511016434674E-03 6.95678126096661E-03 6.96848583885488E-03 6.98027807182568E-03 6.99219705426938E-03 7.00428838223158E-03 7.01655336369313E-03 7.02898029093061E-03 7.04150448006725E-03 7.05406701008272E-03 7.06660408503315E-03 7.07906286692615E-03 7.09137289170684E-03 7.10347132854679E-03 7.11533699078119E-03 7.12697268834681E-03 7.13839858699523E-03 7.14963716612829E-03 7.16071801058409E-03 7.17166081625935E-03 7.18250349947276E-03 7.19326988603438E-03 7.20398172103615E-03 7.21464605780425E-03 7.22527892771633E-03 7.23587950250529E-03 7.24646501122967E-03 7.2570444569136E-03 7.26762527959404E-03 7.27820255632359E-03
6.47410415673893E-03 6.49271164609897E-03 6.51095308642435E-03 6.52883429230587E-03 6.54636696877581E-03 6.56356361092288E-03 6.58043928313037E-03 6.59700941493888E-03 6.61328883412364E-03 6.62928875187218E-03 6.64502103729784E-03 6.6604953561388E-03 6.67573534958749E-03 6.6907738946844E-03 6.70564311992976E-03 6.72037450250794E-03 6.73499826711548E-03 6.74954466415653E-03 6.7640324969481E-03 6.77847781445288E-03 6.79288679186525E-03 6.80726117183619E-03 6.82158418470623E-03 6.83583975298252E-03 6.84996571611236E-03 6.86390099534697E-03 6.87759951572445E-03 6.89104550529115E-03 6.90422431586632E-03 6.91713578831851E-03 6.92978106899069E-03 6.9421815398034E-03 0.00695437310078 6.9664158661886E-03 6.97836805983565E-03 6.99030923269325E-03 7.00228261658928E-03 7.01432815729706E-03 7.02647049723517E-03 7.03874440943108E-03 7.05114332091054E-03 7.0636376144481E-03 7.07617162271546E-03 7.08869028766584E-03 7.10114373158454E-03 7.11348250014038E-03 7.12565438788887E-03 7.13760225312205E-03 7.14931613968325E-03 7.16080911364052E-03 7.17211231941083E-03 7.18324809062863E-03 7.19424854036108E-03 7.20513475808088E-03 7.21594297614013E-03 7.22669674336423E-03 7.23741921796569E-03 7.24811358062767E-03 7.25879366831702E-03 7.26945731088583E-03 7.28011883309585E-03 7.29078711465484E-03 7.30147043388006E-03 7.31216094357339E-03
6.49010768314482E-03 6.50974612006739E-03 6.52899953667501E-03 6.54786852529508E-03 6.56636170433568E-03 6.58448822822843E-03 6.60226352108569E-03 6.61970343364895E-03 6.63682297042769E-03 6.65363304608402E-03 6.67014852912233E-03 6.68638187155345E-03 6.70236427365893E-03 6.71813353393702E-03 6.73372174451213E-03 6.7491585891549E-03 6.76447348090633E-03 6.77969551497819E-03 6.79484398033923E-03 6.80993460599328E-03 6.82497153969859E-03 6.83995414209727E-03 6.85485799180739E-03 6.86965697778845E-03 6.88426951760225E-03 6.89862735823481E-03 6.9126892879774E-03 6.92645060154445E-03 6.93990324679076E-03 6.95305605355999E-03 6.96592101854458E-03 6.97852932317047E-03 6.99092512531004E-03 7.00317743473695E-03 7.01534528387944E-03 7.02750649100358E-03 7.0396894667758E-03 7.05192057992727E-03 7.06421284550066E-03 7.07659323440755E-03 7.08904451706201E-03 7.10152768970169E-03 7.11399777288564E-03 7.12640816857472E-03 7.13872236831137E-03 7.15089454849529E-03 7.16288750555866E-03 7.17465147080428E-03 7.18619268213708E-03 7.19753292399079E-03 7.20871088784588E-03 7.21974503227438E-03 7.23066878338111E-03 7.24150136330659E-03 7.2522751956996E-03 7.26301075083168E-03 7.27373190545151E-03 7.28443778861322E-03 7.29514076659968E-03 7.30583633876425E-03 7.31653867990204E-03 7.32725580304372E-03 7.3379981416872E-03 7.34875572614206E-03
6.50922815671771E-03 6.53001143291406E-03 6.55038263358922E-03 6.5703380191307E-03 6.58988446023116E-03 6.60902932754279E-03 6.62778922825353E-03 6.64618001196883E-03 6.66421657459201E-03 6.68191041232396E-03 6.6992813328955E-03 6.71634639769191E-03 6.73314378387104E-03 6.74971343837801E-03 6.76608361876751E-03 6.78228116260155E-03 6.79833360695009E-03 6.8142680055587E-03 6.83010126306536E-03 6.84584623825111E-03 6.86150426429483E-03 6.87707433585737E-03 6.89252314701644E-03 6.90780916179608E-03 6.92282930416626E-03 6.93752306424351E-03 6.95186809519675E-03 6.96587239514559E-03 6.97953224617121E-03 6.99286233614454E-03 7.00588136605017E-03 7.01863162260954E-03 7.03116794566767E-03 7.04356650635455E-03 7.05588198710124E-03 7.06818723320213E-03 7.08048976225368E-03 7.09280958140437E-03 7.10515919676603E-03 7.1175590971033E-03 7.12998327564513E-03 7.14238225729458E-03 7.15472567673062E-03 7.16697603268593E-03 7.17911136303948E-03 7.19108449115442E-03 7.20287381997268E-03 7.21443570525829E-03 7.22579947625218E-03 7.23699202597664E-03 7.24805059917407E-03 7.25898618106455E-03 7.26983521293064E-03 7.28061395712852E-03 7.2913527691318E-03 7.30206583145058E-03 7.31277343418324E-03 7.32346968324219E-03 7.33416864815932E-03 7.34486348775721E-03 7.35557164091129E-03 7.3662993606369E-03 7.37705561136858E-03 7.3878291345422E-03
6.53197776410536E-03 6.55401278991376E-03 6.57559846961379E-03 6.59673013373396E-03 6.61741338272838E-03 6.63765688746549E-03 6.65747776998733E-03 6.67689091567758E-03 6.69591118674535E-03 6.7145536177723E-03 6.7328413032858E-03 6.75080198366133E-03 6.76847775845171E-03 6.78590216220593E-03 6.80309757625649E-03 6.82009042520794E-03 6.83690507869845E-03 6.85356459718757E-03 6.87008010546716E-03 6.88645713809446E-03 6.90269334656135E-03 6.91878801811724E-03 6.93470553451599E-03 6.95037024738951E-03 6.96567542017995E-03 6.98059554254917E-03 6.99513061329158E-03 7.00929154684246E-03 7.02307694044376E-03 7.03650618204602E-03 7.04960375593579E-03 7.06242332612099E-03 7.07502768232324E-03 7.08749223642823E-03 7.09987092267496E-03 7.11221552686397E-03 7.12452016794325E-03 7.13681619521035E-03 7.14912191268819E-03 7.16144444959091E-03 7.17374726980212E-03 7.1859875021988E-03 7.19814827991712E-03 7.21020000945346E-03 7.22212726870812E-03 7.23388278665966E-03 7.24545361935189E-03 7.25681458831465E-03 7.26801559952412E-03 7.27907350236728E-03 7.29001737793972E-03 7.30085568817584E-03 7.31162805685369E-03 7.32234636509314E-03 7.33303997666691E-03 7.34371490416516E-03 0.007354385756338 7.36504505499653E-03 7.37570776902218E-03 7.38636797952638E-03 7.3970467864578E-03 7.40774354143148E-03 7.41846359865776E-03 7.42919731205354E-03
