NongDo/Fusa 13.5h.grd
DSAA
463	323
2	464
2	324
0	10
[rows 140 to 167 of 323, columns 192 to 255 of 463]
6.98762964638312E-03 7.05682702287928E-03 7.12529564491274E-03 7.19291530289014E-03 7.25953476417943E-03 7.32496161098463E-03 7.38901274056008E-03 7.45149634176505E-03 7.51222485961683E-03 7.57099952814351E-03 7.6276287691488E-03 7.68192436708496E-03 7.73372668738204E-03 7.78290167731155E-03 7.82934290568737E-03 7.87297619799221E-03 7.91376314154663E-03 7.95170441970253E-03 7.98682808873532E-03 8.01918916235923E-03 8.04886176898834E-03 8.07593553826644E-03 8.1005069897656E-03 0.008122677982888 8.14254996868104E-03 8.16021992685904E-03 8.17578199662219E-03 8.18933207243492E-03 8.20099679642996E-03 8.21092717419578E-03 8.21928663160418E-03 8.22623202810525E-03 8.23190524404219E-03 8.23643675732054E-03 8.23994103590137E-03 8.24251667581139E-03 8.24423888963237E-03 8.24516709874151E-03 8.24534914093743E-03 8.24482648296585E-03 8.24363643701411E-03 0.008241806479393 8.23935393742377E-03 8.2362902083392E-03 8.23261996734676E-03 8.22832396027684E-03 8.22336259023876E-03 8.21185075543293E-03 0 0 0 0 0 0 0 0 0 0 0 0 0 0 0 0
7.05597860812377E-03 7.12439950294961E-03 7.19194840393889E-03 7.25850794922211E-03 7.32392972155977E-03 7.38802295016684E-03 7.45061871311371E-03 7.51153778403415E-03 7.5706030750765E-03 7.62762390883671E-03 7.68241721949366E-03 7.73480185999125E-03 7.78462650095307E-03 7.83176506664817E-03 7.87611822086859E-03 7.91761993875984E-03 7.95624297774422E-03 7.99200182662308E-03 8.02493760801815E-03 8.05511924654761E-03 8.08263296506722E-03 8.10757874363378E-03 8.13006386175918E-03 8.15020063611508E-03 8.16809982517028E-03 8.18386760636196E-03 8.19760745707746E-03 8.20942209429817E-03 8.21945354215786E-03 8.2278704681803E-03 8.23484131738438E-03 8.24052149918169E-03 8.24504905640694E-03 8.24854871757634E-03 8.25112615770262E-03 8.25287190436328E-03 8.25385358069722E-03 8.25412173086041E-03 8.2537148036828E-03 8.25266545722786E-03 8.25100720844916E-03 8.24876238905122E-03 0.008245934410293 8.24251823013248E-03 8.23851043604133E-03 8.23390805253342E-03 8.22336259023876E-03 0 0 0 0 0 0 0 0 0 0 0 0 0 0 0 0 0
7.12253221232693E-03 7.19008538490182E-03 7.25663055765093E-03 7.32204916988607E-03 7.38619411332801E-03 7.44888553660434E-03 7.50997310385871E-03 7.56928898534979E-03 7.62666295683024E-03 7.68190941760254E-03 7.73485091361285E-03 7.78531457788448E-03 7.83315695452666E-03 7.87825860869803E-03 7.92052716958453E-03 7.95990650637592E-03 7.99638208349318E-03 8.02998232721977E-03 8.06076266945454E-03 8.0888071303286E-03 8.11421452301207E-03 8.13709490121542E-03 8.15756551741367E-03 8.1757479135542E-03 8.19176080875162E-03 8.20571849236248E-03 8.21773288164931E-03 8.22791680395596E-03 8.23642888747866E-03 8.24344971859129E-03 0.00824914619455 8.25366969122453E-03 8.2571533200958E-03 8.2597169052735E-03 8.2614596802934E-03 8.26246254809814E-03 8.26278327520963E-03 8.26246539201319E-03 8.26154045699185E-03 8.2600278321839E-03 8.25794829135844E-03 8.25531831857619E-03 8.25212334018987E-03 8.2483251507003E-03 8.24390008540088E-03 8.23390805253342E-03 0 0 0 0 0 0 0 0 0 0 0 0 0 0 0 0 0 0
7.18733189460771E-03 7.25393616154186E-03 7.31940304309741E-03 7.38360863896931E-03 7.44641178637681E-03 7.50765684298996E-03 7.56720288453878E-03 7.6248915738921E-03 7.68055458157941E-03 7.73401040226205E-03 7.78508562909363E-03 7.83361885993721E-03 7.87947137842036E-03 7.92253030846383E-03 7.96271179143791E-03 7.99997256953404E-03 8.03431230133202E-03 8.06577379896426E-03 8.09442945762391E-03 8.12037939178562E-03 8.14373548752276E-03 8.16461678901813E-03 8.18314959434131E-03 8.19946304191622E-03 8.21368199994691E-03 8.22592792207132E-03 8.23632119608814E-03 8.24498703105118E-03 8.25209563372045E-03 8.25783464627971E-03 8.26236626381778E-03 8.26583518452319E-03 8.26836952125758E-03 8.27008455057966E-03 8.27107421990387E-03 8.27140868550729E-03 8.27113511594778E-03 8.27029012870287E-03 8.26889908434776E-03 8.26696635543598E-03 8.26449025457679E-03 8.26147435844126E-03 8.25787955056003E-03 8.25363231286446E-03 8.24390008540088E-03 0 0 0 0 0 0 0 0 0 0 0 0 0 0 0 0 0 0 0
7.25047049772273E-03 7.31605209466392E-03 7.38036942579079E-03 7.44330023857701E-03 7.50471819613949E-03 7.56448814515726E-03 7.62246833797552E-03 7.67850721603895E-03 7.7324363323811E-03 7.78408021481459E-03 7.83327064096507E-03 7.87985596286617E-03 0.007923700514025 7.96470070243457E-03 8.00278452444158E-03 8.03792367625946E-03 8.07013363198132E-03 8.09947443496722E-03 8.12603786524547E-03 8.14993973179644E-03 8.17130380410224E-03 8.19025792862221E-03 8.20693607893058E-03 8.22147248561905E-03 8.2339963123076E-03 8.24463528587115E-03 8.25351867009932E-03 8.26078468429861E-03 8.26661057766717E-03 8.27118300426015E-03 8.27465489285154E-03 8.27716593684798E-03 8.27884090698434E-03 8.27978893849341E-03 8.28009540809897E-03 8.27982162128575E-03 8.27900548205779E-03 8.27767099443453E-03 8.27582919374813E-03 8.27346972979881E-03 8.27056854441163E-03 8.26710446962374E-03 8.2630175052108E-03 8.25363231286446E-03 0 0 0 0 0 0 0 0 0 0 0 0 0 0 0 0 0 0 0 0
7.31211280925965E-03 7.37660893878454E-03 7.43972002086484E-03 7.50133070344603E-03 7.56132578920773E-03 7.61958191844123E-03 7.67596071388044E-03 7.7303122825254E-03 7.78247003949342E-03 7.83226462747005E-03 7.87953388840667E-03 7.92413275036046E-03 7.96593446396147E-03 8.00484723457465E-03 8.04081448072668E-03 0.008073824399846 8.10391138614437E-03 8.13115507424988E-03 8.15566637641847E-03 0.008177575608036 8.19701654894077E-03 8.21412477526388E-03 8.22903854836701E-03 8.24189475235248E-03 8.25282603300502E-03 8.26196485706989E-03 8.2694474739368E-03 8.2754249932128E-03 8.28007826518236E-03 8.28358499832564E-03 8.28609041215219E-03 8.28773062550253E-03 8.28862749574851E-03 8.28888351549745E-03 8.28857547611189E-03 8.28775452617353E-03 8.28644348713948E-03 8.28464649210095E-03 8.28235613908509E-03 8.27954158903003E-03 8.27615150222654E-03 8.27214153554275E-03 8.2630175052108E-03 0 0 0 0 0 0 0 0 0 0 0 0 0 0 0 0 0 0 0 0 0
7.37238729664772E-03 7.43574121865396E-03 7.49759593091837E-03 7.55784244774999E-03 7.61637106297163E-03 7.67306715249954E-03 7.72779724250253E-03 7.78041234430867E-03 7.83074925403933E-03 7.87864414014154E-03 7.92394087208167E-03 7.96650269723467E-03 8.00621749437023E-03 8.04300913302957E-03 8.0768398822756E-03 8.10771576847063E-03 8.13569267758843E-03 8.16087141602602E-03 8.18338077842935E-03 8.20336365668224E-03 8.22096140820867E-03 8.23631348004913E-03 8.24955854187781E-03 8.26083566348084E-03 8.27028041180494E-03 8.27802919878561E-03 8.28422433453544E-03 8.28902245400925E-03 8.29259834875297E-03 8.29512405182421E-03 8.2967442175269E-03 8.29758957490153E-03 8.29777644744837E-03 8.29740349856453E-03 8.29654371975982E-03 8.29523418317177E-03 8.29346924246043E-03 8.29121658605315E-03 8.28844813710022E-03 8.28511247231978E-03 8.2811500831279E-03 8.27214153554275E-03 0 0 0 0 0 0 0 0 0 0 0 0 0 0 0 0 0 0 0 0 0 0
7.4313716459271E-03 7.49352254036234E-03 7.55406356337176E-03 7.61289040885473E-03 7.66989814217035E-03 7.72498009184182E-03 7.77800572781413E-03 7.82882684587728E-03 7.87728404472912E-03 7.9232202305237E-03 7.96648800884213E-03 8.00696230099255E-03 8.04454871247908E-03 8.07919135998202E-03 8.11087411147673E-03 8.13962187301623E-03 8.16551363961952E-03 8.18867217435071E-03 8.20924143409046E-03 8.2273738621403E-03 8.24321506845415E-03 8.25690448823981E-03 8.26858016143024E-03 8.27838249658702E-03 8.28644753703316E-03 8.29291360855025E-03 8.29792611504447E-03 8.30164378534863E-03 8.30423624143306E-03 8.30586872344663E-03 8.30668323232175E-03 8.30680581512007E-03 8.30634814718945E-03 8.30540812686333E-03 8.30405994961528E-03 8.30232515629569E-03 8.30014409946168E-03 8.29740438688865E-03 8.29408031764132E-03 8.29011149037393E-03 8.2811500831279E-03 0 0 0 0 0 0 0 0 0 0 0 0 0 0 0 0 0 0 0 0 0 0 0
7.48909779302127E-03 7.54997681997146E-03 7.60913714331695E-03 7.66647926362723E-03 7.72190344660733E-03 7.77530925771628E-03 7.82656715073446E-03 7.87553007010654E-03 7.92204398265657E-03 7.96596054614197E-03 8.00714448145743E-03 8.04548556033023E-03 8.08091067286692E-03 8.11338726397799E-03 8.1429228096885E-03 8.16956315259475E-03 8.19341147844565E-03 8.21461017724214E-03 8.23331430548314E-03 8.24968201460516E-03 8.26385951239984E-03 8.27598481782917E-03 8.28619492107382E-03 8.29462895740672E-03 8.30142037418931E-03 8.30670776845197E-03 8.3106379098211E-03 8.31337015684129E-03 8.31506918752946E-03 8.31589286282654E-03 8.31597778918074E-03 8.31544478404458E-03 8.31440305006991E-03 8.31295386163851E-03 8.31118311512795E-03 8.30910732124328E-03 8.30656851728952E-03 8.30320530877929E-03 8.29916604779765E-03 8.29011149037393E-03 0 0 0 0 0 0 0 0 0 0 0 0 0 0 0 0 0 0 0 0 0 0 0 0
7.54555986184352E-03 7.60508829645005E-03 7.66279129170313E-03 7.7185748403171E-03 7.77234399415302E-03 7.82400300621465E-03 7.87342359815045E-03 7.92046080036651E-03 7.96496758906696E-03 8.00680708803993E-03 8.04585931723957E-03 8.08203212076573E-03 8.11527713148751E-03 8.1455876484594E-03 8.17299617896296E-03 8.19757028799907E-03 8.21943497944108E-03 8.23874923203635E-03 8.25567564636275E-03 8.27037405453208E-03 8.28298849948845E-03 8.29365395912714E-03 8.30250394925284E-03 8.3096739487923E-03 8.31529396341662E-03 8.31950141235644E-03 8.32244346160564E-03 8.32427965626742E-03 8.3251710633053E-03 8.32526674882651E-03 8.32469394653174E-03 8.32356423010598E-03 8.32198205249669E-03 8.32006281398213E-03 8.31794640731237E-03 8.31570880421752E-03 8.31307178932824E-03 8.30862397908783E-03 8.29916604779765E-03 0 0 0 0 0 0 0 0 0 0 0 0 0 0 0 0 0 0 0 0 0 0 0 0 0
7.60071718867609E-03 7.65880813969907E-03 7.71496994062598E-03 7.76911483757902E-03 7.82115232455457E-03 7.87098971707727E-03 7.91850094375899E-03 7.96354550093351E-03 8.00598598698852E-03 8.0456986425909E-03 8.08258179272168E-03 8.11656573583022E-03 8.1476297938651E-03 8.17579361752602E-03 8.20111481795588E-03 8.22368288511686E-03 8.24364157956088E-03 8.26116178173338E-03 8.27640960245665E-03 8.28954331362329E-03 8.30070223794768E-03 8.31001636773159E-03 8.31761311534858E-03 8.32362221733863E-03 8.32816961118182E-03 8.33139164994437E-03 8.33343610357199E-03 8.33446163838465E-03 8.33462492428401E-03 8.33406702163205E-03 8.33290209482829E-03 8.33121979490749E-03 8.32910186752741E-03 8.3266814373033E-03 8.32425329104496E-03 8.32219476392636E-03 8.32076441585665E-03 8.30862397908783E-03 0 0 0 0 0 0 0 0 0 0 0 0 0 0 0 0 0 0 0 0 0 0 0 0 0 0
7.65449899434305E-03 7.71105950474089E-03 7.76559102307033E-03 7.81801295650706E-03 7.86823923904786E-03 7.91617893974285E-03 7.9617102514444E-03 8.0047004135214E-03 8.04502385990468E-03 8.08257211563019E-03 8.1172651203478E-03 8.14905965793063E-03 8.17796273196492E-03 8.20402032023579E-03 8.22731425674245E-03 8.24795488340646E-03 8.26609995040169E-03 8.28192778303595E-03 8.29560537660902E-03 8.30728580315332E-03 8.31710077763898E-03 8.32517337858229E-03 8.33162322163612E-03 8.3365722652911E-03 8.34014256585219E-03 8.34246926708876E-03 8.34370047161774E-03 8.34399446008214E-03 8.34350669672287E-03 8.34237131036308E-03 8.34068229093265E-03 8.3384829889337E-03 8.33577200901428E-03 8.33262577471501E-03 8.32964476625039E-03 8.32773762041015E-03 8.3274437651551E-03 0 0 0 0 0 0 0 0 0 0 0 0 0 0 0 0 0 0 0 0 0 0 0 0 0 0 0
7.7068151642261E-03 7.76175052157361E-03 7.81456251948531E-03 7.86517758923047E-03 7.91351387848495E-03 7.95948335369206E-03 8.00297120974685E-03 8.04385440976602E-03 8.08202189008936E-03 8.11738394229422E-03 8.14988525173941E-03 8.17950944181793E-03 8.20629073880028E-03 8.23030193123215E-03 8.25164793346535E-03 8.27045494876032E-03 8.28688975013519E-03 8.30113634819132E-03 8.31335938890077E-03 8.32370322116589E-03 8.33228944845293E-03 8.33923148946791E-03 8.34463878410256E-03 8.34862628408331E-03 8.35131309562127E-03 8.35283169121325E-03 8.35332880813461E-03 8.35296413295896E-03 8.35189805695171E-03 8.35026486309299E-03 8.3481394107068E-03 8.34548935477464E-03 8.34208053067385E-03 8.3375260115844E-03 8.33317517585626E-03 8.3309311484167E-03 8.3274437651551E-03 0 0 0 0 0 0 0 0 0 0 0 0 0 0 0 0 0 0 0 0 0 0 0 0 0 0 0
7.75756066942968E-03 7.81077835417914E-03 7.8617843276415E-03 7.91051294499449E-03 7.95688745860889E-03 8.00082413059119E-03 8.04221615814294E-03 8.08095312809739E-03 8.11694224718254E-03 8.15011554565804E-03 8.18044292087456E-03 8.20793392918027E-03 8.23265036418939E-03 8.25469103779292E-03 8.27418120017685E-03 8.29125757105874E-03 8.30609429892273E-03 8.31887905925784E-03 8.32976823380916E-03 8.33889368560293E-03 8.34636507253208E-03 8.35228511739608E-03 8.35675379876775E-03 8.35987932960247E-03 8.36177649358735E-03 8.36257377643625E-03 8.36241508315837E-03 8.36146204909031E-03 8.35988863782923E-03 8.35784779254759E-03 8.35542710122602E-03 8.35256627136496E-03 8.34865320126456E-03 8.34085461670538E-03 8.33317517585626E-03 8.3309311484167E-03 0 0 0 0 0 0 0 0 0 0 0 0 0 0 0 0 0 0 0 0 0 0 0 0 0 0 0 0
7.80663261407266E-03 7.85804528067626E-03 7.9071652023645E-03 7.95393611050632E-03 7.9982873844537E-03 8.04013928665755E-03 8.07939566411462E-03 8.11596290446685E-03 8.1497699876878E-03 8.18077129952399E-03 8.20896169964013E-03 8.23437611082283E-03 8.25710258314385E-03 8.27726308893951E-03 8.29499900153897E-03 8.31045725083508E-03 8.32381786752952E-03 8.33526566805536E-03 8.34494237237759E-03 8.35296553084331E-03 8.35943247423199E-03 8.36443655176811E-03 8.36806989332604E-03 8.37043321157655E-03 8.37163488415699E-03 8.37179863464082E-03 8.3710642201252E-03 8.3695901220701E-03 8.3675649207859E-03 8.36518723888241E-03 8.36264083306081E-03 8.36017697055358E-03 8.35822518049817E-03 8.34085461670538E-03 0 0 0 0 0 0 0 0 0 0 0 0 0 0 0 0 0 0 0 0 0 0 0 0 0 0 0 0 0 0
7.85393231857115E-03 7.90346055854885E-03 7.95062360854988E-03 7.99537571261896E-03 8.03765361686113E-03 8.07738072343273E-03 8.11447709558578E-03 8.14886968434809E-03 8.18051092937527E-03 8.20937691152999E-03 8.2354878744223E-03 8.25890275332998E-03 8.27973211529311E-03 8.29811810981688E-03 8.31421420255538E-03 8.32817731239145E-03 8.34018655247427E-03 8.35041835966165E-03 8.35899900318329E-03 8.36603087953579E-03 8.37159991497296E-03 8.37579131178427E-03 8.37868984748168E-03 8.38038801799219E-03 8.38098736456164E-03 8.38060426031069E-03 8.37936788991788E-03 8.37742275992845E-03 8.37496271509926E-03 8.37222517774501E-03 8.36945877376299E-03 8.36720460877844E-03 8.3668101477922E-03 0 0 0 0 0 0 0 0 0 0 0 0 0 0 0 0 0 0 0 0 0 0 0 0 0 0 0 0 0 0 0
7.89936760249837E-03 7.94694399746935E-03 7.99209365775906E-03 8.03477955261693E-03 8.07494590874809E-03 8.11252470511762E-03 8.14745697496401E-03 8.17969096929047E-03 8.20920220245175E-03 8.2359889926666E-03 8.2600964311861E-03 8.28160533914597E-03 8.30064514660468E-03 8.31737330725562E-03 8.33195202998043E-03 8.34454577758684E-03 8.35532683140305E-03 8.36445864495391E-03 8.37205202930614E-03 8.37819709558345E-03 8.38297095190199E-03 8.38645048826793E-03 8.38871174006683E-03 8.38984009105619E-03 8.38993033286095E-03 8.38908752121243E-03 8.38742046237397E-03 8.38503708733976E-03 8.38209918235814E-03 8.37883596099379E-03 8.37538058966139E-03 8.37177981743136E-03 8.3668101477922E-03 0 0 0 0 0 0 0 0 0 0 0 0 0 0 0 0 0 0 0 0 0 0 0 0 0 0 0 0 0 0 0
7.94284701868355E-03 7.98841841145671E-03 8.03151304948871E-03 8.07210198409868E-03 8.11014046010053E-03 8.14557445096887E-03 8.17836405070753E-03 8.20847985246315E-03 8.23592003100876E-03 8.26070514886441E-03 8.28290169714007E-03 8.30260999175813E-03 8.31997413873055E-03 8.33516181139224E-03 8.34834111427352E-03 8.35968175072447E-03 8.36934702923068E-03 8.37748238886242E-03 0.008384186134931 8.38953861364885E-03 8.3936094659393E-03 8.39646768225418E-03 8.3981825374534E-03 8.39883287763018E-03 8.39850415587413E-03 8.3972830770503E-03 8.39524282411208E-03 8.39243074480905E-03 8.38895507726501E-03 8.38501608363242E-03 8.38066800211691E-03 8.37177981743136E-03 0 0 0 0 0 0 0 0 0 0 0 0 0 0 0 0 0 0 0 0 0 0 0 0 0 0 0 0 0 0 0 0
7.98431439606266E-03 8.02784445803101E-03 8.0688591823048E-03 8.10734063881238E-03 8.14325820950844E-03 8.17657193316929E-03 8.20726016851961E-03 8.23531645758639E-03 8.26076110018096E-03 8.2836347614859E-03 8.30402227188994E-03 8.32204078873621E-03 8.33784493225491E-03 8.35160920812021E-03 8.36350482946613E-03 8.37370200812681E-03 8.38235089623741E-03 8.38958119851863E-03 8.39548305305378E-03 8.40012758710343E-03 8.40357661025695E-03 8.40589337627471E-03 8.40714394585588E-03 8.4074010736409E-03 8.40673836831113E-03 8.40521204101677E-03 8.40282189494352E-03 8.39950881958582E-03 8.3953970341719E-03 8.39068628220203E-03 8.38066800211691E-03 0 0 0 0 0 0 0 0 0 0 0 0 0 0 0 0 0 0 0 0 0 0 0 0 0 0 0 0 0 0 0 0 0
8.02374670007971E-03 8.06521925666696E-03 8.10415087516127E-03 8.14053719764342E-03 8.17436074161352E-03 8.20559417224696E-03 8.23423630688037E-03 8.26030364245217E-03 8.28383744459362E-03 8.30489498005102E-03 8.32357773584055E-03 8.34001699302369E-03 8.35437394399988E-03 8.36682641545601E-03 8.37754473339322E-03 8.38669697032597E-03 8.39442177109411E-03 8.40083468880145E-03 8.4060175631697E-03 8.4100337182326E-03 8.41293872291743E-03 8.41479180874556E-03 8.41565688784905E-03 8.41560300807194E-03 8.41469633517537E-03 8.41296396752103E-03 8.41028366549495E-03 8.40627844603927E-03 8.4013362124547E-03 8.39068628220203E-03 0 0 0 0 0 0 0 0 0 0 0 0 0 0 0 0 0 0 0 0 0 0 0 0 0 0 0 0 0 0 0 0 0 0
8.06115306601131E-03 8.10057193698002E-03 8.13743816353802E-03 8.17175948685658E-03 8.20352985757495E-03 8.23273643890092E-03 8.25939979427855E-03 8.2835579242974E-03 8.30527039502077E-03 8.32460990442459E-03 8.34169279820798E-03 8.35666113945339E-03 8.36967907125689E-03 8.38092447648469E-03 8.39056430300749E-03 8.39876269042559E-03 8.40564744307725E-03 8.41132272513934E-03 8.41586312787034E-03 8.41932615126996E-03 8.42176350696498E-03 8.42323008099336E-03 8.42378512234087E-03 8.42349783158477E-03 8.42244581457035E-03 8.42067900519339E-03 8.41797641049609E-03 8.41268354841415E-03 8.4013362124547E-03 0 0 0 0 0 0 0 0 0 0 0 0 0 0 0 0 0 0 0 0 0 0 0 0 0 0 0 0 0 0 0 0 0 0 0
8.09656773715482E-03 8.13395429692935E-03 8.16878830244401E-03 8.20108787048949E-03 8.23085980966274E-03 8.25810748144274E-03 8.2828709757447E-03 8.30520826765156E-03 8.32519492543141E-03 0.008342917805727 8.35850417991931E-03 8.37210417983762E-03 8.38388237665191E-03 8.39401413637791E-03 8.40266234182132E-03 8.40998630250202E-03 8.41610545643928E-03 8.42111443460559E-03 8.42508211600288E-03 8.42806206776003E-03 8.43010338978653E-03 8.43125691427361E-03 8.43157562651229E-03 8.43112522872471E-03 8.43000946715333E-03 8.42847249620812E-03 8.42713746505635E-03 8.41268354841415E-03 0 0 0 0 0 0 0 0 0 0 0 0 0 0 0 0 0 0 0 0 0 0 0 0 0 0 0 0 0 0 0 0 0 0 0 0
8.13005724451672E-03 8.16544712569727E-03 8.19829442161846E-03 8.22862685557481E-03 8.25646527290544E-03 8.28183067959006E-03 8.30478065397458E-03 8.32538992142677E-03 8.34374734276919E-03 8.35995320958777E-03 8.37414259710568E-03 8.38646980615834E-03 8.39709784191715E-03 8.40619924861833E-03 8.41393308473366E-03 8.42045316959363E-03 8.4258717116268E-03 8.43027678590996E-03 8.43373369041221E-03 8.43629390767887E-03 8.4380058331132E-03 8.43891757808202E-03 8.43907274021086E-03 8.43850687395999E-03 8.43724887885396E-03 8.43553151397203E-03 8.43517066551203E-03 0 0 0 0 0 0 0 0 0 0 0 0 0 0 0 0 0 0 0 0 0 0 0 0 0 0 0 0 0 0 0 0 0 0 0 0 0
8.16171419364401E-03 8.19515481267231E-03 8.22607159644914E-03 8.25450133111646E-03 8.28047927321154E-03 8.30404497519411E-03 8.32527055182079E-03 8.34424464127961E-03 8.36106700872518E-03 8.37585015581243E-03 8.38873332842931E-03 8.39987204769644E-03 8.40942863378578E-03 8.41757227591981E-03 8.42445849261068E-03 8.43023519472822E-03 8.43500994784417E-03 8.4388664126932E-03 8.44186712753222E-03 8.44406306160016E-03 8.44550448364883E-03 8.44624218615713E-03 8.44631819524686E-03 8.44572508038144E-03 8.44420468340182E-03 8.44040591245088E-03 8.43517066551203E-03 0 0 0 0 0 0 0 0 0 0 0 0 0 0 0 0 0 0 0 0 0 0 0 0 0 0 0 0 0 0 0 0 0 0 0 0 0
8.19165048733498E-03 8.22319652956728E-03 8.25224421308906E-03 8.27884033012585E-03 8.30303514444074E-03 8.32488493352916E-03 8.34447389661445E-03 8.36190314487123E-03 8.37728136139933E-03 8.39072906944129E-03 8.40238669643409E-03 8.41241187414881E-03 8.42096662931421E-03 8.42821639997301E-03 8.43431273098812E-03 8.4393990229374E-03 8.44358044852536E-03 8.44693725134133E-03 8.44952972905118E-03 8.45140847812818E-03 8.45262612447698E-03 8.45324575165078E-03 8.45334499440675E-03 8.45301266611545E-03 8.45236085394247E-03 8.44040591245088E-03 0 0 0 0 0 0 0 0 0 0 0 0 0 0 0 0 0 0 0 0 0 0 0 0 0 0 0 0 0 0 0 0 0 0 0 0 0 0
8.2199917635001E-03 8.2497025316433E-03 8.27694664894791E-03 8.3017809715773E-03 8.32426985045079E-03 8.34448433498826E-03 8.36251939105949E-03 8.3784869826167E-03 8.39250200687805E-03 8.40468974454722E-03 8.41519294122721E-03 8.42417243868501E-03 8.43178845113657E-03 8.43820236158629E-03 8.44356185917573E-03 8.44800724599729E-03 8.45164146476697E-03 8.45454176276931E-03 8.45676732567119E-03 8.45836890083408E-03 8.45940097828705E-03 8.45993704785853E-03 8.46008347842639E-03 8.45999518133848E-03 8.4596754453325E-03 0 0 0 0 0 0 0 0 0 0 0 0 0 0 0 0 0 0 0 0 0 0 0 0 0 0 0 0 0 0 0 0 0 0 0 0 0 0 0
8.24686143170086E-03 8.27479756359744E-03 8.30030337922789E-03 8.3234464247826E-03 8.34430431515572E-03 8.36296122447831E-03 8.37952112208929E-03 8.39410345211799E-03 8.40682711142433E-03 8.41782264425339E-03 8.42723675019081E-03 8.43523210954029E-03 8.44196571080909E-03 8.44759570511142E-03 8.45226701900257E-03 8.45611651460863E-03 8.45924380116031E-03 8.46172411249095E-03 8.46361713758507E-03 8.46497533479352E-03 8.46585584882193E-03 8.46632842965789E-03 8.46647707555428E-03 8.46637524898151E-03 8.4596754453325E-03 0 0 0 0 0 0 0 0 0 0 0 0 0 0 0 0 0 0 0 0 0 0 0 0 0 0 0 0 0 0 0 0 0 0 0 0 0 0 0
8.27237858126707E-03 8.29860122252082E-03 8.32243452691179E-03 8.34395688443887E-03 8.36325718667888E-03 8.38043116257702E-03 8.39558924423146E-03 8.40885558504764E-03 8.42035360645354E-03 8.43021930754597E-03 8.43860249340369E-03 8.44566610007071E-03 8.45156548610836E-03 8.45645545868968E-03 8.46047858621446E-03 8.46376739196628E-03 8.46641916262319E-03 8.46850729060189E-03 8.47009191678796E-03 8.47122739880661E-03 8.47197091309047E-03 8.47238154435847E-03 8.47251927359015E-03 8.47227161673416E-03 0 0 0 0 0 0 0 0 0 0 0 0 0 0 0 0 0 0 0 0 0 0 0 0 0 0 0 0 0 0 0 0 0 0 0 0 0 0 0 0
