NongDo/Fusa 16.8h.grd
DSAA
463	323
2	464
2	324
0	10
[rows 140 to 167 of 323, columns 192 to 255 of 463]
7.45399988157113E-03 7.54998390696407E-03 7.64539026072847E-03 7.73993219585736E-03 7.83330202672304E-03 7.92513067729847E-03 8.01505872601963E-03 8.10272451965005E-03 8.18778537242999E-03 8.26989386117085E-03 8.34872008716846E-03 8.42394183116619E-03 8.49528149135766E-03 8.56250994540879E-03 8.62544952407532E-03 8.68398064179596E-03 8.73804855124265E-03 8.78767212110786E-03 8.83292968541831E-03 8.87395475770308E-03 8.91092255796374E-03 8.94404059939514E-03 8.97353193562932E-03 8.99962613728672E-03 9.02254680028721E-03 9.0424992126557E-03 9.05966476524632E-03 9.07420181559442E-03 9.08628618677516E-03 9.09611750797002E-03 9.10391674756302E-03 0.009109907294297 9.11430618876169E-03 9.11732361480659E-03 9.11915793770425E-03 9.11999029374901E-03 9.11997585475749E-03 9.11924340734938E-03 9.11789509687641E-03 9.11600590992784E-03 9.11363862134078E-03 9.11084704093028E-03 0.009107682144338 9.10420172812917E-03 9.10048805428376E-03 9.09665649949483E-03 9.09286591808757E-03 9.08600050285162E-03 0 0 0 0 0 0 0 0 0 0 0 0 0 0 0 0
7.54173798771181E-03 7.63732174065629E-03 7.73197936342632E-03 7.82543058127659E-03 7.91737573051906E-03 8.00745434321394E-03 8.09533881837741E-03 8.18070073047886E-03 8.26322880267079E-03 8.34260227304609E-03 8.41851799103891E-03 8.49067928039861E-03 8.55883648925914E-03 8.62278743207813E-03 8.6823790686037E-03 8.73751639402664E-03 8.78817197777122E-03 8.83439509246443E-03 8.87629298848193E-03 8.91402855440798E-03 8.94780234680793E-03 8.97784082753127E-03 9.0043816649385E-03 9.02766457729881E-03 9.04791787324698E-03 9.0653476985718E-03 9.0801351204895E-03 9.09243531466825E-03 9.10243259894967E-03 9.11034190442264E-03 9.11638931830277E-03 9.12079779275566E-03 9.12378236845864E-03 9.12554974227318E-03 9.12629116833099E-03 9.12617781115087E-03 9.12535399500987E-03 9.1239352718311E-03 9.12200851997586E-03 9.11963072408836E-03 9.11685490419422E-03 9.11373425500099E-03 9.11032027771663E-03 9.10668146684849E-03 9.10293983573646E-03 9.09928865425426E-03 9.09286591808757E-03 0 0 0 0 0 0 0 0 0 0 0 0 0 0 0 0 0
7.62833335580329E-03 7.7232367435598E-03 7.81688301980819E-03 7.90899392924696E-03 7.99927590362362E-03 8.08739182583564E-03 8.17305301419849E-03 8.25596215421086E-03 8.33583309932383E-03 8.41236665269538E-03 8.48528183370905E-03 8.55430930603945E-03 8.61922678306665E-03 8.67985709704599E-03 8.7360717689884E-03 8.78780332095157E-03 8.83505436701677E-03 8.87790488401519E-03 8.91649240159787E-03 8.95100991865332E-03 8.98168253506061E-03 9.00875336417047E-03 9.03247142443229E-03 9.05308231326012E-03 9.07081452907271E-03 9.08587154378873E-03 9.09843191105644E-03 9.1086512144321E-03 9.11672444595197E-03 9.12287668118535E-03 9.12733318290203E-03 9.1303144648813E-03 9.1320328533376E-03 9.13269137226542E-03 9.13247505113097E-03 9.13154354983268E-03 9.13002805859763E-03 9.1280310533904E-03 9.12562556494659E-03 9.12285029908954E-03 9.11974854375792E-03 9.11638125171157E-03 9.11281145519106E-03 9.10913180999398E-03 9.10551815322965E-03 9.09928865425426E-03 0 0 0 0 0 0 0 0 0 0 0 0 0 0 0 0 0 0
7.7136946982615E-03 7.80765894351806E-03 7.90005062481072E-03 7.99058955665312E-03 8.07899449604956E-03 8.1649713841658E-03 8.24825773556866E-03 8.32858396592032E-03 8.40568184726705E-03 8.47927301380226E-03 8.5490969805219E-03 8.61491660114141E-03 8.67653309259557E-03 8.73379456637557E-03 8.78659967190171E-03 8.83491290997105E-03 8.87876924610736E-03 8.91827963949968E-03 8.95361443625611E-03 8.98499627235562E-03 9.01267284975578E-03 9.03689989159431E-03 9.0579338894037E-03 9.07602155377296E-03 9.0913869616357E-03 9.1042280626826E-03 9.11471995086372E-03 9.12302182384516E-03 9.12933583400242E-03 9.13389297677144E-03 9.13691519310224E-03 9.13861900057148E-03 9.13921397272232E-03 9.13889846179866E-03 9.13785063889337E-03 9.13621846272503E-03 9.1341185728534E-03 9.13163945719083E-03 9.12884075824853E-03 9.12574932044991E-03 9.12240181070904E-03 9.11887564799886E-03 9.11526436167003E-03 9.11170652283593E-03 9.10551815322965E-03 0 0 0 0 0 0 0 0 0 0 0 0 0 0 0 0 0 0 0
7.79778832107422E-03 7.8905704308331E-03 7.98147363079322E-03 8.07022627981447E-03 8.15657076545398E-03 8.24025139522126E-03 8.32101941456624E-03 8.39863046507646E-03 8.47283231119267E-03 8.54337110557214E-03 8.61000912458904E-03 8.67253953624777E-03 8.73078575228041E-03 8.78462558354247E-03 8.83398959828776E-03 8.87887688648975E-03 8.91935636603203E-03 8.95557232722965E-03 8.9877289212028E-03 9.01607520050239E-03 9.04087674549545E-03 9.06239829337821E-03 0.0090808989889 9.09662109879583E-03 9.10978035484431E-03 9.1205672648665E-03 9.12915363657649E-03 9.13570431481419E-03 9.14042574556904E-03 9.14354837096349E-03 9.14528813233537E-03 9.14585924060311E-03 9.1454691703572E-03 9.14430960002895E-03 9.14254895062143E-03 9.14032460704603E-03 9.13773872032545E-03 9.13486315008008E-03 9.13174300986434E-03 9.1284032085237E-03 9.12488710192994E-03 9.12130203061162E-03 9.1177941143828E-03 9.11170652283593E-03 0 0 0 0 0 0 0 0 0 0 0 0 0 0 0 0 0 0 0 0
7.88061749354054E-03 7.97198957235896E-03 8.06118957171507E-03 8.14796167160135E-03 8.23206819691094E-03 8.31328138325347E-03 0.008391374421547 8.46612313924822E-03 8.53729462027664E-03 8.60466029301676E-03 8.66800749658453E-03 8.72715591248145E-03 8.78195914897055E-03 8.83232821268133E-03 8.87823003339259E-03 8.91969906552672E-03 8.95684010869965E-03 8.98983157073474E-03 9.01890850602051E-03 9.04434172699458E-03 9.06640888258613E-03 9.08537914620837E-03 9.10150760399871E-03 9.11502734593335E-03 9.12614393131866E-03 9.13503902799257E-03 9.1418805365006E-03 9.14684028663057E-03 9.15012661954366E-03 9.15196394378244E-03 9.15256477503156E-03 9.15214160943472E-03 9.15089859837447E-03 9.14901984608795E-03 9.14666371783261E-03 9.14395566279563E-03 9.1409810250567E-03 9.13779271023369E-03 9.13442654015823E-03 9.13091488830935E-03 9.1273291981827E-03 9.12382392113341E-03 9.1177941143828E-03 0 0 0 0 0 0 0 0 0 0 0 0 0 0 0 0 0 0 0 0 0
7.96207640668999E-03 8.05181375375926E-03 8.13910058221991E-03 8.22369812263999E-03 8.30538479718161E-03 8.3839587454224E-03 8.45921833499439E-03 8.5309592258041E-03 8.59897011173545E-03 8.66304749711639E-03 8.72300484646244E-03 8.77869039514441E-03 8.82999414326294E-03 8.87686418223967E-03 8.91930699720956E-03 8.95739196528988E-03 8.99126011700346E-03 9.0211233695173E-03 9.04724331724407E-03 9.06990690355023E-03 9.08939764409351E-03 9.10598223852494E-03 9.11990571485503E-03 9.13139011712535E-03 9.14062972549514E-03 9.1477971604265E-03 9.1530571394212E-03 9.15658433546993E-03 9.15858301573893E-03 9.15927422527265E-03 9.15887189028869E-03 9.1575849971487E-03 9.15561143923872E-03 9.15312857446647E-03 9.15028782789706E-03 9.14720276579261E-03 9.14393639377046E-03 9.14051669830823E-03 9.13698177191982E-03 9.13339064563623E-03 9.12987608987562E-03 9.12382392113341E-03 0 0 0 0 0 0 0 0 0 0 0 0 0 0 0 0 0 0 0 0 0 0
8.04199069247019E-03 8.12986382747735E-03 8.21502126680888E-03 8.29724198990332E-03 8.37632349693796E-03 8.45209105815415E-03 8.52436618964461E-03 8.59296412457362E-03 8.65769597637686E-03 8.71838515765885E-03 8.77487479367061E-03 8.82704481317275E-03 8.87482348516551E-03 8.91819952141477E-03 8.95722023126924E-03 8.99198860632653E-03 9.02268084806171E-03 9.04954033973007E-03 9.07284894997155E-03 9.09290323023899E-03 9.10998622808547E-03 9.1243559738404E-03 9.13624507259188E-03 9.14586298216732E-03 9.15339045004567E-03 9.15899061749053E-03 9.16282470129098E-03 9.16506907503562E-03 9.16592590292066E-03 9.16561173480797E-03 9.16433942496057E-03 9.1623140886636E-03 9.15972692894164E-03 9.15674936598617E-03 9.15353179069152E-03 9.15018226472383E-03 9.14673005003548E-03 9.14315540691296E-03 9.13953516183765E-03 9.13598401670678E-03 9.12987608987562E-03 0 0 0 0 0 0 0 0 0 0 0 0 0 0 0 0 0 0 0 0 0 0 0
8.12014766854406E-03 8.2059261775912E-03 8.28873831219039E-03 8.36838356280101E-03 8.44468191609816E-03 8.51748533893225E-03 8.58663663315228E-03 8.65197122613216E-03 8.7133246688447E-03 8.77054915762263E-03 8.82352052604031E-03 8.87215265116625E-03 8.91641418615224E-03 8.95633546068014E-03 8.99200418576598E-03 9.02355641651267E-03 9.05120138076172E-03 9.07520807967339E-03 9.09587129207928E-03 9.11349044925792E-03 9.12834219434266E-03 9.14067262907602E-03 9.15070032575721E-03 9.15861969125036E-03 9.16459632503582E-03 9.16878441597005E-03 9.17134229699723E-03 9.17244762187757E-03 9.17230136717529E-03 9.1711157388797E-03 9.16909986364406E-03 9.16645308639402E-03 9.16335980511535E-03 9.15998929117679E-03 9.15650490448467E-03 9.1530285853918E-03 9.14953758481227E-03 9.14585236801533E-03 9.14222847991544E-03 9.13598401670678E-03 0 0 0 0 0 0 0 0 0 0 0 0 0 0 0 0 0 0 0 0 0 0 0 0
8.19631406318361E-03 8.27977045552967E-03 8.36002743039502E-03 8.43690804399309E-03 8.51025651816026E-03 8.57995069817604E-03 8.64585522968234E-03 8.70782690518799E-03 8.7657274088931E-03 8.81943975488686E-03 8.86887432596323E-03 8.91398066299331E-03 8.95476930323436E-03 8.99131183358075E-03 9.02373431327094E-03 9.05220365435771E-03 9.07695650307529E-03 9.09828124281858E-03 9.11647930600266E-03 9.13184669396772E-03 9.14464908975257E-03 9.15511792050096E-03 9.1634550372619E-03 9.16983817515606E-03 9.17441873862783E-03 9.17734285242573E-03 9.17876684723583E-03 9.17886942788497E-03 9.1778514720889E-03 9.17592099116862E-03 9.17328047239126E-03 9.17011900858499E-03 9.16661092535278E-03 9.16293295041169E-03 9.15929983107408E-03 9.15591050340975E-03 9.15270773913452E-03 9.14879844665408E-03 9.14222847991544E-03 0 0 0 0 0 0 0 0 0 0 0 0 0 0 0 0 0 0 0 0 0 0 0 0 0
8.27024600016126E-03 8.35116312466672E-03 8.42866870338368E-03 8.50261207228214E-03 8.57286306020668E-03 8.63932367668718E-03 8.70188105658672E-03 8.76041590126164E-03 8.81481848989097E-03 8.86500287102025E-03 8.9109150471895E-03 8.95254271146386E-03 8.98993831065122E-03 9.02321143892751E-03 9.05252287379626E-03 9.07806779079726E-03 9.10010429807837E-03 9.11893260768505E-03 9.13485467779534E-03 9.14815815485115E-03 9.15909405811204E-03 9.16787698875485E-03 9.17469017473288E-03 9.17969389074831E-03 9.18302667841948E-03 9.18482842799705E-03 9.18525454642425E-03 9.18448398666213E-03 9.18271747334446E-03 9.18016063034545E-03 9.17700721159238E-03 9.17342694715356E-03 9.16957001653401E-03 9.16562361205147E-03 9.16193267568206E-03 9.15896158471491E-03 9.15713840090528E-03 9.14879844665408E-03 0 0 0 0 0 0 0 0 0 0 0 0 0 0 0 0 0 0 0 0 0 0 0 0 0 0
8.34170126818084E-03 8.41987861748743E-03 8.49445564724148E-03 8.56531027014998E-03 8.63233911424084E-03 8.69546660110968E-03 8.75460384721803E-03 8.80965829170637E-03 8.86055012459363E-03 8.9072249818681E-03 8.94966529843531E-03 8.98789809158004E-03 9.02201378794147E-03 9.05215634390465E-03 9.07851694793457E-03 9.10131522873149E-03 9.12082352414689E-03 9.13734749843702E-03 9.15118553405089E-03 9.16261214641513E-03 9.17186049230653E-03 9.17912698210488E-03 9.18457582993425E-03 9.18834978574496E-03 9.1905766593002E-03 9.19139132979276E-03 9.19094825185892E-03 9.18942639919274E-03 9.1870286555458E-03 9.1839612354355E-03 9.18040769043156E-03 9.1765041758282E-03 9.17233353191417E-03 9.1680368424778E-03 9.16420155744828E-03 9.1617089280702E-03 9.16142719184863E-03 0 0 0 0 0 0 0 0 0 0 0 0 0 0 0 0 0 0 0 0 0 0 0 0 0 0 0
8.41045775874377E-03 8.48571907304433E-03 8.55721716001911E-03 8.62485895020538E-03 8.68856819069262E-03 8.74829260716726E-03 8.80396889729496E-03 8.85553169427129E-03 8.90293245558925E-03 8.94615006835847E-03 8.98520345529927E-03 9.02015540411667E-03 9.05113012570838E-03 9.07830316877399E-03 9.10189189382859E-03 9.12213281348865E-03 9.13930612177572E-03 9.15371987985972E-03 9.16566425567716E-03 9.1753964776049E-03 9.18312980700761E-03 0.009189041345319 9.19327638962546E-03 9.19596266697315E-03 9.19721951416466E-03 9.19717686065318E-03 9.19598684798091E-03 9.19382786356774E-03 9.19090892763867E-03 9.18744618382639E-03 9.1836213659999E-03 9.17952807881956E-03 9.17508331346187E-03 9.17007509333613E-03 9.16564787254731E-03 9.16314985907174E-03 9.16142719184863E-03 0 0 0 0 0 0 0 0 0 0 0 0 0 0 0 0 0 0 0 0 0 0 0 0 0 0 0
8.47632105590895E-03 8.54851853863607E-03 8.61681612272297E-03 8.68115131904906E-03 8.74147594518445E-03 8.79776131705983E-03 8.84996881559243E-03 8.89806169805904E-03 8.94202477240992E-03 8.98187054214738E-03 9.01765138173364E-03 9.04946112930277E-03 9.07745451990953E-03 9.10183462615118E-03 9.12283957765657E-03 9.14071565863205E-03 9.15574822708281E-03 9.16824443985011E-03 9.17847955777327E-03 9.18669035193504E-03 9.1930699127754E-03 9.19777695874488E-03 9.20094057312663E-03 9.20267556016526E-03 9.20309316299114E-03 9.20231831574865E-03 9.20049927890602E-03 9.19781103961577E-03 9.1944741519645E-03 9.19073469999142E-03 9.18680768217602E-03 9.18280382786038E-03 9.17840657284569E-03 9.1715991150728E-03 9.16564787254731E-03 9.16314985907174E-03 0 0 0 0 0 0 0 0 0 0 0 0 0 0 0 0 0 0 0 0 0 0 0 0 0 0 0 0
8.53914293366103E-03 8.60815899396141E-03 8.67316565159365E-03 8.73413254783509E-03 8.79104002452223E-03 8.84388073939367E-03 8.89264195525109E-03 8.93731817711285E-03 8.97792859496036E-03 9.01451647342652E-03 9.0471640183713E-03 9.07599218487473E-03 9.10118131524005E-03 9.12295608317619E-03 9.14156888334704E-03 9.15727406754169E-03 9.17035908409414E-03 9.18112312918068E-03 9.18982145243152E-03 9.19667032774453E-03 9.20184430701076E-03 9.20548641099406E-03 9.20771233231295E-03 9.20862533904051E-03 9.20832862351078E-03 9.20694184531512E-03 9.20460715539287E-03 9.20149034422657E-03 9.19782508143545E-03 9.19391399797783E-03 9.19007722806657E-03 9.18672137513462E-03 9.18442105382065E-03 9.1715991150728E-03 0 0 0 0 0 0 0 0 0 0 0 0 0 0 0 0 0 0 0 0 0 0 0 0 0 0 0 0 0 0
8.59881371522263E-03 8.66456224639252E-03 8.72621979586679E-03 8.78378856411246E-03 8.83727750091922E-03 8.88669764845145E-03 8.93206639639348E-03 8.97341063530943E-03 9.01078215252727E-03 9.04425052707525E-03 9.07392493891203E-03 9.09994914828503E-03 9.12252252958102E-03 9.14188591284829E-03 9.15829972502472E-03 9.17202536189647E-03 9.18334571117008E-03 9.1925470525409E-03 9.19986523159539E-03 9.20549730933339E-03 9.20960198560477E-03 9.2123089574983E-03 9.21372221849321E-03 9.21393486684269E-03 9.2130428902886E-03 9.21115900481727E-03 9.2084140303417E-03 9.20495709113773E-03 9.20102948738687E-03 9.19699310581358E-03 9.19325419344442E-03 9.19050240716849E-03 9.19014735056363E-03 0 0 0 0 0 0 0 0 0 0 0 0 0 0 0 0 0 0 0 0 0 0 0 0 0 0 0 0 0 0 0
8.65526312639197E-03 8.71769183354799E-03 8.77597744829449E-03 8.83015120196536E-03 8.88024901427128E-03 8.92630471845984E-03 8.96836759594912E-03 9.00649362492945E-03 9.04076296407159E-03 9.07126872463412E-03 9.09814319620435E-03 9.12154840439746E-03 9.14169729811473E-03 9.15884042707165E-03 9.17324185308073E-03 9.18516778308179E-03 9.1948922797907E-03 9.20268523744086E-03 9.20876446529632E-03 9.2133117053832E-03 9.21647304566781E-03 9.2183661360899E-03 9.21908407623386E-03 9.21871196077268E-03 9.21733924402238E-03 9.21506905072433E-03 9.2120148157337E-03 9.20829969878805E-03 9.20415662422498E-03 9.19997483055903E-03 9.19609281592418E-03 9.19279738139421E-03 9.19014735056363E-03 0 0 0 0 0 0 0 0 0 0 0 0 0 0 0 0 0 0 0 0 0 0 0 0 0 0 0 0 0 0 0
8.70845858897206E-03 8.76754839742564E-03 8.82247115104344E-03 8.8732850826349E-03 8.92005431773914E-03 8.96283823521084E-03 9.00171170583676E-03 9.0367574177581E-03 9.06808012710145E-03 9.09579356639868E-03 9.12004698586355E-03 9.14101691411516E-03 9.15892524174703E-03 9.17402697814308E-03 9.18658719911209E-03 9.19687501431564E-03 9.20515467602707E-03 9.21167651570613E-03 9.21664396321557E-03 9.22022636006732E-03 9.22255893951696E-03 9.22374872177241E-03 9.2238806353999E-03 9.22303343311485E-03 9.22128979735891E-03 9.21873966916924E-03 9.21547152684233E-03 9.21157956456713E-03 9.20729430384068E-03 9.20301855096152E-03 9.19905301494985E-03 9.19279738139421E-03 0 0 0 0 0 0 0 0 0 0 0 0 0 0 0 0 0 0 0 0 0 0 0 0 0 0 0 0 0 0 0 0
8.75843984149329E-03 8.81420335301041E-03 8.86580103939573E-03 8.91331955979746E-03 8.9568509009126E-03 8.99647612906103E-03 9.03229194007527E-03 9.06440577811485E-03 9.09294383557636E-03 9.11803601774631E-03 9.13984407836154E-03 9.15855591124125E-03 9.17439840347896E-03 9.18762794962443E-03 9.19850817197311E-03 9.20730701948302E-03 9.21427680715532E-03 9.21965140044199E-03 9.22362355155983E-03 9.22635137501633E-03 9.22795994955068E-03 9.22854772954785E-03 9.22819432379138E-03 9.22697430560985E-03 9.22496534958582E-03 9.22224260339496E-03 9.21885404736178E-03 9.21484481016525E-03 9.21050716757983E-03 9.20627743440122E-03 9.19905301494985E-03 0 0 0 0 0 0 0 0 0 0 0 0 0 0 0 0 0 0 0 0 0 0 0 0 0 0 0 0 0 0 0 0 0
8.80529081224775E-03 8.85777002423367E-03 8.90610885005168E-03 8.9504223662706E-03 8.99082560671025E-03 9.02741673535374E-03 9.06031456453398E-03 9.08964902114453E-03 9.11556433992122E-03 9.13820146376054E-03 9.15773231776658E-03 9.17435331905478E-03 9.18829290262827E-03 9.19980625965268E-03 9.20915292246403E-03 9.21659755584746E-03 9.22238218860224E-03 9.22672621182639E-03 9.22981199937602E-03 9.23178818743211E-03 9.23277165981652E-03 9.23285383672516E-03 9.23211022719857E-03 9.23061512232258E-03 9.22844909843518E-03 9.22568640974407E-03 9.22232172836928E-03 9.2182159801068E-03 9.21390455520674E-03 9.20627743440122E-03 0 0 0 0 0 0 0 0 0 0 0 0 0 0 0 0 0 0 0 0 0 0 0 0 0 0 0 0 0 0 0 0 0 0
8.84912904746973E-03 8.89838901591789E-03 8.94355678474173E-03 8.98477126874412E-03 9.02216608544431E-03 9.05585660096832E-03 9.08598277921934E-03 9.11269310908153E-03 9.13614520172481E-03 9.1564888870067E-03 9.17390384597734E-03 9.18859168385487E-03 9.20077965650906E-03 9.21071983055107E-03 9.21866661783104E-03 9.22487987451163E-03 9.22959198196135E-03 9.23301068797951E-03 9.23530927274385E-03 9.23662864119436E-03 9.23707954905716E-03 9.23674735400459E-03 9.23570368163782E-03 9.23402694056286E-03 9.23181782458555E-03 9.22920385679036E-03 9.2261838960416E-03 9.22180377813027E-03 9.21390455520674E-03 0 0 0 0 0 0 0 0 0 0 0 0 0 0 0 0 0 0 0 0 0 0 0 0 0 0 0 0 0 0 0 0 0 0 0
8.89009447019669E-03 8.93621764528557E-03 8.97831536208187E-03 9.01654609247146E-03 9.05106105466598E-03 9.08199278150972E-03 9.10949808266037E-03 9.13374038824859E-03 9.15488652604074E-03 9.17309330330672E-03 9.18854434438978E-03 9.20144418220047E-03 9.21201758811009E-03 9.22051247549808E-03 9.22717862682788E-03 9.2322701898882E-03 9.23601139944513E-03 9.23860000869523E-03 9.24020153837696E-03 9.24095067232127E-03 9.2409535531695E-03 9.24029165075964E-03 9.23903452670518E-03 9.23726464627462E-03 9.23511532215431E-03 9.23289618617338E-03 9.23130316065229E-03 9.22180377813027E-03 0 0 0 0 0 0 0 0 0 0 0 0 0 0 0 0 0 0 0 0 0 0 0 0 0 0 0 0 0 0 0 0 0 0 0 0
8.9283525747621E-03 8.9714333996493E-03 9.01057053316701E-03 9.04593889511024E-03 9.07770592719827E-03 9.10602125430265E-03 9.13105498914955E-03 9.15298064640317E-03 9.17197036742797E-03 9.18818709668071E-03 9.20181583592657E-03 9.2130609735428E-03 9.22214422613521E-03 9.2293100169719E-03 9.23480409089152E-03 9.2388739987845E-03 9.24173631984674E-03 9.24358089058777E-03 9.24456688584587E-03 9.24482409411077E-03 9.24445599528526E-03 9.2435437047877E-03 9.24215794556667E-03 9.24037539574518E-03 9.2382994183743E-03 9.23627592129973E-03 9.23598768851669E-03 0 0 0 0 0 0 0 0 0 0 0 0 0 0 0 0 0 0 0 0 0 0 0 0 0 0 0 0 0 0 0 0 0 0 0 0 0
8.96407821188763E-03 9.00421858455198E-03 9.04050976598705E-03 9.07314047814527E-03 9.10229249023567E-03 9.12813183112662E-03 9.15083775037849E-03 9.17059019260469E-03 9.18756367574013E-03 9.20192608322345E-03 9.21386115516261E-03 9.22357151620763E-03 9.23127754373287E-03 9.23722008557863E-03 9.24164092518895E-03 9.24478023682781E-03 9.24684819313802E-03 9.24802787863053E-03 9.24847276370797E-03 9.24830894710071E-03 9.24763955346992E-03 9.24655154025131E-03 9.2451289495155E-03 9.24345018370886E-03 9.24146734292416E-03 9.23846359241254E-03 9.23598768851669E-03 0 0 0 0 0 0 0 0 0 0 0 0 0 0 0 0 0 0 0 0 0 0 0 0 0 0 0 0 0 0 0 0 0 0 0 0 0
8.99744432808484E-03 9.03474791841501E-03 9.06830681834522E-03 9.09832273673507E-03 9.12499046139387E-03 9.14848891986047E-03 9.16900317194902E-03 9.18671769054561E-03 9.20180720575341E-03 9.21444081792499E-03 9.22479954852775E-03 9.23308595595973E-03 9.23951957287348E-03 9.24433725823763E-03 9.2477761540131E-03 9.25006931288124E-03 9.25142123815672E-03 9.25200888003998E-03 9.25198080980224E-03 9.25146052051742E-03 9.25055249768017E-03 9.24935688336422E-03 9.24799902972928E-03 9.24666597800241E-03 9.24562335878142E-03 9.23846359241254E-03 0 0 0 0 0 0 0 0 0 0 0 0 0 0 0 0 0 0 0 0 0 0 0 0 0 0 0 0 0 0 0 0 0 0 0 0 0 0
9.02861393814399E-03 9.06318450402242E-03 9.09412425861563E-03 9.1216460002096E-03 9.14595521334453E-03 9.16724056384202E-03 9.18569080181182E-03 9.20149285632134E-03 9.21481937436198E-03 9.22583830040544E-03 9.23472970519875E-03 9.24169703991156E-03 9.2469574006857E-03 9.2507431591306E-03 9.25328648700134E-03 9.25481341769616E-03 9.25552241268108E-03 9.25558502866957E-03 9.25514629516824E-03 9.25432899965989E-03 9.25324101361638E-03 9.25199644713467E-03 9.25076327230541E-03 9.24983497753242E-03 9.24958792720727E-03 0 0 0 0 0 0 0 0 0 0 0 0 0 0 0 0 0 0 0 0 0 0 0 0 0 0 0 0 0 0 0 0 0 0 0 0 0 0 0
9.05772563122883E-03 9.08966510563139E-03 9.11809560178064E-03 9.1432399856292E-03 9.16531236808989E-03 9.1845083161758E-03 9.20101766530165E-03 9.21502617558169E-03 9.22670288130916E-03 9.23621534407149E-03 9.24374389479814E-03 9.24949143059809E-03 9.25367145087456E-03 9.25651214986188E-03 9.25824088985122E-03 9.25907605057598E-03 9.25920943634274E-03 9.25880842847706E-03 9.25801615724155E-03 9.25695701841527E-03 9.25574557906613E-03 9.25450852487467E-03 9.25343082403615E-03 9.25276017984738E-03 9.24958792720727E-03 0 0 0 0 0 0 0 0 0 0 0 0 0 0 0 0 0 0 0 0 0 0 0 0 0 0 0 0 0 0 0 0 0 0 0 0 0 0 0
9.08490117726562E-03 9.11431036905812E-03 9.14034047405586E-03 9.16322279281968E-03 9.18317687163551E-03 9.20040261094163E-03 9.21508810974743E-03 9.22741533729613E-03 9.23755042242386E-03 9.24566063305189E-03 9.25192560624763E-03 9.25654616328483E-03 9.25973305965789E-03 9.26170978294963E-03 9.26269848465693E-03 9.26290947985437E-03 9.26252864386983E-03 9.26172024239601E-03 9.26062674382992E-03 9.2593760230528E-03 9.25809237388963E-03 9.25692266378913E-03 9.25609520615909E-03 9.25588941465765E-03 0 0 0 0 0 0 0 0 0 0 0 0 0 0 0 0 0 0 0 0 0 0 0 0 0 0 0 0 0 0 0 0 0 0 0 0 0 0 0 0
