NongDo/Fusa 13.3h.grd
DSAA
463	323
2	464
2	324
0	10
[rows 140 to 167 of 323, columns 192 to 255 of 463]
6.97896603149184E-03 7.05060964331777E-03 7.1215316788231E-03 7.19160714737353E-03 7.26067837154251E-03 7.32854423862961E-03 7.39501251107742E-03 7.45988117056064E-03 7.52295192974738E-03 7.58401423600305E-03 7.64286451042814E-03 7.6993023477779E-03 7.7531570129072E-03 7.80428465200361E-03 0.007852570676196 7.89793481035839E-03 7.94033491177315E-03 7.97977053665518E-03 8.01627072255391E-03 8.0498934637714E-03 8.08071743026465E-03 8.10883808220671E-03 8.13435856959958E-03 8.15738795288304E-03 8.17803507296663E-03 8.19640423202017E-03 8.21259681662896E-03 8.22671598089438E-03 8.23889673883722E-03 8.24929879798952E-03 8.25809370104264E-03 8.26544537908446E-03 8.27150154489139E-03 8.27639776041014E-03 8.28025262342536E-03 8.28316844106365E-03 8.28522300334247E-03 8.2864779993766E-03 8.28698330298982E-03 8.28678246696688E-03 8.28591262166511E-03 8.28439870443567E-03 8.28225261211281E-03 8.2794769973991E-03 8.27606244154773E-03 8.27196830889576E-03 8.26712674794684E-03 8.25560613598073E-03 0 0 0 0 0 0 0 0 0 0 0 0 0 0 0 0
7.04988450326276E-03 7.12072330393356E-03 7.19069059898206E-03 7.25966393566074E-03 7.32748819227122E-03 7.39396365103932E-03 7.45891257433102E-03 7.52214589584984E-03 7.58347617746994E-03 7.64270132641151E-03 7.69962674790011E-03 7.75405960976979E-03 7.80583811862147E-03 7.85482709411987E-03 7.90091976658836E-03 7.94404482566299E-03 7.98417227340551E-03 8.0213165746543E-03 8.05552091223682E-03 8.08685828535078E-03 8.11542044808643E-03 8.14131409452619E-03 8.16465400412451E-03 8.18556051455228E-03 8.20415248377956E-03 8.2205440146037E-03 8.2348462946537E-03 0.008247169539175 8.25766460148474E-03 8.26650920296733E-03 8.27387950719572E-03 8.27993731673565E-03 8.28482572771378E-03 8.28867377514499E-03 8.29159037780391E-03 8.29366904587511E-03 8.2949791747925E-03 8.29557281345142E-03 8.2954897598574E-03 8.29476438877378E-03 8.29342888914221E-03 8.29150078809863E-03 8.28897546237689E-03 8.28583520145145E-03 8.28205562146752E-03 8.27760366990923E-03 8.26712674794684E-03 0 0 0 0 0 0 0 0 0 0 0 0 0 0 0 0 0
7.1188726057189E-03 7.18881390552987E-03 7.25774118835468E-03 7.32553035133719E-03 7.39202726878522E-03 7.45704326087652E-03 7.52041969022488E-03 7.58197922639062E-03 7.6415415432205E-03 7.6989098817995E-03 7.75389562244669E-03 7.80631477651124E-03 7.85601405731038E-03 7.90286559348915E-03 7.9467703323346E-03 7.98766777711798E-03 8.02554170290006E-03 8.06042164563025E-03 8.09236624262712E-03 8.12146473323443E-03 8.14782247312003E-03 8.17155710766763E-03 8.19279423610357E-03 8.21166420069251E-03 8.22829448462176E-03 8.24280786558072E-03 8.25532437294145E-03 8.26596455250373E-03 8.27489614399545E-03 8.28230884417627E-03 8.28837658739017E-03 8.29325630502186E-03 8.29708527661938E-03 8.29998678817259E-03 8.30206238066134E-03 8.30339509732995E-03 8.30404358023588E-03 8.30405204213707E-03 8.30345258537235E-03 0.00830226560118 8.3005087649525E-03 8.29819039582502E-03 8.29528360233778E-03 8.29173043790159E-03 8.28747664819089E-03 8.27760366990923E-03 0 0 0 0 0 0 0 0 0 0 0 0 0 0 0 0 0 0
7.18598062794572E-03 7.25494206416666E-03 7.32275372871986E-03 7.3892855852352E-03 7.45438932219659E-03 7.5179011161662E-03 7.57967192684874E-03 7.63953419168068E-03 7.69730954031432E-03 7.75280553783403E-03 7.80583792849164E-03 7.8562349021518E-03 7.90384845469555E-03 7.9485579770843E-03 7.99027378591056E-03 8.02894933678282E-03 8.06458375868046E-03 8.09722214348295E-03 8.12694134141248E-03 8.1538478562079E-03 8.17806113060247E-03 8.19970863155987E-03 8.21892581024464E-03 8.23585131844685E-03 8.2506193775239E-03 8.26336043327653E-03 8.27420332704647E-03 8.28328119109514E-03 8.29077327061617E-03 8.2968760754294E-03 8.30175796174762E-03 8.30556819271195E-03 8.30843809947746E-03 8.31048554478989E-03 8.3118058077506E-03 8.31247004579833E-03 8.31252546834158E-03 8.31200852352468E-03 8.31094419339212E-03 8.30933616770032E-03 8.30717696780262E-03 8.30445705537002E-03 8.30111752250969E-03 8.29705502424727E-03 8.28747664819089E-03 0 0 0 0 0 0 0 0 0 0 0 0 0 0 0 0 0 0 0
7.25131289616162E-03 7.3192196396998E-03 7.38584330638803E-03 7.45105518296824E-03 7.51472199184086E-03 7.57670093474748E-03 7.63684197382989E-03 7.69498451074026E-03 7.75095006062773E-03 7.80455254719714E-03 7.8556132878665E-03 7.90397091779468E-03 7.94948102553586E-03 7.99203314783319E-03 8.03155048954036E-03 8.06800266195274E-03 8.10140586440967E-03 8.13182369608074E-03 8.15935370052447E-03 8.1841192003388E-03 8.20625246962092E-03 8.2258905808081E-03 8.24317739179972E-03 8.25825725672358E-03 8.27126919219804E-03 8.28235034508084E-03 8.29163871540193E-03 8.2992805713163E-03 8.30546178048172E-03 8.31037721039454E-03 8.31418490776483E-03 8.31702809978888E-03 8.31903376241898E-03 8.32031260929746E-03 8.32095024187804E-03 8.32100768147487E-03 8.32052205241969E-03 8.31951615823012E-03 8.31799923125451E-03 8.31595725399628E-03 8.31335609028801E-03 8.31015380042237E-03 8.30626047126783E-03 8.29705502424727E-03 0 0 0 0 0 0 0 0 0 0 0 0 0 0 0 0 0 0 0 0
7.31504841497966E-03 7.38183670634325E-03 7.44721473543567E-03 7.51106058287458E-03 7.5732522113073E-03 7.63365884803582E-03 7.69213383985835E-03 7.74851827912472E-03 7.80263565972923E-03 7.85430639744074E-03 7.90335835693705E-03 7.94963737513965E-03 7.99300878965773E-03 8.03337495145665E-03 8.0706757005711E-03 8.10489842783791E-03 8.13607962246188E-03 8.1643038144577E-03 8.18968892989303E-03 8.21237382541317E-03 8.23250162652148E-03 8.25021788362266E-03 8.26567134322602E-03 8.27900951889939E-03 8.2903753354305E-03 8.29991098648046E-03 8.30776161757958E-03 8.3140864367274E-03 8.31907421161825E-03 8.32290969066873E-03 8.3257421590637E-03 8.32771020896144E-03 8.32893679438371E-03 8.32952472847271E-03 8.32954977840926E-03 8.32906151130953E-03 8.32808089046832E-03 8.32660957632895E-03 8.32463600761405E-03 8.32212115089714E-03 8.31899602498256E-03 8.31518590928455E-03 8.30626047126783E-03 0 0 0 0 0 0 0 0 0 0 0 0 0 0 0 0 0 0 0 0 0
7.37732794935844E-03 7.44293983336514E-03 7.50702088541998E-03 7.56945547074816E-03 7.63012699054876E-03 7.6889135658484E-03 7.74567355905216E-03 7.80024900945483E-03 7.85246701890517E-03 7.90215395470504E-03 7.94914427419992E-03 7.99329289126715E-03 8.03448087214916E-03 8.07262744053683E-03 8.1076926486743E-03 8.13968303875959E-03 8.16865802139373E-03 8.1947246435194E-03 8.21801985089262E-03 8.23869597098016E-03 8.25690441144623E-03 8.27279519598603E-03 8.28651795840973E-03 8.2982228508398E-03 8.30805604742632E-03 8.31616385880601E-03 8.32269747490195E-03 8.32782140216614E-03 8.33171736166086E-03 8.33456309802354E-03 0.008336506246574 8.33767881800636E-03 8.33819698869472E-03 8.33815832893873E-03 8.33763336814337E-03 8.33665599836212E-03 8.33521739381309E-03 8.33328107779075E-03 8.33081086938687E-03 8.3277401448304E-03 8.32398127987432E-03 8.31518590928455E-03 0 0 0 0 0 0 0 0 0 0 0 0 0 0 0 0 0 0 0 0 0 0
7.43823865113599E-03 7.50261138031322E-03 7.56533608722777E-03 7.62630173257326E-03 0.00768539647809 7.74250659311088E-03 7.79749348203629E-03 7.85020006964292E-03 7.9004575745185E-03 7.94809964841754E-03 7.99297022799491E-03 8.03493685217174E-03 8.07389957559407E-03 8.10979927026883E-03 8.14261904193498E-03 8.17238563842602E-03 8.19918300506603E-03 8.22314143715042E-03 8.24441400686117E-03 8.26316332442934E-03 8.27954560496466E-03 8.29371130447586E-03 8.30580984469991E-03 8.31599310186214E-03 8.32440789800518E-03 8.33120245916559E-03 8.3365308266745E-03 8.34055906112684E-03 8.34346259321539E-03 8.3454110207058E-03 8.34654805789252E-03 8.34699971160613E-03 8.34687615802246E-03 8.34627271209662E-03 8.34525916389059E-03 8.34385149776521E-03 8.3419854564818E-03 8.3395425951083E-03 8.33648208546532E-03 8.33271850558394E-03 8.32398127987432E-03 0 0 0 0 0 0 0 0 0 0 0 0 0 0 0 0 0 0 0 0 0 0 0
0.007497819079624 7.56088101706977E-03 7.62217942289378E-03 7.68160805950662E-03 7.7390603719119E-03 7.79442907910129E-03 7.84757667409395E-03 7.89834742036808E-03 7.94657835482008E-03 7.99211257691503E-03 8.0348070747666E-03 8.07454536117345E-03 8.11125019638322E-03 8.14488729193376E-03 8.17546485502188E-03 8.20303189860524E-03 8.22769791541086E-03 8.24961394055796E-03 8.26894489535597E-03 8.28585964959568E-03 8.30051542845247E-03 8.31306163425369E-03 0.008323646981352 8.33242232564743E-03 8.33953189908696E-03 8.34512401639097E-03 8.34935361656851E-03 8.35238661899145E-03 8.35439225277792E-03 8.35553131414617E-03 8.35594076253654E-03 8.3557399935318E-03 8.35503527067779E-03 8.35392339807589E-03 8.35248282795257E-03 8.35072069164199E-03 8.34847278626274E-03 8.34537233586139E-03 8.34153934924148E-03 8.33271850558394E-03 0 0 0 0 0 0 0 0 0 0 0 0 0 0 0 0 0 0 0 0 0 0 0 0
7.55606733795237E-03 7.61773606488495E-03 7.67752777370725E-03 7.73534183044642E-03 7.79107662576874E-03 7.84462980598963E-03 7.89586532833148E-03 7.94462984940656E-03 7.99076800436981E-03 8.03413522112578E-03 8.07460489179702E-03 8.11207987555114E-03 8.14650922110922E-03 8.17788605689164E-03 8.20624509089106E-03 8.23165832440215E-03 8.25425823222542E-03 8.27421333468373E-03 8.29169664312553E-03 8.30687907829366E-03 8.31991599961031E-03 8.33095406348099E-03 8.34013873568884E-03 8.34761731844791E-03 8.35353047523017E-03 8.3580249633285E-03 8.36125544701961E-03 8.36338708946921E-03 8.36458412858543E-03 8.36499700080231E-03 8.36475191131816E-03 8.36395772173851E-03 8.36271449023911E-03 8.3611305075812E-03 8.35933309411143E-03 8.35738170726169E-03 8.35498748764081E-03 8.35075150420733E-03 8.34153934924148E-03 0 0 0 0 0 0 0 0 0 0 0 0 0 0 0 0 0 0 0 0 0 0 0 0 0
7.61294423312198E-03 7.6731284148464E-03 7.73132517311687E-03 7.78744036809263E-03 7.84137707741037E-03 7.89303627472013E-03 7.94228443492958E-03 7.98897315143508E-03 8.03295743215189E-03 8.07410679690761E-03 8.11231419135202E-03 8.14750636215674E-03 8.17966165557906E-03 8.20880106148436E-03 8.23498576682714E-03 8.25831085581091E-03 8.27892849297266E-03 8.29701973194512E-03 8.31276143234184E-03 8.32632317330143E-03 8.33785579197759E-03 8.34750117894883E-03 8.35539880162072E-03 8.36169017291255E-03 8.36651162066283E-03 8.37000829286157E-03 8.37233461000784E-03 8.37365374789269E-03 8.37412401390636E-03 8.37388613007535E-03 8.37305186139759E-03 8.37170708864665E-03 8.36992808877662E-03 8.36783770048853E-03 8.36570944333461E-03 8.36388905488588E-03 8.3625968310981E-03 8.35075150420733E-03 0 0 0 0 0 0 0 0 0 0 0 0 0 0 0 0 0 0 0 0 0 0 0 0 0 0
7.6683782311656E-03 7.72697992071777E-03 7.78348785574505E-03 7.83781543603124E-03 7.88987052050954E-03 7.93955613319159E-03 7.98674346898637E-03 8.03129251781171E-03 8.07307100354298E-03 8.11196480895098E-03 8.1478898589545E-03 8.18080093141623E-03 8.2107055943999E-03 8.23765257348183E-03 8.26172850028555E-03 8.28305030974554E-03 8.3017848147058E-03 8.31812089739796E-03 8.33223647536021E-03 8.3442959938313E-03 8.3544427782531E-03 8.36281194630245E-03 8.36953516720363E-03 8.37474596284034E-03 8.37857637632624E-03 8.38116965111777E-03 8.38267955316662E-03 8.38326761325951E-03 8.38308925077109E-03 8.38227629200636E-03 8.38091878338661E-03 8.37905565409012E-03 8.37668053847929E-03 8.37385813146591E-03 8.37115455844591E-03 8.36942927759922E-03 8.36915187654171E-03 0 0 0 0 0 0 0 0 0 0 0 0 0 0 0 0 0 0 0 0 0 0 0 0 0 0 0
7.72227678766384E-03 7.77919604404369E-03 7.8339210789468E-03 7.88637279223854E-03 7.9364636830401E-03 7.98410007922534E-03 8.02916078155027E-03 8.0715162739919E-03 8.11104978814832E-03 8.14766716963199E-03 8.1813105197218E-03 8.21196295359449E-03 8.23966070357595E-03 8.26448060610352E-03 8.28653340614489E-03 8.30595261001893E-03 8.3229144610863E-03 8.33761375265474E-03 8.35022605023353E-03 8.36090700454503E-03 8.36978982518041E-03 8.37699999943321E-03 8.38265890026474E-03 8.38689271857825E-03 8.38982998684078E-03 8.39161040923589E-03 8.39238528760761E-03 8.3923162738002E-03 8.39156180711652E-03 8.3902512733136E-03 8.38845333530507E-03 8.38613045402691E-03 8.38304749996867E-03 8.37881570382418E-03 8.37472548343333E-03 8.37263929431429E-03 8.36915187654171E-03 0 0 0 0 0 0 0 0 0 0 0 0 0 0 0 0 0 0 0 0 0 0 0 0 0 0 0
7.77453116193377E-03 7.82967029996121E-03 7.88252130353377E-03 7.93301359306527E-03 7.98106530197647E-03 8.02658756684957E-03 8.0694678710198E-03 8.10959021466099E-03 8.14685723203973E-03 8.1811977733975E-03 8.21258053474233E-03 8.24101593694192E-03 8.26656912126596E-03 8.28934409543694E-03 8.30947274450993E-03 8.32709949132837E-03 0.008342408192002 8.35559738972204E-03 8.36683416706035E-03 8.37626149937301E-03 8.38400056362781E-03 8.3901660674966E-03 8.39486969549197E-03 8.39823046530376E-03 8.40037183240396E-03 8.40142847175594E-03 8.40154768540093E-03 8.40089192610335E-03 8.39963096648923E-03 8.39790896673647E-03 8.39580292771857E-03 8.39324307589922E-03 8.38962187419364E-03 8.38216843407248E-03 8.37472548343333E-03 8.37263929431429E-03 0 0 0 0 0 0 0 0 0 0 0 0 0 0 0 0 0 0 0 0 0 0 0 0 0 0 0 0
7.8250342664256E-03 7.87830110211374E-03 7.9291939067027E-03 7.97765219624764E-03 8.02360084938972E-03 8.06695554265335E-03 8.10761520994588E-03 8.14548168469672E-03 8.18048058601558E-03 8.21256434082665E-03 8.24172789386009E-03 8.26800826547165E-03 8.29149801588296E-03 8.31232524600291E-03 8.33063852407177E-03 8.34659273566589E-03 8.36037766231188E-03 8.3721888364899E-03 8.3821782934593E-03 8.39047443442346E-03 8.39718595649187E-03 8.40241803220147E-03 8.40627414704574E-03 8.40886521406705E-03 8.41030735496945E-03 8.41072932309503E-03 8.41027310765407E-03 8.40909698261175E-03 8.40738272277796E-03 8.40531456140983E-03 8.40305724440507E-03 8.40083439230774E-03 8.39903517359953E-03 8.38216843407248E-03 0 0 0 0 0 0 0 0 0 0 0 0 0 0 0 0 0 0 0 0 0 0 0 0 0 0 0 0 0 0
7.8736830333041E-03 7.92499389588959E-03 7.97385425498308E-03 8.02021495019719E-03 8.06400892375577E-03 8.10515551569819E-03 8.14357086905182E-03 0.008179178508047 8.21192871347729E-03 8.24179670833919E-03 8.26880400193011E-03 8.29301267945311E-03 8.31453872052797E-03 8.33353111570964E-03 8.35015085576376E-03 8.36456298822317E-03 8.37695614594931E-03 8.38751712588843E-03 8.39638208395709E-03 8.40366393704009E-03 8.40945975554597E-03 8.41386631588949E-03 8.41697925487435E-03 8.41890044695462E-03 8.41973814337804E-03 8.41961250970182E-03 8.41865384420874E-03 8.41700547803448E-03 8.41485185921881E-03 0.008412409730691 8.40990074095461E-03 8.40782147765458E-03 8.40744456783263E-03 0 0 0 0 0 0 0 0 0 0 0 0 0 0 0 0 0 0 0 0 0 0 0 0 0 0 0 0 0 0 0
7.92038102898859E-03 7.96966508537898E-03 8.01643403856408E-03 8.06064823262666E-03 8.10224882121869E-03 8.14116442375946E-03 8.1773332542921E-03 8.2107012332055E-03 8.24124282615106E-03 8.26895650083403E-03 8.29388963629159E-03 8.31612704825956E-03 8.33580422497845E-03 8.35308591515443E-03 8.3681420090401E-03 8.38114515513089E-03 8.39227672160939E-03 8.40170999982125E-03 8.40956523205745E-03 8.41594270090151E-03 8.42093035185353E-03 8.4246162365801E-03 8.42708656403188E-03 8.42843510907646E-03 8.42876224986559E-03 8.42817558501522E-03 8.42678391872069E-03 8.4246927408193E-03 8.42205165260138E-03 8.41906427160586E-03 8.41583707099026E-03 8.41238946815628E-03 8.40744456783263E-03 0 0 0 0 0 0 0 0 0 0 0 0 0 0 0 0 0 0 0 0 0 0 0 0 0 0 0 0 0 0 0
7.9650328601688E-03 8.01223456599459E-03 8.05686912009207E-03 8.09890569806477E-03 8.1382972982899E-03 8.17498739897539E-03 8.20893425797356E-03 8.24010719347701E-03 8.26850432856913E-03 8.29414727744357E-03 8.31710560975706E-03 8.33748428491258E-03 8.35543387132325E-03 8.37112954469123E-03 8.38474711793648E-03 8.39646443819697E-03 8.40645336824469E-03 8.41486847615293E-03 8.42181705555995E-03 8.42738923150127E-03 8.43166505898116E-03 8.43472406343279E-03 8.43664483009038E-03 8.43751344843987E-03 8.43741967064444E-03 8.43645150263895E-03 8.43468089557226E-03 8.43215030790874E-03 8.42895138280238E-03 8.42525445609842E-03 8.4210865011796E-03 8.41238946815628E-03 0 0 0 0 0 0 0 0 0 0 0 0 0 0 0 0 0 0 0 0 0 0 0 0 0 0 0 0 0 0 0 0
8.00757999243956E-03 8.05266177156021E-03 8.09513679362833E-03 8.13498606980013E-03 8.17217760329868E-03 8.20666976066167E-03 8.23843998003929E-03 8.26748153150345E-03 8.29381554593002E-03 8.31748447186903E-03 8.33857681273284E-03 8.35721482924684E-03 8.37355978239707E-03 8.38779370024731E-03 8.40009538484854E-03 8.41064300786869E-03 8.41959464349908E-03 8.42708839533897E-03 8.43322291898925E-03 8.43807861153352E-03 8.44172711597189E-03 8.44424143897906E-03 8.44569591335505E-03 8.44616912183853E-03 8.44573737654955E-03 8.44445659030882E-03 8.44232360962091E-03 8.43927083468616E-03 8.43539914789383E-03 8.43087456577798E-03 8.4210865011796E-03 0 0 0 0 0 0 0 0 0 0 0 0 0 0 0 0 0 0 0 0 0 0 0 0 0 0 0 0 0 0 0 0 0
8.04799857533027E-03 8.09094421868626E-03 8.13125746581491E-03 8.16893376367429E-03 8.20395503404323E-03 8.23629298938547E-03 8.26594646813438E-03 8.29293263364153E-03 8.31729434902631E-03 8.33909119240713E-03 8.35842877690815E-03 8.37544376763989E-03 8.39030396589728E-03 8.40319457259172E-03 8.41429321779573E-03 8.42377562476652E-03 8.43178770773689E-03 8.43845268691519E-03 8.44386032979546E-03 8.44808257395477E-03 8.45118408312545E-03 8.45323294473831E-03 8.45430009052394E-03 8.45445856503596E-03 8.45377504791375E-03 8.45227367333595E-03 8.44982665466669E-03 8.4460458302313E-03 8.44128535466201E-03 8.43087456577798E-03 0 0 0 0 0 0 0 0 0 0 0 0 0 0 0 0 0 0 0 0 0 0 0 0 0 0 0 0 0 0 0 0 0 0
8.08629844432842E-03 8.12711286645406E-03 8.16528406988888E-03 8.20082036913553E-03 8.23371581929427E-03 8.26395736145415E-03 8.29156649506049E-03 8.31658272729679E-03 8.33906785076491E-03 8.35909729062645E-03 8.37679182114547E-03 8.39229899240294E-03 8.40578933967498E-03 8.4174478109885E-03 8.42744824105111E-03 8.43596201052817E-03 8.44312350900537E-03 8.44904382083592E-03 8.45380476902841E-03 8.45747166597571E-03 8.46010441372083E-03 8.46176566126851E-03 8.46252013957408E-03 8.46243873638293E-03 8.46159627719009E-03 8.46003438547601E-03 8.45752114748911E-03 8.45239995446761E-03 8.44128535466201E-03 0 0 0 0 0 0 0 0 0 0 0 0 0 0 0 0 0 0 0 0 0 0 0 0 0 0 0 0 0 0 0 0 0 0 0
8.12251588331549E-03 8.16122249937878E-03 8.19728764651246E-03 8.23073066469917E-03 8.26155916449827E-03 8.28977703681319E-03 8.31542610359188E-03 8.33856659076457E-03 8.35927680188501E-03 8.37764666119563E-03 8.39380799496029E-03 8.40791638252442E-03 8.42014242750487E-03 8.43066810467947E-03 8.43966267610531E-03 8.44729218617853E-03 8.45368195851145E-03 8.45893274849844E-03 8.46311987376006E-03 8.46630377971455E-03 8.46854066288661E-03 8.46988777171878E-03 8.47040176593011E-03 8.47014733123879E-03 8.46922066341206E-03 8.46784643168277E-03 8.46661223982919E-03 8.45239995446761E-03 0 0 0 0 0 0 0 0 0 0 0 0 0 0 0 0 0 0 0 0 0 0 0 0 0 0 0 0 0 0 0 0 0 0 0 0
8.15672091962242E-03 8.19335810908392E-03 8.2273660820507E-03 8.25877435411123E-03 8.28760526028585E-03 8.31388110028378E-03 8.33766187381032E-03 8.35902517127246E-03 8.37806299567369E-03 8.39487900359216E-03 0.00840961280701 8.42242395492606E-03 8.43348101764286E-03 8.44296259788773E-03 8.45103353814608E-03 8.45785378820573E-03 8.46354069948081E-03 8.46818763897976E-03 8.47186546324391E-03 8.47463147856023E-03 8.47653990183653E-03 8.47764363742329E-03 8.47798789298896E-03 8.47760449900135E-03 8.47651094196572E-03 8.47491129805967E-03 8.47456143416612E-03 0 0 0 0 0 0 0 0 0 0 0 0 0 0 0 0 0 0 0 0 0 0 0 0 0 0 0 0 0 0 0 0 0 0 0 0 0
8.18901078347085E-03 8.22362918589892E-03 8.25563990605734E-03 8.28508203203037E-03 8.31199297402922E-03 8.33641434837163E-03 8.35842126538492E-03 8.37810573158538E-03 8.39557097116459E-03 8.41093311781841E-03 8.42433580611651E-03 8.4359394640167E-03 8.44591146453634E-03 8.45442640797126E-03 8.46164492406701E-03 8.46772033065022E-03 8.47276456385094E-03 8.47686569876918E-03 8.48009084468731E-03 8.48249563862894E-03 8.48413473011656E-03 8.48506174410885E-03 8.48531775980749E-03 8.48488864951584E-03 8.48350478224215E-03 8.47980550797171E-03 8.47456143416612E-03 0 0 0 0 0 0 0 0 0 0 0 0 0 0 0 0 0 0 0 0 0 0 0 0 0 0 0 0 0 0 0 0 0 0 0 0 0
8.21950277739253E-03 8.25216050520423E-03 8.28223919303192E-03 8.30978844650995E-03 8.33486132962044E-03 8.3575168842029E-03 8.37784280362199E-03 8.39594400918377E-03 8.41193286447343E-03 8.42593366519864E-03 8.43809100856781E-03 8.44856706360658E-03 8.45752831175596E-03 8.46514485847994E-03 8.47157259752754E-03 8.47695956233684E-03 8.48141446432841E-03 8.48502099767727E-03 8.48784293909357E-03 8.48993425783014E-03 8.49135032681147E-03 8.4921547764364E-03 8.49242063059028E-03 8.49222298720591E-03 8.49164983989772E-03 8.47980550797171E-03 0 0 0 0 0 0 0 0 0 0 0 0 0 0 0 0 0 0 0 0 0 0 0 0 0 0 0 0 0 0 0 0 0 0 0 0 0 0
8.24832841759536E-03 8.27908821854672E-03 8.30730416231365E-03 8.33303643446063E-03 8.35635280714837E-03 8.37732771789904E-03 8.39606008082097E-03 8.41266606803661E-03 8.42726438228197E-03 8.43998405972372E-03 8.45097178521187E-03 0.008460392581601 8.46841038503743E-03 8.47519041247717E-03 8.48088385280379E-03 8.4856348714956E-03 8.48954901709698E-03 8.49270589595295E-03 8.49516700111691E-03 8.49698500524627E-03 8.49821535164247E-03 8.49892971123155E-03 8.49922562131533E-03 8.49923562955869E-03 8.49892487420451E-03 0 0 0 0 0 0 0 0 0 0 0 0 0 0 0 0 0 0 0 0 0 0 0 0 0 0 0 0 0 0 0 0 0 0 0 0 0 0 0
8.27561699466519E-03 8.30454282762811E-03 8.33096485024877E-03 8.35495448995281E-03 8.37659338351149E-03 8.39596966547268E-03 8.41319163691871E-03 8.42838325141919E-03 8.44166727876502E-03 8.45317795036049E-03 8.46306562422577E-03 8.47149673091892E-03 8.4786311756977E-03 8.48463004524175E-03 8.4896408553878E-03 8.49380349662988E-03 8.49721915678306E-03 0.008499964217898 8.50209943213336E-03 8.50367764701074E-03 8.50475505731131E-03 8.50539696296837E-03 8.50567472607387E-03 8.50563971085211E-03 8.49892487420451E-03 0 0 0 0 0 0 0 0 0 0 0 0 0 0 0 0 0 0 0 0 0 0 0 0 0 0 0 0 0 0 0 0 0 0 0 0 0 0 0
8.30149341626641E-03 8.32864957417896E-03 8.35334681546637E-03 8.37566799961685E-03 8.39570660363834E-03 8.41356285892809E-03 8.42935183596819E-03 8.44320238345083E-03 8.45524185178149E-03 8.46560984166988E-03 8.47445945442822E-03 8.48195680708967E-03 8.4882593710985E-03 8.4935239227317E-03 8.49789466716292E-03 8.50150617022062E-03 8.50445622103083E-03 8.50681801366312E-03 8.50865139877175E-03 8.5100094951078E-03 8.51094630828907E-03 8.51151279760448E-03 8.51174949925654E-03 8.51151064779163E-03 0 0 0 0 0 0 0 0 0 0 0 0 0 0 0 0 0 0 0 0 0 0 0 0 0 0 0 0 0 0 0 0 0 0 0 0 0 0 0 0
