NongDo/Fusa 18h.grd
DSAA
463	323
2	464
2	324
0	10
[rows 56 to 83 of 323, columns 256 to 319 of 463]
0 0 0 0 0 0 0 0 0 0 0 0 0 0 0 0 0 0 0 0 0 0 0 0 0 0 0 0 0 0 0 0 0 0 0 0 0 0 0 0 0 0 0 0 0 0 0 0 0 0 0 0 0 0 0 0 0 0 0 0 0 0 0 0
0 0 0 0 0 0 0 0 0 0 0 0 0 0 0 0 0 0 0 0 0 0 0 0 0 0 0 0 0 0 0 0 0 0 0 0 0 0 0 0 0 0 0 0 0 0 0 0 0 0 0 0 0 0 0 0 0 0 0 0 0 0 0 0
0 0 0 0 0 0 0 0 0 0 0 0 0 0 0 0 0 0 0 0 0 0 0 0 0 0 0 0 0 0 0 0 0 0 0 0 0 0 0 0 0 0 0 0 0 0 0 0 0 0 0 0 0 0 0 0 0 0 0 0 0 0 0 0
0 0 0 0 0 0 0 0 0 0 0 0 0 0 0 0 0 0 0 0 0 0 0 0 0 0 0 0 0 0 0 0 0 0 0 0 0 0 0 0 0 0 0 0 0 0 0 0 0 0 0 0 0 0 0 0 0 0 0 0 0 0 0 0
0 0 0 0 0 0 0 0 0 0 0 0 0 0 0 0 0 0 0 0 0 0 0 0 0 0 0 0 0 0 0 0 0 0 0 0 0 0 0 0 0 0 0 0 0 0 0 0 0 0 0 0 0 0 0 0 0 0 0 0 0 0 0 0
0 0 0 0 0 0 0 0 0 0 0 0 0 0 0 0 0 0 0 0 0 0 0 0 0 0 0 0 0 0 0 0 0 0 0 0 0 0 0 0 0 0 0 0 0 0 0 0 0 0 0 0 0 0 0 0 0 0 0 0 0 0 0 0
0 0 0 0 0 0 0 0 0 0 0 0 0 0 0 0 0 0 0 0 0 0 0 0 0 0 0 0 0 0 0 0 0 0 0 0 0 0 0 0 0 0 0 0 0 0 0 0 0 0 0 0 0 0 0 0 0 0 0 0 0 0 0 0
0 0 0 0 0 0 0 0 0 0 0 0 0 0 0 0 0 0 0 0 0 0 0 0 0 0 0 0 0 0 0 0 0 0 0 0 0 0 0 0 0 0 0 0 0 0 0 0 0 0 0 0 0 0 0 0 0 0 0 0 0 0 6.99777040320222E-03 7.00683849198884E-03
0 0 0 0 0 0 0 0 0 0 0 0 0 0 0 0 0 0 0 0 0 0 0 0 0 0 0 0 0 0 0 0 0 0 0 0 0 0 0 0 0 0 0 0 0 0 0 0 0 0 0 0 0 0 0 0 0 0 6.96183877796487E-03 6.97070259458541E-03 6.97951142841092E-03 6.98838563205256E-03 6.99777040320222E-03 7.00683849198884E-03
0 0 0 0 0 0 0 0 0 0 0 0 0 0 0 0 0 0 0 0 0 0 0 0 0 0 0 0 0 0 0 0 0 0 0 0 0 0 0 0 0 0 0 0 0 0 0 0 0 0 0 0 0 0 6.92528608299051E-03 6.93459481771874E-03 6.9436680674829E-03 6.95266818385723E-03 6.96183877796487E-03 6.97070259458541E-03 6.97951142841092E-03 6.98838563205256E-03 6.99734030046374E-03 7.00628698184242E-03
0 0 0 0 0 0 0 0 0 0 0 0 0 0 0 0 0 0 0 0 0 0 0 0 0 0 0 0 0 0 0 0 0 0 0 0 0 0 0 0 0 0 0 0 0 0 0 0 0 0 0 6.89480032777362E-03 6.90520892899062E-03 6.91534825437868E-03 6.92528608299051E-03 6.93459481771874E-03 6.9436680674829E-03 6.95266818385723E-03 6.96160811843384E-03 6.97050678131028E-03 6.97929533652101E-03 6.98807595638244E-03 6.99684268658527E-03 7.00563792055929E-03
0 0 0 0 0 0 0 0 0 0 0 0 0 0 0 0 0 0 0 0 0 0 0 0 0 0 0 0 0 0 0 0 0 0 0 0 0 0 0 0 0 0 0 0 0 6.82683343563527E-03 6.83915308278021E-03 6.85086930769735E-03 6.86213549357366E-03 0.006873168302642 6.88400472388114E-03 6.89480032777362E-03 6.90520892899062E-03 6.91534825437868E-03 6.92512223419794E-03 6.9345328356487E-03 6.94367620449501E-03 6.95269749810971E-03 6.96161015022043E-03 6.97049254067063E-03 6.97927570589658E-03 6.9880216769567E-03 6.9967287851994E-03 7.00544367253775E-03
0 0 0 0 0 0 0 0 0 0 0 0 0 0 0 0 0 0 0 0 0 0 0 0 0 0 0 0 0 0 0 0 0 0 0 0 0 0 0 0 0 0 0 6.7993858338973E-03 6.81313518756086E-03 6.82683343563527E-03 6.83915308278021E-03 6.85086930769735E-03 6.86213549357366E-03 0.006873168302642 6.88400472388114E-03 6.8947412540374E-03 6.90520892300919E-03 6.9153974779379E-03 6.92523884863335E-03 6.93478289912266E-03 6.94406952066492E-03 6.9532049236933E-03 6.96221158623718E-03 6.9711513222667E-03 6.98000243389294E-03 6.9888052646458E-03 6.99756274768324E-03 7.00630627256913E-03
6.29815741863577E-03 6.31097915903772E-03 6.32360311018489E-03 6.33604915235057E-03 6.34833619821966E-03 6.36056783936937E-03 6.37266053260357E-03 6.38461336627954E-03 6.39644443953524E-03 6.40828299462188E-03 6.42016197125209E-03 6.43215513655456E-03 6.44410735958704E-03 6.45593645298078E-03 6.46757690319396E-03 6.47912649006003E-03 6.4905765246923E-03 6.50201922539308E-03 6.51334764488237E-03 6.52456974781446E-03 6.53568230909991E-03 6.54682337607346E-03 6.55801203818693E-03 6.5693485086334E-03 6.58069554239198E-03 6.59199798368377E-03 6.60316914978257E-03 6.61429099341356E-03 6.62530285260058E-03 6.63627449807775E-03 6.64707452814951E-03 6.65772809713119E-03 6.66824826294058E-03 6.67886925261839E-03 6.68983222260788E-03 0 0 0 0 6.74694653794756E-03 6.75874740564177E-03 6.77182214083447E-03 6.78548013362485E-03 6.7993858338973E-03 6.81313518756086E-03 6.82645781440943E-03 6.83897858776106E-03 6.85086562414667E-03 6.86229200168241E-03 6.87345539988369E-03 6.88439646355576E-03 6.89519886344053E-03 0.00690576854106 6.91609284827906E-03 6.92611397305062E-03 6.93586899501505E-03 6.94538145004172E-03 6.95473070723011E-03 6.96393770714499E-03 6.97305375900602E-03 6.98207687544959E-03 6.99104156257103E-03 6.99995680109649E-03 7.00885313332546E-03
6.29815741863577E-03 6.31097915903772E-03 6.32360311018489E-03 6.33604915235057E-03 6.34833619821966E-03 6.36056783936937E-03 6.37266053260357E-03 6.38461336627954E-03 6.39644443953524E-03 6.40828299462188E-03 6.42016197125209E-03 6.43215513655456E-03 6.44410735958704E-03 6.45593645298078E-03 6.46757690319396E-03 6.47912649006003E-03 6.4905765246923E-03 6.50201922539308E-03 6.51334764488237E-03 6.52456974781446E-03 6.53568230909991E-03 6.54682337607346E-03 6.55801203818693E-03 6.5693485086334E-03 6.58069554239198E-03 6.59199798368377E-03 6.60316914978257E-03 6.61429099341356E-03 6.62530285260058E-03 6.63627449807775E-03 6.64707452814951E-03 6.65772809713119E-03 6.66824826294058E-03 6.67886925261839E-03 6.68983222260788E-03 6.70291352322659E-03 6.71409236929175E-03 6.72526539200992E-03 6.73651287346342E-03 6.74694653794756E-03 6.75874740564177E-03 6.77182214083447E-03 6.78548013362485E-03 6.79934817890265E-03 6.81305241103455E-03 6.82639313713975E-03 6.83914276610487E-03 6.85132344554598E-03 6.86305320900747E-03 6.87449003433475E-03 6.88567467844827E-03 6.89669420481736E-03 6.90748901937607E-03 6.9180598156567E-03 6.92836035252916E-03 6.93841441179173E-03 6.94824062848117E-03 6.95790154603097E-03 6.96741417389624E-03 6.97682098670347E-03 6.98612721683341E-03 6.9953642371555E-03 7.00454971541774E-03 7.01371662728192E-03
6.29850412911103E-03 6.31164003999331E-03 6.3244377405813E-03 6.33700807619586E-03 6.34940256795985E-03 6.36172377515971E-03 6.37390164929475E-03 6.38592463092481E-03 6.39782298969674E-03 6.40971135618767E-03 6.42163280642336E-03 6.43367951084111E-03 6.44568697621371E-03 6.45754298488592E-03 6.46921680152005E-03 6.48079612692037E-03 6.49228534485192E-03 6.50376037190773E-03 6.5151341834909E-03 6.52639913603689E-03 6.5375641707935E-03 6.54874484803054E-03 6.55997320062067E-03 6.57135955236048E-03 6.58276633544084E-03 6.59411055620558E-03 6.60533136971374E-03 6.61649424496418E-03 6.62755133667148E-03 6.63854845498142E-03 6.64936991070106E-03 6.66000805475016E-03 6.67046892046043E-03 6.68092749860838E-03 6.69157411553146E-03 6.70291352322659E-03 6.71409236929175E-03 6.72526539200992E-03 6.73651287346342E-03 6.74796785599706E-03 6.76011057601612E-03 6.77314858886217E-03 6.78667518249474E-03 0.006800394997025 6.81404583443329E-03 6.82749024010658E-03 6.8405163836701E-03 6.85307536716827E-03 6.86521549455375E-03 6.87704542884151E-03 6.88860155275916E-03 6.89996788291363E-03 6.91110680711764E-03 6.92202734804185E-03 6.93269751909631E-03 6.94313495015269E-03 6.95335773754541E-03 6.96341784181272E-03 6.97332903015645E-03 6.98312369360066E-03 6.99281091765563E-03 7.00242151055585E-03 7.01197914313691E-03 7.02151818242474E-03
6.29974989445892E-03 6.31311063896252E-03 6.32613135471969E-03 6.33890673695591E-03 6.35149348461217E-03 6.36397931257334E-03 6.37631633058727E-03 6.38849037695194E-03 6.40054157193624E-03 6.41255938450261E-03 6.42458634418305E-03 6.43671713061283E-03 6.44879585304826E-03 6.46070765202645E-03 6.47245845293278E-03 6.48411439804637E-03 6.49568913732158E-03 6.50723718955811E-03 6.51870220827058E-03 6.5300673742698E-03 6.54135393548791E-03 6.55264514418984E-03 6.56397770820545E-03 6.57545533894313E-03 6.58695112376711E-03 6.59837442368232E-03 6.6096942018509E-03 6.6209489911519E-03 6.63210185911347E-03 6.64317067842762E-03 6.65406819162077E-03 6.66476365199865E-03 6.67526726097437E-03 6.68569564256488E-03 6.6961860938315E-03 6.70702661129627E-03 6.71800111641468E-03 6.72909008577253E-03 6.74034307551721E-03 6.75196153252244E-03 6.76410456986646E-03 6.77694116861721E-03 6.79023860578933E-03 6.8037890883081E-03 6.8173954561441E-03 6.83095218055035E-03 6.84425288142442E-03 6.85720632861106E-03 6.86979584264182E-03 6.88208216731646E-03 6.89408675723882E-03 6.90588379958786E-03 6.91744594686517E-03 6.92878758900666E-03 6.93989063473334E-03 6.95077099146667E-03 6.96144913594421E-03 6.97196946691649E-03 6.98234349217483E-03 6.99259417697933E-03 7.00273549368089E-03 7.0127950391267E-03 7.02280106745525E-03 7.03278687698977E-03
6.30180404953069E-03 6.31543391753298E-03 6.32874673151451E-03 6.34181056086054E-03 6.35467434428633E-03 6.36740220131748E-03 6.3799712779795E-03 6.39238416888775E-03 6.40467495873151E-03 6.41691016175514E-03 6.42912505086183E-03 6.44137283637311E-03 6.45354439122903E-03 6.46556943987518E-03 6.47745736049305E-03 6.48925311856833E-03 6.50097217619889E-03 6.51265080753318E-03 6.52425815640243E-03 6.53579087760701E-03 6.54726895500812E-03 6.55875054170906E-03 6.57026827786527E-03 6.58188291693518E-03 6.59350118393251E-03 6.60506370736855E-03 6.6165459867358E-03 6.6279603937014E-03 6.63927338255854E-03 6.6504822262537E-03 6.66152132075558E-03 6.67236762764353E-03 6.68302836350006E-03 6.69358226479414E-03 6.70412980199177E-03 6.7148591637835E-03 6.72573280203964E-03 6.73677283541587E-03 6.74802773825791E-03 6.75964746702723E-03 6.77171997185965E-03 6.78436500944044E-03 6.79745454910916E-03 6.81086522357288E-03 6.82444463605095E-03 6.83809271848202E-03 6.8516245491207E-03 6.86492429557859E-03 6.87793484363056E-03 6.89067134533187E-03 6.90313835354053E-03 0.00691538357461 6.92738915845911E-03 6.93917118730574E-03 6.95072262921089E-03 6.96206445159205E-03 6.97321883256766E-03 6.98422159068264E-03 6.99508232527112E-03 7.00582001781127E-03 7.01644910128557E-03 7.02699687810542E-03 7.0374922419955E-03 7.04796686168167E-03
6.30473247290782E-03 6.31871711525944E-03 6.33240469169994E-03 6.34584091855312E-03 6.35906583493191E-03 6.37212508057005E-03 6.38501898871628E-03 6.39776134359793E-03 6.41037336515823E-03 6.42290237915485E-03 6.43537295307353E-03 6.44780624178099E-03 6.46015246645222E-03 6.47237571081435E-03 6.48447465804133E-03 6.4964804260849E-03 6.50841107336267E-03 6.52029307024682E-03 6.53211981739305E-03 6.54389691026581E-03 6.55563614397174E-03 6.56737674065259E-03 6.57914257495091E-03 6.5909623938616E-03 6.60278897702293E-03 6.61458093111585E-03 6.62630466659008E-03 6.63795421649882E-03 6.64950073972482E-03 6.66092974904084E-03 6.67219822945451E-03 6.68328816050674E-03 6.69419878306406E-03 6.70498453108875E-03 6.71571997913869E-03 6.72653627198398E-03 6.73747227320793E-03 6.74858458584537E-03 6.75992352590842E-03 6.77160195032682E-03 6.78368870761634E-03 6.79627557915172E-03 6.80929775783424E-03 6.82267349351211E-03 6.83627496823388E-03 6.85001190475086E-03 6.86373161569841E-03 6.87730476468069E-03 6.8906555981561E-03 6.90376609548922E-03 0.006916628197657 6.92926549005951E-03 6.94167424628414E-03 6.95386282414923E-03 6.96583596750225E-03 6.97761289809016E-03 6.98921736873122E-03 7.00067875346822E-03 7.01201145798326E-03 7.02322744964121E-03 7.03434240740611E-03 7.0453809644656E-03 7.05637194090168E-03 7.06734374915012E-03
6.30870015857125E-03 6.32313653643425E-03 6.33729012635422E-03 6.35119211516178E-03 6.36487314028733E-03 6.37837109240355E-03 6.39169400863266E-03 6.40485766481613E-03 6.41787727341596E-03 6.43078634133853E-03 6.44359976401768E-03 6.45633020673749E-03 6.46895763995594E-03 6.48146770700875E-03 6.49385997993854E-03 6.50615914721935E-03 6.51838407893517E-03 6.53056161290148E-03 6.54269749681186E-03 6.55480117739009E-03 6.56688049878989E-03 6.57896197199046E-03 6.5910606961118E-03 6.60319298470261E-03 6.61533281227754E-03 6.62744839708346E-03 6.63950080728443E-03 6.65147286351417E-03 6.66333596597915E-03 6.67507422636583E-03 6.68665679148497E-03 6.69806918864359E-03 6.70930689888367E-03 6.72041026886971E-03 6.73143867333797E-03 6.74249576705206E-03 6.75364876316665E-03 6.76497291307289E-03 6.77652318219203E-03 6.78839398274628E-03 6.8006445540009E-03 6.81335146411475E-03 6.82647067211671E-03 6.83993619827846E-03 6.85363402678057E-03 6.86748542458333E-03 6.88135757902103E-03 6.89513004103584E-03 6.90872139974304E-03 6.92209819341239E-03 6.93524551121347E-03 0.006948177282997 6.96089408720352E-03 6.9734049868067E-03 6.98571873498159E-03 6.99785524050058E-03 7.0098386906736E-03 7.02169621563832E-03 7.0334429858004E-03 7.04508827881286E-03 7.05664701703616E-03 7.06814148484482E-03 7.0795986163359E-03 7.09104235037268E-03
6.31386581451084E-03 6.32886579235372E-03 6.34359051212931E-03 6.35806298370032E-03 6.37230645089733E-03 6.38635345563571E-03 6.40021190657993E-03 6.41389630898843E-03 6.42742028071801E-03 6.44080846811046E-03 6.45407001021585E-03 6.46721518104014E-03 6.48023778571349E-03 6.49313658483525E-03 6.50591875419927E-03 6.5186083077164E-03 6.53122591903097E-03 6.54380096987934E-03 6.55634468893839E-03 6.56886845153743E-03 6.58138004940326E-03 6.59389818291418E-03 6.60643155698471E-03 6.61899050831742E-03 6.63155596346271E-03 6.6440966419202E-03 6.65657128301444E-03 6.66895594970353E-03 6.68122189703549E-03 6.69335372254551E-03 6.70532682080331E-03 6.71712922206615E-03 6.72875781450943E-03 6.74024752772057E-03 6.75165165068913E-03 6.7630625251303E-03 6.77455658521051E-03 6.78621597762566E-03 6.79809938461069E-03 6.81029303862679E-03 6.82284644574818E-03 6.83582408308251E-03 6.84917660982353E-03 6.86283910833672E-03 6.87670600278829E-03 6.89070748615803E-03 6.90472399711284E-03 6.91864202159888E-03 6.93238414910741E-03 6.94591866623463E-03 6.95923705542041E-03 6.97235126549203E-03 6.98526741487845E-03 6.99799491710403E-03 7.01054596059374E-03 7.02294325444766E-03 7.03521533466638E-03 7.04738571975583E-03 7.05947004565105E-03 7.07147334664931E-03 7.08341023981408E-03 7.09530197010547E-03 7.10717319758281E-03 7.11904073079077E-03
6.32042847649384E-03 6.33611362697012E-03 6.35152645660932E-03 6.36668422227739E-03 6.3816053003389E-03 6.39631434264031E-03 6.41081885707984E-03 6.42513293140147E-03 6.43926914765296E-03 6.45324547243407E-03 6.46706810135893E-03 6.48074570888949E-03 6.49427979874502E-03 6.50767949595694E-03 6.52096033257505E-03 6.53414811580962E-03 6.54726673712352E-03 6.56034763985416E-03 6.57340525486445E-03 6.58645329866649E-03 6.59950063892718E-03 6.61256113742561E-03 6.62563793807463E-03 6.63873856658384E-03 6.65184116983073E-03 6.66490834046979E-03 6.67789583492372E-03 6.69077671196471E-03 6.70352173404105E-03 6.71611725824125E-03 6.72854215186663E-03 6.74078715405993E-03 6.75285485453912E-03 6.76478272475199E-03 6.77662442835564E-03 6.78846949490219E-03 6.80039588005402E-03 6.81248327860014E-03 6.82479089827364E-03 6.83739999036236E-03 6.85035255029009E-03 6.86368857289655E-03 6.8773437373789E-03 6.89125391214596E-03 6.90532134804397E-03 6.91947906310238E-03 6.93361286475949E-03 6.94762348082828E-03 6.96144279932145E-03 6.97504976743467E-03 6.9884454768569E-03 7.00164486164555E-03 7.01466074611727E-03 7.02750519708779E-03 7.04019595954129E-03 7.0527625127057E-03 7.06523636575785E-03 7.07763671748864E-03 7.08997813960932E-03 7.10226401982902E-03 7.11451008718685E-03 7.12673522249086E-03 7.13896012765443E-03 7.15119247138416E-03
6.32861814735254E-03 6.34511569759337E-03 6.36134023334565E-03 6.37730332735704E-03 6.39301934635883E-03 6.40850551455162E-03 6.4237711966252E-03 6.43882892522924E-03 6.45368971501577E-03 6.46836649501336E-03 6.48286516804378E-03 6.49719267523398E-03 6.51135709712069E-03 6.52537519956733E-03 6.53926942189769E-03 6.55306849659375E-03 6.56680029439863E-03 6.58049818464939E-03 6.59417950287374E-03 6.60785973921708E-03 6.62154903817069E-03 6.63525877762376E-03 6.6489869856193E-03 6.66273720309848E-03 6.67647581317383E-03 6.69015593306724E-03 6.70373064843953E-03 6.71717269370155E-03 6.73045200853597E-03 6.74355746861156E-03 6.75646983810131E-03 6.76918558712804E-03 6.78171849810281E-03 6.79411433102951E-03 6.80642905709037E-03 6.81875423934233E-03 6.83116181242373E-03 6.84372473083347E-03 6.85649889395275E-03 6.86955853759947E-03 6.88292935114739E-03 6.8966297818327E-03 6.91059105051147E-03 6.92474157839282E-03 6.93899203439662E-03 6.9532774250366E-03 6.96749911617112E-03 0.006981560742737 6.99540945070383E-03 7.00903429828117E-03 7.02244594100089E-03 7.03566242738063E-03 7.04870883773691E-03 7.06159931166489E-03 7.07436524219244E-03 7.08703958940132E-03 7.09965353057792E-03 7.11221936128543E-03 7.12475519383059E-03 7.13726096068945E-03 7.14975360235327E-03 7.16225117813797E-03 7.17476878763629E-03 7.18730492293591E-03
6.33873945865329E-03 6.3561815921295E-03 6.37334735078727E-03 6.39024257415414E-03 6.4068770786314E-03 6.42326248092799E-03 6.43940832587652E-03 6.45532611324691E-03 6.47102592138054E-03 6.48651736106641E-03 6.50180647367598E-03 6.51689960123006E-03 6.53181051124619E-03 6.54656361737969E-03 6.5611870794657E-03 6.57571237532438E-03 6.59017057955064E-03 6.6045949236673E-03 6.61900463298406E-03 6.63341868119651E-03 6.64784868274003E-03 6.66230373874679E-03 6.67677720867039E-03 6.69126304554359E-03 6.70571075557193E-03 6.72006462322103E-03 6.7342747432892E-03 6.74831320780068E-03 6.76215226256937E-03 6.77578227876292E-03 6.78918743413384E-03 6.80237720208571E-03 6.81537907859401E-03 6.82824858906484E-03 6.84104734956754E-03 6.85386584800302E-03 6.86676569897931E-03 6.87981334967471E-03 6.89305748025062E-03 6.90655795014049E-03 6.92032336757705E-03 6.93435006886568E-03 6.9485648884892E-03 6.96290017579506E-03 6.97727772758928E-03 6.99163444297962E-03 7.00588188187537E-03 7.01993864424302E-03 7.03376869396384E-03 7.04736713700259E-03 7.06075177575615E-03 7.07394626693737E-03 7.08698343993759E-03 7.09988483612132E-03 7.11269484988502E-03 7.12544249900842E-03 7.13815517234035E-03 7.15084252158389E-03 7.16352507555645E-03 7.17620181941475E-03 7.18889298059946E-03 7.20160952749407E-03 7.21436121925357E-03 7.22714188496918E-03
6.35115680291528E-03 6.36968308861429E-03 6.38792581201612E-03 6.40588450311578E-03 6.42356473352386E-03 6.44097305857319E-03 6.45811905587135E-03 6.47501313773627E-03 6.49166561611695E-03 6.50808354847565E-03 6.52427501399402E-03 6.54024602368722E-03 6.55601738274419E-03 6.57162043087476E-03 6.5870868806087E-03 6.60244880651602E-03 6.61773807622791E-03 6.63298803018929E-03 6.64822104925165E-03 6.66345771446048E-03 6.6787087709272E-03 6.69398094257099E-03 6.70925992205754E-03 6.72453238244968E-03 6.73973109771346E-03 6.75478526410805E-03 6.76963813561961E-03 6.78426692147503E-03 6.79865030338682E-03 6.81278401301041E-03 6.82666447411926E-03 6.84031150615345E-03 6.85376173707671E-03 6.86708245695506E-03 6.88033930695214E-03 6.89362665392565E-03 6.90699815548731E-03 6.92050430568707E-03 6.93417629663133E-03 6.94806104291159E-03 6.96215684267161E-03 6.97643601376019E-03 6.99083286851587E-03 7.00528134825758E-03 7.01971835532225E-03 7.03408276910789E-03 7.04830684005887E-03 7.06231416664647E-03 7.07608196481569E-03 7.08961807088174E-03 7.10295532511797E-03 7.11611797490089E-03 7.12914309209969E-03 7.14205456289721E-03 7.15489617288254E-03 7.16769739136065E-03 7.18048860316194E-03 7.19327485850484E-03 7.20607459543997E-03 7.21888529772936E-03 7.23172421395781E-03 7.24460254187793E-03 7.25753184699824E-03 7.2705025254054E-03
0.006366324163387 6.38607893014117E-03 6.40553768874084E-03 6.42469378040525E-03 6.44354877752484E-03 6.46210499672294E-03 6.4803716259513E-03 6.49835884767789E-03 6.51607657647945E-03 6.53353099478505E-03 6.55073283798199E-03 6.56769057042381E-03 6.58443286836035E-03 6.60099651450233E-03 6.61741349499078E-03 6.63371427344862E-03 6.64993021998472E-03 6.66609387279102E-03 6.68222850806233E-03 6.69835485539599E-03 6.71448180337483E-03 6.73061423780019E-03 6.7467297570727E-03 6.76280457478926E-03 6.77874698156876E-03 6.7944745998758E-03 6.80993330128306E-03 6.82511163258647E-03 6.83999446943977E-03 6.85458690275074E-03 6.86889689934883E-03 6.88295546585342E-03 6.89680900767185E-03 6.91053705318694E-03 6.9242077730305E-03 6.93791665556576E-03 6.95170061627025E-03 6.96559421510676E-03 6.97961409124312E-03 6.99379760659115E-03 7.00812913991935E-03 7.02256613455645E-03 7.03705321952972E-03 7.05153192579373E-03 7.06595484159044E-03 7.08026323392185E-03 7.09440694321438E-03 7.10831660973797E-03 7.12198978015568E-03 7.1354456914669E-03 7.14872860374428E-03 7.16185860050081E-03 7.17487545828371E-03 7.18780172376095E-03 7.20067750610505E-03 7.21352864406871E-03 7.22638734739592E-03 7.23925365856894E-03 7.25214451663026E-03 7.26505446460168E-03 7.27800100383507E-03 7.29099433996239E-03 7.30404943557664E-03 7.31715432665982E-03
6.38478132130658E-03 6.4059130210067E-03 6.42672828518486E-03 6.44721498989081E-03 6.46737191062296E-03 6.48719855081513E-03 6.50670448774683E-03 6.5258991759886E-03 6.54479177126375E-03 6.56338841830707E-03 6.58170458445056E-03 6.59975320105592E-03 6.61757053554964E-03 6.63519612101282E-03 6.65265812519233E-03 6.6699842277744E-03 6.6872041097106E-03 6.70434847819883E-03 6.72143821258508E-03 6.73849110556619E-03 6.75551278161902E-03 6.77250817309045E-03 6.7894450974243E-03 6.80628278185294E-03 6.82290065566431E-03 6.83922114189138E-03 6.85520950644466E-03 6.87086845767844E-03 6.88618675181045E-03 6.90117560167282E-03 6.91584971907114E-03 6.93025296960166E-03 6.94444474783591E-03 6.95851509767039E-03 6.9725285179217E-03 6.98657791193412E-03 7.00067448019968E-03 7.0148444135904E-03 7.02910341910058E-03 7.0434814107112E-03 7.05795078156108E-03 7.07245253884117E-03 7.08694711141911E-03 7.10138506087487E-03 7.11573708020479E-03 7.12994091682875E-03 7.1439651162591E-03 7.15774533804528E-03 7.17130953274591E-03 7.18468494564999E-03 7.19791614477348E-03 7.21101380843271E-03 7.22402271468024E-03 7.23696240312239E-03 7.24987170684341E-03 7.2627688216095E-03 7.27568204109946E-03 7.2886044625261E-03 7.30155550142249E-03 7.3145261872979E-03 7.32753894061293E-03 7.34060201813606E-03 7.35372892454481E-03 7.36690591249717E-03
6.4071447842065E-03 6.42980017354994E-03 6.45210816039272E-03 6.47405439571666E-03 6.49563516211056E-03 6.51685022268988E-03 6.53770879574075E-03 6.55821855341811E-03 6.57838792876452E-03 6.59822618592606E-03 6.6177518585702E-03 6.63698909133414E-03 6.65597881687299E-03 6.67475416456241E-03 6.69333710496739E-03 6.71175519856674E-03 6.73003497987416E-03 6.74820311271464E-03 6.76627406658619E-03 6.78425725902674E-03 6.80215340482095E-03 6.81996752411429E-03 6.83766450519682E-03 6.85516352861569E-03 6.87233403466837E-03 6.88913563072896E-03 6.90555850698818E-03 6.92160878978061E-03 6.93727693420429E-03 6.95257931832759E-03 6.96753667501242E-03 6.98220653449144E-03 6.99665855866207E-03 7.01098348050209E-03 7.02524622988738E-03 7.03951661169796E-03 7.05378754041451E-03 7.06809814843509E-03 7.08247175951285E-03 7.09692247800174E-03 7.11140798230608E-03 7.12587412046876E-03 7.14029701738776E-03 7.15463577086195E-03 7.16886978403554E-03 7.18293501779497E-03 7.19681017536093E-03 7.21045174782531E-03 7.22391646781505E-03 7.23722102377519E-03 7.25040121269895E-03 7.2634640252275E-03 7.27645963456171E-03 7.28940235223627E-03 7.30233109450215E-03 7.31525412475978E-03 7.32819283837503E-03 7.34113752152846E-03 7.35410903916916E-03 7.36709885826454E-03 7.38013516837396E-03 7.39321782201797E-03 7.40635569452328E-03 7.41953659713718E-03
