NongDo/Fusa 12.4h.grd
DSAA
463	323
2	464
2	324
0	10
[rows 252 to 279 of 323, columns 0 to 63 of 463]
0 0 0 0 0 0 0 0 0 0 0 0 0 0 0 0 0 0 0 0 0 0 0 0 0 0 0 0 0 0 0 0 0 0 0 0 0 0 4.04124065140209E-03 4.05073537511717E-03 4.05638533380275E-03 4.06124251438991E-03 4.06664340387735E-03 4.07278309146199E-03 4.07971105353352E-03 4.08742321951507E-03 4.09595998382002E-03 4.10533310907082E-03 4.11559411387839E-03 4.12678449580033E-03 4.13895907498193E-03 4.15217436224038E-03 4.16647156319326E-03 4.18189474189069E-03 4.19846642827243E-03 4.21622276896225E-03 4.23516411853047E-03 4.25529643262139E-03 4.27660056868912E-03 4.29907194441171E-03 4.32266080060503E-03 4.34728702959776E-03 4.37285896228707E-03 4.39927668078649E-03
0 0 0 0 0 0 0 0 0 0 0 0 0 0 0 0 0 0 0 0 0 0 0 0 0 0 0 0 0 0 0 0 0 0 0 0 0 4.03315860166425E-03 4.04124065140209E-03 4.04612442699095E-03 4.05150287555112E-03 4.05710056546184E-03 4.06322776386132E-03 4.07000915970755E-03 4.07753715187662E-03 4.08584851040103E-03 4.0950032934518E-03 4.10503216928514E-03 4.11599642290518E-03 4.12795046668745E-03 4.14095251787879E-03 4.15505989356433E-03 4.17031156088144E-03 4.18674814947783E-03 4.20438671498521E-03 4.22325432747746E-03 4.24334317414451E-03 4.26464769443959E-03 4.28713617276216E-03 4.3107871555572E-03 4.3355379421455E-03 4.36129492152442E-03 4.3879537725746E-03 4.41540309826756E-03
0 0 0 0 0 0 0 0 0 0 0 0 0 0 0 0 0 0 0 0 0 0 0 0 0 0 0 0 0 0 0 0 0 0 0 0 4.02658216997142E-03 4.03315860166425E-03 4.03740620436743E-03 4.04228656819049E-03 4.04777520888011E-03 4.05379486959127E-03 4.06043898648216E-03 4.06775901845376E-03 4.07583984610916E-03 4.08473309488114E-03 4.09450856411749E-03 4.10520916540662E-03 4.11690337839475E-03 4.12965523974637E-03 4.14352523074255E-03 4.15857007241566E-03 4.17482492315059E-03 4.19232475530202E-03 4.21107859294796E-03 4.23110510020209E-03 4.25238515821819E-03 4.27489871233314E-03 4.29859884090973E-03 4.32344769481037E-03 4.34936652537273E-03 4.37624754276099E-03 0.004403973867726 4.43242321443083E-03
0 0 0 0 0 0 0 0 0 0 0 0 0 0 0 0 0 0 0 0 0 0 0 0 0 0 0 0 0 0 0 0 0 0 0 4.02395973571926E-03 4.02658216997142E-03 4.02991519545672E-03 4.03406214687865E-03 4.03900283216211E-03 4.04468770648089E-03 4.05105464132537E-03 4.05813725274886E-03 4.06594895001815E-03 4.07456528270319E-03 4.08404481794174E-03 4.09446007931265E-03 4.1058628392593E-03 4.11832479459092E-03 4.13191992933249E-03 4.1467074227755E-03 4.16274271586856E-03 4.18005495416532E-03 4.19867231938445E-03 4.21859216038328E-03 4.23982517739283E-03 4.26233764550192E-03 4.28609127482616E-03 4.31102285548125E-03 4.33707714648279E-03 4.36416034380521E-03 4.39214809449327E-03 4.42091159107152E-03 4.45031827710586E-03
0 0 0 0 0 0 0 0 0 0 0 0 0 0 0 0 0 0 0 0 0 0 0 0 0 0 0 0 0 0 0 0 0 0 0 4.02395973571926E-03 4.02425649220898E-03 4.0268821318533E-03 4.03093526856564E-03 4.03600526349557E-03 4.04194265720332E-03 4.04866205229295E-03 4.05617388095204E-03 4.0644816637264E-03 4.07365155681663E-03 4.08374566663356E-03 4.09483778750981E-03 4.1069879166503E-03 4.12027044202695E-03 4.13476481530558E-03 4.15052870030714E-03 4.16761401028976E-03 4.18604280422136E-03 4.20583454566439E-03 4.22697521335684E-03 4.24946104843474E-03 4.27324055658806E-03 4.29825750429258E-03 4.32443250565701E-03 4.35169192649638E-03 4.37992393090132E-03 4.40898909327561E-03 4.43874754095677E-03 4.4690585558629E-03
0 0 0 0 0 0 0 0 0 0 0 0 0 0 0 0 0 0 0 0 0 0 0 0 0 0 0 0 0 0 0 0 0 0 4.01447819071253E-03 4.01928428355684E-03 4.02058066995126E-03 4.02349435723913E-03 4.02775687196003E-03 4.03308999355764E-03 4.03935674120995E-03 4.04647358853857E-03 4.05444272656421E-03 4.06328183174183E-03 4.0730471265727E-03 4.0838055040549E-03 4.09562772991101E-03 4.1085867318493E-03 4.12275549382031E-03 4.13821739814637E-03 4.15502676162603E-03 4.17323067003168E-03 4.19284179775305E-03 4.21386890889157E-03 4.23628525191178E-03 4.26006367367242E-03 4.28513741698805E-03 4.31143101391042E-03 4.33884942461746E-03 4.36729711925584E-03 4.39664841000571E-03 4.42674862947496E-03 4.45744759873022E-03 4.48859849273808E-03
0 0 0 0 0 0 0 0 0 0 0 0 0 0 0 0 0 0 0 0 0 0 0 0 0 0 0 0 0 0 0 0 0 0 4.01447819071253E-03 4.01477371162204E-03 4.01649744990283E-03 4.01978930433436E-03 4.02440540984507E-03 4.03011188027942E-03 4.03679155973368E-03 4.04437273270628E-03 4.05286154074823E-03 4.06229025610513E-03 4.07271407733414E-03 4.08420343487543E-03 4.09682799026813E-03 4.11066990743135E-03 4.12580239933566E-03 4.14231014881852E-03 4.16024302231423E-03 4.17964063042704E-03 4.20050371592541E-03 4.22282714556394E-03 4.24656686381749E-03 4.27167255587045E-03 4.29805873933383E-03 4.32563123564432E-03 4.35427843830894E-03 4.3838862259903E-03 4.41431442023236E-03 4.44539433372069E-03 4.47696766317904E-03 4.50888529010242E-03
0 0 0 0 0 0 0 0 0 0 0 0 0 0 0 0 0 0 0 0 0 0 0 0 0 0 0 0 0 0 0 0 0 0 4.00977302071715E-03 4.00989241896602E-03 4.01199216005086E-03 4.01573577733053E-03 4.02080693474714E-03 4.0269820829872E-03 4.03415970856509E-03 4.04228416602412E-03 4.05137082502767E-03 4.06146753124307E-03 4.07262974829637E-03 4.08493506947787E-03 4.09844828409662E-03 4.11326192896645E-03 4.12944630466273E-03 4.14708844907869E-03 4.16623102451514E-03 4.18690272825698E-03 4.20908817561086E-03 4.23276436430491E-03 4.25786821421019E-03 4.28432532150099E-03 4.31203075481757E-03 4.34086963458189E-03 4.37071560612004E-03 4.40143786697576E-03 4.43288677158554E-03 4.4648778188514E-03 4.49724839116358E-03 4.52985232949966E-03
0 0 0 0 0 0 0 0 0 0 0 0 0 0 0 0 0 0 0 0 0 0 0 0 0 0 0 0 0 0 0 0 0 0 4.00406372669276E-03 4.00427835452989E-03 4.00691577603594E-03 4.01124031947693E-03 4.01687996821618E-03 4.02362794334445E-03 4.03140127987626E-03 4.0401614733785E-03 4.0499357444974E-03 4.06079374144237E-03 4.07279096956691E-03 4.08601067058543E-03 4.10051277834288E-03 4.11639877164342E-03 4.13373192917109E-03 4.1526055572759E-03 4.17305011888531E-03 4.19507719785767E-03 4.21865118564293E-03 4.24372961335932E-03 4.27022819863479E-03 4.29804854334369E-03 4.32706527329773E-03 4.35714358541987E-03 4.38814300079502E-03 4.41992048513807E-03 4.45232017429888E-03 4.48514066662865E-03 4.51822231631191E-03 4.55142906500947E-03
0 0 0 0 0 0 0 0 0 0 0 0 0 0 0 0 0 0 0 0 0 0 0 0 0 0 0 0 0 0 0 0 0 3.98700765653035E-03 3.99566925419345E-03 3.9974770815884E-03 4.00113988947489E-03 4.00624134434583E-03 4.01258011063657E-03 4.02001269744756E-03 4.02848760472236E-03 4.03798739660472E-03 4.04854743740688E-03 4.06027482672911E-03 4.07321409000638E-03 4.08746117440983E-03 4.10306138661687E-03 4.12013543972569E-03 4.13872264811723E-03 4.15893404582145E-03 4.18077446840092E-03 4.20423384845188E-03 4.22925397347306E-03 4.25577156011383E-03 4.28368131945172E-03 4.31285851855774E-03 4.34316160369492E-03 4.37443504478188E-03 4.40652811809141E-03 4.43928305044811E-03 4.4725505208116E-03 4.50610682531873E-03 4.53980992240684E-03 4.57353978390019E-03
0 0 0 0 0 0 0 0 0 0 0 0 0 0 0 0 0 0 0 0 0 0 0 0 0 0 0 0 0 0 0 0 0 3.98700765653035E-03 3.98750799820727E-03 3.99010212733561E-03 3.99473239643289E-03 4.00073825117069E-03 4.00789869282694E-03 4.01612734412885E-03 4.02541363717995E-03 4.03576575063709E-03 4.04723222078318E-03 4.05994101333523E-03 4.07393991874806E-03 4.08932983111603E-03 4.10615211562216E-03 4.1245324409764E-03 4.14450013394293E-03 4.1661552466431E-03 4.18947721242833E-03 4.21443333274094E-03 4.24094484887045E-03 4.26892340295988E-03 4.29824135710376E-03 4.32875093090835E-03 4.36029529500612E-03 4.39270543701749E-03 4.4258209832924E-03 4.45947216712979E-03 4.49349913583806E-03 4.52769230832947E-03 4.56193380813069E-03 4.59611562775223E-03
0 0 0 0 0 0 0 0 0 0 0 0 0 0 0 0 0 0 0 0 0 0 0 0 0 0 0 0 0 0 0 0 0 3.97846730587841E-03 3.97878874185177E-03 3.98229109603034E-03 3.98789820178381E-03 3.99483794916655E-03 4.00289648003027E-03 4.01201209314256E-03 4.02221150475583E-03 4.03352725160683E-03 4.04603024640023E-03 4.05984565671297E-03 4.07503394299782E-03 4.09169544605248E-03 4.10987402747731E-03 4.12968500437296E-03 4.15116057481933E-03 4.17435057819523E-03 4.19922723567992E-03 4.22572858133583E-03 4.25376064401292E-03 4.28319908873313E-03 4.31390160752487E-03 4.34569634606989E-03 4.37841613244956E-03 4.41188319106977E-03 4.44592994042086E-03 4.48037859936222E-03 4.5150591330768E-03 4.54981819203655E-03 4.58453257868019E-03 4.61910921593059E-03
0 0 0 0 0 0 0 0 0 0 0 0 0 0 0 0 0 0 0 0 0 0 0 0 0 0 0 0 0 0 0 0 3.94570741399388E-03 3.96565422194121E-03 3.96879681675357E-03 3.9739428903518E-03 3.9807058282729E-03 3.98864772346945E-03 3.99766639408244E-03 4.00775092242617E-03 4.01896081033865E-03 4.03135333746804E-03 4.04501271230795E-03 4.06006430930096E-03 4.07657372294077E-03 4.09464056546719E-03 4.11430507329694E-03 4.13567114425924E-03 4.1587554517486E-03 4.18356811791338E-03 4.21006055689238E-03 4.23814550276783E-03 4.26770684551813E-03 4.29859068540176E-03 4.33063686811325E-03 4.36365615790389E-03 4.39747378236167E-03 4.43190755708889E-03 4.46678802486102E-03 4.50193681792715E-03 4.53719660485362E-03 4.57244967429277E-03 4.60757491098664E-03 4.6424859967101E-03
0 0 0 0 0 0 0 0 0 0 0 0 0 0 0 0 0 0 0 0 0 0 0 0 0 0 0 0 0 0 0 3.93886354559859E-03 3.94570741399388E-03 3.95305528805239E-03 3.95889426780287E-03 3.96555015722354E-03 3.9734116903912E-03 3.98234217521874E-03 3.99235030798468E-03 4.00346737519172E-03 4.01577514613949E-03 4.02934812290445E-03 4.04427879074618E-03 4.06069243176189E-03 4.07865413183727E-03 4.09825577363115E-03 4.11952813228482E-03 4.14255555551323E-03 4.16733444867213E-03 4.19383987563141E-03 4.2219956522812E-03 4.25168522911748E-03 4.2827695504472E-03 4.31506943577623E-03 4.34840803248253E-03 4.38258405454726E-03 4.41741795213762E-03 4.45272958509202E-03 4.48835557784959E-03 4.52412702017964E-03 4.55989990136074E-03 4.59557624018001E-03 4.63104559701967E-03 4.66622509340071E-03
0 0 0 0 0 0 0 0 0 0 0 0 0 0 0 0 0 0 0 0 0 0 0 0 0 0 0 0 0 0 0 3.93886354559859E-03 3.93937321083001E-03 3.94376601446231E-03 3.94987471907633E-03 3.95736874304069E-03 3.96615422004558E-03 3.97604857872528E-03 3.9870754182429E-03 3.99928921705544E-03 4.01278126033011E-03 4.02763516600491E-03 4.04394473235322E-03 4.06183841115198E-03 4.08137374527644E-03 4.10262825958646E-03 4.12561561766057E-03 4.15039871509495E-03 4.1769458183276E-03 4.20519852216304E-03 4.23504818975684E-03 4.26634790175375E-03 4.29893442232053E-03 4.33260748961903E-03 4.36717844268373E-03 4.40243555727903E-03 4.43820055196916E-03 4.47430191735201E-03 4.51058881168876E-03 4.54690504704888E-03 4.58312291320145E-03 4.61915664870904E-03 4.65490372872449E-03 4.69028332344447E-03
0 0 0 0 0 0 0 0 0 0 0 0 0 0 0 0 0 0 0 0 0 0 0 0 0 0 0 0 0 0 0 3.93023858393689E-03 3.93055434591621E-03 3.9346352846699E-03 3.94113459443824E-03 3.94936016227739E-03 3.95902083189194E-03 3.96988246383935E-03 3.9819693257566E-03 3.99534857566472E-03 4.01011088389055E-03 4.02634435271869E-03 4.04413662407827E-03 4.06362252168776E-03 4.08484426238962E-03 4.10785677065021E-03 4.13265204004323E-03 4.15926627088898E-03 4.1876389942045E-03 4.2176723454354E-03 4.24922696630749E-03 4.28212269765344E-03 4.31617588007386E-03 4.3511660171168E-03 4.38690028500926E-03 4.42315650188826E-03 4.45976614180208E-03 4.49657202772568E-03 4.5334403939116E-03 4.57022979214106E-03 4.60682539926129E-03 4.64315037492944E-03 4.6791080907996E-03 4.71461611480583E-03
0 0 0 0 0 0 0 0 0 0 0 0 0 0 0 0 0 0 0 0 0 0 0 0 0 0 0 0 0 0 3.90477581191563E-03 3.91753418027003E-03 3.9199725130412E-03 3.92504168822146E-03 3.93234164363288E-03 3.94141464120827E-03 3.95201435586552E-03 3.96391824805879E-03 3.97714360640556E-03 3.99177088244946E-03 4.00789341087597E-03 4.02560536511764E-03 4.0449873639957E-03 4.06616775240044E-03 4.08917170821625E-03 4.11403050951293E-03 4.14071130600938E-03 4.16921806807211E-03 4.19945445296144E-03 4.23128419755551E-03 4.26453451306455E-03 4.2989961905647E-03 4.33446517522771E-03 4.37070610041213E-03 4.40752056547284E-03 4.44468934766314E-03 4.48205901317699E-03 4.51948737249407E-03 4.55685735295735E-03 4.59404500558898E-03 4.63095205206536E-03 4.6675031965884E-03 4.70360172590024E-03 4.73916420404618E-03
0 0 0 0 0 0 0 0 0 0 0 0 0 0 0 0 0 0 0 0 0 0 0 0 0 0 0 0 0 0 3.90477581191563E-03 3.90559328625524E-03 3.9091073399861E-03 3.91525917078651E-03 3.92354992916526E-03 3.93360603014994E-03 3.94522985416858E-03 3.95825883715087E-03 3.97271376912946E-03 3.98868354553435E-03 4.00625961902697E-03 4.02554991720482E-03 4.0466274269632E-03 4.06959651713324E-03 4.09446798653155E-03 4.12124623040217E-03 4.14987309794576E-03 4.18030754899157E-03 4.21242305271881E-03 4.24603956258212E-03 4.28095407800114E-03 4.31693003746051E-03 4.35374752970208E-03 4.39116065050182E-03 4.42896878109846E-03 4.46696958662552E-03 4.50501965041436E-03 4.54299292014632E-03 4.58079028602851E-03 4.61830878844435E-03 4.65546211250196E-03 4.69216943972508E-03 4.72833580086539E-03 4.76387552201312E-03
0 0 0 0 0 0 0 0 0 0 0 0 0 0 0 0 0 0 0 0 0 0 0 0 0 0 0 0 0 3.87556270335715E-03 3.89028618420447E-03 3.89286254228464E-03 3.89796291338446E-03 3.90536841093247E-03 3.91479651035791E-03 3.92596623202512E-03 3.93873850799798E-03 3.95300401595802E-03 3.96879571957104E-03 3.98621180461054E-03 4.00534445087113E-03 4.02631118214043E-03 4.04917555180497E-03 4.0740186141859E-03 4.10082925845692E-03 4.12958439166447E-03 4.16019428278524E-03 4.19257595293263E-03 4.2265643169162E-03 4.26193960918377E-03 4.29846810692716E-03 4.33589202780402E-03 4.3739790875077E-03 4.41247965371484E-03 4.4511982252316E-03 4.4899489248372E-03 4.52860146811295E-03 4.56704483121116E-03 4.6051973105834E-03 4.64297600633319E-03 4.68030501355931E-03 4.71709689041873E-03 4.75325409687313E-03 4.78868942357754E-03
0 0 0 0 0 0 0 0 0 0 0 0 0 0 0 0 0 0 0 0 0 0 0 0 0 0 0 0 0 3.87556270335715E-03 3.87646718144382E-03 3.88029429034839E-03 3.88680218422277E-03 3.89551553931185E-03 3.90618388803954E-03 3.91858730922116E-03 3.93263527767339E-03 3.94825716322421E-03 3.96550149468924E-03 3.98447638277436E-03 4.00527191661992E-03 4.0280123527318E-03 0.004052749326744 4.07954068667439E-03 4.10835056967454E-03 4.13912202359894E-03 4.1717316422206E-03 4.20605310079707E-03 4.24188638899403E-03 4.27897020717323E-03 4.3170436839362E-03 4.35583468781251E-03 4.39510513067785E-03 4.43460882380085E-03 4.47415623388422E-03 4.51357950511414E-03 4.55276008241692E-03 4.59160220732434E-03 4.63003852004888E-03 4.6680070202322E-03 4.70543986634402E-03 4.7422399156516E-03 4.77830507323031E-03 4.81354773169694E-03
0 0 0 0 0 0 0 0 0 0 0 0 0 0 0 0 0 0 0 0 0 0 0 0 0 0 0 0 3.84377717620395E-03 3.85970529528936E-03 3.86234078792249E-03 3.86774987728453E-03 3.87569225825757E-03 3.88577839392397E-03 3.89779317521077E-03 3.91155600128387E-03 3.92701469953307E-03 3.94412569520106E-03 3.96294649947231E-03 3.98359635935858E-03 4.00616036457038E-03 4.03076810957316E-03 4.05745492821382E-03 4.08625853212934E-03 4.11711318158411E-03 4.14992353569356E-03 4.18452933013614E-03 4.22076515788365E-03 4.25839637627631E-03 4.29711931229187E-03 4.33665307879928E-03 4.37672118219501E-03 4.41708549168511E-03 4.45750658718013E-03 4.4978030323848E-03 4.53782480390746E-03 4.57746396415831E-03 4.61663614892872E-03 4.65528506213119E-03 4.69336949209067E-03 4.73082956726504E-03 4.76755246040475E-03 4.80343248640643E-03 4.83838620182188E-03
0 0 0 0 0 0 0 0 0 0 0 0 0 0 0 0 0 0 0 0 0 0 0 0 0 0 0 0 3.84377717620395E-03 3.84464335606594E-03 3.84844132460158E-03 3.85532817772077E-03 3.86475395703069E-03 3.87629340907647E-03 3.8897604598844E-03 3.90500146612692E-03 3.92199782748668E-03 3.94072506702072E-03 3.96124406932476E-03 3.98368797109989E-03 4.00812307030902E-03 4.03469109631434E-03 4.06339939893555E-03 4.09426815464016E-03 4.12719922053951E-03 4.16205126303799E-03 4.19863041041062E-03 4.23672761092788E-03 4.27608808021008E-03 4.31635845554379E-03 4.35725437179891E-03 4.39850440147966E-03 4.43987247724478E-03 4.48113059667478E-03 4.52209953252896E-03 4.56265315700486E-03 4.60268517240959E-03 4.64212243887366E-03 4.68091123009558E-03 4.71903283148827E-03 4.75643691442008E-03 4.79298439254221E-03 4.82857553573224E-03 4.86313683858797E-03
0 0 0 0 0 0 0 0 0 0 0 0 0 0 0 0 0 0 0 0 0 0 0 0 0 0 0 0 3.82840887410527E-03 3.82893798397603E-03 3.83436672440425E-03 0.003842999144892 3.85407071817221E-03 3.86718551827776E-03 3.88221718818721E-03 3.89905450346827E-03 3.91770870830184E-03 3.93817527507833E-03 3.96051445084324E-03 3.98486257386916E-03 4.01127255079833E-03 4.03988403543586E-03 4.07068054760363E-03 4.10365303302256E-03 4.13866864995495E-03 4.17554603454518E-03 4.21405874502499E-03 4.25395312577011E-03 4.29494131671194E-03 4.33665473693211E-03 4.37881368187871E-03 4.42115305598498E-03 4.46343824461334E-03 4.50545354710252E-03 4.54702548788368E-03 4.5880448994606E-03 4.62840455740074E-03 4.66803823421063E-03 4.70689493906753E-03 4.74497156696912E-03 4.78221347663574E-03 4.81847082964201E-03 4.85365926700361E-03 4.88771985373907E-03
0 0 0 0 0 0 0 0 0 0 0 0 0 0 0 0 0 0 0 0 0 0 0 0 0 0 0 3.77193502421438E-03 3.80638763294399E-03 3.81185610319712E-03 3.82028379737856E-03 3.83104694266897E-03 3.84390781977237E-03 3.8586881469309E-03 3.8753672865935E-03 3.89389179651145E-03 3.91430076412569E-03 3.93661207005438E-03 3.96088261075103E-03 3.98724038593081E-03 4.01572132601274E-03 4.04644896556084E-03 4.07938684430288E-03 4.11447734047419E-03 4.15156450892003E-03 4.19042474908704E-03 4.23080793044018E-03 4.2724064338256E-03 4.31491176105001E-03 4.35797440292086E-03 4.40130356705798E-03 4.44464833873739E-03 4.48776887503339E-03 4.53047258011134E-03 4.57257689437392E-03 4.61399479244968E-03 4.65460849082609E-03 4.69436178607938E-03 4.73319505992061E-03 4.77111614325866E-03 4.80807763036575E-03 4.84392657522284E-03 4.87859569558323E-03 4.9120477402742E-03
0 0 0 0 0 0 0 0 0 0 0 0 0 0 0 0 0 0 0 0 0 0 0 0 0 0 3.75004381211251E-03 3.77193502421438E-03 3.78535338501504E-03 3.7958274897096E-03 3.80707728766486E-03 3.81989906543081E-03 3.83453921961828E-03 3.85101631584288E-03 3.8693995745246E-03 3.88968468700896E-03 3.91193294311753E-03 3.93617890033449E-03 3.96247384063642E-03 3.99093022878037E-03 4.02156180336276E-03 4.05446535476122E-03 4.08957113274639E-03 4.12678065956433E-03 4.16590637290864E-03 4.20669270690567E-03 4.24886141991164E-03 4.29206866193598E-03 4.33599638720121E-03 4.38031043413778E-03 4.42472315528734E-03 4.46898850524639E-03 4.51286851400324E-03 4.55618138840784E-03 4.59874805350819E-03 4.64048529899915E-03 4.68126959696414E-03 4.72104724508396E-03 4.75975780104494E-03 4.79741203042836E-03 4.83395776559417E-03 4.8692615988459E-03 4.90328773627275E-03 4.93602461558244E-03
0 0 0 0 0 0 0 0 0 0 0 0 0 0 0 0 0 0 0 0 0 0 0 0 0 3.74069122323483E-03 3.75004381211251E-03 3.75976568517448E-03 3.77088542788453E-03 3.78254048523447E-03 3.79545463038324E-03 3.80994819467693E-03 3.82624030487851E-03 3.84439532494519E-03 3.86451070080798E-03 3.88660893721913E-03 3.91076197806388E-03 3.93701535364968E-03 3.96541212527062E-03 3.99603815762849E-03 4.02888067508093E-03 4.06399229676244E-03 4.10127081132429E-03 4.14057593506936E-03 4.18169086209338E-03 4.22433221437278E-03 4.2681999240342E-03 4.31292893131899E-03 4.35819365297097E-03 4.40367690145297E-03 4.44909455603239E-03 4.49420458283883E-03 4.53876874535388E-03 4.58261179087911E-03 4.62555735724318E-03 4.6675140789075E-03 4.70836201246914E-03 4.74804300137772E-03 4.78650107511191E-03 4.82373934277675E-03 4.85972484039825E-03 4.89435562744318E-03 4.92762405291294E-03 4.95955144793328E-03
0 0 0 0 0 0 0 0 0 0 0 0 0 0 0 0 0 0 0 0 0 0 0 0 0 3.74069122323483E-03 3.74156865513417E-03 3.74846761963905E-03 0.003758754185629 3.77108245713719E-03 3.78525809251735E-03 3.80123466603175E-03 3.81911753616195E-03 3.83895678466056E-03 3.86084443504232E-03 3.8848095603496E-03 3.91092359764713E-03 3.93924328706935E-03 3.96979934405854E-03 4.00264431257302E-03 4.03773285462141E-03 4.07506771683062E-03 4.11450677696645E-03 4.15587078907526E-03 4.19891414914317E-03 4.24333458586836E-03 4.28881559519027E-03 4.3349793930886E-03 4.38149697392334E-03 4.42806894672089E-03 4.47441518953893E-03 4.52028968899838E-03 4.56545191100751E-03 4.6097291917273E-03 4.65294914533489E-03 4.69500830934161E-03 4.73579019774798E-03 4.77523590430408E-03 4.81329936257659E-03 4.8499820047389E-03 4.88526616525469E-03 4.91909392428106E-03 4.95149815450964E-03 4.9825325975329E-03
0 0 0 0 0 0 0 0 0 0 0 0 0 0 0 0 0 0 0 0 0 0 0 0 3.70904598377432E-03 3.72536139048923E-03 3.72891779592838E-03 3.73657100555273E-03 3.74745863280399E-03 3.76078308884998E-03 3.77625762212027E-03 3.79372295170767E-03 3.81322166887203E-03 3.83479498858739E-03 3.85851278646222E-03 3.88440749932171E-03 3.91253581187607E-03 3.94297429041882E-03 3.97573604107699E-03 4.01082809065457E-03 4.04817833098728E-03 4.08772234138346E-03 4.12929040850787E-03 4.17265658165472E-03 4.21755693986808E-03 4.2636754526477E-03 4.31068561307929E-03 4.35820619288344E-03 4.40589645957348E-03 4.45348662642765E-03 4.50068496513426E-03 4.54723795627388E-03 4.59289890602753E-03 4.63749601778022E-03 4.68086441960538E-03 4.72287851306636E-03 4.76344199810537E-03 4.80248957552029E-03 4.8400019772599E-03 4.87597329418173E-03 4.91042323070762E-03 4.94334162287066E-03 4.97479768138569E-03 5.0048779020009E-03
