NongDo/Fusa 13.8h.grd
DSAA
463	323
2	464
2	324
0	10
[rows 140 to 167 of 323, columns 192 to 255 of 463]
7.00860656606706E-03 7.07395109146645E-03 7.13856693960851E-03 7.20233800480464E-03 7.26511877873255E-03 7.32672642757846E-03 7.3869884165525E-03 7.44572511860758E-03 7.50276207175798E-03 7.55791572590948E-03 7.6110109106127E-03 7.66187728983633E-03 7.71037245820707E-03 7.75637831589408E-03 7.79980247091233E-03 7.84058200253638E-03 7.87868616649701E-03 7.91411897591743E-03 7.94690809950208E-03 7.97710467021066E-03 8.00477619634626E-03 8.03000351919266E-03 8.05287332078731E-03 8.07347731386261E-03 8.09190745792169E-03 8.10825282536291E-03 8.12260158363426E-03 8.13504528210858E-03 8.14570486220129E-03 8.15472408830033E-03 8.16225786621662E-03 8.1684544410615E-03 8.17344777623554E-03 8.17736084433887E-03 8.18030145008465E-03 8.18236198337928E-03 8.18361351554685E-03 8.1841124664464E-03 8.18390443499814E-03 8.18302851025877E-03 8.18152082019813E-03 8.17940754594043E-03 8.17670440235019E-03 8.17341994912784E-03 8.16955459810866E-03 0.008165083173134 0.00815995866945 8.1481031143955E-03 0 0 0 0 0 0 0 0 0 0 0 0 0 0 0 0
7.07361472508927E-03 7.13822455266432E-03 7.20197102860394E-03 7.26474120453784E-03 7.32639259796144E-03 7.38674417286961E-03 7.4456366794328E-03 7.50290211388662E-03 7.55837560755537E-03 7.61188105225159E-03 7.66325111774532E-03 7.71232190488831E-03 7.75895853575464E-03 7.80305011904445E-03 7.8445106429447E-03 7.88328455332676E-03 7.91935125363229E-03 7.9527272730985E-03 7.98345206817996E-03 8.01158936544492E-03 8.03721772401007E-03 8.06042769809805E-03 8.08131635245426E-03 8.09998571506353E-03 8.11653721317388E-03 8.13106951828077E-03 8.14368069558678E-03 8.15446992758887E-03 8.1635732454586E-03 8.17115113291259E-03 8.17736347637799E-03 8.18235744466698E-03 8.18626365208673E-03 8.18919969507147E-03 8.19126521029763E-03 8.19254508945719E-03 8.1931034845942E-03 8.19298834322742E-03 8.19223596244278E-03 8.19087630196269E-03 8.18894152486906E-03 8.18645221242027E-03 8.18340869922767E-03 8.17980137368651E-03 8.17562075235575E-03 8.17085557675981E-03 0.00815995866945 0 0 0 0 0 0 0 0 0 0 0 0 0 0 0 0 0
7.13697596977495E-03 7.20076088787851E-03 7.26355460684652E-03 7.32524353652067E-03 0.007385686827982 7.44471393907763E-03 7.50218304712219E-03 7.55793670709908E-03 7.61181635541879E-03 7.66365057992688E-03 7.7132772206765E-03 7.76053996089819E-03 7.8053110481056E-03 7.84748551597534E-03 7.88698354975997E-03 7.92375849855242E-03 7.9578012568573E-03 7.9891409176091E-03 8.0178298382324E-03 8.04394544064422E-03 8.06757784333828E-03 8.08882715039019E-03 8.10780019140301E-03 8.12460830365425E-03 8.13936126352677E-03 8.15216639938083E-03 8.16313084086178E-03 8.17236453246339E-03 8.18001969650362E-03 8.18626794825972E-03 8.19126796753835E-03 8.19516343371537E-03 8.19808055737126E-03 8.20013237613028E-03 8.20141258297144E-03 8.20199694435903E-03 8.20194034356106E-03 8.20128389587674E-03 8.20005676377638E-03 8.19827498163469E-03 8.1959575152995E-03 8.19311829776737E-03 8.18973793067984E-03 8.18577221478536E-03 8.18119041036389E-03 8.17085557675981E-03 0 0 0 0 0 0 0 0 0 0 0 0 0 0 0 0 0 0
7.19871119565471E-03 7.26159083919718E-03 7.32335786058464E-03 7.38389412221682E-03 7.44306482371306E-03 7.50072236897717E-03 7.5567337625265E-03 7.61095038991334E-03 7.66321538591256E-03 7.71336112342173E-03 7.76122914529983E-03 7.80667364791828E-03 7.84957101486854E-03 7.88982205174356E-03 7.92735448490046E-03 7.96213322923421E-03 7.99416195386893E-03 8.02348268399188E-03 8.05016314344185E-03 8.07429543585197E-03 8.09598180121275E-03 8.11533102141424E-03 8.1324589657321E-03 8.14748491070215E-03 8.16052542263315E-03 8.17169567166618E-03 8.18111189166809E-03 8.18889677274809E-03 8.19521394645632E-03 8.20024151488109E-03 8.20413403461062E-03 8.20702917138816E-03 8.2090485797253E-03 8.21030101463593E-03 8.21087529098786E-03 8.21083703202038E-03 8.21023066972198E-03 8.20909030527086E-03 8.20743833645194E-03 8.20527516329339E-03 8.20259617926599E-03 8.1994011859476E-03 8.19564501103937E-03 8.19124801484387E-03 8.18119041036389E-03 0 0 0 0 0 0 0 0 0 0 0 0 0 0 0 0 0 0 0
7.25889331015232E-03 7.32079497046098E-03 7.38146527956932E-03 7.44078816527657E-03 7.49864335517186E-03 7.55490264409875E-03 7.60943215511166E-03 7.66208953492071E-03 7.71271771533516E-03 7.76115464715575E-03 7.80724661864434E-03 7.85085664527223E-03 7.89186352000077E-03 7.93017625499071E-03 7.96573313973018E-03 7.99851248891579E-03 8.02853217199094E-03 8.05584981420059E-03 8.08055084441673E-03 8.10274179073151E-03 8.12253605932369E-03 8.14005112522477E-03 8.15541080984725E-03 8.16874013568513E-03 8.18016083110026E-03 8.18979511154878E-03 8.19776864800336E-03 8.20421723215244E-03 8.20931160776963E-03 8.21322880298978E-03 8.21611484660679E-03 8.21810290865648E-03 8.21931159023608E-03 8.21984374074747E-03 8.21977995667308E-03 8.2191774684102E-03 8.21807116015126E-03 8.21648212038815E-03 8.21441763138108E-03 8.21186266537256E-03 8.20878886988415E-03 8.20517039976911E-03 8.20094130551549E-03 8.19124801484387E-03 0 0 0 0 0 0 0 0 0 0 0 0 0 0 0 0 0 0 0 0
7.31766998584816E-03 7.37853245256516E-03 7.43805110150211E-03 7.49611686276477E-03 7.55262046039946E-03 7.60744484946247E-03 7.66045913097888E-03 7.71152233803059E-03 7.76047902855075E-03 7.80717274189125E-03 7.85145523804331E-03 7.89319529321189E-03 7.93227949626736E-03 7.96862729136827E-03 8.0021907634448E-03 8.03296303895808E-03 8.06097909212522E-03 8.0863143930243E-03 8.10907194403396E-03 8.1293717653255E-03 8.14733688761164E-03 8.16309265053388E-03 8.17676783745311E-03 8.18849106697238E-03 8.19838852885798E-03 8.2065880306815E-03 8.21322272548072E-03 8.21844106252448E-03 8.22241769361797E-03 8.22532135347475E-03 8.22729073080697E-03 8.22845571139186E-03 8.22893221748029E-03 8.22881675156346E-03 8.22818141945175E-03 8.22707335314756E-03 0.008225511934362 8.22349762120689E-03 8.22101831462112E-03 8.21803773882619E-03 8.21449970890519E-03 8.21035537027385E-03 8.20094130551549E-03 0 0 0 0 0 0 0 0 0 0 0 0 0 0 0 0 0 0 0 0 0
7.37516220636457E-03 7.43493160053055E-03 7.49325147966265E-03 7.55001914048083E-03 7.60513078053525E-03 7.65847755650604E-03 7.70993295287315E-03 7.75935664587591E-03 7.80659622025091E-03 7.85150015754389E-03 7.89392552133191E-03 7.9337484319203E-03 7.9708685891922E-03 8.00521941705011E-03 8.03676995429029E-03 8.06552940799515E-03 8.09155233264073E-03 8.11493359070979E-03 8.1357927242716E-03 8.1542616421569E-03 8.17047095579718E-03 8.18455040447268E-03 8.19663018861408E-03 8.20684217418453E-03 8.21531653977884E-03 8.22218590265764E-03 8.22758987425751E-03 8.23168217746778E-03 8.23463199412095E-03 8.23660317349404E-03 8.23773389825535E-03 8.23814888961453E-03 8.23795877537168E-03 8.23725645136175E-03 8.23611001637535E-03 8.23455220299091E-03 8.23257311830256E-03 0.008230135617797 8.22720611415438E-03 8.22372774482996E-03 8.2196369047164E-03 8.21035537027385E-03 0 0 0 0 0 0 0 0 0 0 0 0 0 0 0 0 0 0 0 0 0 0
7.43144757941735E-03 7.49006765147546E-03 7.54713618996265E-03 7.60255507433381E-03 7.65622508185303E-03 7.70804471063478E-03 7.75788995199567E-03 7.80562100191369E-03 7.85108882266701E-03 7.89414791078094E-03 7.93466310727849E-03 7.97252099603353E-03 8.00763728923566E-03 8.03996367862443E-03 8.06948874403311E-03 8.09623884159425E-03 8.12028972083501E-03 8.14175648547466E-03 8.16077283288746E-03 8.17747991248326E-03 8.19201299318607E-03 8.20450275619232E-03 8.21507992499442E-03 8.22387880702144E-03 8.23103127306888E-03 8.23667270342394E-03 8.24094613721023E-03 8.24400716675038E-03 8.24602017093267E-03 8.24714289879589E-03 8.24751116594236E-03 8.24724524958108E-03 8.24645129630729E-03 8.24522149982947E-03 8.24362492070935E-03 8.24167806848083E-03 8.23931522646486E-03 8.23641702046801E-03 8.23295276845013E-03 8.22885877705265E-03 8.2196369047164E-03 0 0 0 0 0 0 0 0 0 0 0 0 0 0 0 0 0 0 0 0 0 0 0
7.48656268634388E-03 7.54397059216181E-03 7.59972684142962E-03 7.65373782542216E-03 7.70590911899144E-03 7.75614481443943E-03 7.80432149745802E-03 7.8503002004849E-03 7.89393670278015E-03 7.93509338824628E-03 7.97364603756859E-03 8.00949468608107E-03 8.04257441532773E-03 8.07285811064675E-03 8.1003558308375E-03 8.1251131476222E-03 8.14722819259767E-03 8.16683426191097E-03 8.18407555120027E-03 8.19909900609733E-03 8.21204127768943E-03 8.22303284959999E-03 8.23220468944234E-03 8.23969103137647E-03 8.24562243540451E-03 8.25013532405004E-03 8.2533743305347E-03 8.25549538665646E-03 8.2566581010296E-03 8.2570133478818E-03 8.2566918929834E-03 8.25580908641154E-03 8.25446880479666E-03 8.25276683162311E-03 8.25078398223858E-03 8.24853079460764E-03 8.24583956779423E-03 8.24233546686812E-03 8.23816874412762E-03 8.22885877705265E-03 0 0 0 0 0 0 0 0 0 0 0 0 0 0 0 0 0 0 0 0 0 0 0 0
7.54050929449943E-03 7.59663331420653E-03 7.6510074981521E-03 7.70354321388446E-03 7.75415026817944E-03 7.80273678332567E-03 7.84918016073022E-03 7.89334311555937E-03 7.93508776661971E-03 7.97428695404388E-03 8.01083042457546E-03 8.04463473050417E-03 8.07565762174814E-03 8.10389564303824E-03 8.12938179516067E-03 8.15218172989554E-03 8.17241387487169E-03 8.19022702659465E-03 8.20577270458635E-03 8.21920002274169E-03 8.23064455953075E-03 8.2402351546166E-03 8.24810079606577E-03 8.25437338062551E-03 8.25918121686866E-03 0.008262660209755 8.26495545451304E-03 8.26622265254414E-03 8.26661777896568E-03 8.26628324854852E-03 8.2653406225727E-03 8.26389621792108E-03 8.26204950053059E-03 8.25991123628597E-03 8.25761758148097E-03 8.25523893563231E-03 8.25248242977911E-03 8.24789379567922E-03 8.23816874412762E-03 0 0 0 0 0 0 0 0 0 0 0 0 0 0 0 0 0 0 0 0 0 0 0 0 0
7.5932561654673E-03 7.64801683043621E-03 7.70093210654587E-03 7.75191889291303E-03 7.80089075461587E-03 7.84775824986175E-03 7.89240046326464E-03 7.93468401488144E-03 7.97447982281472E-03 8.01167277709802E-03 8.04616947441459E-03 8.07790718263647E-03 8.10686920697047E-03 8.13307635327596E-03 8.15658476686573E-03 8.17748049154697E-03 8.19589951747893E-03 8.21200187927299E-03 8.22594276369489E-03 8.23787055024534E-03 8.24791744812778E-03 8.25620883077804E-03 8.2628692276388E-03 8.26802620056252E-03 8.27180505494661E-03 8.27434109262005E-03 8.27577990191158E-03 8.27627578388368E-03 8.27598013841695E-03 8.27502743157032E-03 8.27352590122696E-03 8.27155967811067E-03 8.26920550850546E-03 8.2665934396711E-03 8.26401950944236E-03 8.26186311365298E-03 8.26038419582273E-03 8.24789379567922E-03 0 0 0 0 0 0 0 0 0 0 0 0 0 0 0 0 0 0 0 0 0 0 0 0 0 0
7.64474254459641E-03 7.6980541730787E-03 7.74942811404177E-03 7.79878752396447E-03 7.84604961400632E-03 7.89112611997055E-03 7.93389976862127E-03 7.97424418533567E-03 8.01204119353841E-03 8.04718984502401E-03 8.07961681169856E-03 8.1092839810235E-03 8.1362003499384E-03 8.16041111384685E-03 8.18199487879517E-03 8.20105716499826E-03 8.21774714847004E-03 8.23223202032633E-03 8.24466828598052E-03 8.25520029047171E-03 8.26395420433887E-03 8.27105006213938E-03 0.008276606288142 8.28074414115073E-03 8.28358588644709E-03 0.008285265874535 8.28592977974313E-03 8.28573097293097E-03 8.28481928139686E-03 8.28332203861471E-03 8.28132652264715E-03 8.27886900150341E-03 8.27594071607492E-03 8.27261467093753E-03 8.26950387357577E-03 8.2675284854578E-03 8.26722620078092E-03 0 0 0 0 0 0 0 0 0 0 0 0 0 0 0 0 0 0 0 0 0 0 0 0 0 0 0
7.69488759462236E-03 7.74666199859779E-03 7.7964110749656E-03 0.007844064010798 7.88954136945794E-03 7.93275715866989E-03 7.97360040523043E-03 8.01195365467974E-03 8.04771218596089E-03 8.08079259299848E-03 8.11114473697885E-03 8.13875560366048E-03 8.16365957263083E-03 0.008185926834836 8.20565754785657E-03 8.22297210791068E-03 8.23802820300111E-03 8.25099858462995E-03 8.26203818360033E-03 8.27128410219909E-03 8.27885413391838E-03 8.28486025512441E-03 8.28941233935709E-03 8.29262594599018E-03 8.29462104220354E-03 8.29552941417549E-03 8.29549501489534E-03 8.29467203389515E-03 8.29321496192777E-03 8.29125121063485E-03 8.2888478121188E-03 8.28596196782669E-03 8.2823433230164E-03 8.27758748436853E-03 8.27309256731007E-03 8.27078369421264E-03 8.26722620078092E-03 0 0 0 0 0 0 0 0 0 0 0 0 0 0 0 0 0 0 0 0 0 0 0 0 0 0 0
7.74359392676534E-03 7.7937439472979E-03 7.84178610117737E-03 7.88765639815142E-03 7.93127958367127E-03 7.97257330709687E-03 8.01143391676022E-03 8.04775568893116E-03 8.08145099118086E-03 8.11245687685026E-03 8.14074698639445E-03 8.16633273362528E-03 8.18927435746052E-03 8.20966641872901E-03 8.22762815415336E-03 8.24328995016147E-03 8.25681649049794E-03 8.26838416492131E-03 8.27814089746806E-03 8.28621302244532E-03 8.29270815713118E-03 8.29772913126944E-03 8.30137773029252E-03 8.30376375732889E-03 8.30500342581165E-03 8.30522450984215E-03 8.30456761253986E-03 8.30318817680172E-03 0.008301254580297 8.29891381665354E-03 8.29624581352271E-03 8.29317788889986E-03 8.28906544770833E-03 8.28096863293501E-03 8.27309256731007E-03 8.27078369421264E-03 0 0 0 0 0 0 0 0 0 0 0 0 0 0 0 0 0 0 0 0 0 0 0 0 0 0 0 0
7.79076352251793E-03 7.83920577189332E-03 7.88546394324523E-03 7.92948223016277E-03 7.97119055731235E-03 8.01051001993839E-03 8.04734685085843E-03 8.08161108619838E-03 8.11323560679887E-03 8.14217864597897E-03 8.16843752053839E-03 8.19204772468932E-03 8.21309430949752E-03 8.23169360719298E-03 8.24798001749633E-03 8.26209374844417E-03 8.27420527552821E-03 8.28448846166571E-03 8.29307813266833E-03 8.30008807435261E-03 8.30561522511406E-03 8.30975435956258E-03 8.31260053674924E-03 8.31425677045967E-03 8.3148332044415E-03 8.31445260141521E-03 8.31325067103854E-03 8.31137891587884E-03 8.30902124482253E-03 8.30637278081773E-03 8.30361383671785E-03 8.30099688441368E-03 8.29896089969587E-03 8.28096863293501E-03 0 0 0 0 0 0 0 0 0 0 0 0 0 0 0 0 0 0 0 0 0 0 0 0 0 0 0 0 0 0
7.83629990420981E-03 7.88295736669764E-03 7.92736210251213E-03 7.96946759469067E-03 8.00921017743558E-03 8.04651368510568E-03 8.08129957638254E-03 8.11349731724051E-03 8.14306202823428E-03 8.16997266688242E-03 8.19425076935467E-03 8.21595479166325E-03 8.23519123745167E-03 8.25209551898626E-03 8.26681350398128E-03 8.27949491630537E-03 8.29030971043084E-03 8.29942412223371E-03 8.30695909288039E-03 8.31301495128886E-03 8.31767862449834E-03 8.32103772173657E-03 8.32318084653336E-03 8.32420334391098E-03 8.32420835915422E-03 8.32331073132185E-03 8.32163446519642E-03 8.31931606206627E-03 8.31654529280014E-03 8.31355803563472E-03 8.31060148281244E-03 8.30822765335134E-03 8.30781768084388E-03 0 0 0 0 0 0 0 0 0 0 0 0 0 0 0 0 0 0 0 0 0 0 0 0 0 0 0 0 0 0 0
7.88011025320876E-03 7.9249161924499E-03 7.96741060035526E-03 8.00755461199295E-03 8.04529111926274E-03 8.08055195456425E-03 8.11327848973887E-03 8.14342045941519E-03 8.17095498214357E-03 8.19588240194721E-03 8.21824813569189E-03 8.23813171989125E-03 8.25565781421614E-03 8.27097642291118E-03 8.28424176412798E-03 8.29561060494416E-03 8.30524676033612E-03 8.31330464467522E-03 8.31989123382215E-03 8.32509600236013E-03 8.32899818642476E-03 8.33167781946854E-03 8.33321535289806E-03 8.33369924097809E-03 8.33322524929371E-03 8.33189583412366E-03 8.32981291680694E-03 8.32707482002358E-03 8.32383890899128E-03 8.32033245358472E-03 8.31668125727199E-03 8.3129247162763E-03 8.30781768084388E-03 0 0 0 0 0 0 0 0 0 0 0 0 0 0 0 0 0 0 0 0 0 0 0 0 0 0 0 0 0 0 0
0.007922099283539 7.96499955386574E-03 8.00554004174442E-03 8.04368902321371E-03 8.07939945070598E-03 8.11261640483436E-03 8.14329952347734E-03 8.17141993163208E-03 8.19697648796753E-03 8.2199910260342E-03 8.24052968951035E-03 8.25869089100134E-03 8.27461355381839E-03 8.28845756644207E-03 8.30038277554166E-03 8.31055066816368E-03 8.31911688049329E-03 8.32621946123784E-03 8.33195407877721E-03 8.33640158607357E-03 8.33963465606493E-03 8.34172608578343E-03 8.34274973009844E-03 8.34278730250205E-03 8.34192427080944E-03 8.34024295249394E-03 8.33780710019978E-03 8.33465226126725E-03 8.33088210943778E-03 8.32669525471563E-03 8.32213743635658E-03 8.3129247162763E-03 0 0 0 0 0 0 0 0 0 0 0 0 0 0 0 0 0 0 0 0 0 0 0 0 0 0 0 0 0 0 0 0
7.96220244208472E-03 8.00315824296382E-03 8.04171668671309E-03 8.07785610222447E-03 8.11154268737148E-03 8.14273498591366E-03 8.17141021012604E-03 8.19756151890971E-03 8.22120908934783E-03 8.24239428217067E-03 8.26120108506829E-03 8.27774426870529E-03 8.29217310777479E-03 8.30465424351004E-03 8.31535058818339E-03 8.32442374483695E-03 8.33201701234065E-03 8.3382543480916E-03 0.008343224314693 8.34699952668672E-03 8.34964549952423E-03 8.35122974773028E-03 8.35182288361274E-03 8.35150018996028E-03 8.35033406439909E-03 8.34837382887337E-03 8.34560559197003E-03 8.34195404988116E-03 8.33754275744924E-03 8.3325732769262E-03 8.32213743635658E-03 0 0 0 0 0 0 0 0 0 0 0 0 0 0 0 0 0 0 0 0 0 0 0 0 0 0 0 0 0 0 0 0 0
8.00038531932547E-03 8.03937682762356E-03 8.07594580697925E-03 8.11008318377477E-03 8.14176761698297E-03 8.17096988885696E-03 8.1976868860293E-03 8.22193382867684E-03 8.24375113663497E-03 8.26319642037191E-03 8.28036987948722E-03 8.29540003563647E-03 8.30844280098628E-03 8.31966824455809E-03 8.32923858916074E-03 8.33731309230176E-03 8.34402429355689E-03 8.34948340719122E-03 8.35377177690748E-03 8.35695512002725E-03 8.35909313426107E-03 8.36024940708598E-03 8.36049248348086E-03 8.35989400596922E-03 8.35851797409586E-03 8.35638230614794E-03 8.35334360771541E-03 8.34899150851935E-03 8.34373483697678E-03 8.3325732769262E-03 0 0 0 0 0 0 0 0 0 0 0 0 0 0 0 0 0 0 0 0 0 0 0 0 0 0 0 0 0 0 0 0 0 0
8.03664387170171E-03 8.07367061566922E-03 8.1082631297239E-03 8.1404236461327E-03 8.1701417250166E-03 8.19740222746425E-03 8.22222299803728E-03 8.24463994389425E-03 8.26471117703614E-03 8.28250943030006E-03 8.29814941509058E-03 8.31177019299153E-03 8.32353087786652E-03 8.33360187745338E-03 8.34214240587716E-03 8.34930776234711E-03 8.35522034754408E-03 8.35998115360415E-03 8.3636652330361E-03 8.36633329098599E-03 8.36804145230622E-03 8.36884887015388E-03 8.36881959578655E-03 8.36802619928646E-03 8.36654507913014E-03 8.36441910404092E-03 8.36139966720941E-03 8.35571592730381E-03 8.34373483697678E-03 0 0 0 0 0 0 0 0 0 0 0 0 0 0 0 0 0 0 0 0 0 0 0 0 0 0 0 0 0 0 0 0 0 0 0
8.07099820528654E-03 8.1060771239907E-03 8.13872167479142E-03 8.16894386646211E-03 8.19674558224846E-03 8.2221273624308E-03 8.24512591383783E-03 8.26579638575116E-03 8.28421240524013E-03 8.30046052525365E-03 8.31466619355116E-03 8.32697639155265E-03 8.33755102338353E-03 8.34655841446723E-03 8.35415414082343E-03 8.36048885106664E-03 8.36567723281512E-03 8.36981175823568E-03 8.37296256254586E-03 8.37518708754662E-03 8.37653908384934E-03 8.37707359439888E-03 8.37684851690513E-03 8.37593390830866E-03 8.37443603633792E-03 8.37260948984498E-03 8.37111268954542E-03 8.35571592730381E-03 0 0 0 0 0 0 0 0 0 0 0 0 0 0 0 0 0 0 0 0 0 0 0 0 0 0 0 0 0 0 0 0 0 0 0 0
8.10350018774395E-03 8.1366627470046E-03 8.1674005927425E-03 8.1957348639011E-03 8.22168094598675E-03 8.24525639094927E-03 8.26651481871649E-03 8.28552754838189E-03 8.3023811106271E-03 8.31717506782149E-03 8.33004260005297E-03 8.34113486800825E-03 8.35061059464959E-03 8.35863575159127E-03 8.36536259344403E-03 8.37093667757338E-03 8.3754661108012E-03 8.37903767267351E-03 8.38171860488088E-03 8.38356483820305E-03 8.38462972575609E-03 8.38496572974984E-03 8.38462116449136E-03 8.38363490495518E-03 8.38203479725591E-03 8.38006722371759E-03 8.37967385888136E-03 0 0 0 0 0 0 0 0 0 0 0 0 0 0 0 0 0 0 0 0 0 0 0 0 0 0 0 0 0 0 0 0 0 0 0 0 0
8.13422845008301E-03 8.16551849808266E-03 8.19440223814552E-03 8.22090947658668E-03 8.24506948722611E-03 8.26691763316021E-03 8.2865216099343E-03 8.30396618756819E-03 8.31934850280421E-03 8.33277981158231E-03 8.34439750093705E-03 8.35435408597166E-03 8.36280786417693E-03 8.36992196419607E-03 8.37584564506941E-03 8.38071922319814E-03 8.38464678572397E-03 8.38771147823246E-03 8.38997849556726E-03 8.39150378699968E-03 8.39234313853722E-03 8.3925525865403E-03 8.39217950235468E-03 8.39121767106499E-03 8.38938536832492E-03 8.3852162658513E-03 8.37967385888136E-03 0 0 0 0 0 0 0 0 0 0 0 0 0 0 0 0 0 0 0 0 0 0 0 0 0 0 0 0 0 0 0 0 0 0 0 0 0
8.16328260162959E-03 8.19275217092635E-03 8.21984054856503E-03 8.24458712686203E-03 0.00826703565934 8.28723755352146E-03 8.30527218913773E-03 8.32123637588554E-03 8.33523598050246E-03 8.34738990535139E-03 8.35783673160944E-03 8.36673107187357E-03 8.3742311883822E-03 8.38049702077425E-03 8.38567445669406E-03 8.38990003029774E-03 8.39327616709148E-03 8.3958834557211E-03 8.39778560411313E-03 8.39903880396331E-03 8.39970207143351E-03 8.39984590735399E-03 8.39955852861493E-03 8.39894374234055E-03 8.39812909463471E-03 8.3852162658513E-03 0 0 0 0 0 0 0 0 0 0 0 0 0 0 0 0 0 0 0 0 0 0 0 0 0 0 0 0 0 0 0 0 0 0 0 0 0 0
8.19077831761329E-03 8.21848502330168E-03 8.24384178431588E-03 8.26689762459415E-03 8.28770986506947E-03 8.30634409584135E-03 8.32289009697952E-03 8.33745511383555E-03 8.35015114907602E-03 8.36110169604238E-03 8.37044751880857E-03 8.37834620788087E-03 8.38495462233016E-03 8.39042924987053E-03 8.39491277865947E-03 8.39853926455252E-03 8.40140982707391E-03 8.40360309978907E-03 8.40518241942999E-03 8.40620492003512E-03 8.40673252511857E-03 8.40684839480542E-03 8.40667571756895E-03 8.40639865335762E-03 8.40604144170278E-03 0 0 0 0 0 0 0 0 0 0 0 0 0 0 0 0 0 0 0 0 0 0 0 0 0 0 0 0 0 0 0 0 0 0 0 0 0 0 0
8.21683207289168E-03 8.24283579049335E-03 8.26652524474791E-03 8.28795965745218E-03 8.3072091051052E-03 8.32435178245605E-03 8.33948621901589E-03 8.35272687866277E-03 8.36418972750237E-03 8.37400334328096E-03 8.38231228362536E-03 8.38927578131783E-03 8.39504788022864E-03 8.39978241635018E-03 8.40361996690421E-03 8.40669181427969E-03 8.40909671783853E-03 8.41091244478756E-03 8.41220361858296E-03 8.41303000475968E-03 8.41345739782976E-03 8.41356703231753E-03 8.41346202968652E-03 8.41323668840255E-03 8.40604144170278E-03 0 0 0 0 0 0 0 0 0 0 0 0 0 0 0 0 0 0 0 0 0 0 0 0 0 0 0 0 0 0 0 0 0 0 0 0 0 0 0
8.24155855627079E-03 8.26592040139177E-03 8.28800798023321E-03 8.30789082772612E-03 8.32564986192323E-03 8.34137436446168E-03 8.35516921155853E-03 8.36715351290751E-03 8.37744766752645E-03 8.38618546802212E-03 8.39351448542128E-03 8.39959420409646E-03 8.40457728006068E-03 8.40861476983502E-03 8.41184546788999E-03 8.41439718209917E-03 8.4163672267961E-03 8.41783273957827E-03 8.41885964328176E-03 8.41951060317932E-03 8.41985309547126E-03 8.41996082733788E-03 8.41991983315607E-03 8.41963902868841E-03 0 0 0 0 0 0 0 0 0 0 0 0 0 0 0 0 0 0 0 0 0 0 0 0 0 0 0 0 0 0 0 0 0 0 0 0 0 0 0 0
