NongDo/Fusa 13.2h.grd
DSAA
463	323
2	464
2	324
0	10
[rows 140 to 167 of 323, columns 192 to 255 of 463]
6.97545557291434E-03 7.04859023712575E-03 7.12100354066781E-03 7.19256694324446E-03 7.2631184118491E-03 7.33245146355968E-03 7.40036855733716E-03 7.46666194055315E-03 7.53112746814058E-03 7.59354825578666E-03 7.65371438887848E-03 7.71141907510212E-03 7.76648582011929E-03 7.81876566274408E-03 7.86813972224159E-03 7.91452447079564E-03 7.95787572417175E-03 7.99819232898267E-03 8.03550365652005E-03 8.06986904548327E-03 8.10136926721088E-03 8.13010249020443E-03 8.15617490334884E-03 8.17969882116725E-03 8.20078637424621E-03 8.21954515127963E-03 8.23607996923421E-03 8.2504977620434E-03 8.26293831241717E-03 8.27356652027216E-03 8.28255896390508E-03 8.29008427503353E-03 8.29629441723758E-03 8.30132892071381E-03 8.30530986624497E-03 8.30834274289996E-03 8.31050798362803E-03 8.31186980963939E-03 8.31248057046604E-03 8.31238633589553E-03 8.31162598838544E-03 8.31022568908744E-03 8.30819819936067E-03 8.30554647032288E-03 8.30225977783908E-03 8.29829302569908E-03 8.29356830139857E-03 8.28213126042032E-03 0 0 0 0 0 0 0 0 0 0 0 0 0 0 0 0
7.0478084441972E-03 7.1201224209558E-03 7.19156059421545E-03 7.26199686189379E-03 7.33127168090419E-03 7.39917990543231E-03 7.46553877135344E-03 7.53015378152815E-03 7.5928319574743E-03 7.6533651928501E-03 7.71155292599739E-03 7.76719630883357E-03 7.82012821572935E-03 7.87020880295491E-03 7.91732745166859E-03 7.96141008031845E-03 8.00242520885654E-03 8.04038720583815E-03 8.07534016312605E-03 8.10735897915233E-03 8.13653797219388E-03 8.16298692068853E-03 8.18682398875686E-03 8.20817306801543E-03 8.2271565462311E-03 8.24389202588878E-03 8.25849432167593E-03 8.27107760342977E-03 8.2817978460878E-03 8.29083825231816E-03 8.29837992907012E-03 8.30458918158005E-03 8.30961312180535E-03 8.31358449537866E-03 8.31661541673806E-03 8.31880238119951E-03 8.32021727810801E-03 8.32091460572602E-03 8.32093665390534E-03 8.32032055249415E-03 8.31910033254651E-03 8.31729447205787E-03 8.31489885540137E-03 8.31189507648416E-03 8.30825412021682E-03 8.30393033753107E-03 8.29356830139857E-03 0 0 0 0 0 0 0 0 0 0 0 0 0 0 0 0 0
7.11817248423177E-03 7.18957136145403E-03 7.25994748007114E-03 7.32917291787732E-03 7.39708905247768E-03 7.46350194551305E-03 7.52824832481629E-03 7.59114572292163E-03 7.65200851857558E-03 7.71063419590008E-03 7.76682847577849E-03 7.82040175638697E-03 7.87119583833869E-03 7.91907861291504E-03 7.96394763681188E-03 8.00574018275071E-03 8.04443915246136E-03 8.08007461316347E-03 8.11270671995197E-03 8.14242718608594E-03 8.16934439475046E-03 8.19357943500864E-03 8.21526161319732E-03 8.23452510060773E-03 8.25150113723299E-03 8.26631621954288E-03 8.27909420780562E-03 8.28995980436586E-03 8.29908613797393E-03 8.30666853092706E-03 8.31288566659813E-03 8.31789873425161E-03 8.32184876211533E-03 8.32486245676431E-03 8.32704424167295E-03 8.32847993112267E-03 8.32923056284938E-03 8.32934273686671E-03 8.32885100791141E-03 8.32777866785601E-03 8.32614525262783E-03 8.32395933558904E-03 8.32119311605581E-03 8.31778446475441E-03 0.008313666482832 8.30393033753107E-03 0 0 0 0 0 0 0 0 0 0 0 0 0 0 0 0 0 0
7.18660072405433E-03 7.2570004926329E-03 7.32623737475327E-03 7.3941772603607E-03 7.46066738848062E-03 7.52553917485876E-03 7.5886391435526E-03 7.64979486219656E-03 7.70882280276868E-03 7.76552501065465E-03 7.81971184569203E-03 7.87120637178662E-03 7.91985603269424E-03 7.96553642424036E-03 8.00815498952369E-03 8.04766358512676E-03 8.0840611270657E-03 8.11739388190234E-03 8.14774088000089E-03 8.17521167820068E-03 8.19992920040838E-03 8.22202467825386E-03 8.24163756186092E-03 8.25891057315798E-03 8.27398189421174E-03 8.28698591088013E-03 8.29805551109169E-03 8.30732821700948E-03 8.3149887612149E-03 8.32123927703104E-03 8.32625262024035E-03 8.3301820276255E-03 8.33316229053474E-03 8.33531439269189E-03 8.33673619014228E-03 8.33750134259701E-03 8.33765945240384E-03 8.33724937480791E-03 8.33629851162023E-03 8.33481322325995E-03 8.33278747652713E-03 8.33021034721047E-03 8.32701806511589E-03 8.32309464457192E-03 0.008313666482832 0 0 0 0 0 0 0 0 0 0 0 0 0 0 0 0 0 0 0
7.25320122994764E-03 7.32252540144866E-03 7.39054899607433E-03 7.45713914392016E-03 7.52215837547856E-03 7.58545956758981E-03 7.64688823549378E-03 7.70627912590052E-03 7.76344869929805E-03 7.8182056463712E-03 7.87036620688517E-03 7.91976435403891E-03 7.96625147778797E-03 8.00971384535325E-03 8.05007240140226E-03 8.08729585776464E-03 8.12140091606663E-03 8.15245305136274E-03 8.18055267512293E-03 8.20582670697311E-03 8.22841130995461E-03 8.24844761914653E-03 8.26608373701022E-03 8.28146828244508E-03 8.29474441490459E-03 8.30605344406006E-03 8.31553765040541E-03 8.32334791432211E-03 8.32967552152539E-03 8.33472077653515E-03 8.3386459575142E-03 8.34159797476908E-03 8.34370693052578E-03 8.34508630144159E-03 8.34582396048256E-03 8.34598318347442E-03 8.34560356476858E-03 8.34471042640934E-03 8.34331529818741E-03 8.3414060213395E-03 8.33894828948516E-03 8.33589472311952E-03 8.33214201522773E-03 8.32309464457192E-03 0 0 0 0 0 0 0 0 0 0 0 0 0 0 0 0 0 0 0 0
7.31815833577577E-03 7.38634153100303E-03 7.45309264035657E-03 7.51828565386496E-03 7.58179453978953E-03 7.64348444856773E-03 7.70320438036757E-03 7.76079088350151E-03 7.8160625647857E-03 7.86883491444675E-03 7.91893106915008E-03 7.96619261348295E-03 8.01048119896076E-03 8.05169651179216E-03 8.08977684302028E-03 8.12470942402034E-03 8.15653202832267E-03 8.18533179802519E-03 8.21123017392636E-03 8.23437008902246E-03 8.25489889700575E-03 8.27296647772936E-03 8.28872600183731E-03 8.3023294057088E-03 8.31392393480928E-03 8.32365615362346E-03 8.33167571655409E-03 8.3381466578166E-03 8.34326297631538E-03 8.34721446791396E-03 8.35015438974611E-03 8.35222470840448E-03 8.35355111271249E-03 8.35423869053273E-03 8.35436507372518E-03 8.35398189208544E-03 8.35311279416673E-03 8.35176222268257E-03 8.34992034288778E-03 8.34754812893803E-03 8.34457212703447E-03 8.34090393898666E-03 8.33214201522773E-03 0 0 0 0 0 0 0 0 0 0 0 0 0 0 0 0 0 0 0 0 0
7.38161731394708E-03 7.44859988151763E-03 7.51402554064381E-03 7.57777464984606E-03 7.63972671523558E-03 7.69975598176061E-03 7.75771662283579E-03 7.8134462490914E-03 7.86676729939128E-03 0.007917501537217 7.96547907380205E-03 8.01055104427902E-03 8.05259548826598E-03 8.0915296720064E-03 8.12731288934109E-03 8.15995228706207E-03 8.18950937691487E-03 8.21609455416562E-03 8.23984885383049E-03 8.26092907542789E-03 8.27949110970909E-03 8.29568949719278E-03 8.30967842799505E-03 8.32161263698636E-03 8.33164278660389E-03 8.33991974623073E-03 8.3465993927406E-03 8.35185116960112E-03 8.35586178268641E-03 8.35881360509014E-03 8.36085793825013E-03 8.36212981233921E-03 0.008362747702408 8.36281083723554E-03 8.36239096533429E-03 8.36152373291866E-03 8.36020351523656E-03 8.35839724009623E-03 8.35606867083989E-03 8.35314692323595E-03 8.34953105794845E-03 8.34090393898666E-03 0 0 0 0 0 0 0 0 0 0 0 0 0 0 0 0 0 0 0 0 0 0
7.44366837290049E-03 7.50938557284904E-03 7.57342443464884E-03 7.63566998595473E-03 7.69600660621314E-03 7.75431690619823E-03 7.81045824667818E-03 7.86426926851555E-03 7.91557678986267E-03 7.96421023381325E-03 8.01000965940194E-03 8.05283940211205E-03 8.09259723493425E-03 8.12922288686315E-03 8.16269954580971E-03 8.19305533057264E-03 8.2203771021631E-03 8.24479920632022E-03 8.2664792751254E-03 8.28558469098814E-03 8.30227632274203E-03 8.31670924884497E-03 8.32903756976248E-03 8.33941790802509E-03 8.34800171349024E-03 8.35494192978672E-03 8.36039739485475E-03 8.36453907363742E-03 8.36754707439788E-03 8.36959523701248E-03 8.37083061814127E-03 8.37138187933888E-03 8.37136102053323E-03 8.37086425669313E-03 8.3699614774931E-03 8.36866960793563E-03 8.36692863664993E-03 8.36462544815356E-03 8.36171383107339E-03 8.35809495589211E-03 8.34953105794845E-03 0 0 0 0 0 0 0 0 0 0 0 0 0 0 0 0 0 0 0 0 0 0 0
7.50435167823672E-03 7.56872952150408E-03 7.63130927943764E-03 7.69198089093695E-03 7.75063417401785E-03 7.80715840508652E-03 7.86141217359345E-03 7.91323564545283E-03 7.96246178354939E-03 8.00892990411183E-03 8.05249368295049E-03 8.09303409331774E-03 8.13047244335361E-03 0.008164774177332 0.00819594844909 8.22404641415459E-03 8.24918125439201E-03 8.27150865267081E-03 8.29119843736669E-03 8.30842445039924E-03 8.3233486714075E-03 8.33612520340796E-03 8.34690754761544E-03 8.35585144536026E-03 8.36310587667851E-03 8.36882399666385E-03 8.37316557318714E-03 8.37630128637068E-03 8.37840466543467E-03 8.37964034773063E-03 8.38014835814677E-03 8.38005049803216E-03 8.37945445029287E-03 8.37845688510121E-03 8.37713416146561E-03 8.37549202764301E-03 8.37337195630735E-03 8.37041985509352E-03 8.36673491720618E-03 8.35809495589211E-03 0 0 0 0 0 0 0 0 0 0 0 0 0 0 0 0 0 0 0 0 0 0 0 0
7.56366571192805E-03 7.62661908226447E-03 7.68765668899281E-03 7.74667423899913E-03 7.8035666792398E-03 7.85822842988661E-03 7.91051972581653E-03 7.96028336480632E-03 8.00736029637512E-03 8.05160269076503E-03 8.0928812772115E-03 8.13109711574931E-03 8.16619869787782E-03 8.19817979009128E-03 8.22707690233087E-03 8.25296492118165E-03 0.00827598067523 8.29629780525404E-03 8.31409446227799E-03 8.32954664342105E-03 8.34281451826046E-03 8.3540495170286E-03 8.36340198057698E-03 8.37102421196164E-03 8.37706174355373E-03 8.38166625383787E-03 8.38499719536033E-03 8.38722425269978E-03 8.38851549147681E-03 8.38902471919419E-03 8.38888101451002E-03 8.38819571306634E-03 8.38707031753685E-03 8.38561174162766E-03 8.38394080477034E-03 8.38210912484444E-03 8.37983203313428E-03 8.37575208906262E-03 8.36673491720618E-03 0 0 0 0 0 0 0 0 0 0 0 0 0 0 0 0 0 0 0 0 0 0 0 0 0
7.62157060791627E-03 7.68300523767202E-03 7.74240962266333E-03 7.79968618643269E-03 7.85473477544329E-03 7.90745335076237E-03 7.95770489830656E-03 8.00533746743116E-03 8.05020284142479E-03 8.09216785614479E-03 8.13112351533328E-03 8.16699559119553E-03 8.19976279986232E-03 8.22944764724727E-03 8.25611393065691E-03 8.27986030723438E-03 8.30084382971475E-03 8.31925099659474E-03 8.3352639283269E-03 8.34905731220883E-03 8.36078682231592E-03 8.37059919591684E-03 8.37863885504117E-03 8.38505242009289E-03 8.38998121378203E-03 8.39357535888839E-03 8.39599395312196E-03 8.39740435392213E-03 8.39796810378328E-03 8.39782867995563E-03 8.39710054901689E-03 8.39587263956964E-03 8.39422388137887E-03 8.39227524558329E-03 8.39028568606931E-03 8.38857789554391E-03 8.38735261655014E-03 8.37575208906262E-03 0 0 0 0 0 0 0 0 0 0 0 0 0 0 0 0 0 0 0 0 0 0 0 0 0 0
7.67799333078704E-03 7.73780823175851E-03 7.79548267030102E-03 7.85092689262342E-03 7.90404577282541E-03 7.9547395348556E-03 8.00287618562638E-03 8.04831257185323E-03 8.09091370747387E-03 8.13056340824864E-03 8.16717643575443E-03 8.2007074796965E-03 8.23116536687351E-03 8.2586011634731E-03 8.2831048381965E-03 8.30479750337079E-03 8.32385124433668E-03 8.34046057636441E-03 8.35480871405106E-03 8.36706517840673E-03 8.37737814073794E-03 8.38588764642802E-03 8.39273040878943E-03 8.39804515941113E-03 8.40196906934206E-03 8.40465039686296E-03 8.40624744073808E-03 8.40692548307593E-03 8.40684238911795E-03 8.40613180736663E-03 8.40488606670168E-03 8.40314813825115E-03 8.40091788360442E-03 8.39826162643136E-03 8.39571682792373E-03 8.39409801912463E-03 8.39383073594994E-03 0 0 0 0 0 0 0 0 0 0 0 0 0 0 0 0 0 0 0 0 0 0 0 0 0 0 0
7.73283935602427E-03 7.79093160818528E-03 7.84677932073033E-03 7.90030055668666E-03 7.95140510297537E-03 7.99999674477814E-03 8.04595146430228E-03 8.08913705066793E-03 8.12943459298444E-03 8.16674854174563E-03 8.20102064558764E-03 8.23223479107846E-03 8.26042930715655E-03 8.28568413925271E-03 8.30811399191837E-03 8.32785699576349E-03 8.34509491732831E-03 8.36002828548494E-03 8.37283791414576E-03 8.38368445250588E-03 8.3927059544803E-03 8.40003291615275E-03 8.4057918656863E-03 8.41011432766178E-03 8.41313408265332E-03 8.41499588100456E-03 8.41585543376662E-03 8.41587772238273E-03 8.41522263197328E-03 8.41401983841285E-03 8.41233891515345E-03 8.41014659288599E-03 8.40722062165314E-03 8.4031919894654E-03 8.39929072677981E-03 8.39731611071306E-03 8.39383073594994E-03 0 0 0 0 0 0 0 0 0 0 0 0 0 0 0 0 0 0 0 0 0 0 0 0 0 0 0
7.78599769257117E-03 7.8422668474735E-03 7.89619427675347E-03 7.94770692744405E-03 7.99672053119162E-03 8.04314398327682E-03 8.08686234359388E-03 8.1277574172768E-03 8.16573032063871E-03 8.20070921280741E-03 8.23266321941684E-03 8.26160432622677E-03 8.28760056045343E-03 8.31075972961328E-03 8.33121817778467E-03 8.34912522863296E-03 8.36467041394532E-03 8.37805803944012E-03 8.38946029734884E-03 8.39902506548721E-03 8.40687837400404E-03 8.41314001920268E-03 8.41792696105628E-03 8.42136369150907E-03 8.42357902234579E-03 8.4247127053713E-03 8.42491639361329E-03 8.42435562630995E-03 8.42320056396532E-03 8.42159336719514E-03 8.41960863452073E-03 8.41717666252757E-03 8.41370690137802E-03 8.40652136103233E-03 8.39929072677981E-03 8.39731611071306E-03 0 0 0 0 0 0 0 0 0 0 0 0 0 0 0 0 0 0 0 0 0 0 0 0 0 0 0 0
7.83735916978755E-03 7.89171060914944E-03 7.9436315555132E-03 7.99305946527312E-03 8.03991715654802E-03 8.08411836369758E-03 8.12556004340329E-03 8.16414239773499E-03 8.19979018638591E-03 8.23245582094879E-03 8.26213540619176E-03 8.28886825079529E-03 8.31275049966987E-03 8.33391463284247E-03 8.3525140511735E-03 8.36870873784897E-03 8.38269418582329E-03 0.008394671594571 8.40479792582803E-03 8.4132063993555E-03 8.42001059934328E-03 8.42532088189569E-03 8.42924611868455E-03 8.43190281718359E-03 8.43341256515934E-03 8.43390924699934E-03 8.43353925839927E-03 8.43246404329235E-03 8.43086501829109E-03 8.42892168803012E-03 8.42679094332202E-03 8.42468204648713E-03 8.42295989170205E-03 8.40652136103233E-03 0 0 0 0 0 0 0 0 0 0 0 0 0 0 0 0 0 0 0 0 0 0 0 0 0 0 0 0 0 0
7.88681891917157E-03 7.9391669541708E-03 7.98900560672646E-03 8.03628410619127E-03 8.08093370373434E-03 8.12287207059771E-03 8.16201391360857E-03 8.19828173174616E-03 8.23162559356781E-03 8.26202131731926E-03 8.2894922492341E-03 8.31410339490982E-03 8.33597488243104E-03 8.35526054523479E-03 8.37212646277962E-03 8.38674293388187E-03 8.39930419954564E-03 8.41000253557459E-03 8.41897885861296E-03 8.4263508366166E-03 8.43222048002877E-03 8.43668985513911E-03 8.43986008632132E-03 8.44183871942126E-03 8.44273957498636E-03 8.44268805055728E-03 8.44181909473616E-03 8.4402796752336E-03 8.43825368381668E-03 8.43595063460917E-03 8.43357958881658E-03 8.43160908808421E-03 8.43124443279238E-03 0 0 0 0 0 0 0 0 0 0 0 0 0 0 0 0 0 0 0 0 0 0 0 0 0 0 0 0 0 0 0
7.93427906343639E-03 7.98455135075175E-03 8.03224774792763E-03 8.07732740350548E-03 8.11973015431391E-03 8.15938331662839E-03 8.19622426251377E-03 8.23019846882571E-03 8.26128078318796E-03 8.28947083424989E-03 8.31481843672659E-03 8.33741185427545E-03 8.35739115428066E-03 8.37492625670699E-03 8.39019230868704E-03 8.40336729524682E-03 8.41463799865652E-03 8.42418294825716E-03 8.43212702008255E-03 0.008438575216836 8.44362047728139E-03 8.44735622513785E-03 8.44987424241787E-03 8.45127401628272E-03 8.45166157558881E-03 8.45114994288676E-03 8.44985304240207E-03 8.44788071555593E-03 8.44538183351739E-03 8.44255023816524E-03 8.43947783808731E-03 8.43616211639835E-03 8.43124443279238E-03 0 0 0 0 0 0 0 0 0 0 0 0 0 0 0 0 0 0 0 0 0 0 0 0 0 0 0 0 0 0 0
7.97964299795512E-03 8.02778302696123E-03 8.07329373406775E-03 8.11614348456699E-03 8.15628438317574E-03 8.1936590568903E-03 0.008228225440615 8.25995296461527E-03 8.28884066709777E-03 8.31491183924157E-03 8.33823896953139E-03 8.35893089658558E-03 8.37714307792133E-03 8.39305606546626E-03 8.40685103542655E-03 8.41871119973169E-03 8.42881360888217E-03 8.43731778744323E-03 8.44433558221796E-03 8.44996183630064E-03 8.45428165392086E-03 8.45737997418429E-03 8.45934098425479E-03 8.46025646911321E-03 8.46022187232136E-03 8.4593309633976E-03 8.45766172737521E-03 8.45526174227894E-03 8.45221961804643E-03 8.4486910604406E-03 8.4446821674877E-03 8.43616211639835E-03 0 0 0 0 0 0 0 0 0 0 0 0 0 0 0 0 0 0 0 0 0 0 0 0 0 0 0 0 0 0 0 0
8.02285180116063E-03 8.06882157771468E-03 8.11212155433557E-03 8.15273235267301E-03 8.19062152987531E-03 8.22574702515233E-03 8.25808642557982E-03 8.28763363584411E-03 8.3144111748406E-03 8.33846359938229E-03 8.35988271716284E-03 8.37879500565276E-03 8.39536681497207E-03 8.40978566368517E-03 8.42223575287641E-03 8.43290057416169E-03 8.44194315064454E-03 8.44950629822022E-03 8.45569315864522E-03 8.46058884360081E-03 8.4642700982034E-03 8.46681537346695E-03 8.46830457352767E-03 8.46882184892277E-03 8.46844907143043E-03 8.46724817098717E-03 8.4652235735026E-03 8.46231460871871E-03 8.45861132263233E-03 8.45425507611365E-03 8.4446821674877E-03 0 0 0 0 0 0 0 0 0 0 0 0 0 0 0 0 0 0 0 0 0 0 0 0 0 0 0 0 0 0 0 0 0
8.06388195626592E-03 8.10766541052953E-03 8.1487530622415E-03 8.18714041791433E-03 8.22280935172588E-03 8.25573151180225E-03 8.28590636620877E-03 8.31335219662375E-03 8.33811366606337E-03 8.36025279113723E-03 8.37987880566825E-03 8.39713284027714E-03 8.41218788685035E-03 8.42523467165669E-03 8.43645618503838E-03 8.44603336135338E-03 8.45411682870328E-03 8.46083431120015E-03 8.46627998474885E-03 8.47053047286329E-03 8.47365556058538E-03 8.47572881146435E-03 8.47682669692831E-03 8.47702758614835E-03 8.47640316894057E-03 8.47498291810211E-03 8.47264812714019E-03 8.46902512569586E-03 8.46443591062665E-03 8.45425507611365E-03 0 0 0 0 0 0 0 0 0 0 0 0 0 0 0 0 0 0 0 0 0 0 0 0 0 0 0 0 0 0 0 0 0 0
8.10274423837124E-03 8.14434692292543E-03 8.18324311380112E-03 8.21944157959674E-03 8.25293667482982E-03 8.28371564434713E-03 8.31180108228174E-03 8.33723404190966E-03 8.36007845527111E-03 8.38041246404519E-03 8.39836070823913E-03 8.41407536513136E-03 8.42773217867579E-03 8.4395215831529E-03 8.44962267587427E-03 8.45821189150686E-03 8.46542810283435E-03 8.47138670267039E-03 8.47617382052686E-03 8.47985938617554E-03 8.48250838017245E-03 8.4841889216648E-03 8.48497129012153E-03 8.48493146497032E-03 8.48414814815013E-03 8.48266478764564E-03 8.4802550005176E-03 8.47530830893025E-03 8.46443591062665E-03 0 0 0 0 0 0 0 0 0 0 0 0 0 0 0 0 0 0 0 0 0 0 0 0 0 0 0 0 0 0 0 0 0 0 0
8.13947625593694E-03 8.1789226196273E-03 8.21566480289553E-03 8.24972292774051E-03 8.28110524994952E-03 8.3098163390783E-03 8.33589950674528E-03 8.35941689994643E-03 8.3804492408529E-03 8.39908941083821E-03 8.41547326336308E-03 8.42976110182956E-03 8.44212869862821E-03 8.45276341453642E-03 8.46183963784178E-03 8.46952827015855E-03 8.47595888934494E-03 8.48123635524852E-03 8.48544015466255E-03 8.48863523003357E-03 8.49088273111478E-03 8.49224527319209E-03 8.49278507711989E-03 8.49257197949363E-03 8.49170503975924E-03 8.49040233699776E-03 8.48922146821249E-03 8.47530830893025E-03 0 0 0 0 0 0 0 0 0 0 0 0 0 0 0 0 0 0 0 0 0 0 0 0 0 0 0 0 0 0 0 0 0 0 0 0
8.1741497724154E-03 8.21147950382047E-03 8.24611824244478E-03 8.27809656906978E-03 8.30743780475923E-03 8.33416530337062E-03 8.35834088541374E-03 8.38004436508876E-03 8.39937039177495E-03 8.41642579641011E-03 8.43135431367936E-03 8.44432024337008E-03 8.45549724297388E-03 8.4650691651083E-03 8.47320580701656E-03 8.48007174519391E-03 8.48578834952371E-03 8.49045287463533E-03 8.49414017103862E-03 8.49691186398953E-03 8.49882689321157E-03 8.49994324663693E-03 8.50031152306931E-03 8.49996912402149E-03 8.49893814320541E-03 8.4974146087377E-03 8.49707461226108E-03 0 0 0 0 0 0 0 0 0 0 0 0 0 0 0 0 0 0 0 0 0 0 0 0 0 0 0 0 0 0 0 0 0 0 0 0 0
8.20686399780953E-03 8.24212922952457E-03 8.27472626692558E-03 8.30469551102423E-03 8.33207568271854E-03 8.35690982304402E-03 8.37927512562589E-03 8.39926606277299E-03 8.4169886904563E-03 8.43256251491737E-03 8.44613533226564E-03 8.45787229013387E-03 8.46794574830531E-03 8.47653538430501E-03 8.48380658012626E-03 8.48991701529627E-03 8.49498239415816E-03 8.49909444528738E-03 8.50232406387644E-03 8.50473098041197E-03 8.50637424445478E-03 8.50731201862359E-03 8.50758991800479E-03 8.50719865668028E-03 8.50587693676857E-03 0.008502291917013 8.49707461226108E-03 0 0 0 0 0 0 0 0 0 0 0 0 0 0 0 0 0 0 0 0 0 0 0 0 0 0 0 0 0 0 0 0 0 0 0 0 0
8.23773831103144E-03 8.27099872451354E-03 8.3016211314005E-03 8.32965669513935E-03 8.35516010101433E-03 8.3781921386246E-03 8.39884279983488E-03 8.41721967990007E-03 8.43343811874871E-03 8.44762592246642E-03 8.4599318561917E-03 8.47052276219328E-03 8.47956997341989E-03 8.48724846223209E-03 8.49371863613636E-03 8.49913260729682E-03 8.50360258733323E-03 8.50721566910233E-03 8.51003917618046E-03 8.51213089971845E-03 8.51355023198084E-03 8.51436463052902E-03 8.51464994266424E-03 8.51448116106694E-03 8.51393877597833E-03 0.008502291917013 0 0 0 0 0 0 0 0 0 0 0 0 0 0 0 0 0 0 0 0 0 0 0 0 0 0 0 0 0 0 0 0 0 0 0 0 0 0
8.26690631825001E-03 8.29822624614719E-03 8.3269451516099E-03 8.35312501619798E-03 8.37683551858778E-03 8.39815311983157E-03 8.41717922312307E-03 8.43403285865361E-03 8.44883580926122E-03 8.46172069679579E-03 8.47283837579123E-03 8.48235848355754E-03 8.49044961931138E-03 8.49728161665472E-03 8.50300990051768E-03 8.50778242061362E-03 8.51170794286471E-03 8.51486919805801E-03 8.51733095886156E-03 8.51914940447798E-03 8.52038358066657E-03 8.52110835494863E-03 8.52142260235122E-03 8.52145391660679E-03 8.52115054865057E-03 0 0 0 0 0 0 0 0 0 0 0 0 0 0 0 0 0 0 0 0 0 0 0 0 0 0 0 0 0 0 0 0 0 0 0 0 0 0 0
8.29449921401276E-03 8.3239441739877E-03 8.35083017803934E-03 8.37523069657447E-03 8.39722953643965E-03 8.41691709804782E-03 8.43440432973501E-03 8.44981818281431E-03 8.46328458954774E-03 8.47494142795731E-03 8.48494321089614E-03 8.49346088317773E-03 8.50065878751865E-03 8.50670234153149E-03 8.51174298331128E-03 8.51592406523226E-03 8.51934968948724E-03 8.52209906870758E-03 8.52423595084983E-03 8.5258163630459E-03 8.52689966894233E-03 8.52755367137331E-03 8.52784961460256E-03 8.52783193934402E-03 8.52115054865057E-03 0 0 0 0 0 0 0 0 0 0 0 0 0 0 0 0 0 0 0 0 0 0 0 0 0 0 0 0 0 0 0 0 0 0 0 0 0 0 0
8.32064365885565E-03 8.34827948290158E-03 8.37340346142208E-03 8.3961007509982E-03 8.41646723167169E-03 8.43460562222184E-03 8.45063376497701E-03 8.46468360485996E-03 8.47688574310807E-03 8.48738348132212E-03 8.49633402929925E-03 8.50390786749966E-03 8.51026666070354E-03 8.51557119258621E-03 8.51996924144566E-03 0.008523598470141 8.52655924564874E-03 8.52892726389981E-03 8.53076506464877E-03 8.53212862183089E-03 8.53307464298159E-03 8.53365549645755E-03 8.53390829164926E-03 8.53367477157139E-03 0 0 0 0 0 0 0 0 0 0 0 0 0 0 0 0 0 0 0 0 0 0 0 0 0 0 0 0 0 0 0 0 0 0 0 0 0 0 0 0
