NongDo/Fusa 16.5h.grd
DSAA
463	323
2	464
2	324
0	10
[rows 56 to 83 of 323, columns 256 to 319 of 463]
0 0 0 0 0 0 0 0 0 0 0 0 0 0 0 0 0 0 0 0 0 0 0 0 0 0 0 0 0 0 0 0 0 0 0 0 0 0 0 0 0 0 0 0 0 0 0 0 0 0 0 0 0 0 0 0 0 0 0 0 0 0 0 0
0 0 0 0 0 0 0 0 0 0 0 0 0 0 0 0 0 0 0 0 0 0 0 0 0 0 0 0 0 0 0 0 0 0 0 0 0 0 0 0 0 0 0 0 0 0 0 0 0 0 0 0 0 0 0 0 0 0 0 0 0 0 0 0
0 0 0 0 0 0 0 0 0 0 0 0 0 0 0 0 0 0 0 0 0 0 0 0 0 0 0 0 0 0 0 0 0 0 0 0 0 0 0 0 0 0 0 0 0 0 0 0 0 0 0 0 0 0 0 0 0 0 0 0 0 0 0 0
0 0 0 0 0 0 0 0 0 0 0 0 0 0 0 0 0 0 0 0 0 0 0 0 0 0 0 0 0 0 0 0 0 0 0 0 0 0 0 0 0 0 0 0 0 0 0 0 0 0 0 0 0 0 0 0 0 0 0 0 0 0 0 0
0 0 0 0 0 0 0 0 0 0 0 0 0 0 0 0 0 0 0 0 0 0 0 0 0 0 0 0 0 0 0 0 0 0 0 0 0 0 0 0 0 0 0 0 0 0 0 0 0 0 0 0 0 0 0 0 0 0 0 0 0 0 0 0
0 0 0 0 0 0 0 0 0 0 0 0 0 0 0 0 0 0 0 0 0 0 0 0 0 0 0 0 0 0 0 0 0 0 0 0 0 0 0 0 0 0 0 0 0 0 0 0 0 0 0 0 0 0 0 0 0 0 0 0 0 0 0 0
0 0 0 0 0 0 0 0 0 0 0 0 0 0 0 0 0 0 0 0 0 0 0 0 0 0 0 0 0 0 0 0 0 0 0 0 0 0 0 0 0 0 0 0 0 0 0 0 0 0 0 0 0 0 0 0 0 0 0 0 0 0 0 0
0 0 0 0 0 0 0 0 0 0 0 0 0 0 0 0 0 0 0 0 0 0 0 0 0 0 0 0 0 0 0 0 0 0 0 0 0 0 0 0 0 0 0 0 0 0 0 0 0 0 0 0 0 0 0 0 0 0 0 0 0 0 7.10610533822824E-03 7.1126957875009E-03
0 0 0 0 0 0 0 0 0 0 0 0 0 0 0 0 0 0 0 0 0 0 0 0 0 0 0 0 0 0 0 0 0 0 0 0 0 0 0 0 0 0 0 0 0 0 0 0 0 0 0 0 0 0 0 0 0 0 7.07893066834752E-03 7.08582045554172E-03 7.09272148762974E-03 7.09960527079643E-03 7.10610533822824E-03 7.1126957875009E-03
0 0 0 0 0 0 0 0 0 0 0 0 0 0 0 0 0 0 0 0 0 0 0 0 0 0 0 0 0 0 0 0 0 0 0 0 0 0 0 0 0 0 0 0 0 0 0 0 0 0 0 0 0 0 7.0497729659756E-03 7.05733743598077E-03 7.06476947416915E-03 7.07209430307055E-03 7.07893066834752E-03 7.08582045554172E-03 7.09272148762974E-03 7.09960527079643E-03 7.10635916531354E-03 7.11309994235524E-03
0 0 0 0 0 0 0 0 0 0 0 0 0 0 0 0 0 0 0 0 0 0 0 0 0 0 0 0 0 0 0 0 0 0 0 0 0 0 0 0 0 0 0 0 0 0 0 0 0 0 0 7.0248237440432E-03 7.03351361715406E-03 7.04198978358598E-03 7.0497729659756E-03 7.05733743598077E-03 7.06476947416915E-03 7.07209430307055E-03 7.07922105398743E-03 7.08631466672417E-03 7.09331168576628E-03 7.10025020210571E-03 7.10709772538429E-03 7.11391603501361E-03
0 0 0 0 0 0 0 0 0 0 0 0 0 0 0 0 0 0 0 0 0 0 0 0 0 0 0 0 0 0 0 0 0 0 0 0 0 0 0 0 0 0 0 0 0 6.96615907266662E-03 6.97685146884741E-03 6.98711743199903E-03 6.99700727710641E-03 7.0066524981779E-03 7.01604175500001E-03 7.0248237440432E-03 7.03351361715406E-03 7.04198978358598E-03 7.05005888879874E-03 7.05784905322961E-03 7.06542047042425E-03 7.07285477209214E-03 7.08014058104248E-03 7.08736052471509E-03 7.09446271920852E-03 7.10148734344255E-03 7.10842730863855E-03 7.11532101028262E-03
0 0 0 0 0 0 0 0 0 0 0 0 0 0 0 0 0 0 0 0 0 0 0 0 0 0 0 0 0 0 0 0 0 0 0 0 0 0 0 0 0 0 0 6.94256302515983E-03 6.95461018439454E-03 6.96615907266662E-03 6.97685146884741E-03 6.98711743199903E-03 6.99700727710641E-03 7.0066524981779E-03 7.01604175500001E-03 7.02517784838257E-03 7.0340633145285E-03 7.04268002135704E-03 7.05095662414672E-03 7.05895708682084E-03 7.06671732057599E-03 7.07431569901884E-03 7.08176514185618E-03 7.08911697133922E-03 7.09635440623557E-03 7.10350803414579E-03 7.11057900493926E-03 7.11759186050871E-03
6.42328643565063E-03 6.43758710753815E-03 6.45175852803725E-03 6.46573315618868E-03 6.47949811529173E-03 6.49314508833103E-03 6.50658763060066E-03 6.51982468109433E-03 6.53287673656995E-03 6.54587372869398E-03 6.55884980338114E-03 6.5718757905011E-03 6.58480022117264E-03 6.59754296444741E-03 6.61004295514413E-03 6.6223960457137E-03 6.63459664269008E-03 6.64673320891345E-03 6.65870668063647E-03 6.67052801756449E-03 6.68219889921689E-03 6.69385043578321E-03 6.7054992903948E-03 6.71723222663833E-03 6.72891731179092E-03 6.74050161418079E-03 6.75190743853403E-03 6.7632094245677E-03 6.77435367751535E-03 6.78540373546131E-03 6.79624844469717E-03 6.80692439126748E-03 6.81746659994661E-03 6.82811511581074E-03 6.83913322981527E-03 0 0 0 0 6.89487100581709E-03 6.90595662044843E-03 6.91806754485787E-03 6.93053312528497E-03 6.94256302515983E-03 6.95461018439454E-03 6.96623030298174E-03 6.97721186157058E-03 6.98766831052465E-03 6.99771424144889E-03 7.00748977459125E-03 7.01700912499723E-03 7.02632451788008E-03 7.03538354408706E-03 7.04418133322728E-03 7.05267389233398E-03 7.06090098653568E-03 7.06888784761837E-03 7.07670031654509E-03 7.08435566846817E-03 7.09189598327418E-03 7.09932012053875E-03 7.1066557920491E-03 7.11390994474234E-03 7.12110641197471E-03
6.42328643565063E-03 6.43758710753815E-03 6.45175852803725E-03 6.46573315618868E-03 6.47949811529173E-03 6.49314508833103E-03 6.50658763060066E-03 6.51982468109433E-03 6.53287673656995E-03 6.54587372869398E-03 6.55884980338114E-03 6.5718757905011E-03 6.58480022117264E-03 6.59754296444741E-03 6.61004295514413E-03 6.6223960457137E-03 6.63459664269008E-03 6.64673320891345E-03 6.65870668063647E-03 6.67052801756449E-03 6.68219889921689E-03 6.69385043578321E-03 6.7054992903948E-03 6.71723222663833E-03 6.72891731179092E-03 6.74050161418079E-03 6.75190743853403E-03 6.7632094245677E-03 6.77435367751535E-03 6.78540373546131E-03 6.79624844469717E-03 6.80692439126748E-03 6.81746659994661E-03 6.82811511581074E-03 6.83913322981527E-03 6.85218895686468E-03 6.86321404389218E-03 6.87414556684212E-03 6.88505160365487E-03 6.89487100581709E-03 6.90595662044843E-03 6.91806754485787E-03 6.93053312528497E-03 6.94294376411552E-03 6.95513125646717E-03 6.96693283574102E-03 6.97818851282523E-03 6.98892257961299E-03 6.99923073153244E-03 7.00923850055363E-03 7.01897272989525E-03 7.02849984085612E-03 7.03777358589129E-03 7.04679798388274E-03 7.05554022168234E-03 7.06402748579192E-03 7.07228178813693E-03 7.08035826440677E-03 7.08827309516293E-03 7.09606235958141E-03 7.10373149108052E-03 7.11130681207066E-03 7.11880274432918E-03 7.12624478573442E-03
6.42418747573801E-03 6.43896430176553E-03 6.45335797179241E-03 6.46746456415805E-03 6.48132719814885E-03 6.49504710740501E-03 6.50855286378096E-03 6.52183494615606E-03 6.53492762739054E-03 6.5479492245508E-03 6.56094383523772E-03 6.57400163176632E-03 6.5869582473386E-03 6.59970355644891E-03 6.61221056830329E-03 6.62456843077381E-03 6.63678378539615E-03 6.64893095680955E-03 6.66092710244541E-03 6.67276889318502E-03 6.68446971990262E-03 6.69614186400997E-03 6.70781352267207E-03 6.71958167407519E-03 6.73130952867702E-03 6.74291797949341E-03 6.75435275504873E-03 6.76567553994094E-03 6.77684233388857E-03 6.78789544718119E-03 6.79873387300524E-03 6.80936403302045E-03 6.81981239233507E-03 6.83026272261691E-03 6.84090903571996E-03 6.85218895686468E-03 6.86321404389218E-03 6.87414556684212E-03 6.88505160365487E-03 6.89600180316925E-03 6.9074885143091E-03 6.91965224947098E-03 6.93209619634289E-03 6.94454420244518E-03 6.95680428185317E-03 6.96877729409074E-03 6.98030399147393E-03 6.99135985176548E-03 7.00199661260874E-03 7.01230991493326E-03 7.02233098153863E-03 7.03212826477173E-03 7.04167002655831E-03 7.0509661436693E-03 7.05999505043832E-03 7.06877862354625E-03 7.07733872963544E-03 7.08572247654593E-03 7.09394407118497E-03 7.10203222252098E-03 7.10999646074578E-03 7.11786354764992E-03 7.12565319936109E-03 7.13339159153461E-03
6.42672271862923E-03 6.44178186204362E-03 6.45640700331453E-03 6.47070116066209E-03 6.48472488179893E-03 6.4985711379728E-03 6.51219245825975E-03 6.52557850359429E-03 6.5387758658006E-03 6.55187987988384E-03 6.56493435784944E-03 6.57803246247797E-03 6.59101396825217E-03 6.6037658834864E-03 6.61629977646204E-03 6.62868595154446E-03 6.64094015648041E-03 6.65311673114611E-03 6.6651609131108E-03 6.6770601647829E-03 6.68884002230715E-03 6.70058308810294E-03 6.71232196548994E-03 6.72414776785554E-03 6.73592955723605E-03 6.74758003133878E-03 6.75907306868287E-03 6.7704463627866E-03 6.78166504280987E-03 6.79274574126018E-03 6.80361097185805E-03 6.81424436323645E-03 6.8246738581699E-03 6.83502689757607E-03 6.84544310119124E-03 6.8561671853995E-03 6.86695840449407E-03 6.87779004001318E-03 6.88870225130663E-03 6.89986156817456E-03 6.91140733427112E-03 6.9234567802788E-03 6.93576888641454E-03 6.94814823722116E-03 6.96043106500185E-03 6.97253656381499E-03 6.98430217705389E-03 6.99567010012157E-03 7.00664505881788E-03 7.01729104022212E-03 7.02763338869451E-03 7.03773640488094E-03 7.04757801005448E-03 7.0571730631984E-03 7.06651161435043E-03 7.07561371247391E-03 7.08450296878253E-03 0.007093219839925 7.10177680086644E-03 7.11019532939267E-03 7.11848991571395E-03 7.12668513322542E-03 7.13480468089789E-03 7.14287361677641E-03
6.43067437117514E-03 6.44597412200877E-03 6.46084983836522E-03 6.47538042749603E-03 6.48962217746078E-03 6.50364567721583E-03 6.51742995915908E-03 6.53098390421067E-03 6.54434947097517E-03 6.55759936471846E-03 6.57077071297876E-03 6.58391422514974E-03 6.59691497144156E-03 6.60970601042337E-03 6.62230380594373E-03 6.63475812310253E-03 6.64708676964137E-03 6.65932640724706E-03 6.67144687825749E-03 6.68344843021241E-03 6.69535472315094E-03 6.70722378793226E-03 6.71908422915682E-03 6.73098605326791E-03 6.74282993481857E-03 6.75455764502313E-03 6.76614815882366E-03 6.77761430288217E-03 6.78892432299225E-03 6.80007589829334E-03 6.81101108234385E-03 6.82171892469348E-03 6.83222153719672E-03 6.84260818577045E-03 6.85298326977807E-03 6.86351063315021E-03 6.87413491244039E-03 6.8848651098068E-03 6.89573834110706E-03 6.90687925191712E-03 6.91835134902718E-03 6.93023095513923E-03 6.94237046392345E-03 6.95464333121881E-03 6.96691192382639E-03 6.97909108983683E-03 6.99102956957354E-03 7.00264708296678E-03 7.01391756619113E-03 7.02487164939884E-03 7.03552582192956E-03 7.04592598418053E-03 7.05606126088854E-03 7.06594926676411E-03 7.07559011770397E-03 7.08500742504918E-03 7.09422544991046E-03 7.10327657634763E-03 7.11217179657838E-03 7.12092932621446E-03 7.1295647548552E-03 7.13810256512326E-03 7.14656704501418E-03 7.15498176879063E-03
6.43598850774826E-03 6.45156801961202E-03 6.46673845765129E-03 6.48155574388641E-03 6.49606814652137E-03 6.51032869134394E-03 6.52434211726644E-03 6.53812862015248E-03 6.55171630392623E-03 6.56515851547148E-03 6.57848203892987E-03 6.59170706730526E-03 6.60478114097852E-03 6.6176709445009E-03 6.63038092685234E-03 6.64294719324166E-03 6.65539061390637E-03 6.66773869919453E-03 6.67998556771823E-03 6.69213894464277E-03 6.70421282645399E-03 6.71624600058682E-03 6.72825849255392E-03 6.74027068212722E-03 0.006752229304388 6.76409193219673E-03 6.77582704438313E-03 6.78742984422119E-03 6.79887358766223E-03 6.81014556834755E-03 6.82120912273315E-03 6.83205601360582E-03 6.84269789193615E-03 6.85319842160932E-03 6.8636369985882E-03 6.87413188074603E-03 6.88470813017308E-03 0.00689540750519 6.90626702901551E-03 6.91737709201782E-03 6.92878289863483E-03 6.94053894234234E-03 6.95255710237459E-03 6.96474517674828E-03 6.97698142290496E-03 6.98918359173024E-03 7.00122297694849E-03 7.01300404854852E-03 7.02448485270597E-03 7.03566961699731E-03 7.04656730175169E-03 7.05720639513377E-03 7.06759091112731E-03 7.07773339299045E-03 7.08764470654565E-03 7.09734639088112E-03 7.10686313622647E-03 7.11622093814554E-03 7.12543441184506E-03 7.13451576127589E-03 7.14348191738962E-03 7.15235514212315E-03 7.16115955404143E-03 7.16991605148244E-03
6.44279559727214E-03 6.45871595140311E-03 6.4742385444752E-03 6.48940371444675E-03 6.50425052319103E-03 6.51882493827211E-03 6.53314084595116E-03 6.54722022583137E-03 6.56108436710414E-03 6.57477243652042E-03 6.58830226244882E-03 6.60168758747786E-03 6.61490851925292E-03 6.62795331950159E-03 6.64082616866318E-03 6.65355625446464E-03 6.66616537851085E-03 6.67868167311892E-03 6.6911113552697E-03 6.70346461667933E-03 6.71574998889644E-03 6.72799278218653E-03 6.74020449020757E-03 6.75239486733825E-03 6.76453240150768E-03 6.7765832512157E-03 6.78850995067795E-03 6.80029710953372E-03 6.81191892327955E-03 6.8233622109455E-03 6.83460166465724E-03 6.84563073705881E-03 6.85645525330932E-03 6.86712315179243E-03 6.87769800483496E-03 6.88827598841118E-03 6.89891252035318E-03 6.90966721163679E-03 6.92058047787752E-03 6.93172492515235E-03 6.94313731602926E-03 6.95486151165385E-03 6.96683253743542E-03 6.97897413370571E-03 6.99117785007566E-03 7.00337027517802E-03 7.01543803359224E-03 7.02728990910374E-03 7.0388770854188E-03 7.05018986108767E-03 7.06123186812446E-03 7.07202433311825E-03 7.08257633770244E-03 7.09290164674597E-03 7.10301488623624E-03 7.11293753667537E-03 7.12269363398103E-03 7.13230619436557E-03 7.14178981096299E-03 7.1511540198757E-03 7.16041500937567E-03 7.16959289836628E-03 7.17870993606855E-03 7.1877834572539E-03
6.4512230282419E-03 6.46756570208302E-03 6.48351441072351E-03 6.49910101648534E-03 6.51435723668964E-03 6.52932399418034E-03 6.54401563753425E-03 6.55845310529685E-03 6.57265609058758E-03 6.58665480986395E-03 6.60046212370374E-03 6.61409096987133E-03 6.62753727568029E-03 6.6408030382048E-03 6.65389962370778E-03 6.66685492552391E-03 6.67969225489984E-03 6.69244195701224E-03 6.70511514094873E-03 6.71772275219055E-03 6.73027192497121E-03 6.74277924114013E-03 6.75524987581046E-03 6.76768871253109E-03 6.78007176319333E-03 6.79236586354641E-03 6.80453167741912E-03 6.81654802103859E-03 6.82838984971648E-03 6.84004521956239E-03 6.85149474167247E-03 6.86273318040347E-03 6.87376610559565E-03 6.88463418803084E-03 6.89539325907294E-03 6.90612924692785E-03 6.91690688633748E-03 6.92779189051417E-03 6.93882783288953E-03 6.95007880856268E-03 6.96157325255193E-03 6.97334586352127E-03 6.98533321440366E-03 6.99746475459899E-03 7.00964430509722E-03 7.02180797558188E-03 7.03385539727877E-03 7.04570044401575E-03 7.05729616538121E-03 7.06863221519153E-03 7.0797157785579E-03 7.09056529185763E-03 7.10119409142694E-03 7.11161577933288E-03 7.12184762885994E-03 7.13191241897808E-03 7.14183615274309E-03 7.15163774444468E-03 7.1613313214097E-03 7.17092247485612E-03 7.18042670659262E-03 7.18986270678612E-03 7.19925026174941E-03 7.2086011599122E-03
6.4614393793153E-03 6.47829657604124E-03 6.49475734244296E-03 6.51084808417958E-03 6.52659604278772E-03 6.54203422311426E-03 6.55717702363769E-03 6.57204562656536E-03 6.58665916401294E-03 6.60104135121969E-03 6.61520289751464E-03 6.62915641094955E-03 6.64290698045995E-03 6.65646775053253E-03 6.66985836203735E-03 6.68310791426691E-03 0.006696242385191 6.70929344762339E-03 6.72227465600718E-03 6.73519821595781E-03 6.74807107968352E-03 6.76090399598591E-03 6.77369650615321E-03 6.78645112441951E-03 6.79914188143865E-03 6.8117309145818E-03 6.82417743326954E-03 6.8364585900002E-03 6.84855004274456E-03 6.86044227054285E-03 6.87211956013482E-03 6.88357888558371E-03 6.89483000152437E-03 6.90591372741721E-03 6.91688380467721E-03 6.9278217875822E-03 6.93879270846367E-03 6.94985948329364E-03 6.96106619073197E-03 6.9724715210374E-03 6.98409745768727E-03 6.99595871553564E-03 7.00798635887094E-03 7.02011592712663E-03 7.03226345797941E-03 7.04437033589759E-03 7.05634494136597E-03 7.06811370724513E-03 7.07963698120238E-03 7.09091128429853E-03 7.10194929643321E-03 7.11277007744105E-03 7.12339102155682E-03 7.13382663795243E-03 7.14409767780971E-03 7.15423071821413E-03 7.16425217530902E-03 7.17417649605725E-03 7.18401608607953E-03 7.19377459908002E-03 7.2034674845459E-03 7.21311075475497E-03 7.22272027966893E-03 7.23230095686349E-03
6.47362240225559E-03 6.49109136676733E-03 6.50815547972815E-03 6.52483633120587E-03 6.54115781512861E-03 6.55714610712365E-03 6.57281836698306E-03 6.58819473435508E-03 6.60329326908387E-03 6.61813322350805E-03 6.63272593470675E-03 6.64708338831725E-03 6.66121839048871E-03 6.67515225914795E-03 6.68891143420713E-03 6.70252744797516E-03 6.71602957420873E-03 6.72945050299404E-03 6.74280584318478E-03 6.75610850535881E-03 6.76936552001003E-03 6.78258406218204E-03 6.79575836506066E-03 6.80888696802873E-03 6.82193387834553E-03 6.83485448845198E-03 6.84760773406126E-03 6.86017201965259E-03 6.87252373978038E-03 6.88465652007273E-03 6.89655744034767E-03 6.90822895175712E-03 6.91969000509599E-03 6.9309864291164E-03 6.94217155090468E-03 6.95332565065578E-03 6.96450685253638E-03 6.97577141146164E-03 6.98716058864674E-03 6.99872619192513E-03 7.01047743136245E-03 7.02241273949368E-03 7.03446566932538E-03 7.04657086767694E-03 7.05865625544034E-03 7.07066789290439E-03 7.08253042403107E-03 7.0941747064936E-03 7.1055735569179E-03 7.11673036597091E-03 7.12766360916141E-03 7.13839345827661E-03 7.14894518505052E-03 7.15933383655558E-03 7.16958874903177E-03 7.17973717842929E-03 7.18980344126481E-03 7.19979609697711E-03 7.20972915611187E-03 7.21960302975523E-03 7.22943296556697E-03 7.23923325068593E-03 7.24901467874989E-03 7.25877548684495E-03
6.48801638678623E-03 6.50619464258228E-03 6.52395545922655E-03 6.54131564324315E-03 6.55829547036046E-03 6.57491638475382E-03 6.59119678800198E-03 6.60715656613863E-03 6.62281355482878E-03 6.63818447071052E-03 6.65328176504564E-03 6.66811792471519E-03 6.68271230761983E-03 6.69709413357198E-03 6.71129528928153E-03 6.72534948804556E-03 6.7392884462405E-03 6.75314380751645E-03 6.76693226619507E-03 6.78066911039326E-03 6.79436168178263E-03 6.80801379349983E-03 6.82161480788423E-03 6.83515383491424E-03 6.84858106647599E-03 6.86184682470788E-03 6.87491026344474E-03 6.88775115300678E-03 6.90034972411796E-03 6.91270187983381E-03 6.92479928065509E-03 6.93665624879005E-03 6.9483029050847E-03 6.95979107955552E-03 6.97117645643698E-03 6.98253468126519E-03 6.99391347700832E-03 7.00536269339911E-03 7.01691751166202E-03 7.02861743400587E-03 7.04045913711856E-03 7.05242601727893E-03 7.06445364215469E-03 7.07648457525019E-03 7.08845896118449E-03 7.10032722469022E-03 7.11202499798051E-03 7.12349712393002E-03 7.13472939128341E-03 7.14572906156206E-03 7.15651862345885E-03 7.16712158073024E-03 7.17756751158194E-03 7.18787648060713E-03 7.19808506260735E-03 7.20821567174099E-03 7.21828826156215E-03 7.22830915175961E-03 7.23829301976334E-03 7.24823918251223E-03 7.25816397462717E-03 7.26807544398828E-03 0.007277979778796 7.28787192911126E-03
6.50489910693188E-03 6.52388653237979E-03 6.54243862761139E-03 6.56056705055389E-03 6.57828900347508E-03 6.59562212159931E-03 6.61258608838816E-03 6.62920077286692E-03 6.6454851717752E-03 6.66145444316509E-03 6.67712406723128E-03 6.69250730610338E-03 6.70763110222441E-03 6.7225314605382E-03 6.73724332010574E-03 6.75180040647939E-03 6.76623452979703E-03 6.78057669703248E-03 6.79484591979974E-03 6.80905804932953E-03 6.82321872526157E-03 6.83732846752606E-03 6.85136933254484E-03 6.8653233493728E-03 6.87912806619726E-03 6.8927240614346E-03 6.90606814179053E-03 6.91914681074831E-03 6.93194782156872E-03 6.94447292838852E-03 6.95672561740639E-03 6.9687291646018E-03 6.98052088174351E-03 6.99216006532335E-03 7.00370350165382E-03 7.01522619275151E-03 7.02676736215814E-03 7.03836274838779E-03 7.05003387853682E-03 7.06181022999292E-03 7.07368179332996E-03 7.08561671045198E-03 7.09756114526771E-03 7.10946290801616E-03 7.12127616290711E-03 7.13295545861269E-03 7.14445413319067E-03 7.15572267237685E-03 7.16675706646151E-03 7.1775736571377E-03 7.18820421212982E-03 7.19867141967145E-03 7.20900654563171E-03 7.21923041049116E-03 7.22937728401276E-03 7.23946891886101E-03 7.24952604058585E-03 7.25955111866657E-03 7.26955646028755E-03 7.27953995252459E-03 7.28951492946525E-03 7.29948919623654E-03 7.30946946546905E-03 7.31944788110556E-03
6.52461511952001E-03 6.54450848663401E-03 6.56394255595774E-03 6.58292409142222E-03 6.60146774313453E-03 6.61958841625421E-03 6.6373068472871E-03 6.65464392521783E-03 6.67161935272574E-03 6.68824853636062E-03 0.006704550582303 6.72054222391651E-03 6.73625845345872E-03 6.75174014484184E-03 6.76702193981523E-03 6.78213544644689E-03 6.79711139623784E-03 6.81197940576438E-03 6.82675880965001E-03 6.84146488119639E-03 6.85610108692931E-03 6.87066543873884E-03 6.88513270177979E-03 6.89947528546964E-03 6.91361315748798E-03 6.92748156595618E-03 6.94104344543223E-03 6.95429678379902E-03 6.96723636948921E-03 6.97987313163303E-03 6.99222137051844E-03 7.0043135804744E-03 7.01619452720801E-03 7.02793092373245E-03 7.03957936030859E-03 7.05121166612094E-03 7.0628524842347E-03 7.07452448959787E-03 7.08623844486091E-03 7.09801669227476E-03 7.10983995082038E-03 7.12166945886074E-03 7.1334629940509E-03 7.14517760028467E-03 7.15678033980706E-03 7.16822998586273E-03 7.1794941575306E-03 7.19053069238466E-03 7.20135010171515E-03 7.21197613215286E-03 7.22244642255509E-03 7.23277947124098E-03 7.24300707119035E-03 7.2531476557344E-03 7.26323132782573E-03 7.27327675812242E-03 7.28330490664374E-03 7.29331435408705E-03 7.30331579854109E-03 7.31330487041327E-03 7.32329450913875E-03 7.33329164178324E-03 7.34330473010005E-03 7.35332386072893E-03
6.54756192939365E-03 6.56845364943262E-03 6.58885369168549E-03 6.60876497055466E-03 6.62820109828448E-03 6.64717601906479E-03 6.66571248215987E-03 6.6838319891265E-03 6.70155465349368E-03 6.71889700577743E-03 6.73588368798939E-03 6.75253660572994E-03 6.76889804179738E-03 6.78501087875714E-03 6.80090559234607E-03 6.81661064558818E-03 6.83215466718667E-03 6.84756505017118E-03 6.8628586769098E-03 6.87804790712912E-03 6.89313351437657E-03 6.90811321096676E-03 6.92295353358202E-03 6.93761248863761E-03 6.95199134373853E-03 6.96603489718634E-03 6.97972553098075E-03 6.99307378114124E-03 7.00607902611329E-03 7.01875798626466E-03 7.03113162543378E-03 7.04324283253462E-03 7.05514598866878E-03 7.0669133974043E-03 7.07859658353014E-03 7.0902611972082E-03 7.10191234197368E-03 7.11356698354316E-03 7.12523558522491E-03 7.13693436326435E-03 7.14863661649777E-03 7.16029551004511E-03 7.17188358344433E-03 7.18336729322356E-03 7.19472721291277E-03 7.20592154836948E-03 7.21693257003627E-03 7.2277244915904E-03 7.23832816305812E-03 7.24877101804417E-03 7.2590882141756E-03 7.26929107445611E-03 7.27941344377862E-03 7.28947051881799E-03 7.29948978754973E-03 7.30948386301202E-03 7.31947006968081E-03 7.32944249471143E-03 7.33941317525657E-03 7.34937568391253E-03 7.35934556166783E-03 7.36932795973663E-03 7.3793298154913E-03 7.38934010176984E-03
6.57417268575271E-03 6.59614458708036E-03 6.61758211069562E-03 6.6384881081704E-03 0.006658875812802 6.67876137024374E-03 6.69816896122104E-03 6.71711970346983E-03 6.73563418638236E-03 6.75373302032051E-03 6.77144455835198E-03 6.78880168524992E-03 6.80585085798932E-03 6.82262824543532E-03 6.83915820100821E-03 6.85546855977501E-03 6.87158469623486E-03 6.8875298718613E-03 6.90331532144277E-03 6.91894637610906E-03 6.9344205822517E-03 6.94973630709952E-03 6.96485870454613E-03 6.97971441113629E-03 6.99420386675986E-03 7.0083073085959E-03 7.0220291606775E-03 7.03538268521089E-03 7.04836965686075E-03 7.06101127634265E-03 7.07333399600355E-03 7.08539105455453E-03 7.09724360027516E-03 7.10896217389806E-03 7.12059680227423E-03 7.13219245982445E-03 7.14374244985339E-03 7.15527472430396E-03 7.16680498396241E-03 7.17833689998149E-03 7.18983481584633E-03 0.007201259508424 7.21259651188246E-03 7.2238200486651E-03 7.23491646940591E-03 7.24584449220167E-03 7.25659448255296E-03 7.2671482073311E-03 7.27755396236417E-03 7.28782878576919E-03 7.2979994743498E-03 7.30807497935274E-03 7.31809131781923E-03 7.32805933359581E-03 7.33800492338096E-03 7.34793291917424E-03 0.007357855214254 7.36776466362261E-03 7.37767390512613E-03 7.38757751944424E-03 7.39749387783578E-03 7.4074216232697E-03 7.41736436372077E-03 7.4273127277759E-03
