NongDo/Fusa 17.9h.grd
DSAA
463	323
2	464
2	324
0	10
[rows 252 to 279 of 323, columns 0 to 63 of 463]
0 0 0 0 0 0 0 0 0 0 0 0 0 0 0 0 0 0 0 0 0 0 0 0 0 0 0 0 0 0 0 0 0 0 0 0 0 0 3.9690652138669E-03 3.98128513231108E-03 3.98790491050541E-03 3.99352421312175E-03 3.99988519710287E-03 4.00738656947706E-03 4.01620908497311E-03 4.02644429384152E-03 4.03822084228409E-03 4.05162286215015E-03 4.06677709871346E-03 4.08379055501064E-03 4.10277617279187E-03 4.12383781516856E-03 4.14704034141927E-03 4.17243481904176E-03 4.20001723036532E-03 4.22978815655297E-03 4.26167606977063E-03 4.29560321243015E-03 4.33144017767927E-03 4.36908278631456E-03 4.40836446714934E-03 4.4490690001903E-03 4.49095661442789E-03 4.53377160592592E-03
0 0 0 0 0 0 0 0 0 0 0 0 0 0 0 0 0 0 0 0 0 0 0 0 0 0 0 0 0 0 0 0 0 0 0 0 0 3.95840332902634E-03 3.9690652138669E-03 3.97474414795413E-03 3.98090023824439E-03 3.98741978533392E-03 3.99479663982182E-03 4.00329602838992E-03 4.01312288281016E-03 4.02440576371189E-03 4.03729369862855E-03 4.05189183390742E-03 4.0683378117172E-03 4.08675448324544E-03 4.10725831363167E-03 4.12995182846225E-03 4.15489135899053E-03 4.1821154879865E-03 4.21160273406764E-03 4.24332962382802E-03 4.27720061322144E-03 4.31310802963768E-03 4.35089162685863E-03 4.3904105497983E-03 4.43146906037092E-03 4.47382236533724E-03 4.51720560258396E-03 4.5613422391723E-03
0 0 0 0 0 0 0 0 0 0 0 0 0 0 0 0 0 0 0 0 0 0 0 0 0 0 0 0 0 0 0 0 0 0 0 0 3.94933175381935E-03 3.95840332902634E-03 3.96339866486874E-03 3.96893713309047E-03 3.97521967703964E-03 3.98233908200413E-03 3.99052422341703E-03 3.99993207945239E-03 4.01074314578171E-03 4.02309441035543E-03 4.03714264099027E-03 4.05300477028425E-03 4.07082493238205E-03 4.09073634611946E-03 4.11285582455912E-03 4.13728055712916E-03 4.16405441504745E-03 4.19319856921557E-03 4.22466837362343E-03 4.25841617047145E-03 4.29431695436172E-03 4.33222839086011E-03 4.37195579609711E-03 4.41332375249807E-03 4.45610392508935E-03 4.50002412247717E-03 4.54479699378242E-03 4.5901288657372E-03
0 0 0 0 0 0 0 0 0 0 0 0 0 0 0 0 0 0 0 0 0 0 0 0 0 0 0 0 0 0 0 0 0 0 0 3.94481767583411E-03 3.94933175381935E-03 3.95331373498227E-03 3.95798272261724E-03 3.96355041837291E-03 3.97014844952338E-03 3.97785418586723E-03 3.98681217590476E-03 3.99712264529598E-03 4.0089471912427E-03 4.02242559709859E-03 4.03771414591713E-03 4.05493697843553E-03 4.07423770680763E-03 4.09575907725358E-03 4.11961068582182E-03 4.14588112142823E-03 4.17459625732361E-03 4.20575657337163E-03 4.23928698707397E-03 4.27511485315343E-03 4.3130800932921E-03 4.3530003527644E-03 4.39464646041391E-03 4.43780904742462E-03 4.48223174620829E-03 4.52761386776876E-03 4.57364944340952E-03 4.62003170915782E-03
0 0 0 0 0 0 0 0 0 0 0 0 0 0 0 0 0 0 0 0 0 0 0 0 0 0 0 0 0 0 0 0 0 0 0 3.94481767583411E-03 3.94519462559218E-03 3.94801052956887E-03 3.9524538839171E-03 3.95821897038763E-03 3.96527609819589E-03 3.97364421280958E-03 3.98342725077142E-03 3.99470631513526E-03 4.00762797604132E-03 4.0223327071895E-03 4.03897380637801E-03 4.05768123516358E-03 4.07859627430568E-03 4.10186228372908E-03 4.12757857006706E-03 4.15581897936248E-03 4.18658729493695E-03 4.21985835104587E-03 4.25552661221042E-03 4.29348263600024E-03 4.33352577946818E-03 4.37543612499309E-03 4.41895299917266E-03 4.46383420102484E-03 4.50979362198152E-03 4.5565084994858E-03 4.60365897458841E-03 4.6509315312871E-03
0 0 0 0 0 0 0 0 0 0 0 0 0 0 0 0 0 0 0 0 0 0 0 0 0 0 0 0 0 0 0 0 0 0 3.9290052487529E-03 3.9374195428225E-03 3.93869744965917E-03 3.94175331282131E-03 3.94646898109849E-03 3.95268639866087E-03 3.96036982038767E-03 3.96952206355977E-03 3.98022864676677E-03 3.99258442129467E-03 4.00672299047414E-03 4.0227879806968E-03 4.04092216465093E-03 4.06126618323578E-03 4.08395042195168E-03 4.10911442177141E-03 4.1368415775313E-03 4.16718607374337E-03 4.20012312988939E-03 4.23559653673474E-03 4.2734673214184E-03 4.31357570486511E-03 4.35568595471248E-03 4.39954019027817E-03 4.44484998143441E-03 4.49133883586566E-03 4.53870207174546E-03 4.58659809963919E-03 4.63469748710718E-03 4.68268617331834E-03
0 0 0 0 0 0 0 0 0 0 0 0 0 0 0 0 0 0 0 0 0 0 0 0 0 0 0 0 0 0 0 0 0 0 3.9290052487529E-03 3.92944253469681E-03 3.93114099383981E-03 3.93465866556357E-03 3.93991708113741E-03 3.94679851604417E-03 3.95527731998542E-03 3.96536004221981E-03 3.97713247615835E-03 3.99070688829718E-03 4.00621497786638E-03 4.0238013942604E-03 4.0435987241075E-03 4.06575036602289E-03 4.09037491246513E-03 4.11760133562006E-03 4.14749240180329E-03 4.18007554348035E-03 4.21529083969973E-03 0.00425304434248 4.29315626004188E-03 4.33541888494051E-03 4.37955803956539E-03 4.42528162382301E-03 4.47227544081479E-03 4.52023821013962E-03 4.56884989917718E-03 4.61775593100781E-03 4.66662377887808E-03 4.71514737900871E-03
0 0 0 0 0 0 0 0 0 0 0 0 0 0 0 0 0 0 0 0 0 0 0 0 0 0 0 0 0 0 0 0 0 0 3.92033259930933E-03 3.92044834783556E-03 3.92261041009092E-03 3.92677012822181E-03 3.93277137656133E-03 3.94049911930048E-03 3.9499389029689E-03 3.96111146991834E-03 3.97411340535721E-03 3.98907733637924E-03 4.00613286866396E-03 4.02542908276546E-03 4.0470795285689E-03 4.07122926575697E-03 4.09797590145671E-03 4.12743656478002E-03 4.15964622070833E-03 4.19459698048562E-03 4.2321850357162E-03 4.27227201102233E-03 4.31463596756085E-03 4.35902224321442E-03 4.40512090396611E-03 4.45260629052915E-03 4.50114520550627E-03 4.55041844817828E-03 4.60010300491491E-03 4.64983181439732E-03 4.69927770452455E-03 4.74815279783771E-03
0 0 0 0 0 0 0 0 0 0 0 0 0 0 0 0 0 0 0 0 0 0 0 0 0 0 0 0 0 0 0 0 0 0 3.90994959629426E-03 3.91016986744486E-03 3.91303779427886E-03 3.91805917435927E-03 3.92500551426751E-03 3.93376836493463E-03 3.9443504809227E-03 3.95679220733531E-03 0.003971204615447 3.9877503730174E-03 4.00655440559008E-03 4.02776568146956E-03 4.05147477788604E-03 4.07782367933201E-03 4.10687761286915E-03 4.13874479480656E-03 4.17342140346844E-03 4.21085177985734E-03 4.25088091289932E-03 4.29332472159463E-03 4.33791805316454E-03 4.38436305594886E-03 4.43231714070317E-03 4.48142753037748E-03 4.53134715947561E-03 4.58174873866792E-03 4.63231434160572E-03 4.68266620636996E-03 4.73249594215522E-03 4.78154545248346E-03
0 0 0 0 0 0 0 0 0 0 0 0 0 0 0 0 0 0 0 0 0 0 0 0 0 0 0 0 0 0 0 0 0 3.88192147826051E-03 3.89629334008644E-03 3.89823218397518E-03 3.90239625415759E-03 3.90856657373651E-03 3.91667255661378E-03 3.92666299294064E-03 3.93857753309897E-03 3.95248302241071E-03 3.96849923973757E-03 3.98683926673118E-03 4.00760460058096E-03 4.03095140016074E-03 4.05692830941856E-03 4.08568784054593E-03 4.11723278394779E-03 4.15167559957933E-03 4.18894912965916E-03 4.22894141842229E-03 4.27144438048708E-03 4.31622860515863E-03 4.36298973232422E-03 4.41138724495312E-03 4.46105805188642E-03 4.51162661230918E-03 4.56274270575191E-03 4.61406941350853E-03 4.66531381327365E-03 4.71608282734465E-03 4.76611013656754E-03 4.81517480765994E-03
0 0 0 0 0 0 0 0 0 0 0 0 0 0 0 0 0 0 0 0 0 0 0 0 0 0 0 0 0 0 0 0 0 3.88192147826051E-03 3.88264948903059E-03 3.88547169363084E-03 3.89090961498915E-03 3.89843304011142E-03 3.90789478164696E-03 3.91929992167543E-03 3.9327396235288E-03 3.94831480191315E-03 3.96615891372017E-03 3.98650810541083E-03 4.0094564385271E-03 4.03515120896501E-03 4.06361298087682E-03 4.09497840537026E-03 4.12921007506365E-03 4.16637351735467E-03 4.2063345190346E-03 4.24892621807649E-03 4.29389499332963E-03 4.34096284427326E-03 4.38978767099718E-03 0.004439996731416 4.49121233711124E-03 4.54305290192241E-03 4.59517035900734E-03 4.64722548439802E-03 4.69892260289848E-03 4.74991032292693E-03 4.79997327412758E-03 4.84891686977727E-03
0 0 0 0 0 0 0 0 0 0 0 0 0 0 0 0 0 0 0 0 0 0 0 0 0 0 0 0 0 0 0 0 0 3.86785999098456E-03 3.86821820073719E-03 3.87220907744047E-03 3.87901709224328E-03 3.88796377672409E-03 3.89890985425833E-03 3.91188582746787E-03 3.92703048911587E-03 3.9444752294235E-03 3.96438010235921E-03 3.98696557205773E-03 4.01232627050312E-03 4.04058693717335E-03 4.07174564272151E-03 4.10589512825211E-03 4.14297786454823E-03 4.1829501935006E-03 4.22564316016476E-03 4.27082546659907E-03 4.31821014303314E-03 4.36745781156206E-03 4.41820587620598E-03 4.47005208460069E-03 4.52261556024178E-03 4.57551910405871E-03 4.62842412339482E-03 4.68099919855258E-03 4.73294677073542E-03 4.78401114400657E-03 4.83398118729496E-03 4.88269029453681E-03
0 0 0 0 0 0 0 0 0 0 0 0 0 0 0 0 0 0 0 0 0 0 0 0 0 0 0 0 0 0 0 0 3.82040127501998E-03 3.84871084109706E-03 3.85234803433484E-03 3.85847278240121E-03 3.86693662080118E-03 3.87744140965429E-03 3.88999246300914E-03 3.90469002161848E-03 3.92171599171886E-03 3.94123127186833E-03 3.96340533867301E-03 3.98844440687193E-03 4.01642843282342E-03 4.0474551330723E-03 4.08148713095775E-03 4.11857007621825E-03 4.15859529368113E-03 4.20143345184576E-03 4.24686160263936E-03 4.29459411617274E-03 4.34430272556236E-03 4.39560273041606E-03 4.44811017494441E-03 4.50140787094037E-03 4.55511857985196E-03 4.60887762380541E-03 4.66236483229224E-03 4.71526752038783E-03 4.76731794410848E-03 4.81831900822042E-03 4.86807270792076E-03 4.91642847713974E-03
0 0 0 0 0 0 0 0 0 0 0 0 0 0 0 0 0 0 0 0 0 0 0 0 0 0 0 0 0 0 0 3.81012767108427E-03 3.82040127501998E-03 3.82985837180014E-03 3.83691850761617E-03 3.84506333355456E-03 3.85514566780594E-03 3.86723116631267E-03 3.8814711516539E-03 3.89802289972975E-03 3.91709568286395E-03 3.93886563935808E-03 3.96349989551309E-03 3.99118702735346E-03 4.02198145665365E-03 4.05594019032744E-03 4.09297993435252E-03 4.13308716521494E-03 4.17609845483868E-03 4.22180950035346E-03 4.26993787774455E-03 4.32014141646654E-03 4.37205395709964E-03 4.42525656405987E-03 4.47934987509557E-03 4.53391245291829E-03 4.58857616557059E-03 4.64299859768084E-03 4.69688802034884E-03 4.74996188327035E-03 4.80198093414985E-03 4.85278296105111E-03 4.90219320361579E-03 4.95007201881984E-03
0 0 0 0 0 0 0 0 0 0 0 0 0 0 0 0 0 0 0 0 0 0 0 0 0 0 0 0 0 0 0 3.81012767108427E-03 3.81079633928523E-03 3.81588152662971E-03 3.82310275866953E-03 3.83239258612061E-03 3.84390068728365E-03 3.85758914327544E-03 3.87361629407673E-03 3.89216555200091E-03 3.91345220028509E-03 3.93765226109108E-03 3.96491609003275E-03 3.99541673828505E-03 4.02917180921841E-03 4.06618691056211E-03 4.1063224570437E-03 4.14950584769757E-03 4.19550905174377E-03 4.24406022498491E-03 4.29481513326211E-03 4.34737931342208E-03 4.40135117638862E-03 4.45628794488107E-03 4.5117856130277E-03 4.56742229852319E-03 4.62284810528269E-03 4.67775078532885E-03 4.73187327399971E-03 4.78496510235912E-03 4.83681983155838E-03 4.88729885305482E-03 4.93624484015051E-03 4.98352651114631E-03
0 0 0 0 0 0 0 0 0 0 0 0 0 0 0 0 0 0 0 0 0 0 0 0 0 0 0 0 0 0 0 3.7972611604997E-03 3.79760028663204E-03 3.80219740508191E-03 3.80995914742835E-03 3.82038196880203E-03 3.83334505176042E-03 3.84872414711059E-03 3.86666936079425E-03 3.88737432235099E-03 3.91104282938306E-03 3.93784168030076E-03 3.96788917711979E-03 4.00134574332741E-03 4.0381799264639E-03 4.07833472678649E-03 4.1216110462972E-03 4.16787319424441E-03 4.21683365613473E-03 4.2681475170422E-03 4.32141785088125E-03 4.37619892382406E-03 4.43206445737134E-03 4.48855185533857E-03 4.54526566013947E-03 4.60178462707324E-03 4.65778880359862E-03 4.71300133995867E-03 4.76720229197468E-03 4.82017352277605E-03 4.87173635307732E-03 4.92177165009699E-03 4.97013597121815E-03 5.01670121473131E-03
0 0 0 0 0 0 0 0 0 0 0 0 0 0 0 0 0 0 0 0 0 0 0 0 0 0 0 0 0 0 3.76172383996574E-03 3.77959081431016E-03 3.78222145421456E-03 3.78808446809546E-03 3.7970635838615E-03 3.80890044076195E-03 3.82351180920511E-03 3.84077664998105E-03 3.86082951027721E-03 3.88387025392398E-03 3.91008986498223E-03 3.93964586632813E-03 3.97262510567308E-03 4.00915113887588E-03 4.04913976305457E-03 4.09247458391294E-03 4.1388988993324E-03 4.18820971069715E-03 4.24005264750179E-03 4.29401864229791E-03 4.34965915079252E-03 4.40648992639269E-03 4.46406400656332E-03 4.52191022338546E-03 4.57963936984199E-03 4.63685145704752E-03 4.69326226290243E-03 4.74862665775038E-03 4.80275713450086E-03 4.85547001108113E-03 4.90661984472399E-03 4.95609668101283E-03 5.00376275798552E-03 5.04949453315956E-03
0 0 0 0 0 0 0 0 0 0 0 0 0 0 0 0 0 0 0 0 0 0 0 0 0 0 0 0 0 0 3.76172383996574E-03 3.76274415797462E-03 3.76665452171844E-03 3.77401818238938E-03 3.78456684497353E-03 3.79810240491152E-03 3.81457745755065E-03 3.83393248755274E-03 3.85629656827873E-03 3.88186518571786E-03 3.91080328454629E-03 3.94326675345841E-03 3.9793075957727E-03 4.01898665475983E-03 4.0621745522729E-03 4.1086932114989E-03 4.1582329783097E-03 4.21050989645943E-03 4.26512023443965E-03 4.32158738634422E-03 4.37942189207113E-03 4.43810820944762E-03 4.49718959132427E-03 4.55619499744705E-03 4.61474611034401E-03 4.67248168208673E-03 4.72914234228305E-03 4.78451335240457E-03 4.83843823880867E-03 4.89077009272793E-03 4.94139007226057E-03 4.99018970694748E-03 5.03704005857827E-03 5.08182109350931E-03
0 0 0 0 0 0 0 0 0 0 0 0 0 0 0 0 0 0 0 0 0 0 0 0 0 0 0 0 0 3.72257182230117E-03 3.7423447538802E-03 3.74509380760822E-03 3.75101166983418E-03 3.76020127544838E-03 3.77260465611363E-03 3.78810162185632E-03 0.003806694518037 3.82837188371159E-03 3.85326165251604E-03 3.88154904581035E-03 0.003913372000947 3.94887361315253E-03 3.9880672904549E-03 4.03095515566659E-03 4.07735379694781E-03 4.12702723779418E-03 4.17960825559398E-03 4.23474452653453E-03 4.29197507552151E-03 4.35076942035549E-03 4.41060093639298E-03 4.47093666786355E-03 4.53131767336007E-03 4.59128401257552E-03 4.65047740892765E-03 4.70857093284398E-03 4.76533203239498E-03 4.82057181000958E-03 4.8741611784658E-03 4.92598718679278E-03 4.97595616380348E-03 5.02396090108175E-03 5.06987633726744E-03 5.11358805570823E-03
0 0 0 0 0 0 0 0 0 0 0 0 0 0 0 0 0 0 0 0 0 0 0 0 0 0 0 0 0 3.72257182230117E-03 3.72367176675295E-03 3.72791580798287E-03 3.73574470603867E-03 3.74692867707454E-03 3.76140715388412E-03 3.77910343927857E-03 3.80005838469734E-03 3.82428650838904E-03 3.8519098681067E-03 3.88310010349575E-03 3.91795852240601E-03 3.95660919314982E-03 3.99902240373582E-03 4.04514415469812E-03 4.09473750514499E-03 4.14750247477997E-03 4.20301651256863E-03 4.26086335373679E-03 4.32053883448761E-03 4.38146028282398E-03 4.44307383557039E-03 4.50484290490303E-03 4.56631740154418E-03 4.6270575679321E-03 4.68672351505146E-03 4.74502210680113E-03 4.80174296367978E-03 4.85672117523695E-03 4.90984877132479E-03 4.96104673387181E-03 5.01024403634312E-03 5.0573321009405E-03 5.10218873986201E-03 5.14470864115214E-03
0 0 0 0 0 0 0 0 0 0 0 0 0 0 0 0 0 0 0 0 0 0 0 0 0 0 0 0 3.68133609049207E-03 3.70201324890299E-03 3.70483632946987E-03 3.71113325532703E-03 3.72104672846032E-03 3.73441229138981E-03 3.75118615169709E-03 3.7713154438717E-03 0.003794868111472 3.82186743493956E-03 3.85241794920447E-03 3.88667465985454E-03 3.92469545000966E-03 3.96658205326498E-03 4.01225438535102E-03 4.06160923523575E-03 4.11435211710341E-03 4.17011750186599E-03 4.22842820657762E-03 4.28881639385639E-03 4.35074043833398E-03 4.41357006853011E-03 4.47673898037912E-03 4.53972411858639E-03 4.60209160314886E-03 4.66342416946763E-03 4.72340047673556E-03 4.7817583541019E-03 4.83830617940383E-03 4.89289624716672E-03 4.94543618467495E-03 4.99587995233934E-03 5.04418006965158E-03 5.09022081250038E-03 5.13388639602742E-03 5.17508866426206E-03
0 0 0 0 0 0 0 0 0 0 0 0 0 0 0 0 0 0 0 0 0 0 0 0 0 0 0 0 3.68133609049207E-03 3.68237505141871E-03 3.68664313972001E-03 3.69501192652731E-03 3.70719610877997E-03 3.72294463633667E-03 3.74222575979001E-03 3.76499909578359E-03 3.79135488491562E-03 3.82131627620926E-03 3.85495799825996E-03 3.89242422454593E-03 3.93370662960318E-03 3.97889579629374E-03 4.0278442093828E-03 4.08040356652003E-03 4.13622249480544E-03 4.1948638541481E-03 4.25580828377017E-03 4.31853351638209E-03 4.38248732074794E-03 4.44698590747032E-03 4.5114786721474E-03 4.57546923223164E-03 4.63853935651886E-03 4.70029744977359E-03 4.76042942480794E-03 4.81871066659058E-03 4.8749550748356E-03 4.92903243038483E-03 4.98085555461142E-03 5.03041323857478E-03 5.07768392712944E-03 5.12253478492396E-03 5.16487103308858E-03 5.20463063904469E-03
0 0 0 0 0 0 0 0 0 0 0 0 0 0 0 0 0 0 0 0 0 0 0 0 0 0 0 0 3.6616960163591E-03 3.66230370566407E-03 3.6687494095289E-03 3.6796643280351E-03 3.6944373556523E-03 3.71281074118008E-03 3.73480489887725E-03 3.76041289777964E-03 3.78974313950462E-03 3.82282040110062E-03 3.85969135893572E-03 3.90047059778158E-03 3.94509536913731E-03 3.99362166833617E-03 4.04584240348459E-03 4.10154742204612E-03 4.16032702606074E-03 4.2216911202502E-03 4.28508777993394E-03 4.34994328836481E-03 4.4156731575515E-03 4.48159981852451E-03 4.54720076813642E-03 4.6120027004915E-03 4.67559721134619E-03 4.73761671421298E-03 4.79775813549202E-03 4.85582310859823E-03 4.91162849225561E-03 4.9650580356422E-03 5.01603290670992E-03 5.06456851214729E-03 5.11065293308471E-03 5.15415953538683E-03 5.19502783132599E-03 5.2332273981349E-03
0 0 0 0 0 0 0 0 0 0 0 0 0 0 0 0 0 0 0 0 0 0 0 0 0 0 0 3.59509380003016E-03 3.63482157169745E-03 3.64113351320251E-03 3.65154386796463E-03 3.66559573781649E-03 3.68322676916658E-03 3.70440574374681E-03 3.72926374856185E-03 3.75784704940299E-03 3.79027724359236E-03 3.82658704704267E-03 3.86678878099085E-03 3.91095626574921E-03 3.95896869025814E-03 4.01082824461442E-03 4.06627920479561E-03 4.12502242171392E-03 4.1866148593409E-03 4.25051368676424E-03 4.31615394938555E-03 4.38290312323226E-03 4.45016592822962E-03 4.51731631079884E-03 4.58383133210837E-03 4.6492691457948E-03 4.71321840397737E-03 4.77534803605558E-03 4.83534517133748E-03 4.89304571534664E-03 4.9482590465928E-03 5.0008903607092E-03 5.0508597549725E-03 5.09820719141223E-03 5.14294542076097E-03 5.1849629723468E-03 5.22423611156546E-03 5.26077394323323E-03
0 0 0 0 0 0 0 0 0 0 0 0 0 0 0 0 0 0 0 0 0 0 0 0 0 0 3.57040849552079E-03 3.59509380003016E-03 3.60977414134624E-03 3.62212455612124E-03 3.63633898703729E-03 3.65348278625289E-03 3.67400199476404E-03 3.69806371916809E-03 3.72588307013373E-03 3.75754112896982E-03 3.79316260584642E-03 3.83277680847455E-03 3.87636600418576E-03 3.92395385506225E-03 3.97536085179264E-03 4.0305227039897E-03 4.08911487966109E-03 4.15077096468548E-03 4.21500462638833E-03 4.28124228652012E-03 4.34890147088609E-03 4.41732180288483E-03 4.48591152262015E-03 4.55408291822124E-03 4.62133106384616E-03 4.6872275466383E-03 4.7513665018927E-03 4.81343414155151E-03 4.87312825710969E-03 4.93029513805098E-03 4.98474751654759E-03 5.03640726072741E-03 5.08520965344974E-03 5.13121181873501E-03 5.17443628516752E-03 5.21481475506414E-03 5.25237583221075E-03 5.28716924694795E-03
0 0 0 0 0 0 0 0 0 0 0 0 0 0 0 0 0 0 0 0 0 0 0 0 0 3.55916720424623E-03 3.57040849552079E-03 3.58076720263348E-03 3.59317900802535E-03 3.60725481209356E-03 3.62396087728071E-03 3.64377822372314E-03 3.66707519772154E-03 3.69403669007959E-03 3.72488006750844E-03 3.7596877790666E-03 3.79856498042178E-03 3.84153110450618E-03 3.88853375186533E-03 3.93953714175381E-03 3.99430264447179E-03 4.05268069823602E-03 4.11428973078765E-03 4.17869851394135E-03 4.24538691751824E-03 4.31375908149944E-03 4.38322548728651E-03 4.45311800551384E-03 4.52284731384424E-03 4.59186218566063E-03 4.65967187879163E-03 4.72585767883656E-03 4.79001486868851E-03 4.85184187394058E-03 4.91104946884391E-03 4.96748380894526E-03 5.02097836799154E-03 5.07146813907042E-03 5.11891577276908E-03 5.16338762459857E-03 5.20494372976682E-03 5.24356731605109E-03 5.27933103287702E-03 5.31232871914349E-03
0 0 0 0 0 0 0 0 0 0 0 0 0 0 0 0 0 0 0 0 0 0 0 0 0 3.55916720424623E-03 3.56014320495116E-03 3.56765458244015E-03 3.57966642293405E-03 3.59512809045396E-03 3.6140176681901E-03 3.63639511177838E-03 3.66247784659883E-03 3.69240703934399E-03 3.72636182167315E-03 3.76439652304981E-03 3.80657924429277E-03 3.85291843085911E-03 3.9033291890472E-03 3.95770924243168E-03 4.01576158647982E-03 4.0772512564422E-03 4.14173312272131E-03 4.20872351072266E-03 4.27767182771651E-03 4.34797554979769E-03 4.41904367159164E-03 4.49021006776494E-03 4.56089088112849E-03 4.63056883877194E-03 4.69876514859348E-03 4.76505717576497E-03 4.8290397579844E-03 4.89042136159013E-03 4.94893317143859E-03 5.00442166587173E-03 5.05674626134967E-03 5.10586517737972E-03 5.15177882155189E-03 5.19457080454859E-03 5.23433050682928E-03 5.27110268766996E-03 5.30501223182927E-03 5.33619027584915E-03
0 0 0 0 0 0 0 0 0 0 0 0 0 0 0 0 0 0 0 0 0 0 0 0 3.52136227086175E-03 3.54097810347249E-03 3.54491137510154E-03 3.55385280487318E-03 3.56732381612536E-03 3.58477429228229E-03 3.60607526098427E-03 3.63115909871871E-03 3.66016063118598E-03 3.6931926623657E-03 3.73037552775634E-03 3.77173319188397E-03 3.81727294730427E-03 3.8670057789238E-03 3.92080596521058E-03 3.97849347229118E-03 4.03973086699727E-03 4.10418165732052E-03 4.17136669548122E-03 4.24074307744669E-03 4.31174902998975E-03 4.38378086737066E-03 4.45625161262214E-03 4.52850702698644E-03 4.59995402443237E-03 4.67012260893827E-03 4.73852154605453E-03 4.80472087088013E-03 4.8683139263884E-03 4.92902209093796E-03 4.98660751823245E-03 5.04091141685049E-03 5.09184525642095E-03 5.1393871542579E-03 5.18359597853631E-03 5.22456600253588E-03 5.26243634410994E-03 5.29730897795226E-03 5.32934877898746E-03 5.35871803886371E-03
