NongDo/Fusa 13.7h.grd
DSAA
463	323
2	464
2	324
0	10
[rows 252 to 279 of 323, columns 0 to 63 of 463]
0 0 0 0 0 0 0 0 0 0 0 0 0 0 0 0 0 0 0 0 0 0 0 0 0 0 0 0 0 0 0 0 0 0 0 0 0 0 4.31202334597466E-03 4.31978379836265E-03 4.32444135187967E-03 4.32839234904464E-03 4.33276616497814E-03 4.33772751976377E-03 4.34330301284029E-03 4.34947370178325E-03 4.35625289543524E-03 4.36363349287907E-03 4.37164019602533E-03 4.38029282523957E-03 4.38962487117347E-03 4.39967487140263E-03 4.41047445277686E-03 4.42206197861572E-03 4.4344650605246E-03 4.44772564000032E-03 4.46186373919065E-03 4.47690760746068E-03 4.49287070803064E-03 4.50977901319814E-03 4.52762653621582E-03 4.54638799072391E-03 4.56603316177214E-03 4.58652875218223E-03
0 0 0 0 0 0 0 0 0 0 0 0 0 0 0 0 0 0 0 0 0 0 0 0 0 0 0 0 0 0 0 0 0 0 0 0 0 4.30545437118139E-03 4.31202334597466E-03 4.31603686644308E-03 4.32045067223928E-03 4.32501248185157E-03 4.32997732478667E-03 4.33544594201572E-03 4.34148032001794E-03 4.34809516614175E-03 4.35532093750591E-03 4.36316655334416E-03 4.37166558745865E-03 4.38084865626496E-03 4.39075263828498E-03 4.40141753262711E-03 4.41287453941185E-03 4.42516105227369E-03 4.43830262748196E-03 4.45233678552618E-03 4.46728024203966E-03 4.48315583340837E-03 4.49997104938963E-03 4.51774283297501E-03 4.53645907117112E-03 4.55608798118864E-03 4.57659327734694E-03 4.59793609929566E-03
0 0 0 0 0 0 0 0 0 0 0 0 0 0 0 0 0 0 0 0 0 0 0 0 0 0 0 0 0 0 0 0 0 0 0 0 4.30017021760399E-03 4.30545437118139E-03 4.30892342152156E-03 4.31291626486651E-03 4.31739793466202E-03 4.32228965401906E-03 4.32765705263428E-03 4.33353427032388E-03 4.33997573470014E-03 4.34700813160473E-03 4.35467069218639E-03 4.36298297327934E-03 4.37198517182031E-03 4.38171607688661E-03 4.39221501700822E-03 4.40352249579598E-03 4.41566820650748E-03 4.42868710965261E-03 4.44260108143898E-03 4.45744394009145E-03 4.47322699561666E-03 4.48996568432371E-03 4.50765973659953E-03 4.52631743814094E-03 4.54591837037487E-03 4.56642362152161E-03 4.58779069811238E-03 4.60997529571527E-03
0 0 0 0 0 0 0 0 0 0 0 0 0 0 0 0 0 0 0 0 0 0 0 0 0 0 0 0 0 0 0 0 0 0 0 4.29811733924606E-03 4.30017021760399E-03 4.30286327364094E-03 4.30623274353343E-03 4.31025311984488E-03 4.31486908630698E-03 4.32001603933504E-03 4.32570608974673E-03 4.33193846772579E-03 4.33875854042497E-03 4.3461982120689E-03 4.35429962600862E-03 4.36309006135251E-03 4.37261328222406E-03 4.38291637690242E-03 4.39403863867948E-03 4.40602072627957E-03 4.41888945245226E-03 4.43267670896366E-03 4.44739835016803E-03 4.46308516489856E-03 4.47974089440298E-03 4.49737102148729E-03 4.51596673583175E-03 4.53552689245397E-03 4.55602319607734E-03 4.5774076627252E-03 4.59963174585296E-03 4.62264569417893E-03
0 0 0 0 0 0 0 0 0 0 0 0 0 0 0 0 0 0 0 0 0 0 0 0 0 0 0 0 0 0 0 0 0 0 0 4.29811733924606E-03 4.2983525669687E-03 4.30046344737579E-03 4.30373648994005E-03 4.3078361389233E-03 4.31262581630737E-03 4.31802095648911E-03 4.32401249783803E-03 4.33058905295227E-03 4.33778759632895E-03 4.34564275584783E-03 4.35419844612312E-03 4.36348909171742E-03 4.37356144397551E-03 4.3844677941724E-03 4.39624753432595E-03 4.40894018774442E-03 4.42256925127042E-03 4.43716250502577E-03 4.45273016643976E-03 4.46929574402338E-03 4.4868535791852E-03 4.50539938123797E-03 4.52491566754652E-03 0.004545390920959 4.56678664469653E-03 4.5890463298019E-03 4.61211547957372E-03 4.63593991394107E-03
0 0 0 0 0 0 0 0 0 0 0 0 0 0 0 0 0 0 0 0 0 0 0 0 0 0 0 0 0 0 0 0 0 0 4.29066410538779E-03 4.29444686068975E-03 4.29546614264505E-03 4.2977927384324E-03 4.30121411216198E-03 4.30549875769583E-03 4.31051861038903E-03 4.31618905509971E-03 4.32249326578048E-03 4.32942905702251E-03 4.33702548666245E-03 4.34532104160223E-03 4.3543583648257E-03 4.36418265979518E-03 4.37484100659537E-03 4.38638996467437E-03 4.39886806254369E-03 4.41231320529918E-03 4.42674445716307E-03 4.44218455819654E-03 4.45863754954719E-03 4.47611347082865E-03 4.49459911568427E-03 4.51407958168116E-03 4.53452894985485E-03 4.55592237509019E-03 4.57821349532426E-03 4.60133664032144E-03 4.62523137745988E-03 4.64983996749638E-03
0 0 0 0 0 0 0 0 0 0 0 0 0 0 0 0 0 0 0 0 0 0 0 0 0 0 0 0 0 0 0 0 0 0 4.29066410538779E-03 4.29089758489807E-03 4.29225806621386E-03 4.29487789191871E-03 4.29856478432414E-03 4.30312101083767E-03 4.30843296067651E-03 4.3144242225483E-03 4.32108031915949E-03 4.32840960148002E-03 4.33644042097511E-03 4.34521452249352E-03 4.35477502009208E-03 4.36517555277048E-03 4.37646513856146E-03 4.38870311517481E-03 4.4019268896383E-03 4.41617142124587E-03 4.4314501202568E-03 4.44777895419367E-03 4.46515292538147E-03 4.48356887015152E-03 4.50300360997309E-03 4.52343189625921E-03 4.54481843656771E-03 4.56712689272338E-03 4.59030195223666E-03 4.61426890294369E-03 4.63896228484922E-03 0.004664322923261
0 0 0 0 0 0 0 0 0 0 0 0 0 0 0 0 0 0 0 0 0 0 0 0 0 0 0 0 0 0 0 0 0 0 4.28697492274428E-03 4.28706863464098E-03 4.28872145355849E-03 4.29169131937678E-03 4.29572393381693E-03 4.30062528319678E-03 4.30629207879606E-03 4.31265941969199E-03 4.31971962414492E-03 4.32749262701736E-03 4.33600744753852E-03 4.34531204616016E-03 4.3554477424828E-03 4.36647784897726E-03 4.37845174357929E-03 4.3914328371616E-03 4.40545600948268E-03 4.42055157049511E-03 4.43672498909504E-03 4.45398313857565E-03 4.47231096556187E-03 4.49169154753803E-03 4.51209101954793E-03 4.5334721161823E-03 4.55579107616035E-03 4.57900090730093E-03 4.6030400889855E-03 4.62782276163626E-03 4.65328055906247E-03 4.67935602304181E-03
0 0 0 0 0 0 0 0 0 0 0 0 0 0 0 0 0 0 0 0 0 0 0 0 0 0 0 0 0 0 0 0 0 0 4.28250054207542E-03 4.28266612848908E-03 4.28473318676405E-03 4.28815349534963E-03 4.29261954842616E-03 4.29794476841513E-03 4.30403804089036E-03 4.31084679560884E-03 4.31837229216275E-03 4.3266507795295E-03 4.33571197386565E-03 4.3456092655614E-03 4.35638271288789E-03 4.36810465603575E-03 4.38082276603282E-03 4.39460800567512E-03 4.40948991003112E-03 4.42549053218106E-03 4.44260517549014E-03 4.46083083090936E-03 4.48014099725251E-03 4.50050493372276E-03 4.52187704122912E-03 4.54420801368038E-03 4.5674455421647E-03 4.59153468299271E-03 4.61640939653038E-03 4.64197086487195E-03 4.66815238857704E-03 0.004694902946081
0 0 0 0 0 0 0 0 0 0 0 0 0 0 0 0 0 0 0 0 0 0 0 0 0 0 0 0 0 0 0 0 0 4.26908800735058E-03 4.27593844730396E-03 4.27731933868678E-03 4.28017981819831E-03 4.28420399181439E-03 4.28920375424135E-03 4.29503650068945E-03 4.30163328471097E-03 4.30895675473778E-03 4.31701457577852E-03 4.3258709460615E-03 4.33554858408918E-03 4.34611176673501E-03 4.35759274388572E-03 4.37008063835927E-03 4.38360989589176E-03 4.3982683529013E-03 4.41407155108446E-03 4.43103095529453E-03 4.44913037116873E-03 4.46835621018888E-03 4.48867057907663E-03 4.51002702038411E-03 4.53237058873066E-03 4.55563855257627E-03 4.57977205820677E-03 4.60470593131135E-03 4.63037857393485E-03 4.65667302152635E-03 4.68353444748937E-03 4.71092238151796E-03
0 0 0 0 0 0 0 0 0 0 0 0 0 0 0 0 0 0 0 0 0 0 0 0 0 0 0 0 0 0 0 0 0 4.26908800735058E-03 4.26948369415832E-03 4.27148683798686E-03 4.27510188391517E-03 4.27982649627512E-03 4.28545193813424E-03 4.29187434261538E-03 4.29905379268473E-03 4.30697148982531E-03 4.31564471896968E-03 4.32515391325198E-03 4.33552592059295E-03 4.34683076514154E-03 4.35910085436082E-03 4.37243240932087E-03 4.38685689243371E-03 4.40245961070897E-03 4.41924419558991E-03 4.4372109989888E-03 4.45633378271836E-03 4.47658534130605E-03 4.49791547199664E-03 4.52026376401656E-03 4.54356593348452E-03 4.56774996570449E-03 4.59274985155745E-03 4.61849128542794E-03 4.64490491611535E-03 4.67188186302871E-03 4.69938290045852E-03 4.72737582122703E-03
0 0 0 0 0 0 0 0 0 0 0 0 0 0 0 0 0 0 0 0 0 0 0 0 0 0 0 0 0 0 0 0 0 4.26226679209057E-03 4.26251596807751E-03 4.26523665568097E-03 4.26962548371443E-03 4.27507790460031E-03 4.28138636068042E-03 0.004288463904064 4.29629757198346E-03 4.3048862942984E-03 4.31426424974786E-03 4.32451079893461E-03 4.33566410879784E-03 4.34779656474523E-03 4.3609462646278E-03 4.37520636269516E-03 4.39061509988173E-03 4.4072281789165E-03 4.4250500135377E-03 4.4440658460582E-03 4.46424328879854E-03 4.48553371717924E-03 4.50787955148404E-03 4.53120521414729E-03 4.55543990627235E-03 4.58050494154663E-03 4.60632785425849E-03 4.63282690845012E-03 4.65992396826504E-03 4.68755104004289E-03 4.71566308024165E-03 4.7442387264967E-03
0 0 0 0 0 0 0 0 0 0 0 0 0 0 0 0 0 0 0 0 0 0 0 0 0 0 0 0 0 0 0 0 4.23565846306581E-03 4.25200281678736E-03 4.25444259035698E-03 4.25847062551411E-03 4.26378071247696E-03 4.27001479135939E-03 4.27705075990461E-03 4.28484046286885E-03 4.2933953894451E-03 4.30273296110452E-03 4.31289761276149E-03 4.32397012575306E-03 4.33599481353642E-03 4.3490469223589E-03 4.36316650140893E-03 4.37844352534628E-03 4.39491109095248E-03 4.41260241902334E-03 4.43151329211583E-03 4.45161661367785E-03 4.47286906288586E-03 4.49520464446831E-03 4.51855566932161E-03 4.54283550756431E-03 4.56796813078365E-03 4.59387069524528E-03 4.6204674700041E-03 4.64767407817481E-03 4.67542024856078E-03 4.70366437895571E-03 4.73236192066627E-03 4.76149615639656E-03
0 0 0 0 0 0 0 0 0 0 0 0 0 0 0 0 0 0 0 0 0 0 0 0 0 0 0 0 0 0 0 4.22997904249072E-03 4.23565846306581E-03 4.24164624324986E-03 4.24629686895014E-03 4.2515534847763E-03 4.25774357527329E-03 4.26474547387309E-03 4.27252535204031E-03 4.28106816483797E-03 4.29040244961521E-03 4.30055870226946E-03 4.3115885812898E-03 4.3235741229007E-03 4.33656207481857E-03 4.35062604769355E-03 4.36580453761558E-03 4.38217910358193E-03 4.39977401667657E-03 4.41860364040627E-03 4.43865009818775E-03 4.45987108520009E-03 4.48221132273241E-03 4.50559001456426E-03 4.52992951112777E-03 4.5551353687773E-03 4.58112792128148E-03 4.60782436344703E-03 4.63515126194508E-03 4.66302908260667E-03 4.69139649966288E-03 4.72022610509882E-03 4.74948052670619E-03 4.77914517582251E-03
0 0 0 0 0 0 0 0 0 0 0 0 0 0 0 0 0 0 0 0 0 0 0 0 0 0 0 0 0 0 0 4.22997904249072E-03 4.23039662293944E-03 4.2339130201645E-03 4.23876152073566E-03 4.24468738135035E-03 4.25160459752127E-03 4.2593436799609E-03 4.26787989771469E-03 4.27721527943284E-03 4.28738539644454E-03 4.2984281346159E-03 4.31039736501195E-03 4.32337924576824E-03 4.33741806121306E-03 4.35258150262014E-03 4.36890129104496E-03 4.38644923386248E-03 4.40523558814495E-03 4.42525665995228E-03 4.44647729606854E-03 4.46883860529606E-03 4.49227201556283E-03 4.51668426714352E-03 4.54199052321337E-03 4.56808919403499E-03 4.59490099956543E-03 4.62234788893597E-03 4.6503636179633E-03 4.67887619953934E-03 4.70783520293657E-03 4.73722183955085E-03 4.76700407431417E-03 4.79716830978193E-03
0 0 0 0 0 0 0 0 0 0 0 0 0 0 0 0 0 0 0 0 0 0 0 0 0 0 0 0 0 0 0 4.22271226790423E-03 4.22295886653427E-03 4.22618043650875E-03 4.23132000684536E-03 4.23781685201428E-03 4.24540842132609E-03 4.25387402792995E-03 4.26318633230696E-03 4.27335557270467E-03 4.28441695428928E-03 4.29641226766055E-03 4.30939299644099E-03 4.32345197468596E-03 4.33862584039977E-03 4.3549707230614E-03 4.37250836398809E-03 4.39129712948835E-03 4.41133215072175E-03 4.43258746945207E-03 4.45501111204631E-03 4.47852497177065E-03 4.50304900087132E-03 4.52847752031114E-03 4.55472346222655E-03 4.58167750398966E-03 4.6092667155501E-03 4.63742213420046E-03 4.66608853546881E-03 4.69520318984594E-03 4.72472414696727E-03 4.75463851693925E-03 4.78491810565408E-03 4.81554732269453E-03
0 0 0 0 0 0 0 0 0 0 0 0 0 0 0 0 0 0 0 0 0 0 0 0 0 0 0 0 0 0 4.20103237110833E-03 4.21204572259652E-03 4.2139291247179E-03 4.21791307349445E-03 4.22367548319193E-03 4.23082795195712E-03 4.23913231193139E-03 4.24837011393628E-03 4.25850607661592E-03 0.00426956067035 4.28157220347407E-03 4.29458815699229E-03 4.3086562620995E-03 4.32386795069838E-03 4.34025202540289E-03 4.35785212907122E-03 4.37667706458636E-03 4.39676756507157E-03 4.41809884372563E-03 4.44062246296733E-03 4.46426710691607E-03 4.48893728915484E-03 4.5145407180669E-03 4.5409622711633E-03 4.56811138561556E-03 4.59588019670698E-03 4.6242057341445E-03 4.65302927949545E-03 4.68230706436594E-03 4.71198802566778E-03 4.74204102046215E-03 4.77245345123994E-03 4.80319645074037E-03 4.83425266782093E-03
0 0 0 0 0 0 0 0 0 0 0 0 0 0 0 0 0 0 0 0 0 0 0 0 0 0 0 0 0 0 4.20103237110833E-03 4.20171769645744E-03 4.20445960016692E-03 4.20930349618707E-03 4.21584560171313E-03 4.22375596506085E-03 4.2328292662211E-03 4.24288983497815E-03 4.25390620742903E-03 4.26590630179476E-03 4.27892931796034E-03 4.29303468819943E-03 4.30826734699368E-03 4.3247050131993E-03 4.34237023561063E-03 4.36129207276327E-03 4.38146594615853E-03 4.40290559707176E-03 4.42556892153435E-03 4.44938075781335E-03 4.47425166355318E-03 4.50006906588584E-03 4.52673054639048E-03 4.55411382020727E-03 4.58212667910828E-03 4.61067288202042E-03 4.63969634419739E-03 4.6691498547343E-03 4.69900257712765E-03 4.72921823478886E-03 4.75977336480139E-03 4.79064957037637E-03 4.82181845331341E-03 4.85325965660677E-03
0 0 0 0 0 0 0 0 0 0 0 0 0 0 0 0 0 0 0 0 0 0 0 0 0 0 0 0 0 4.17550569110532E-03 4.18855720437652E-03 4.19055301337557E-03 4.19455697828354E-03 4.20040314154769E-03 4.20784091171896E-03 4.21660527809441E-03 4.22653349617624E-03 4.23749098574789E-03 4.24945777624066E-03 4.26247196923944E-03 4.27657659470882E-03 4.29184147270858E-03 4.30830813025715E-03 4.32604128341916E-03 4.3450520691919E-03 4.36535430752595E-03 4.38692524901205E-03 4.40975286005794E-03 4.43377145234344E-03 0.004458880651905 4.48497160710281E-03 4.5119177773336E-03 4.53960821693914E-03 4.56791756336829E-03 4.59675692895201E-03 4.62604173187376E-03 4.65572537079305E-03 4.68577199524314E-03 4.71616399663445E-03 4.74687968479643E-03 4.77790185187852E-03 4.80920519356181E-03 4.84075805763045E-03 4.87253722412633E-03
0 0 0 0 0 0 0 0 0 0 0 0 0 0 0 0 0 0 0 0 0 0 0 0 0 0 0 0 0 4.17550569110532E-03 4.17628303064523E-03 0.004179277824224 4.18441710227296E-03 4.19131268545667E-03 4.19972453675794E-03 4.20942916838847E-03 4.2203004383326E-03 4.23223542326307E-03 4.24523068356959E-03 4.25933577218275E-03 4.27459715421524E-03 4.29109381729913E-03 4.30886288261631E-03 4.32795647405714E-03 4.34837205419466E-03 4.37010371008353E-03 4.39310859999334E-03 4.4173472366935E-03 4.44273122961151E-03 4.46913291111229E-03 4.49642541029564E-03 4.52447198130965E-03 4.55315686096205E-03 4.58235635787995E-03 4.61198564613092E-03 4.64197313603424E-03 4.6722811279019E-03 4.70288589626725E-03 4.73378144708251E-03 4.76496181858034E-03 4.79641420271551E-03 4.8281034874537E-03 4.8599927777816E-03 4.89205613208821E-03
0 0 0 0 0 0 0 0 0 0 0 0 0 0 0 0 0 0 0 0 0 0 0 0 0 0 0 0 4.14680189965496E-03 4.16141998065759E-03 4.16349234692321E-03 4.16777118360931E-03 4.17407761347904E-03 4.18207448321385E-03 4.19153912269057E-03 4.20227462511118E-03 4.21418505183703E-03 4.2271918103088E-03 4.24130298509147E-03 4.25658220800134E-03 4.27307825075953E-03 4.29087934775104E-03 4.31001594624955E-03 4.33053007757566E-03 4.3524019541345E-03 4.37560233137183E-03 4.40006550279924E-03 4.42572656311099E-03 4.45247380378426E-03 4.48015021897723E-03 4.5086148180508E-03 4.53772657419153E-03 4.56736850831109E-03 4.5974208351366E-03 4.62780442456061E-03 4.65846090033805E-03 4.68936093721672E-03 4.72049060538245E-03 4.75185365796572E-03 4.78346038398827E-03 4.81530213415763E-03 4.84732854707427E-03 4.87949751902385E-03 4.9117831729492E-03
0 0 0 0 0 0 0 0 0 0 0 0 0 0 0 0 0 0 0 0 0 0 0 0 0 0 0 0 4.14680189965496E-03 4.14758033740965E-03 4.15059983454774E-03 4.1560978039428E-03 4.16361743875349E-03 4.17277824889289E-03 4.18337319758368E-03 4.19522506793958E-03 4.20826593463768E-03 4.22243566735508E-03 4.23775178839593E-03 4.25429377481598E-03 4.2721039659288E-03 4.29128532982134E-03 4.31185374612627E-03 4.33384386516222E-03 4.35721657628084E-03 4.38191358469675E-03 4.40784761114716E-03 4.43492460829805E-03 4.46301836155484E-03 4.49193605890165E-03 4.52153298331455E-03 4.55166983297767E-03 4.58222985111504E-03 4.61310069222063E-03 4.64420497551115E-03 4.67550234661854E-03 4.7069654117716E-03 4.73859012154098E-03 4.77038362503863E-03 4.80237446016714E-03 4.83455944785315E-03 4.8668631204591E-03 4.89924505892865E-03 4.93168299445379E-03
0 0 0 0 0 0 0 0 0 0 0 0 0 0 0 0 0 0 0 0 0 0 0 0 0 0 0 0 4.13246186809539E-03 4.13289316311409E-03 4.13726764181453E-03 4.14421638321964E-03 4.15308324615005E-03 4.16350117409413E-03 4.17530861424665E-03 4.18836333697875E-03 4.20262397555088E-03 4.21805072306817E-03 4.23466531276977E-03 4.25255697297894E-03 4.27176538721976E-03 4.29239909428864E-03 4.31446332886556E-03 4.33797727500629E-03 4.36288169011705E-03 4.38909191521693E-03 4.41649828662728E-03 4.44497584714706E-03 4.47437550296676E-03 4.50449078107918E-03 4.53517742985306E-03 4.56629918030186E-03 4.59773960717409E-03 4.62939483085979E-03 4.66119179594336E-03 4.69310352117597E-03 4.72510265667683E-03 4.75719153244686E-03 4.78938040658976E-03 4.82171073833011E-03 4.85417401857647E-03 4.88668083273928E-03 4.91919846323872E-03 4.95171145548785E-03
0 0 0 0 0 0 0 0 0 0 0 0 0 0 0 0 0 0 0 0 0 0 0 0 0 0 0 4.07948925080315E-03 4.11214656066476E-03 4.11670646436926E-03 4.12361723306493E-03 4.13235005886647E-03 4.14267926360037E-03 4.15441795227542E-03 4.16749389964337E-03 4.18181460950055E-03 4.19736568487866E-03 4.21412869892655E-03 4.23212977678168E-03 4.25145798804997E-03 4.27214836249905E-03 4.29430522467326E-03 4.31792530436552E-03 4.34299924719164E-03 4.36945448499785E-03 4.39717815472501E-03 4.42604337421364E-03 4.4558862933023E-03 4.48654183564844E-03 4.5178143795466E-03 4.54954989252069E-03 4.58162084650776E-03 4.61390665211802E-03 4.64632024605284E-03 4.67878227267867E-03 4.71128300431322E-03 4.74378726926679E-03 4.77630567635904E-03 4.80884169692467E-03 4.84144534272196E-03 4.87411070354013E-03 4.90674035130105E-03 4.93931047671143E-03 4.97181733634858E-03
0 0 0 0 0 0 0 0 0 0 0 0 0 0 0 0 0 0 0 0 0 0 0 0 0 0 4.05866606744963E-03 4.07948925080315E-03 4.09194552973972E-03 4.10102981950392E-03 4.11039259193935E-03 4.12085004652624E-03 4.13261960647866E-03 4.14568903726793E-03 4.16006613572148E-03 4.17570325261062E-03 4.19260822107785E-03 4.2107808225575E-03 4.23024730640402E-03 4.25109195620115E-03 4.27334017369939E-03 4.29708432348597E-03 4.32230460516848E-03 4.34896692903839E-03 4.3769792259902E-03 4.40620624442226E-03 4.43650008048279E-03 4.46766903104924E-03 4.49953939150949E-03 4.53192463502995E-03 4.56467117842887E-03 4.59765449040173E-03 4.63075533976419E-03 4.66389510556368E-03 4.69699688032851E-03 4.73005440845755E-03 4.76302776380659E-03 4.79592863407911E-03 4.82875811408308E-03 4.86156687949658E-03 4.89434229611691E-03 4.9269964273738E-03 4.95952522343509E-03 4.9919404269391E-03
0 0 0 0 0 0 0 0 0 0 0 0 0 0 0 0 0 0 0 0 0 0 0 0 0 4.04948023186081E-03 4.05866606744963E-03 4.06765774386194E-03 4.07757716448269E-03 4.08754010682491E-03 4.09825990111016E-03 4.11006708655967E-03 4.1231395530352E-03 4.13750028827642E-03 4.15318360706196E-03 4.17016759781548E-03 4.18847430825889E-03 4.20811583171488E-03 4.22911755945764E-03 4.25154897571064E-03 4.27542233426435E-03 4.3008047374948E-03 4.32765798145219E-03 4.35592257098875E-03 4.38548723525081E-03 4.41619675606319E-03 4.44788566814678E-03 4.48034482658338E-03 4.51339391871036E-03 4.54685706889835E-03 4.58058229045359E-03 4.61444790725028E-03 4.64833514297754E-03 4.68217072616182E-03 4.71587949011403E-03 4.74944845358777E-03 4.7828387113242E-03 4.81605596835797E-03 4.84910132236803E-03 4.88201545012415E-03 4.91479670043442E-03 4.94737758226641E-03 4.97977187270548E-03 5.01201346609435E-03
0 0 0 0 0 0 0 0 0 0 0 0 0 0 0 0 0 0 0 0 0 0 0 0 0 4.04948023186081E-03 4.05028140981363E-03 4.05629577979665E-03 4.06509897566235E-03 4.07543012621267E-03 4.08709511227439E-03 4.10004453804194E-03 4.11433340552664E-03 4.1299641746637E-03 4.14696758019002E-03 4.1653313123571E-03 4.18508237334684E-03 4.20624591009215E-03 4.22884057332971E-03 4.25291620452188E-03 4.27846567053879E-03 4.30552525274567E-03 4.33403298450574E-03 4.3639040526134E-03 4.3950079880861E-03 4.42717482969431E-03 4.46022530890672E-03 4.49393888527601E-03 0.004528131819123 4.56264034704502E-03 4.59731481011144E-03 4.63203144342871E-03 4.66667053681746E-03 4.70116106137153E-03 4.73542936545922E-03 4.76945144849002E-03 4.80318789895466E-03 4.83663918455378E-03 4.86980870464141E-03 4.90273004983849E-03 4.93540984606715E-03 4.96781155167906E-03 4.99997789210105E-03 5.03196606506802E-03
0 0 0 0 0 0 0 0 0 0 0 0 0 0 0 0 0 0 0 0 0 0 0 0 4.01856851493569E-03 4.03476548533654E-03 4.03767011762206E-03 4.04404350099447E-03 4.05309879254671E-03 4.06408713070561E-03 4.07670194000867E-03 4.09076409339099E-03 4.10625925003408E-03 4.12317529063107E-03 4.14152703050078E-03 4.16130892003433E-03 4.18254360077346E-03 4.20527511684502E-03 4.2295125315239E-03 4.25527555243409E-03 4.28254047087133E-03 4.31129861345024E-03 0.004341470284438 4.37293905391665E-03 4.40556141614785E-03 4.43915642069602E-03 4.47353567892718E-03 4.50847416832466E-03 4.54377943270446E-03 4.57930912522349E-03 4.61490544761811E-03 4.65043998750161E-03 4.68578880888742E-03 4.72088092661142E-03 4.75564571651666E-03 4.79003827700698E-03 4.82402993088726E-03 4.85760922638039E-03 4.89079422513604E-03 4.92360496099144E-03 4.9560744368284E-03 4.98820208732075E-03 5.02005798635902E-03 5.05172463959634E-03
