NongDo/Fusa 16h.grd
DSAA
463	323
2	464
2	324
0	10
[rows 252 to 279 of 323, columns 0 to 63 of 463]
0 0 0 0 0 0 0 0 0 0 0 0 0 0 0 0 0 0 0 0 0 0 0 0 0 0 0 0 0 0 0 0 0 0 0 0 0 0 4.12235479491852E-03 4.13427795332768E-03 4.14045438584032E-03 4.14504456986146E-03 4.14988769907896E-03 4.15544137601281E-03 4.1619052828159E-03 4.16938423870841E-03 4.17799136258705E-03 4.18779835079811E-03 4.19889945772871E-03 4.21137111736053E-03 4.22529250475072E-03 4.24073722064354E-03 4.25775353506694E-03 4.27638350050652E-03 4.29663460654839E-03 4.31852169415745E-03 4.34201147978886E-03 4.36707001391249E-03 4.39362901626489E-03 4.42163742449029E-03 4.45099461877498E-03 4.48156270257641E-03 4.51318729362699E-03 4.54570274210783E-03
0 0 0 0 0 0 0 0 0 0 0 0 0 0 0 0 0 0 0 0 0 0 0 0 0 0 0 0 0 0 0 0 0 0 0 0 0 4.11206194653628E-03 4.12235479491852E-03 4.12753207177379E-03 4.13275890592202E-03 4.13787683680523E-03 4.14341346701645E-03 4.14967579512197E-03 4.15687390325766E-03 4.16513398462842E-03 4.1745792077348E-03 4.1852926041235E-03 4.19737496700994E-03 4.21091323743799E-03 4.22598934064596E-03 4.2426761734943E-03 4.2610168228188E-03 4.28104583171061E-03 4.30276004784718E-03 4.32615907479836E-03 4.35119441606737E-03 4.37781290567705E-03 4.40592601779006E-03 4.43545787542192E-03 4.46628775976348E-03 4.49825777010427E-03 4.53119544362286E-03 4.56491945216504E-03
0 0 0 0 0 0 0 0 0 0 0 0 0 0 0 0 0 0 0 0 0 0 0 0 0 0 0 0 0 0 0 0 0 0 0 0 4.10331003707638E-03 4.11206194653628E-03 4.11655062265568E-03 4.12118911155808E-03 4.12615722034417E-03 4.13154866302697E-03 4.13760487538264E-03 4.14450550869199E-03 4.15242181235272E-03 4.16147565049231E-03 4.17179033258363E-03 4.18345468612099E-03 0.004196573167574 4.21124035951765E-03 4.22753873981047E-03 4.24553845939229E-03 4.26527500727044E-03 4.28677236258552E-03 4.31001297098972E-03 4.33498139408746E-03 4.36161006945042E-03 4.38982298930945E-03 0.004419508364674 4.45056630404485E-03 4.48285298615851E-03 4.51619037673677E-03 4.55038888805681E-03 4.58525327089089E-03
0 0 0 0 0 0 0 0 0 0 0 0 0 0 0 0 0 0 0 0 0 0 0 0 0 0 0 0 0 0 0 0 0 0 0 4.09865704138624E-03 4.10331003707638E-03 4.10685524046304E-03 4.11069644646673E-03 4.1150343100478E-03 4.12000242690516E-03 4.12569389475286E-03 4.13225461599118E-03 4.13979350732804E-03 4.14845050688077E-03 4.15833933850493E-03 4.16957837652373E-03 4.18225957831238E-03 4.19648730931183E-03 4.21236354670078E-03 4.22996687055868E-03 4.24936284972533E-03 4.27057604995086E-03 4.29361779110134E-03 4.31845118038997E-03 4.34504549761412E-03 4.37331007246473E-03 4.40314184273326E-03 4.43440497457553E-03 4.46697514333149E-03 4.5006874803465E-03 4.53534206090064E-03 4.57073404106068E-03 0.004606656216685
0 0 0 0 0 0 0 0 0 0 0 0 0 0 0 0 0 0 0 0 0 0 0 0 0 0 0 0 0 0 0 0 0 0 0 4.09865704138624E-03 4.09899252588161E-03 4.10118459895954E-03 4.10453244224934E-03 4.10878783100231E-03 4.11394333070165E-03 4.12003618246266E-03 4.12716358623745E-03 4.13540153081093E-03 4.14486501145824E-03 4.15566169324041E-03 4.16790547359141E-03 4.18169185639638E-03 4.19712368263523E-03 4.21430531540895E-03 4.2333100953703E-03 4.25419544208174E-03 4.27697262932772E-03 4.30163729464242E-03 4.32813298080853E-03 4.35640537237055E-03 4.38633696331493E-03 4.41779855074695E-03 4.45063127314262E-03 4.48468608131835E-03 4.51977493485742E-03 4.55567929504119E-03 4.59218139735294E-03 4.62906583705039E-03
0 0 0 0 0 0 0 0 0 0 0 0 0 0 0 0 0 0 0 0 0 0 0 0 0 0 0 0 0 0 0 0 0 0 4.08282928094512E-03 4.09140225707751E-03 4.09227611518826E-03 4.09443865753325E-03 4.09780348984558E-03 4.10226150674199E-03 4.10779715524117E-03 4.11442486648796E-03 4.12221564490351E-03 4.1312430708666E-03 4.14160576247254E-03 4.15340938348458E-03 4.16675940511957E-03 4.18175967187578E-03 4.19850739565187E-03 4.21710671539417E-03 4.23762226529819E-03 4.26010043129775E-03 4.28453527363908E-03 4.3109033853815E-03 4.33912692478438E-03 4.36911758729019E-03 4.40073397538521E-03 4.43381978496234E-03 4.46819495864732E-03 4.50368325920183E-03 4.54008000115433E-03 4.57714934202045E-03 4.61466290844419E-03 4.6524008612222E-03
0 0 0 0 0 0 0 0 0 0 0 0 0 0 0 0 0 0 0 0 0 0 0 0 0 0 0 0 0 0 0 0 0 0 4.08282928094512E-03 4.08324630801656E-03 4.0843599582074E-03 4.08676629422878E-03 4.09044880141126E-03 4.09534354525116E-03 4.10144023494132E-03 4.10874802070186E-03 4.11732870428239E-03 4.12726204424714E-03 4.13864177843359E-03 4.15157283396971E-03 4.1661540431744E-03 4.18249372752986E-03 4.20068383026738E-03 4.22082453119051E-03 4.2429691666607E-03 4.26714863501257E-03 4.29333553461782E-03 4.32148286467742E-03 4.35148586464428E-03 4.3832230145322E-03 4.41652562954436E-03 4.45121186142625E-03 4.48708073848332E-03 4.52393444944052E-03 4.56155282618854E-03 4.59968581981404E-03 4.63809841729979E-03 4.67657205494539E-03
0 0 0 0 0 0 0 0 0 0 0 0 0 0 0 0 0 0 0 0 0 0 0 0 0 0 0 0 0 0 0 0 0 0 4.07390161915335E-03 4.07397822297472E-03 4.07540899147652E-03 4.07826313447787E-03 4.08248104460174E-03 4.0880036250916E-03 4.09482460715329E-03 4.1029568576525E-03 4.11246557509128E-03 4.12344124163842E-03 4.13597482491113E-03 4.15017469401688E-03 4.16612865323577E-03 4.18395005809265E-03 4.2037204533992E-03 4.2255360663691E-03 4.24943424471924E-03 0.004275424977876 4.30345347100948E-03 4.33344406288696E-03 4.36526320395193E-03 4.39875582535398E-03 4.43372645809887E-03 4.46996680313887E-03 4.50725867736658E-03 4.54538666870044E-03 4.5841229950337E-03 4.62320287522053E-03 4.66239044019983E-03 4.7014756032024E-03
0 0 0 0 0 0 0 0 0 0 0 0 0 0 0 0 0 0 0 0 0 0 0 0 0 0 0 0 0 0 0 0 0 0 4.06333440435585E-03 4.06348036338372E-03 4.06543606650765E-03 4.06894596762092E-03 4.07389780706257E-03 4.08022927170233E-03 4.08793899711461E-03 4.09704939159947E-03 4.1076337695584E-03 4.11980301131838E-03 4.13364445189466E-03 4.14926874843913E-03 4.16675125646953E-03 4.18620806464855E-03 4.20770345133588E-03 4.2313327546606E-03 4.25711006442296E-03 4.28501592025792E-03 4.31496270330665E-03 4.34684426664152E-03 4.38049638173271E-03 4.4157316890263E-03 4.45232862191765E-03 4.4900553543455E-03 4.52867897049216E-03 4.56797301610926E-03 4.60770758628126E-03 4.64760358509807E-03 4.68743398253321E-03 4.72700599064328E-03
0 0 0 0 0 0 0 0 0 0 0 0 0 0 0 0 0 0 0 0 0 0 0 0 0 0 0 0 0 0 0 0 0 4.03603259475778E-03 4.05017219511941E-03 4.05152726759537E-03 4.05445716305302E-03 4.05887186397618E-03 4.06475295471653E-03 4.07206433742526E-03 4.08082447306041E-03 4.09107073924314E-03 0.004102883215961 4.1164091382544E-03 4.13172132624424E-03 4.14893920680847E-03 4.16811309319566E-03 4.1893721428851E-03 4.21274174463422E-03 4.23832752212197E-03 4.26610318704694E-03 4.2960137719733E-03 4.32793618056337E-03 4.36173276365359E-03 4.39720998380825E-03 4.43414702782176E-03 4.47230342453717E-03 4.51142524629916E-03 4.55127140433367E-03 4.59160268646027E-03 4.63220252401858E-03 4.67277313365857E-03 4.71311407720548E-03 4.75305627979621E-03
0 0 0 0 0 0 0 0 0 0 0 0 0 0 0 0 0 0 0 0 0 0 0 0 0 0 0 0 0 0 0 0 0 4.03603259475778E-03 4.03671493505013E-03 4.03871454898197E-03 4.04264353746565E-03 4.04815587088263E-03 4.05513904742745E-03 4.06358813876952E-03 4.07355566981162E-03 4.08510231327975E-03 4.09831508373349E-03 4.11336204901335E-03 4.13031593572922E-03 4.14929474903441E-03 4.17033346998182E-03 4.19355642773634E-03 4.21896549700787E-03 4.2466400388211E-03 4.27651280133466E-03 4.3084922302904E-03 4.34242323656861E-03 4.37813248871325E-03 4.4153970361083E-03 4.45396849268753E-03 4.49359060068611E-03 4.53399828062984E-03 4.57494499056637E-03 0.004616183328981 4.65749016653091E-03 4.69859269213443E-03 4.73932416118215E-03 4.77953292235707E-03
0 0 0 0 0 0 0 0 0 0 0 0 0 0 0 0 0 0 0 0 0 0 0 0 0 0 0 0 0 0 0 0 0 4.02213971681263E-03 4.0224095746121E-03 4.02534020780609E-03 4.03038013214839E-03 4.03705146102977E-03 4.04523811458988E-03 4.05494474326507E-03 4.06625575935555E-03 4.07925246623177E-03 4.09404355939686E-03 4.11078860994533E-03 4.12956519822472E-03 4.15048088715937E-03 4.17356130172339E-03 4.19890643520852E-03 4.22650938770913E-03 4.25637667246092E-03 4.28842017960517E-03 4.32250411792673E-03 4.35844914498777E-03 4.39603510692401E-03 4.43502063854581E-03 4.47513052501041E-03 4.51610035919033E-03 4.55766125364764E-03 4.5995660470987E-03 4.64156579029252E-03 4.68343103573273E-03 4.72495936803055E-03 4.76598323215892E-03 4.80637079959636E-03
0 0 0 0 0 0 0 0 0 0 0 0 0 0 0 0 0 0 0 0 0 0 0 0 0 0 0 0 0 0 0 0 3.97675754739861E-03 4.00391680018355E-03 4.00678415489093E-03 4.01144328940837E-03 4.01783688447632E-03 4.02577643028673E-03 4.03525530163403E-03 4.04633005559179E-03 4.05911557602927E-03 4.07371564744483E-03 4.09024726659182E-03 4.10886368000412E-03 4.12963616255825E-03 4.15265918523676E-03 4.17793978080248E-03 4.20555123666799E-03 4.23545585866353E-03 4.2676010697811E-03 4.30186207526219E-03 4.33806424423035E-03 4.37599688649028E-03 4.41540295472157E-03 4.45602072880165E-03 4.49755797564624E-03 4.53974676612006E-03 4.58232059630074E-03 4.6250388218443E-03 4.66765988862466E-03 4.70997355307096E-03 4.75182135787095E-03 4.79304285545953E-03 4.83351681948763E-03
0 0 0 0 0 0 0 0 0 0 0 0 0 0 0 0 0 0 0 0 0 0 0 0 0 0 0 0 0 0 0 3.96658375749499E-03 3.97675754739861E-03 3.98550589237827E-03 3.99135337518551E-03 3.99769431902495E-03 4.00541035251388E-03 4.0146232351094E-03 4.02544759812274E-03 4.03798253881476E-03 4.05236333301047E-03 4.06870570369304E-03 4.08712893096364E-03 4.10777672201747E-03 4.13070647675435E-03 4.15598939013194E-03 4.1836061062068E-03 4.21359328410559E-03 4.24587663271842E-03 4.28035108316971E-03 4.31684901182831E-03 4.35515369842137E-03 4.3950238196271E-03 4.4361723734907E-03 4.47832056814328E-03 4.52116671451582E-03 4.56444357914063E-03 4.60789494552348E-03 4.65129553271307E-03 4.69442168012783E-03 4.73708251591399E-03 4.77914506905058E-03 4.82046471342812E-03 4.86092695840074E-03
0 0 0 0 0 0 0 0 0 0 0 0 0 0 0 0 0 0 0 0 0 0 0 0 0 0 0 0 0 0 0 3.96658375749499E-03 3.96721218095621E-03 3.97150941063591E-03 3.97725868929522E-03 3.98446133337882E-03 3.99330565912523E-03 4.00379101123181E-03 4.01602479790687E-03 4.0301227292646E-03 4.04622374947944E-03 4.06444590115975E-03 4.08489953893488E-03 4.10772186921644E-03 4.1329478837776E-03 4.16061738736392E-03 4.19067559988738E-03 4.22312056086895E-03 4.25783309518507E-03 4.29465869630632E-03 4.33338339140823E-03 4.37374928546906E-03 4.41548484134378E-03 4.45827974418085E-03 4.50184548359325E-03 4.5458736356407E-03 4.59010504512344E-03 4.63430098158422E-03 4.67825794064828E-03 4.72177306340135E-03 4.76467831574285E-03 4.80685751167444E-03 4.84817788692353E-03 4.88852986313722E-03
0 0 0 0 0 0 0 0 0 0 0 0 0 0 0 0 0 0 0 0 0 0 0 0 0 0 0 0 0 0 0 3.95375148007835E-03 3.95401045308014E-03 3.95760588832053E-03 3.96362067162406E-03 3.97166167975149E-03 3.98163834238401E-03 3.99344877997655E-03 4.00718286520038E-03 4.02295876752044E-03 4.0409076926689E-03 4.06114323874193E-03 4.0837576353736E-03 4.10888380335506E-03 4.13652562384307E-03 4.16668218667181E-03 4.19925909580849E-03 4.23421080891096E-03 4.27137409116255E-03 4.31053945705155E-03 4.35145110095822E-03 4.39380896085605E-03 4.43731784804035E-03 4.48164650116672E-03 4.52650670010386E-03 4.57158398776712E-03 4.6166370292348E-03 4.66145007049839E-03 4.70584511159238E-03 4.74964147153742E-03 4.79269020592802E-03 4.83488839325188E-03 0.004876112501498 4.91625372650278E-03
0 0 0 0 0 0 0 0 0 0 0 0 0 0 0 0 0 0 0 0 0 0 0 0 0 0 0 0 0 0 3.91901319620588E-03 3.93670073116188E-03 3.93867026898653E-03 3.94313807427501E-03 3.95003394507217E-03 3.95915487659915E-03 0.003970418556648 3.98370566201969E-03 3.99908269166379E-03 4.01667357654876E-03 4.03660424031353E-03 4.05898601224015E-03 4.08389108049975E-03 4.11143226677856E-03 4.14158084933268E-03 0.00417429572747 4.2094413625522E-03 4.24692337775554E-03 4.28652803628946E-03 4.32799467778402E-03 4.37102478589456E-03 4.41528373564831E-03 4.46045462271216E-03 4.50619303458441E-03 4.55220968081306E-03 4.59820032835114E-03 4.64394684882122E-03 4.68925545495104E-03 4.73397164481859E-03 4.77793948418419E-03 4.82103339197735E-03 4.86315540471823E-03 4.90418458668429E-03 4.94401385345896E-03
0 0 0 0 0 0 0 0 0 0 0 0 0 0 0 0 0 0 0 0 0 0 0 0 0 0 0 0 0 0 3.91901319620588E-03 3.91995827664672E-03 3.92288822521349E-03 3.92850167025195E-03 3.93661461949383E-03 3.94706707823422E-03 3.95979352309736E-03 3.97471280353675E-03 3.99188856217136E-03 4.01144382616127E-03 4.03349131667215E-03 4.05814730853676E-03 4.08546473150117E-03 4.11551596019361E-03 4.14824299952929E-03 4.18356193866863E-03 4.22129828875793E-03 4.26129622613442E-03 4.3033012180418E-03 4.34699733253463E-03 4.39204965779918E-03 4.4380933124272E-03 4.48479697008102E-03 4.53180938545726E-03 4.57884414515933E-03 4.62562244231423E-03 4.6719423452829E-03 4.7176321234188E-03 4.76256084010864E-03 4.80660019976808E-03 4.84964285750798E-03 4.89158874664044E-03 4.93232183858561E-03 4.97173572382179E-03
0 0 0 0 0 0 0 0 0 0 0 0 0 0 0 0 0 0 0 0 0 0 0 0 0 0 0 0 0 3.88055502663606E-03 3.90024099225429E-03 3.9023198482928E-03 3.90681886151249E-03 3.91387813669832E-03 3.92346800762174E-03 3.93547899377227E-03 3.9498766164184E-03 0.003966615051664 3.98576047404695E-03 4.00743547577026E-03 4.03174044694373E-03 4.05879090337888E-03 4.08861797468521E-03 4.12125582527964E-03 4.15660968057942E-03 4.19455393398855E-03 4.23486989047327E-03 4.27734715512116E-03 4.32168306300398E-03 4.36751427891244E-03 4.41447108565807E-03 4.46216776985458E-03 4.51026406079551E-03 4.55841050920459E-03 4.60633164825515E-03 4.65377220326574E-03 4.70054900934155E-03 4.74650986358539E-03 4.79154548985144E-03 4.83555353337384E-03 4.87844343992926E-03 4.9201124054335E-03 4.96044496327038E-03 0.004999336775199
0 0 0 0 0 0 0 0 0 0 0 0 0 0 0 0 0 0 0 0 0 0 0 0 0 0 0 0 0 3.88055502663606E-03 3.88158715451036E-03 3.88482028506484E-03 3.89084768651397E-03 3.89951947257195E-03 3.91078384010989E-03 3.92455494156401E-03 3.94082400895558E-03 3.95956655801104E-03 3.98085280400313E-03 4.00480317619649E-03 4.03150086972046E-03 4.0610565319967E-03 4.09347624642023E-03 4.12875721725542E-03 4.16676662483148E-03 4.20733131861534E-03 4.25018836523575E-03 4.29507416621145E-03 4.34164574333765E-03 4.38949246230273E-03 4.4382162628395E-03 4.48742055552094E-03 4.53676466726111E-03 4.58590903019051E-03 4.63458916388758E-03 4.68257406714538E-03 4.72969659598832E-03 4.77582329551881E-03 4.82086208628011E-03 4.86473693464481E-03 4.90737176069572E-03 4.94865829610493E-03 4.98848029111382E-03 5.02673777177332E-03
0 0 0 0 0 0 0 0 0 0 0 0 0 0 0 0 0 0 0 0 0 0 0 0 0 0 0 0 3.83945905585198E-03 3.86038071553667E-03 3.86256304166803E-03 3.86742657850201E-03 3.87514565121883E-03 3.88559894312826E-03 3.89872822190132E-03 3.9144563760464E-03 3.9327940354394E-03 3.95372774499936E-03 3.97732177171691E-03 4.00369467708141E-03 4.03290781780343E-03 4.06506519418298E-03 0.00410014237315 4.13810417371284E-03 4.17877560085028E-03 4.22193282600399E-03 4.26726734041339E-03 4.31446996122496E-03 4.36316061506671E-03 4.41288301008456E-03 4.46322128996935E-03 4.5137810387545E-03 4.56422782018433E-03 4.61423503970243E-03 4.66355056259544E-03 4.71196645318979E-03 4.75932941664323E-03 4.80551958950194E-03 0.004850457748363 4.89409362613697E-03 4.93636597570109E-03 4.97715550338458E-03 5.01634744100608E-03 5.05385234225565E-03
0 0 0 0 0 0 0 0 0 0 0 0 0 0 0 0 0 0 0 0 0 0 0 0 0 0 0 0 3.83945905585198E-03 3.84047458686114E-03 3.84379692559268E-03 3.85035883555586E-03 3.85995110857941E-03 3.87236465830464E-03 3.88753818344091E-03 3.90539973320363E-03 3.92597908042537E-03 3.94926754205696E-03 3.97531749037699E-03 4.00424861446919E-03 4.03608369615749E-03 4.07092811171651E-03 4.10871302737852E-03 4.14937404642662E-03 4.19269292454662E-03 4.23838851736553E-03 4.2861137335876E-03 4.33551032852169E-03 4.38618076412812E-03 4.43761703644767E-03 4.4894068271526E-03 4.54116902785361E-03 4.59257668313968E-03 4.64332031537639E-03 4.69315220877907E-03 4.74189360702508E-03 4.78939442040821E-03 4.83554820798409E-03 4.88027931071188E-03 4.92356482185903E-03 4.96536025025164E-03 5.00552560724284E-03 5.04395931029053E-03 5.0805897099417E-03
0 0 0 0 0 0 0 0 0 0 0 0 0 0 0 0 0 0 0 0 0 0 0 0 0 0 0 0 3.81939549419848E-03 3.81988992512596E-03 3.8250337499859E-03 3.83372669440334E-03 3.84547407236219E-03 3.8600529751217E-03 3.87744160692371E-03 3.89759636652233E-03 3.92056624334449E-03 3.94635141668755E-03 3.97498961162489E-03 4.00658943251785E-03 4.04114225792746E-03 4.07873722773975E-03 4.11926655794513E-03 4.16262255918746E-03 4.20854217915241E-03 4.25669787079027E-03 4.30670852942004E-03 4.35816746798989E-03 4.41064426719367E-03 0.004463623998091 4.51670774621547E-03 4.56952731986223E-03 4.62176071401346E-03 4.67311552971278E-03 4.7233518979419E-03 4.77231158155721E-03 4.8198450919766E-03 4.86585544335151E-03 4.91027175886152E-03 4.95309111416652E-03 4.99427158446473E-03 5.03367124490858E-03 5.07121281863041E-03 5.10684763017296E-03
0 0 0 0 0 0 0 0 0 0 0 0 0 0 0 0 0 0 0 0 0 0 0 0 0 0 0 3.75293338005794E-03 3.79282857964148E-03 3.79815700643147E-03 3.80666448373897E-03 3.81799888492027E-03 3.83212578807391E-03 3.84901352708832E-03 3.86873570356501E-03 3.89129696228232E-03 3.91676555723484E-03 3.94515499155188E-03 3.97648693174689E-03 4.01084708035221E-03 4.04819172572907E-03 4.08857740938562E-03 4.13186306891372E-03 4.17787536132322E-03 4.22632252112481E-03 4.27682969918742E-03 4.32899536337273E-03 4.3823563109172E-03 4.43646491758437E-03 4.49083810501129E-03 4.54507037465325E-03 4.59881457930074E-03 4.65174459276028E-03 4.70359637319298E-03 4.75412083484222E-03 4.80318641090238E-03 4.85063437976555E-03 4.89638209628854E-03 4.94035329942357E-03 4.98256174575004E-03 5.0229809337178E-03 5.06147533393939E-03 5.09799439857629E-03 5.13252001297797E-03
0 0 0 0 0 0 0 0 0 0 0 0 0 0 0 0 0 0 0 0 0 0 0 0 0 0 3.7283032457777E-03 3.75293338005794E-03 3.76719133641862E-03 3.77802923750186E-03 3.78983343098825E-03 3.80377126341902E-03 3.82029015144283E-03 3.83953799541464E-03 3.86166587263517E-03 3.88671529306665E-03 3.91476616671507E-03 3.94583906578438E-03 3.97993900769052E-03 4.01712162122384E-03 4.05730431091764E-03 4.10049919381002E-03 4.14651609906538E-03 4.19512853086356E-03 4.24600702186379E-03 4.29874421493382E-03 4.35291410920478E-03 4.40802020869414E-03 4.46361020142131E-03 4.51922551300504E-03 4.57446991439598E-03 4.62900468139016E-03 4.68250707714493E-03 4.73472643072448E-03 4.78541992070893E-03 0.004834462296327 4.88169295431083E-03 4.92703760106333E-03 4.97042601361883E-03 5.01188130874565E-03 5.0513799797372E-03 5.08881757597953E-03 5.12418506526852E-03 5.1574977396113E-03
0 0 0 0 0 0 0 0 0 0 0 0 0 0 0 0 0 0 0 0 0 0 0 0 0 3.71679961429892E-03 3.7283032457777E-03 3.73825039205477E-03 3.74951882250407E-03 3.76155542754232E-03 3.77536670350641E-03 3.79148947866623E-03 3.81027345570013E-03 3.83187306511252E-03 3.85644492640972E-03 3.88403931945848E-03 3.91473231561123E-03 3.94854524988161E-03 3.98546416008147E-03 4.02550402992374E-03 4.06854083080419E-03 4.11452418642613E-03 4.16321898359175E-03 4.2143459468598E-03 4.26754295895425E-03 4.32237621377701E-03 4.37840332487089E-03 4.43511171165552E-03 4.49204540542175E-03 4.54877055642863E-03 4.60489887293798E-03 4.66009791832968E-03 4.71404524962219E-03 4.76649895245613E-03 4.8172230474743E-03 4.86608755777854E-03 4.91294271058665E-03 4.95771764244351E-03 5.00035678879323E-03 5.04088404438079E-03 5.07930405813639E-03 5.11555365691273E-03 5.14966019866074E-03 5.18167784685351E-03
0 0 0 0 0 0 0 0 0 0 0 0 0 0 0 0 0 0 0 0 0 0 0 0 0 3.71679961429892E-03 3.71771539210449E-03 3.72431918265107E-03 3.73458035080895E-03 3.74746056484707E-03 3.76294315794751E-03 3.78110608330505E-03 3.80212889052166E-03 3.82611511878866E-03 3.85319128057222E-03 3.88339345021458E-03 3.91677981312577E-03 3.95337292792645E-03 3.99313791982654E-03 4.03604299499073E-03 4.08191950521389E-03 4.13065096143578E-03 4.18195063042176E-03 4.23549272562087E-03 4.29088424328758E-03 4.34767647970154E-03 4.40541629843255E-03 4.46358411018525E-03 4.52172390047218E-03 4.57942604660389E-03 4.63630934990863E-03 4.69203735119944E-03 4.74628596657041E-03 4.79881892126594E-03 4.84941101679268E-03 4.89792579653491E-03 4.94422691571651E-03 4.98825387112962E-03 5.02997384511599E-03 5.06941873064147E-03 5.10661606281342E-03 5.14155519349613E-03 5.17431003472943E-03 5.20497030459299E-03
0 0 0 0 0 0 0 0 0 0 0 0 0 0 0 0 0 0 0 0 0 0 0 0 3.6789063030752E-03 3.69883054027068E-03 3.70202863278582E-03 3.70942154888177E-03 3.72053541161002E-03 3.73483944824105E-03 3.75218254430032E-03 3.77248705902305E-03 3.79583871432155E-03 3.82230760701606E-03 3.8519763918138E-03 3.88486537876288E-03 3.92099803884888E-03 3.96040846836013E-03 4.00303558432782E-03 4.04878927081356E-03 4.09746728520412E-03 4.14887054646003E-03 4.20267969797792E-03 4.2585153512769E-03 4.31596750119554E-03 4.37457795417299E-03 4.43388892493927E-03 4.4933833518103E-03 4.55259430112758E-03 4.61114855170582E-03 4.66865284637645E-03 4.72476314963436E-03 4.77915108299102E-03 4.83158634223975E-03 4.88186128288469E-03 4.92982552329225E-03 4.97537710408952E-03 5.01846213325154E-03 5.0590893431142E-03 5.09729336522345E-03 5.13314543432689E-03 5.16668742193457E-03 0.005198032042733 5.22730180577182E-03
