NongDo/Fusa 11.1h.grd
DSAA
463	323
2	464
2	324
0	10
[rows 140 to 167 of 323, columns 192 to 255 of 463]
5.18412115598145E-03 5.3735311335542E-03 5.5577357500065E-03 5.73583896530981E-03 5.9069171543858E-03 6.0699579619083E-03 6.22399666830852E-03 6.36809837764139E-03 6.50139711731121E-03 6.62306341575128E-03 6.73234795335572E-03 6.82857925698859E-03 6.91122405955735E-03 6.97989374241368E-03 7.03434970165908E-03 7.07450582610124E-03 7.10042007381161E-03 7.11227327304815E-03 7.11033347941761E-03 7.09491699841956E-03 7.06635469669047E-03 7.02495657057976E-03 6.97098683234825E-03 6.90465237063281E-03 6.82613562817644E-03 6.73567883621307E-03 6.63371032670988E-03 6.52098234235096E-03 6.3982916683331E-03 6.26638497244985E-03 6.12603354325026E-03 5.9781210819313E-03 5.82374861115447E-03 5.66408926808514E-03 5.50046381825645E-03 5.33405949155742E-03 5.16633068393503E-03 4.99866192775211E-03 4.83216319417216E-03 4.6672246653973E-03 4.50456154896662E-03 4.34517198156538E-03 4.19049430982619E-03 4.04247032975489E-03 3.90460985448271E-03 3.78321692611759E-03 3.68838037841422E-03 3.58032751134467E-03 0 0 0 0 0 0 0 0 0 0 0 0 0 0 0 0
0.005407430069894 5.5912972885481E-03 5.76897302985381E-03 5.93962528064194E-03 6.1023989878446E-03 6.25635358420397E-03 6.40063612743422E-03 6.53442204002984E-03 6.65694696272622E-03 6.76747131446963E-03 6.86533129899349E-03 6.94993557593673E-03 7.02082983194277E-03 7.07769953349888E-03 7.12037566705292E-03 7.14884016208631E-03 7.16321758047756E-03 7.16374758360333E-03 7.15074465440296E-03 7.12455644645879E-03 7.08553204170282E-03 7.03398977054026E-03 6.97019280093884E-03 6.89433932963656E-03 6.80660842937379E-03 6.70726314688124E-03 6.59680685519325E-03 6.47616879862877E-03 6.34623156653021E-03 6.20768937846664E-03 6.06135326805836E-03 5.90821211904656E-03 5.74950951248275E-03 5.58652210522919E-03 5.42071438836406E-03 5.25334670601461E-03 5.08599537486337E-03 4.92009462678204E-03 4.75668952732824E-03 4.59586076936538E-03 4.43833253312002E-03 4.28559663360295E-03 4.13960621191633E-03 4.00334615913298E-03 3.88306346357562E-03 3.7900820656208E-03 3.68838037841422E-03 0 0 0 0 0 0 0 0 0 0 0 0 0 0 0 0 0
5.62203356302693E-03 5.79947474995449E-03 5.96985675741398E-03 6.13240406150659E-03 6.28632400012333E-03 6.4307717586666E-03 6.56501375622517E-03 6.68832254768542E-03 6.8000149284029E-03 6.89942268718228E-03 6.98595074019091E-03 7.05908132814749E-03 7.11843138344128E-03 7.16375188659439E-03 7.19493893224351E-03 7.21204199226724E-03 7.21525144683909E-03 7.20486219335237E-03 7.18123039054444E-03 7.14472796333563E-03 7.09571477389274E-03 7.03451311628626E-03 6.96138260774676E-03 6.87651423385634E-03 6.78009115535771E-03 6.67240475379987E-03 6.55403765686761E-03 6.42608741302968E-03 6.28950268078204E-03 6.14490647050795E-03 5.9931916336428E-03 5.83548631155126E-03 5.67319187972626E-03 5.50768197710286E-03 5.34055171103259E-03 5.17314681244057E-03 5.00716260676359E-03 4.84403995706948E-03 4.68472961073234E-03 4.52907694309028E-03 4.37801480224372E-03 4.23392294580799E-03 4.09991007400057E-03 3.98132918339721E-03 3.88883853038227E-03 3.7900820656208E-03 0 0 0 0 0 0 0 0 0 0 0 0 0 0 0 0 0 0
5.82752736759509E-03 5.9978049325213E-03 6.16026490302182E-03 6.3141814619066E-03 6.45883572517198E-03 6.59350593357689E-03 6.71754523538244E-03 6.83030679744336E-03 6.93116798819073E-03 7.01952284877867E-03 7.09483634876343E-03 7.15666305282653E-03 7.20468101667682E-03 7.23870398704416E-03 7.25869415180299E-03 7.26477018917846E-03 7.25718672785963E-03 7.23629086061601E-03 7.20247445064647E-03 7.15612484596915E-03 7.09760376429726E-03 7.02723321306029E-03 6.94526715714541E-03 6.85189291928706E-03 6.7473090046819E-03 6.63184514955168E-03 6.5061644701176E-03 6.37148581842715E-03 6.22882842155826E-03 6.07875160298592E-03 5.92227564130446E-03 5.76070764798902E-03 5.5956011687495E-03 5.42840190279684E-03 5.26081479717873E-03 5.09437959926384E-03 4.93081743564057E-03 4.77151598200022E-03 4.61730127055169E-03 4.46818471808997E-03 4.32557458819027E-03 4.19329946932116E-03 4.07704815181587E-03 3.98643332232387E-03 3.88883853038227E-03 0 0 0 0 0 0 0 0 0 0 0 0 0 0 0 0 0 0 0
6.02374239769654E-03 6.1862460293432E-03 6.34026441104889E-03 6.48513969228494E-03 6.62024652000591E-03 6.74496753297708E-03 6.85870898658783E-03 6.96089192608937E-03 7.05094412346017E-03 7.12832155976091E-03 7.19254819172642E-03 7.24324381188458E-03 7.2801424560562E-03 7.30312417578209E-03 7.31222117824628E-03 7.30762197962661E-03 7.28964232903022E-03 7.25867626371152E-03 7.21514218238846E-03 7.15943204839634E-03 7.09190086241978E-03 7.01286422975201E-03 6.92257102140132E-03 6.82121253894224E-03 6.70901594596345E-03 6.58635938552534E-03 6.4539756865743E-03 6.31314146133599E-03 6.16494643259577E-03 6.00995938741049E-03 5.84938259224428E-03 5.68469253483508E-03 5.51757351596838E-03 5.34955942321126E-03 5.18249132883003E-03 5.01813682374663E-03 4.85817044726385E-03 4.70394261948676E-03 4.55628761256044E-03 4.41583094964363E-03 4.28499515383164E-03 4.17017126271814E-03 4.08133135031153E-03 3.98643332232387E-03 0 0 0 0 0 0 0 0 0 0 0 0 0 0 0 0 0 0 0 0
6.21068837382653E-03 6.36492247477768E-03 6.51009928554948E-03 6.64563528206717E-03 6.77098238317765E-03 6.88560356315077E-03 6.98896536412883E-03 7.08054287218784E-03 7.15981417128636E-03 7.22629304283337E-03 7.27956087403416E-03 7.31929761693782E-03 7.3453010803367E-03 7.35751943327259E-03 7.3560557765879E-03 7.34116756474139E-03 7.31322676935692E-03 7.27266291843273E-03 7.2199071579248E-03 7.1553449292756E-03 7.07931923976752E-03 6.99213342942703E-03 6.89403787332421E-03 6.78523953129664E-03 6.66600525630921E-03 6.53677673442126E-03 6.39835119915154E-03 6.25198288393592E-03 6.09882474634594E-03 5.93961498542018E-03 5.77571450920408E-03 5.60873143919217E-03 5.44046400672408E-03 5.27260122409863E-03 5.1071326803092E-03 4.94601329817874E-03 4.79096315332534E-03 4.64335438559201E-03 4.5043523612047E-03 4.37572159362065E-03 4.26229359979647E-03 4.17431841767351E-03 4.08133135031153E-03 0 0 0 0 0 0 0 0 0 0 0 0 0 0 0 0 0 0 0 0 0
6.38820445025225E-03 6.53375934324422E-03 6.66977692612714E-03 6.79574255226798E-03 6.91116879216891E-03 7.01558778284556E-03 7.10852650309438E-03 7.18950925994413E-03 7.25806444970549E-03 7.31375963276783E-03 7.35623200398042E-03 7.38522372136671E-03 7.40060206161261E-03 7.4023842743933E-03 7.39074275452444E-03 7.36600052425268E-03 7.32857796214292E-03 7.27892547565595E-03 7.21747205036715E-03 7.14458509195043E-03 7.0605928630453E-03 6.96579210631181E-03 6.86044529344618E-03 0.006744778387691 6.61910694719252E-03 6.48394176264481E-03 6.34013833982126E-03 6.18891091262233E-03 6.03150790456989E-03 5.86888047737196E-03 0.005702516408416 5.53416454981423E-03 5.36574597151013E-03 5.1991170720003E-03 5.03643082174792E-03 4.87992489236091E-03 4.73146863147342E-03 4.59261751274442E-03 4.46544075398573E-03 4.3538192542242E-03 4.26681744107891E-03 4.17431841767351E-03 0 0 0 0 0 0 0 0 0 0 0 0 0 0 0 0 0 0 0 0 0 0
6.55604472986881E-03 6.69257692923916E-03 6.81917386968463E-03 6.93538437449869E-03 7.04077909413261E-03 7.13495224786103E-03 7.2174821907233E-03 7.28793772318758E-03 7.3458954837666E-03 7.3909771895772E-03 7.42287895731117E-03 7.44140705386926E-03 7.44649798953487E-03 7.43823675770599E-03 7.41686015714496E-03 7.38275198781869E-03 7.33637065007442E-03 7.27817128873609E-03 7.20856819676269E-03 7.12790237057589E-03 7.03648762659705E-03 6.93463023510793E-03 6.82261428329699E-03 6.7006834924927E-03 6.56921773977132E-03 6.42879962388586E-03 6.28033699600075E-03 0.00612501995507 5.96418000819515E-03 5.79895484110479E-03 5.63101072470336E-03 5.4622634668712E-03 5.29475439007034E-03 5.13046570107451E-03 4.97187057826132E-03 4.82180686877529E-03 4.68236279921949E-03 4.55540594696489E-03 4.44512447541918E-03 4.35895693584912E-03 4.26681744107891E-03 0 0 0 0 0 0 0 0 0 0 0 0 0 0 0 0 0 0 0 0 0 0 0
6.71395643414178E-03 6.84119312335513E-03 6.95817457043767E-03 7.06451044011171E-03 7.15982767212449E-03 7.24377394315146E-03 7.31597006091348E-03 7.37602635925493E-03 7.42356754084785E-03 7.45826999653271E-03 7.47989092576513E-03 7.48830201221513E-03 7.48350766141357E-03 7.46565622492284E-03 7.43504096512046E-03 7.39209868113775E-03 7.33731326676275E-03 7.27112940914664E-03 7.19393805330621E-03 7.10605180416183E-03 7.0077761382861E-03 6.89943636808559E-03 6.7813490962371E-03 6.65378665835097E-03 6.51720854532707E-03 6.3722690840981E-03 6.21992167553609E-03 6.06132967466941E-03 5.89790744557235E-03 5.7309735317403E-03 5.56239010547199E-03 5.39424732333014E-03 5.22869894112338E-03 5.06793901533283E-03 4.91513093101525E-03 4.77429758697017E-03 4.64794327485265E-03 4.53742997764874E-03 4.45173981820435E-03 4.35895693584912E-03 0 0 0 0 0 0 0 0 0 0 0 0 0 0 0 0 0 0 0 0 0 0 0 0
6.86172733870844E-03 6.97947025725087E-03 7.08671502119321E-03 7.18312877519555E-03 7.26838954435295E-03 7.34219059625657E-03 7.40419101874886E-03 7.45404051559943E-03 7.49141117669566E-03 7.51603445299086E-03 7.52772888110356E-03 7.52643162298877E-03 7.51221182131445E-03 7.48527469239171E-03 7.44596043999098E-03 7.39474701446438E-03 7.33213038009438E-03 7.25853282909354E-03 7.1743177015454E-03 7.07977472085712E-03 6.97521185103151E-03 6.8609791360873E-03 6.73744169427475E-03 6.60492254613609E-03 6.4639657784047E-03 6.31529642277341E-03 6.15989759617864E-03 5.99888906017846E-03 5.83377095160651E-03 5.66608381671282E-03 5.49787956735125E-03 5.33137618725264E-03 5.16881878683212E-03 5.01283266729202E-03 4.86796418024972E-03 4.74075101209759E-03 4.63558952988315E-03 4.54722808673434E-03 4.45173981820435E-03 0 0 0 0 0 0 0 0 0 0 0 0 0 0 0 0 0 0 0 0 0 0 0 0 0
6.99920692234204E-03 7.10734095740052E-03 7.2048088857739E-03 7.29133085272447E-03 7.36663002085715E-03 7.43043695711074E-03 7.48244555805705E-03 7.52234478202098E-03 7.54985424290227E-03 7.56475922382893E-03 7.56693855657589E-03 7.55639376231744E-03 7.53325340517976E-03 7.49777108467235E-03 7.45032302910329E-03 7.39141527515721E-03 7.32154371597002E-03 7.24110024713513E-03 7.15042139690223E-03 7.04978472365968E-03 6.9395164194551E-03 6.81999936268112E-03 6.69166449572249E-03 6.55490900886541E-03 6.41036449176916E-03 6.25880933942194E-03 6.10123207672192E-03 5.93870175402327E-03 5.77283518583329E-03 5.60544680045115E-03 5.43877269972217E-03 5.27508682814559E-03 5.11657782887012E-03 4.96641304140476E-03 4.83169315350567E-03 4.72475160700964E-03 4.66154756687536E-03 4.54722808673434E-03 0 0 0 0 0 0 0 0 0 0 0 0 0 0 0 0 0 0 0 0 0 0 0 0 0 0
7.12632821150277E-03 7.22482527900644E-03 7.31255890413294E-03 7.38929690285765E-03 7.45480158159153E-03 7.50883351154076E-03 7.55111956806175E-03 7.58138781312105E-03 7.59940373754959E-03 7.60500545856707E-03 7.59813067705274E-03 7.57884076169771E-03 7.54731543185251E-03 7.50384749602201E-03 7.44883939072266E-03 7.38281251736066E-03 7.30625450729093E-03 7.21952261701077E-03 7.12292995035413E-03 7.01676124888094E-03 6.90138329691163E-03 6.77722268309473E-03 6.64478905123805E-03 6.50458065016401E-03 6.35730685570795E-03 6.2037750427636E-03 6.04494614143233E-03 5.88183808142842E-03 5.7162146762093E-03 5.55027695078707E-03 5.38655093990309E-03 5.22728174167275E-03 5.07407701960356E-03 4.92988807797937E-03 4.80578660810005E-03 4.72251866152798E-03 0.00471486951629 0 0 0 0 0 0 0 0 0 0 0 0 0 0 0 0 0 0 0 0 0 0 0 0 0 0 0
7.24313369454247E-03 7.33205551538293E-03 7.41018198885746E-03 7.47732096554622E-03 7.53326731220262E-03 7.57780830717517E-03 7.61070249773753E-03 7.63171456494973E-03 7.64065372121947E-03 7.63740949377329E-03 7.62197533288131E-03 7.59446654776812E-03 7.55510528046463E-03 7.50421246612658E-03 7.44220624288948E-03 7.36961967740859E-03 7.2869276579798E-03 7.19444370476636E-03 7.09247017050883E-03 6.98132526638871E-03 0.006861444060877 6.7333183751214E-03 6.59755041761015E-03 6.45473450090997E-03 6.30564795796101E-03 6.15111554132884E-03 5.99203605211265E-03 5.82932141651752E-03 5.66495510946029E-03 5.50180848114472E-03 5.34302708081581E-03 5.19104334311131E-03 5.04583685698399E-03 4.90567023690221E-03 4.7885495744026E-03 4.71475979511692E-03 0.00471486951629 0 0 0 0 0 0 0 0 0 0 0 0 0 0 0 0 0 0 0 0 0 0 0 0 0 0 0
7.34977681620859E-03 7.42927052027907E-03 7.4979934796394E-03 7.55578821820405E-03 7.60247776793525E-03 7.63787247552159E-03 7.66175831601363E-03 7.67393516152116E-03 7.67425398870657E-03 0.00766265175162 7.63917136655563E-03 7.60397773017497E-03 7.55732826124004E-03 7.49956013925959E-03 7.43109574741965E-03 7.35248256602502E-03 7.26417968416799E-03 7.16644817973844E-03 7.05961084409595E-03 6.9440529843207E-03 6.82030332457691E-03 6.68894083818409E-03 6.55066140461306E-03 6.40612992654179E-03 6.25619602845552E-03 6.10169807623462E-03 5.94342600692846E-03 5.78205077596035E-03 5.61990159308103E-03 5.46107698005795E-03 5.3101775105757E-03 5.17138829249994E-03 5.04326380598008E-03 4.89885891395892E-03 4.7885495744026E-03 4.71475979511692E-03 0 0 0 0 0 0 0 0 0 0 0 0 0 0 0 0 0 0 0 0 0 0 0 0 0 0 0 0
7.44653820720245E-03 7.51682531686454E-03 7.57641519772499E-03 7.62518030731248E-03 7.66296748291504E-03 7.6896058283982E-03 7.70490674214694E-03 7.70870355806293E-03 7.70088462340045E-03 7.68142821737222E-03 7.65041943971134E-03 7.60806727551607E-03 7.55465899383548E-03 7.49054032758568E-03 7.41613108099588E-03 7.33198071231495E-03 7.23853518903789E-03 7.13602364880018E-03 7.02482995611553E-03 6.90544050201996E-03 6.77849735395152E-03 6.64466519209317E-03 6.50472898789514E-03 6.35942000980801E-03 6.20965036922577E-03 6.05624748839764E-03 5.8998262279856E-03 5.74069667318742E-03 5.58165491155951E-03 5.42874199739814E-03 5.28946984064874E-03 5.1750203417495E-03 5.10228981956726E-03 4.89885891395892E-03 0 0 0 0 0 0 0 0 0 0 0 0 0 0 0 0 0 0 0 0 0 0 0 0 0 0 0 0 0 0
7.53379589279287E-03 7.59516046582378E-03 7.64594304346844E-03 7.68604109913669E-03 7.7153210765987E-03 7.73362761387249E-03 7.74079778202821E-03 7.73669390619783E-03 7.72123348382078E-03 7.69442913197568E-03 7.65639999760327E-03 7.6073918281197E-03 7.54771850328679E-03 7.47773078571538E-03 7.39784828843627E-03 7.30859921694542E-03 7.21043334459462E-03 7.10359055572953E-03 6.98854952795231E-03 6.86593164605726E-03 6.73650333002977E-03 6.60100065187133E-03 6.46029117689215E-03 6.31519440945412E-03 0.006166638960552 6.01541537108845E-03 5.86190068710613E-03 5.70597913187576E-03 5.55085015717878E-03 5.4049524605127E-03 5.27882062351283E-03 5.19171627333343E-03 5.18292014026654E-03 0 0 0 0 0 0 0 0 0 0 0 0 0 0 0 0 0 0 0 0 0 0 0 0 0 0 0 0 0 0 0
7.61200629117197E-03 7.66478462028904E-03 7.70713196511319E-03 7.73896364394392E-03 7.76016110358861E-03 7.77058661368548E-03 7.7701007606965E-03 7.75858666800246E-03 7.73598133220227E-03 7.70232342476039E-03 7.65775765521467E-03 7.60255882381061E-03 7.53706576649861E-03 7.46163834392536E-03 7.37670081427257E-03 7.28274799861131E-03 7.18025239732646E-03 7.06951919825066E-03 6.9511560515356E-03 6.82593043831883E-03 6.69473529665846E-03 6.55838502110448E-03 6.41782806265092E-03 6.27396181944541E-03 6.12769741659567E-03 5.97976032308564E-03 5.83029110726509E-03 5.67886224790771E-03 5.5290567033652E-03 5.39138112858899E-03 5.27640944840034E-03 5.19616776660351E-03 5.18292014026654E-03 0 0 0 0 0 0 0 0 0 0 0 0 0 0 0 0 0 0 0 0 0 0 0 0 0 0 0 0 0 0 0
7.68168259106087E-03 7.72625105076021E-03 7.76056643865779E-03 7.78455816158503E-03 0.007798122493413 7.80113723439336E-03 7.79347753625482E-03 7.77503947261785E-03 7.7457712924161E-03 7.70572849366785E-03 7.65507445588567E-03 7.59410667784426E-03 7.52319000389126E-03 7.44270602114957E-03 7.35309343263129E-03 7.25481071788237E-03 7.14836669767953E-03 7.03420358842875E-03 6.91307205985103E-03 6.78588898138019E-03 6.65367129720266E-03 6.51733717148268E-03 6.37789753689802E-03 6.23631024028936E-03 6.09349630643003E-03 5.95009811158441E-03 5.80609198612041E-03 5.66125246854192E-03 5.52015686371678E-03 5.39522471593257E-03 5.29826573873649E-03 5.19616776660351E-03 0 0 0 0 0 0 0 0 0 0 0 0 0 0 0 0 0 0 0 0 0 0 0 0 0 0 0 0 0 0 0 0
7.74342205083216E-03 7.78018244439153E-03 7.80688625377637E-03 7.82347607691539E-03 7.82986125335913E-03 7.82593051138135E-03 7.81156659436772E-03 7.78667050684004E-03 7.75119324298923E-03 7.70520040563639E-03 7.64886775729231E-03 7.58250969471891E-03 7.50652029892208E-03 7.42131253918519E-03 7.3273582674742E-03 7.22509824017215E-03 7.11510538141598E-03 6.99798626163269E-03 6.87464882159642E-03 6.74618016391901E-03 6.61372606004525E-03 6.47829517907582E-03 6.34095348122824E-03 6.2027722176889E-03 6.06478146472036E-03 5.92770217410269E-03 5.79150943057803E-03 5.65646349577763E-03 5.52958517603884E-03 5.42584538676853E-03 5.29826573873649E-03 0 0 0 0 0 0 0 0 0 0 0 0 0 0 0 0 0 0 0 0 0 0 0 0 0 0 0 0 0 0 0 0 0
7.79785057821808E-03 7.82721673532575E-03 7.84673627031506E-03 7.85636239216671E-03 7.85601209244468E-03 7.84558274666083E-03 7.82496066565831E-03 7.79404412646389E-03 7.75277809656033E-03 7.70123439551027E-03 7.63959481072988E-03 7.56818586127395E-03 7.48743717683556E-03 7.39780308903818E-03 7.29981139868631E-03 7.19391206493376E-03 7.08076522101932E-03 6.96114945661112E-03 6.83615730152246E-03 6.70707298238998E-03 6.57517601618465E-03 6.44152867304988E-03 6.30728077305603E-03 6.17376154274296E-03 6.04233866042103E-03 5.91436334572614E-03 0.005790244183684 5.66940465321286E-03 5.56446551827562E-03 5.42584538676853E-03 0 0 0 0 0 0 0 0 0 0 0 0 0 0 0 0 0 0 0 0 0 0 0 0 0 0 0 0 0 0 0 0 0 0
7.84559472248668E-03 7.86797791067425E-03 7.88073259204515E-03 7.88381864280921E-03 7.87715686358694E-03 7.86065197225977E-03 7.83419002648979E-03 7.79765950271385E-03 7.75099253197697E-03 7.69426044426912E-03 7.62764637912881E-03 7.55148626971134E-03 0.007466252822646 7.37245586718378E-03 7.27070171972715E-03 7.16147828749966E-03 7.04555950424209E-03 6.92390482295943E-03 6.79780298020439E-03 6.66874831266101E-03 6.53816537654739E-03 6.40718810868964E-03 6.27711284960877E-03 6.1496911752752E-03 6.02709446056647E-03 5.91269841943339E-03 5.80930009564035E-03 5.70683858440096E-03 5.56446551827562E-03 0 0 0 0 0 0 0 0 0 0 0 0 0 0 0 0 0 0 0 0 0 0 0 0 0 0 0 0 0 0 0 0 0 0 0
7.88725690709123E-03 7.90305590853664E-03 7.90944618218462E-03 7.90639261252759E-03 7.89381918968925E-03 7.87163417214652E-03 7.83971832343074E-03 7.79794467402073E-03 7.74622871240462E-03 7.68463316103419E-03 7.61334177626358E-03 7.53269998351694E-03 7.44323154911116E-03 7.34551901213819E-03 7.24026283509025E-03 7.12801920553295E-03 7.00969547381323E-03 6.88644734088939E-03 6.75976494193145E-03 6.63135358839122E-03 6.50280602687919E-03 6.37540028804452E-03 6.25067035075396E-03 6.1309279911081E-03 6.01974883661457E-03 5.92548002491045E-03 5.86611174746015E-03 5.70683858440096E-03 0 0 0 0 0 0 0 0 0 0 0 0 0 0 0 0 0 0 0 0 0 0 0 0 0 0 0 0 0 0 0 0 0 0 0 0
7.92341136065982E-03 7.93300426031641E-03 7.93340626069269E-03 7.92458646535373E-03 7.90647099900265E-03 7.87896747523339E-03 7.84194708571198E-03 7.79526395071659E-03 7.73881510423041E-03 7.67264663179448E-03 7.59694355722749E-03 7.51206783008435E-03 7.41860139890231E-03 7.31720881545708E-03 7.20869834000779E-03 7.09372590076739E-03 6.97335499188174E-03 6.84894401087865E-03 6.7221887086985E-03 6.59500561327606E-03 6.46918773320286E-03 6.34627123518003E-03 6.22818061474078E-03 6.1178719938296E-03 6.01984964569091E-03 5.94625114495973E-03 5.93866397279531E-03 0 0 0 0 0 0 0 0 0 0 0 0 0 0 0 0 0 0 0 0 0 0 0 0 0 0 0 0 0 0 0 0 0 0 0 0 0
7.95458346351695E-03 7.95832268251178E-03 7.95308495459387E-03 7.93884284900689E-03 7.91552310991604E-03 7.88302781614653E-03 7.84121536184929E-03 7.78991930252347E-03 7.72902008733221E-03 7.65854152492047E-03 7.5786738332528E-03 7.48980545429663E-03 7.39257573922159E-03 7.28774099355459E-03 7.17622414156275E-03 7.05881368967253E-03 6.93674033558925E-03 6.81157245348104E-03 6.68523203436336E-03 6.55985001550705E-03 6.43746018305098E-03 6.32002562809288E-03 6.2102040344294E-03 6.11205238072839E-03 6.02921460872303E-03 5.9561666342471E-03 5.93866397279531E-03 0 0 0 0 0 0 0 0 0 0 0 0 0 0 0 0 0 0 0 0 0 0 0 0 0 0 0 0 0 0 0 0 0 0 0 0 0
7.98123993222269E-03 7.97944894115101E-03 7.96889055720191E-03 7.94954004483573E-03 7.9213226783991E-03 7.88413130366278E-03 7.83780885405588E-03 7.78216489904282E-03 7.71706591256852E-03 7.64252127843908E-03 7.55873215583335E-03 7.46610771953535E-03 7.3653491340326E-03 7.2573152087626E-03 7.14305439650265E-03 7.02349175073787E-03 6.90003811556282E-03 6.77449695288453E-03 6.64904097517344E-03 0.006526051643161 6.40786619799487E-03 6.29703510744304E-03 6.19764734848032E-03 6.11749420327224E-03 6.06863967983658E-03 5.9561666342471E-03 0 0 0 0 0 0 0 0 0 0 0 0 0 0 0 0 0 0 0 0 0 0 0 0 0 0 0 0 0 0 0 0 0 0 0 0 0 0
8.00378396366278E-03 7.99675704424739E-03 7.9811694345621E-03 7.9569973741701E-03 7.92416159015983E-03 7.88254391297236E-03 7.8319708679343E-03 7.77222503769332E-03 0.007703161223395 7.62478763847153E-03 7.53731786982129E-03 7.44116795400916E-03 7.33711361133914E-03 7.22612545512108E-03 7.1093889463684E-03 6.98795001033147E-03 6.86342193941691E-03 6.7378824013186E-03 6.61376929201935E-03 6.49377514094635E-03 0.006380629171479 6.27754185911804E-03 6.19047523311657E-03 6.13235931498324E-03 6.12581014330763E-03 0 0 0 0 0 0 0 0 0 0 0 0 0 0 0 0 0 0 0 0 0 0 0 0 0 0 0 0 0 0 0 0 0 0 0 0 0 0 0
8.02255216734844E-03 8.01055689396057E-03 7.99020677571175E-03 7.96147714467087E-03 7.92428147578317E-03 7.87848727676448E-03 7.82390490821969E-03 7.76029366107834E-03 7.68749949489788E-03 7.60552887351917E-03 7.51460837537085E-03 7.41516658813511E-03 7.30805949826909E-03 7.19437030404444E-03 7.07542104004801E-03 6.95238858057857E-03 6.82710661993117E-03 6.70195396981813E-03 6.57964830803857E-03 6.46323763454083E-03 6.35595892301499E-03 6.26191742713196E-03 6.18872968152793E-03 6.14908780980844E-03 6.12581014330763E-03 0 0 0 0 0 0 0 0 0 0 0 0 0 0 0 0 0 0 0 0 0 0 0 0 0 0 0 0 0 0 0 0 0 0 0 0 0 0 0
8.03782641522717E-03 8.02110619026938E-03 7.99623844922321E-03 7.96319521729546E-03 7.92188104664289E-03 7.87214606188366E-03 7.81378539321928E-03 7.74654296802937E-03 7.67025648704606E-03 7.58492500826977E-03 7.49078985874229E-03 7.38831104930226E-03 7.27841582756601E-03 0.007162302279549 7.04141966254786E-03 0.006917111824622 6.79143124994789E-03 6.66708739415299E-03 6.54710681282987E-03 6.43493224173637E-03 6.33449966166852E-03 6.25145884577581E-03 6.19691960303202E-03 6.19118826408767E-03 0 0 0 0 0 0 0 0 0 0 0 0 0 0 0 0 0 0 0 0 0 0 0 0 0 0 0 0 0 0 0 0 0 0 0 0 0 0 0 0
