NongDo/Fusa 11.3h.grd
DSAA
463	323
2	464
2	324
0	10
[rows 140 to 167 of 323, columns 192 to 255 of 463]
6.17933651985758E-03 6.33300848340494E-03 6.48179206036526E-03 6.62533675947881E-03 6.7632785573978E-03 6.89518926127067E-03 7.0206805917153E-03 7.13938061056472E-03 7.25095808629799E-03 7.35508774200208E-03 7.45147815996552E-03 7.53985986482053E-03 7.62002922356054E-03 7.69184776006046E-03 7.75524329099189E-03 7.8102137371555E-03 7.85682773978915E-03 7.89522250230998E-03 7.92558138634171E-03 7.94811842770862E-03 7.9630582496989E-03 7.97061833447431E-03 0.007970990089974 7.96433056809164E-03 7.9507684894129E-03 7.93043092477748E-03 7.90349100455129E-03 7.87022300178127E-03 7.8309262839946E-03 7.78589628952459E-03 7.7354534122104E-03 7.67996798040872E-03 7.61989951198577E-03 7.55574168695358E-03 7.48805303861964E-03 7.41734093644964E-03 7.34422833115455E-03 7.26930889597982E-03 7.19305683434404E-03 7.11562788280923E-03 7.03734519466243E-03 6.95868468104272E-03 6.88036370176661E-03 6.80339802267525E-03 6.7296759186339E-03 6.66265321203693E-03 6.60800518903684E-03 6.53811199502562E-03 0 0 0 0 0 0 0 0 0 0 0 0 0 0 0 0
6.35151450948704E-03 6.4990587613617E-03 6.64132916303593E-03 6.77803010234775E-03 6.90884967534248E-03 7.03340812907954E-03 7.15139032327605E-03 7.26249063290928E-03 7.36643273966797E-03 7.46293337156017E-03 7.55173664191368E-03 7.63260146007709E-03 7.70534998737745E-03 7.76986454437994E-03 7.82608908910091E-03 7.87403657565555E-03 7.91379229977304E-03 7.94551016911186E-03 7.96938608254364E-03 7.98564305844578E-03 7.9945089400782E-03 7.99619847655667E-03 7.99089599166902E-03 7.97874752037195E-03 7.95987119017983E-03 7.93439250509487E-03 7.90250534255762E-03 7.86454393457369E-03 7.82084252760665E-03 7.77168534948401E-03 7.71741434518289E-03 7.65844723901246E-03 7.5953092477022E-03 7.52854779328603E-03 7.45879535706453E-03 7.38660638366827E-03 7.31267664728034E-03 7.23764388656219E-03 7.16197698534315E-03 7.08571417738562E-03 7.00921812036415E-03 6.93324657859998E-03 6.85882323818248E-03 6.78756105851117E-03 6.72285858858044E-03 6.67093855430829E-03 6.60800518903684E-03 0 0 0 0 0 0 0 0 0 0 0 0 0 0 0 0 0
6.51397475609391E-03 6.65519684381028E-03 6.79085105136937E-03 6.92068097054301E-03 7.04441388917196E-03 7.16172969866905E-03 7.27238558598625E-03 7.37612763418983E-03 7.47271556945114E-03 7.56189208564812E-03 7.64342304636913E-03 7.71709136195837E-03 7.78273971367139E-03 7.84026581897243E-03 7.88962809496806E-03 7.93085703455765E-03 7.96405737089351E-03 7.98940036817886E-03 8.00709580709338E-03 8.0173759766839E-03 8.0204711999063E-03 8.01659283042877E-03 8.00591734012484E-03 7.98857967703675E-03 7.9646892593486E-03 7.93437251173648E-03 7.89784632604358E-03 7.85550642071388E-03 7.80771766158677E-03 7.7547440092185E-03 7.69696423013252E-03 7.63485885211851E-03 7.56902821441823E-03 7.50007461365523E-03 7.42870366231472E-03 7.35552442846503E-03 7.28130632261024E-03 7.20671583009881E-03 7.13220703234169E-03 7.05773472745003E-03 6.98379563514446E-03 6.9116291626714E-03 6.84288931561016E-03 6.78044622287867E-03 6.73003539378262E-03 6.67093855430829E-03 0 0 0 0 0 0 0 0 0 0 0 0 0 0 0 0 0 0
6.66706953479131E-03 6.80187690555255E-03 6.93089589196675E-03 7.0538954865085E-03 7.17064360511295E-03 7.28089586636233E-03 7.38445239894341E-03 7.48109614874228E-03 7.57060528028018E-03 7.65274063717531E-03 7.72728262520611E-03 7.79403903344711E-03 7.85286577246614E-03 7.90367508863548E-03 7.94644260894226E-03 7.98122119338004E-03 8.00813768487503E-03 8.02738188580265E-03 8.03917936269685E-03 8.04377066394499E-03 8.04138662418601E-03 8.03223338982604E-03 8.01647845246645E-03 7.99424587421545E-03 7.96563937718929E-03 7.93078987299344E-03 7.88993877775747E-03 7.84352966109944E-03 7.79195960789882E-03 7.7354742188396E-03 7.67450813330947E-03 7.60962295176555E-03 7.54149578963161E-03 7.47077671980375E-03 7.39823929470635E-03 7.32459707812982E-03 7.2506543940813E-03 7.17708157219832E-03 7.1043063705996E-03 7.03239107682286E-03 6.96209620540123E-03 6.89542204803333E-03 6.83535992140808E-03 6.78697150144771E-03 6.73003539378262E-03 0 0 0 0 0 0 0 0 0 0 0 0 0 0 0 0 0 0 0
6.81129744766058E-03 6.93967197457644E-03 7.06208811728636E-03 7.17834811892486E-03 7.28826967797605E-03 7.3916660111296E-03 7.48835250248553E-03 7.57813767736515E-03 7.66080967416641E-03 7.73614731188311E-03 7.80394496504461E-03 7.86403037482224E-03 7.91626978356087E-03 7.96059476002564E-03 7.99700390832883E-03 8.02557606481866E-03 8.04646222170297E-03 8.05987283131386E-03 8.06604914355479E-03 8.06523650549934E-03 8.05766253947387E-03 8.04352592006099E-03 8.02298420800681E-03 7.99615154761184E-03 7.96312997471433E-03 7.92405880940196E-03 7.87920133776237E-03 7.82902771536573E-03 7.77396764941275E-03 7.71427464758667E-03 7.65046208324777E-03 7.58317381390448E-03 7.51315965386133E-03 7.44112675299689E-03 7.3679297756991E-03 7.29440622307493E-03 7.22136566601909E-03 7.14948865907258E-03 7.07923728182872E-03 7.0109988153378E-03 6.94606248805833E-03 6.88772752170202E-03 6.84115154166755E-03 6.78697150144771E-03 0 0 0 0 0 0 0 0 0 0 0 0 0 0 0 0 0 0 0 0
6.9472519217134E-03 7.06923191501129E-03 7.18513028043427E-03 7.29478367796059E-03 7.39804433212443E-03 7.49476127847201E-03 7.58476944396102E-03 7.66789083958169E-03 7.74392358533233E-03 7.81266180867815E-03 7.87391384418969E-03 7.9275226932784E-03 7.97337365754183E-03 8.01142164224778E-03 8.04169306227007E-03 8.06429493634433E-03 8.07940437197707E-03 8.08725150682165E-03 8.08808899568532E-03 8.08216241761777E-03 8.06969275252888E-03 8.0508681447295E-03 8.02583600599923E-03 7.99470337145988E-03 7.95757500745451E-03 7.91460472588017E-03 7.86607646959219E-03 7.8124586890657E-03 7.75421203650928E-03 7.6916601571186E-03 7.62539076835544E-03 7.55611887499027E-03 7.48466339443588E-03 7.41182014433983E-03 7.33853346428715E-03 7.26574892632504E-03 7.19432111047448E-03 7.12496705701883E-03 7.0583357818994E-03 6.99539105158332E-03 6.9386184058994E-03 6.89323267264565E-03 6.84115154166755E-03 0 0 0 0 0 0 0 0 0 0 0 0 0 0 0 0 0 0 0 0 0
7.07535466706008E-03 7.19100848122164E-03 7.30049639204376E-03 7.40368237565401E-03 7.50043865504069E-03 7.59064028652284E-03 7.67414118856697E-03 7.7507728133419E-03 7.82034346006665E-03 7.88266007299021E-03 7.93754473263324E-03 7.98485828482868E-03 8.02451246240041E-03 8.05649010663264E-03 8.08084900766462E-03 8.09772525495907E-03 8.10732215654056E-03 8.10988656790322E-03 8.10567687018186E-03 8.0949334114964E-03 8.07786752369932E-03 8.05465601115054E-03 8.0254375796812E-03 7.99031367389963E-03 7.94939585092857E-03 7.90285573941926E-03 7.85099734867987E-03 7.79427927834461E-03 7.73320490670935E-03 7.66819140426466E-03 7.59989462914817E-03 7.52910637965462E-03 7.45672029239892E-03 7.3836311337959E-03 7.31088455898144E-03 7.23957661667008E-03 7.17064839058049E-03 7.10492278307505E-03 7.04350604343167E-03 6.9884020839455E-03 6.94416596730165E-03 6.89323267264565E-03 0 0 0 0 0 0 0 0 0 0 0 0 0 0 0 0 0 0 0 0 0 0
7.19591177625736E-03 7.30531748323096E-03 7.40850077278596E-03 7.50534652654005E-03 7.59574373158471E-03 7.67958827999353E-03 7.75674630691319E-03 7.82705565889985E-03 7.8903339231023E-03 7.94640205581471E-03 7.99509976286987E-03 8.03630962561938E-03 8.06997267340076E-03 8.09610376280871E-03 8.11479361802047E-03 8.12620746122896E-03 8.13057312339258E-03 8.12814973635261E-03 8.11919523224522E-03 8.1039395914299E-03 8.08258226902657E-03 8.05529197060823E-03 8.0222019552202E-03 7.98340792908023E-03 7.9390339401114E-03 7.8892716905425E-03 7.8344446880679E-03 7.77500920042144E-03 7.71151058631584E-03 7.64445139940092E-03 7.57457776798721E-03 7.50277220765374E-03 7.43000559525641E-03 7.35725886373835E-03 7.2857538568877E-03 7.21688097916075E-03 7.15168733307267E-03 7.09114232167346E-03 7.03738881633834E-03 6.99414357722743E-03 6.94416596730165E-03 0 0 0 0 0 0 0 0 0 0 0 0 0 0 0 0 0 0 0 0 0 0 0
7.30916812493972E-03 7.41241173289701E-03 7.50939811867151E-03 7.60003013998432E-03 7.68421205453754E-03 7.76185478339689E-03 7.83283086678276E-03 7.89698333164015E-03 7.95414027246235E-03 8.00413863842179E-03 8.04683969078789E-03 8.08215133938985E-03 8.11004693136594E-03 8.13057497061747E-03 8.14385879057469E-03 8.15009243691234E-03 8.14952511142421E-03 8.14242147056041E-03 8.12903326315201E-03 8.1095768238569E-03 8.08423958920262E-03 8.05318490678798E-03 8.01654476321844E-03 7.97441262910842E-03 7.92693107898818E-03 7.87431397607814E-03 7.81690437149474E-03 7.75515737085374E-03 7.68966339818734E-03 7.62101060869532E-03 7.55004292890306E-03 7.47773806388232E-03 7.40514452222585E-03 7.33337384655818E-03 7.26399979586128E-03 7.19897992792818E-03 7.13953120022315E-03 7.08630187685286E-03 7.04379552356185E-03 6.99414357722743E-03 0 0 0 0 0 0 0 0 0 0 0 0 0 0 0 0 0 0 0 0 0 0 0 0
7.41533882621441E-03 7.51251340989636E-03 7.60341524407808E-03 7.68796305124386E-03 7.76607341817691E-03 7.83766755567341E-03 7.90262280711426E-03 7.96078745177796E-03 8.01200151002994E-03 0.008056120551693 8.0930304079626E-03 8.12266756151667E-03 8.14504000444647E-03 8.16023013587383E-03 8.16839210488039E-03 8.16974594777569E-03 8.16455631087163E-03 8.1530873008279E-03 8.13558078445863E-03 8.11223883585942E-03 8.08323908159038E-03 8.04874101976892E-03 8.00888066784256E-03 7.96375757384156E-03 7.91353690507779E-03 7.85845690657858E-03 7.79887719320182E-03 7.73524755412581E-03 7.66820774046028E-03 7.59844971272986E-03 7.52691137960402E-03 7.45464389898249E-03 7.38276471045066E-03 7.31262427313254E-03 7.24649013886358E-03 7.18753044556671E-03 7.13778618444646E-03 7.09431408154567E-03 7.04379552356185E-03 0 0 0 0 0 0 0 0 0 0 0 0 0 0 0 0 0 0 0 0 0 0 0 0 0
7.51462192470497E-03 7.6058315621988E-03 7.6907703082216E-03 7.76937091421333E-03 7.84155972909876E-03 7.90726371890695E-03 7.96636453984383E-03 8.01871809180165E-03 8.06417911415752E-03 8.10262313713183E-03 8.13396304630548E-03 8.15816762890851E-03 8.17528042056549E-03 8.18541547218414E-03 8.18875437306035E-03 8.18553944577903E-03 8.17604481931005E-03 8.16052821621598E-03 8.13921953395002E-03 8.11230851816355E-03 8.07996731119616E-03 8.04235415064051E-03 7.9996153971375E-03 7.95186626497403E-03 7.89929825043496E-03 7.84217086020719E-03 7.78085427720947E-03 7.71579222126655E-03 7.64768841296315E-03 7.57736226566428E-03 7.50584069052018E-03 7.43420797580223E-03 7.36357466838929E-03 7.29558599279629E-03 7.23379501109332E-03 7.18421770451061E-03 7.15451893395694E-03 7.09431408154567E-03 0 0 0 0 0 0 0 0 0 0 0 0 0 0 0 0 0 0 0 0 0 0 0 0 0 0
7.60721153144376E-03 7.69257336886303E-03 7.77168125908363E-03 7.84448050893723E-03 7.91090542975158E-03 7.97088532965647E-03 8.02430747215741E-03 8.07103854856582E-03 8.11094997970185E-03 8.1439393035077E-03 8.16994896283689E-03 8.18898203166428E-03 8.2011149710508E-03 8.20649066114583E-03 8.20531444919907E-03 8.19784630391232E-03 8.18436412018722E-03 8.16511520356209E-03 8.14031741691885E-03 8.11015306886751E-03 8.07479571484534E-03 8.03440640516462E-03 7.98914765861115E-03 7.93916195189868E-03 7.88466685571905E-03 7.82593690879838E-03 7.76334272803738E-03 7.69732468783668E-03 7.62866727435142E-03 7.5583666147795E-03 7.48757815789111E-03 7.41736313715938E-03 7.34855244010343E-03 7.28270440817086E-03 7.22537068464398E-03 7.18672512799434E-03 7.18308174610121E-03 0 0 0 0 0 0 0 0 0 0 0 0 0 0 0 0 0 0 0 0 0 0 0 0 0 0 0
7.69331612807188E-03 7.77296367699441E-03 7.84638778656755E-03 7.91354367463069E-03 7.9743718688883E-03 8.02880448162193E-03 8.07673651888931E-03 8.11804675031281E-03 8.1526255248201E-03 8.18039538518494E-03 8.20132997396189E-03 8.2154650412061E-03 8.22290693632294E-03 8.22382429707326E-03 8.21844208023932E-03 8.20703347719959E-03 8.18987594777246E-03 8.16720266134537E-03 8.1392220938004E-03 8.10611672789923E-03 8.06807106913392E-03 8.02525711360344E-03 7.97786019147209E-03 7.92605193186771E-03 7.87007593350561E-03 7.81021937053535E-03 7.74684123892339E-03 7.68035986692684E-03 7.61167682628558E-03 7.54209123152899E-03 7.47302958747437E-03 7.40559980252069E-03 7.33978683459964E-03 7.27482473993556E-03 7.21978903698964E-03 7.18525233240549E-03 7.18308174610121E-03 0 0 0 0 0 0 0 0 0 0 0 0 0 0 0 0 0 0 0 0 0 0 0 0 0 0 0
7.77316100622527E-03 7.84724393795525E-03 7.91514428424227E-03 7.97682683759672E-03 8.03223850915256E-03 8.08131480564328E-03 8.12395839094586E-03 8.16006271929797E-03 8.18954016387315E-03 8.21233978586036E-03 8.22846498358773E-03 8.23798219086247E-03 8.24102558177929E-03 8.23778508270128E-03 8.22849969884759E-03 8.21345361986823E-03 8.19292233819129E-03 8.16712086013327E-03 8.13625581558115E-03 8.10052060601092E-03 8.06012069037451E-03 0.008015249006924 7.96611768733793E-03 7.91292142335225E-03 7.85593377737984E-03 7.79545497116421E-03 7.73181477540533E-03 7.66535663688644E-03 7.59715937337803E-03 7.52907681466666E-03 7.46319307605896E-03 7.40137400994778E-03 7.34273688034761E-03 7.27388596315209E-03 7.21978903698964E-03 7.18525233240549E-03 0 0 0 0 0 0 0 0 0 0 0 0 0 0 0 0 0 0 0 0 0 0 0 0 0 0 0 0
7.84700474938718E-03 7.91568573119059E-03 7.97823390090536E-03 8.0346242477877E-03 8.08481053366062E-03 8.12873074376757E-03 8.16629753059924E-03 8.19742257963361E-03 8.2220420707056E-03 8.24013027664872E-03 8.25171806766015E-03 8.25690051615994E-03 8.2558367220165E-03 8.24873320783142E-03 8.23583791300673E-03 0.008217442050932 8.19381915936371E-03 8.16516929753743E-03 8.13170893316135E-03 8.09365541154146E-03 8.05124459238449E-03 8.00469340152616E-03 7.95424299752304E-03 7.90011231816006E-03 7.84260304730627E-03 7.78202040446129E-03 7.71863815484487E-03 7.65267297828818E-03 7.58543436139099E-03 7.5196567737884E-03 7.45877704783553E-03 7.4079394117219E-03 7.37499110699133E-03 7.27388596315209E-03 0 0 0 0 0 0 0 0 0 0 0 0 0 0 0 0 0 0 0 0 0 0 0 0 0 0 0 0 0 0
7.91512400485166E-03 7.97857609876753E-03 8.03595348517862E-03 8.08724177043439E-03 8.13240232865723E-03 8.17137481880146E-03 8.20408721668478E-03 8.23047129373298E-03 8.25048573964015E-03 8.26412724808961E-03 8.27145190019765E-03 8.2725801748554E-03 8.26769236833674E-03 8.25700819307602E-03 8.24078228820646E-03 8.21930528571934E-03 8.19285105768734E-03 8.16161700040913E-03 8.12584256878941E-03 8.08578309640234E-03 8.04171211490767E-03 7.9938687793705E-03 7.94252414023088E-03 7.88793245442559E-03 7.83040836643795E-03 7.77025178041966E-03 7.70765114868133E-03 7.6426609480434E-03 7.57678674385895E-03 7.51382743579899E-03 7.45859590151862E-03 7.41994088639052E-03 7.41589414695695E-03 0 0 0 0 0 0 0 0 0 0 0 0 0 0 0 0 0 0 0 0 0 0 0 0 0 0 0 0 0 0 0
7.97780738592198E-03 8.03621381469023E-03 8.08861307043546E-03 8.13499876293418E-03 8.17533963871806E-03 8.20958312926193E-03 8.23767561649829E-03 8.25956664735449E-03 8.27523384491352E-03 8.28469397605285E-03 8.2880249663223E-03 8.28536878631228E-03 8.27692402751324E-03 8.26292161752147E-03 8.24362231013105E-03 8.21931109069798E-03 8.19026658377403E-03 8.15670102982817E-03 8.1188908241351E-03 8.07713730555971E-03 8.03175642007621E-03 7.98301479251089E-03 7.93121538927577E-03 7.87664772425601E-03 7.81962845838429E-03 7.76043987614655E-03 7.69917986614342E-03 7.6357715005804E-03 7.57187751232225E-03 7.51217275363686E-03 7.46141580449031E-03 7.42499212920098E-03 7.41589414695695E-03 0 0 0 0 0 0 0 0 0 0 0 0 0 0 0 0 0 0 0 0 0 0 0 0 0 0 0 0 0 0 0
8.0353473596697E-03 8.0888996980548E-03 8.1365206798252E-03 8.17821157936337E-03 8.21395186058478E-03 8.24370058047404E-03 8.26741787289979E-03 8.28506918340465E-03 8.29664789338566E-03 8.30218772827652E-03 8.30178362564188E-03 8.29559566933348E-03 8.28383890645088E-03 8.26675684935772E-03 8.24461839789594E-03 8.2177010659383E-03 8.18629308114333E-03 8.15064535505896E-03 8.11107982019126E-03 8.06794842615668E-03 8.02161164643387E-03 7.97237599597657E-03 7.92057387805689E-03 7.8665268406455E-03 7.81056485725548E-03 7.75294301746121E-03 7.69369112041928E-03 7.6328001393398E-03 7.57232425721979E-03 7.51772021925359E-03 7.47419911923425E-03 7.42499212920098E-03 0 0 0 0 0 0 0 0 0 0 0 0 0 0 0 0 0 0 0 0 0 0 0 0 0 0 0 0 0 0 0 0
8.08807647937494E-03 8.13697214409733E-03 8.18001883580182E-03 8.21722864905924E-03 8.24859361504298E-03 8.27408278049467E-03 8.29366732634692E-03 8.30732655549262E-03 8.31506639443315E-03 8.31693375081946E-03 8.31303662551586E-03 8.3035500604344E-03 8.28870463199555E-03 8.26875815167837E-03 8.24399275025139E-03 8.21468248818902E-03 8.18113412255507E-03 8.14365022034675E-03 8.10260718663841E-03 8.05841712042842E-03 8.01148884301241E-03 7.96216768359056E-03 7.91081741651593E-03 7.8578153699037E-03 7.80354538568395E-03 7.74829527743939E-03 7.69207543908299E-03 7.63504585361346E-03 7.58028031358254E-03 7.53427970357646E-03 7.47419911923425E-03 0 0 0 0 0 0 0 0 0 0 0 0 0 0 0 0 0 0 0 0 0 0 0 0 0 0 0 0 0 0 0 0 0
8.13633765633321E-03 8.1807780935819E-03 8.21945920411282E-03 8.25240561406814E-03 8.2796193380888E-03 8.30107759661777E-03 8.31676327931794E-03 8.32666710328744E-03 8.33080377462899E-03 8.32922970416587E-03 8.32206309727832E-03 8.30949106542343E-03 8.29175994682817E-03 8.26914383585362E-03 8.24194443185166E-03 8.2104406737718E-03 8.17496780909969E-03 8.13588519885647E-03 8.09363492509002E-03 8.04870157129912E-03 8.00154701425692E-03 7.95254487259329E-03 7.90210439383577E-03 7.85071945585419E-03 7.79892498541924E-03 7.74726517983718E-03 7.69588331175667E-03 7.64447958505092E-03 7.59853718242176E-03 7.53427970357646E-03 0 0 0 0 0 0 0 0 0 0 0 0 0 0 0 0 0 0 0 0 0 0 0 0 0 0 0 0 0 0 0 0 0 0
8.18047232488131E-03 8.22065812446372E-03 8.25518172696101E-03 8.28407815680915E-03 8.30735713975288E-03 8.3250054216968E-03 8.33701723932271E-03 8.3433911032385E-03 8.34414620073274E-03 8.33934561677535E-03 8.32911515525377E-03 8.31365122449736E-03 8.29321687702902E-03 8.2681062124639E-03 8.23864786641438E-03 8.20513507135642E-03 8.16794203719281E-03 8.12749099162725E-03 8.08429599863266E-03 8.03892155482701E-03 7.99188964465872E-03 7.94361067998286E-03 7.89456461061055E-03 7.84543190884413E-03 7.79709884856005E-03 7.75095288881561E-03 7.70806098125868E-03 7.66370809790614E-03 7.59853718242176E-03 0 0 0 0 0 0 0 0 0 0 0 0 0 0 0 0 0 0 0 0 0 0 0 0 0 0 0 0 0 0 0 0 0 0 0
8.22080921443073E-03 8.25693651837597E-03 8.28750388523752E-03 8.31255514421987E-03 8.33210859696063E-03 8.34616074071835E-03 8.3547137947372E-03 8.35777079188461E-03 8.35535214402795E-03 8.34752421948996E-03 8.33441788035418E-03 8.3162375221028E-03 8.29326488477495E-03 8.26581944243313E-03 8.23426291762677E-03 8.19891331597311E-03 8.16019248295747E-03 8.11859292882608E-03 8.07470455065939E-03 8.02917446753824E-03 7.98259553992041E-03 7.93544380874093E-03 7.88830540866504E-03 7.84210189454988E-03 7.7983229214446E-03 7.76047120739001E-03 7.73612934039659E-03 7.66370809790614E-03 0 0 0 0 0 0 0 0 0 0 0 0 0 0 0 0 0 0 0 0 0 0 0 0 0 0 0 0 0 0 0 0 0 0 0 0
8.25767002585149E-03 8.28992731356041E-03 8.31673063715313E-03 8.33813185794823E-03 8.35415807427995E-03 8.36481531561703E-03 8.37011086941797E-03 8.3700485676378E-03 8.3646473309286E-03 8.35397393173394E-03 8.33816288039232E-03 8.31742686560086E-03 8.29206846276937E-03 8.26243647114005E-03 8.22893134248684E-03 8.19190674126851E-03 8.15184112216793E-03 8.10930183784416E-03 8.06495794995976E-03 8.01954123697056E-03 7.97372959202484E-03 7.92810921807495E-03 7.88342851852613E-03 7.84086505283679E-03 7.80227055378044E-03 7.77269372742921E-03 7.76951503843729E-03 0 0 0 0 0 0 0 0 0 0 0 0 0 0 0 0 0 0 0 0 0 0 0 0 0 0 0 0 0 0 0 0 0 0 0 0 0
8.29135704596599E-03 8.31992320160754E-03 8.34314465243374E-03 8.36108056359514E-03 8.37376623180388E-03 8.38121614092832E-03 8.38343941123618E-03 8.38043809870913E-03 8.37222855078006E-03 8.35887544978378E-03 8.34051646938422E-03 8.31737484894095E-03 8.28977512267222E-03 8.25809900444111E-03 8.22278866336272E-03 8.18424493518484E-03 8.14300831822794E-03 8.09972496799362E-03 8.05515135601212E-03 8.01010654480438E-03 7.96537081873205E-03 7.92170778015354E-03 7.8801612860936E-03 7.84232249920044E-03 7.80956891562034E-03 7.7792876313765E-03 7.76951503843729E-03 0 0 0 0 0 0 0 0 0 0 0 0 0 0 0 0 0 0 0 0 0 0 0 0 0 0 0 0 0 0 0 0 0 0 0 0 0
8.32214589937163E-03 8.34718735171609E-03 8.36699592576069E-03 8.38163839868824E-03 8.39115762764933E-03 8.39557367302712E-03 8.3948948291505E-03 8.38911931124177E-03 8.37826046482185E-03 8.36238091467361E-03 8.34162235267976E-03 8.31621798373422E-03 8.28651640313028E-03 8.25293593947359E-03 8.21596419883789E-03 8.17605145121261E-03 8.13380590387514E-03 8.08996211772182E-03 8.04537350602955E-03 8.00096028203295E-03 7.95762941445473E-03 7.91638843514921E-03 7.87886257436309E-03 7.84813666820087E-03 7.82901691662316E-03 7.7792876313765E-03 0 0 0 0 0 0 0 0 0 0 0 0 0 0 0 0 0 0 0 0 0 0 0 0 0 0 0 0 0 0 0 0 0 0 0 0 0 0
8.35028138442998E-03 8.37195223893437E-03 8.38850563656236E-03 8.40001508339836E-03 8.40652911860814E-03 8.4080711476889E-03 8.40464726189817E-03 8.3962497061779E-03 8.38288811095595E-03 8.36462580248409E-03 8.3416102756879E-03 8.31408084007971E-03 8.28241357479084E-03 8.24706655666115E-03 8.20857694069492E-03 8.16743951328594E-03 8.12433816359349E-03 8.08011043313633E-03 8.03571300272949E-03 7.99219019428363E-03 7.95060810391272E-03 7.91224336665831E-03 7.87946418596217E-03 7.85736841242077E-03 7.85471069250277E-03 0 0 0 0 0 0 0 0 0 0 0 0 0 0 0 0 0 0 0 0 0 0 0 0 0 0 0 0 0 0 0 0 0 0 0 0 0 0 0
8.37596779980192E-03 8.39441026735145E-03 8.40785464781923E-03 8.4163806772401E-03 8.42004085549935E-03 8.41885938454153E-03 8.41283876038137E-03 8.40196410185514E-03 8.3862412558315E-03 8.3657347786081E-03 8.34059917122459E-03 8.31108068581105E-03 8.27758409657501E-03 8.24060804398374E-03 8.20073962340096E-03 8.15852135134572E-03 8.11471886246973E-03 8.07028333029833E-03 8.02628108390587E-03 7.98389778203276E-03 7.94440111136391E-03 7.90941319120152E-03 7.88192021634695E-03 7.86686078958137E-03 7.85471069250277E-03 0 0 0 0 0 0 0 0 0 0 0 0 0 0 0 0 0 0 0 0 0 0 0 0 0 0 0 0 0 0 0 0 0 0 0 0 0 0 0
8.39937786933285E-03 8.41472426555864E-03 8.42519727349244E-03 8.43088168907039E-03 8.43183170537087E-03 8.42806996017803E-03 8.41959393551431E-03 8.40638250251324E-03 8.38843853401859E-03 8.3658261350456E-03 8.33870683893509E-03 8.30733911817321E-03 8.27215410144418E-03 8.23369161986584E-03 8.19258559412893E-03 8.14943870626266E-03 8.10509846309384E-03 8.06064079812786E-03 8.01725233761129E-03 7.97627448815814E-03 7.93924613984575E-03 7.90837450716531E-03 7.88795871006335E-03 7.88567900023577E-03 0 0 0 0 0 0 0 0 0 0 0 0 0 0 0 0 0 0 0 0 0 0 0 0 0 0 0 0 0 0 0 0 0 0 0 0 0 0 0 0
