NongDo/Fusa 19h.grd
DSAA
463	323
2	464
2	324
0	10
[rows 252 to 279 of 323, columns 0 to 62 of 463]
0 0 0 0 0 0 0 0 0 0 0 0 0 0 0 0 0 0 0 0 0 0 0 0 0 0 0 0 0 0 0 0 0 0 0 0 0 0 3.95499074954561E-03 3.96728624025687E-03 3.97402538230556E-03 3.97991594267552E-03 3.98665819835883E-03 3.9946244437648E-03 4.00399096246887E-03 4.01484896084176E-03 4.02733721927075E-03 4.04154821134805E-03 4.05762274669087E-03 4.07568050555577E-03 4.09584753358452E-03 4.11823948048406E-03 4.1429287133883E-03 4.1699714511553E-03 4.19936248358585E-03 4.23110030821872E-03 4.26510405704174E-03 4.3012848287981E-03 4.33949668835082E-03 4.37962157658563E-03 4.42147576485866E-03 4.46482242355282E-03 4.50939913944641E-03
0 0 0 0 0 0 0 0 0 0 0 0 0 0 0 0 0 0 0 0 0 0 0 0 0 0 0 0 0 0 0 0 0 0 0 0 0 3.9442275707016E-03 3.95499074954561E-03 3.96081346389127E-03 3.96721361523759E-03 3.97408230972077E-03 3.98189937398558E-03 3.99091512857827E-03 4.00133596762633E-03 4.01329501594135E-03 4.02695367222441E-03 4.04242757138306E-03 4.05986892382813E-03 4.07941429474982E-03 4.10119313625326E-03 4.12531938358772E-03 4.1518558255021E-03 4.18084472543001E-03 4.21226144130624E-03 4.24607787357241E-03 4.28218660051654E-03 4.32046571230686E-03 4.36073540396355E-03 4.40283755758513E-03 4.44655671504614E-03 4.49162505289901E-03 4.53775309682057E-03
0 0 0 0 0 0 0 0 0 0 0 0 0 0 0 0 0 0 0 0 0 0 0 0 0 0 0 0 0 0 0 0 0 0 0 0 3.93505858703581E-03 3.9442275707016E-03 3.94937075937058E-03 3.95515213588393E-03 3.96176786400481E-03 3.96930304462459E-03 3.97798215138654E-03 3.98795644947851E-03 3.99941338850387E-03 4.01249854717035E-03 4.02738277455631E-03 4.04419478966708E-03 4.0630935972556E-03 4.0842266108904E-03 4.10772335937801E-03 4.13369160198055E-03 4.16218022277169E-03 4.1932120809912E-03 4.22673681221613E-03 4.26269947919744E-03 4.30096017620859E-03 4.34135889448998E-03 4.38367818467648E-03 4.42772238179278E-03 4.47324076028404E-03 4.51993607164351E-03 4.56749487972135E-03
0 0 0 0 0 0 0 0 0 0 0 0 0 0 0 0 0 0 0 0 0 0 0 0 0 0 0 0 0 0 0 0 0 0 0 3.93058174868934E-03 3.93505858703581E-03 3.93917474927045E-03 3.94407540744578E-03 3.94996286440545E-03 3.95696074418056E-03 3.96513785848414E-03 3.97464008354736E-03 3.9855679020561E-03 3.99809413845544E-03 4.01237046940285E-03 4.02856821469749E-03 4.04682423792764E-03 4.06729661502512E-03 4.09014273044338E-03 4.11548382276334E-03 4.14341783865318E-03 4.17397358569774E-03 4.20715088170727E-03 4.24286566189498E-03 4.28103515673253E-03 4.32148087992089E-03 4.36399902472106E-03 4.40833468040321E-03 4.45425557340841E-03 4.50148103919396E-03 4.54968350880211E-03 4.59853005770339E-03
0 0 0 0 0 0 0 0 0 0 0 0 0 0 0 0 0 0 0 0 0 0 0 0 0 0 0 0 0 0 0 0 0 0 0 3.93058174868934E-03 3.93097192343228E-03 3.93397274849759E-03 3.93871339136709E-03 3.94485857418366E-03 3.95236843551705E-03 3.96125634917469E-03 3.97163202934325E-03 3.98358214591414E-03 3.99726743546074E-03 4.01284226937036E-03 4.03047526781477E-03 4.05030968438989E-03 4.07250083327247E-03 4.09720609969973E-03 4.12453491827086E-03 4.15456854084792E-03 4.18731107547258E-03 4.22273374247013E-03 4.26071880080459E-03 4.30114277559308E-03 4.34378260046179E-03 4.38839360639013E-03 4.43468701450797E-03 4.48239549003231E-03 4.53120686692716E-03 4.58077063344166E-03 4.63073980417502E-03
0 0 0 0 0 0 0 0 0 0 0 0 0 0 0 0 0 0 0 0 0 0 0 0 0 0 0 0 0 0 0 0 0 0 3.91478931991815E-03 3.92313820127855E-03 3.92454441787378E-03 3.92785367062621E-03 3.93292178633819E-03 3.9395668803651E-03 3.94774672320211E-03 3.95746325630275E-03 3.9688113490531E-03 3.98189705718704E-03 3.99686909496732E-03 4.01388649522734E-03 4.03310665680922E-03 4.05468416076481E-03 4.07876178812433E-03 4.10549196415615E-03 4.13496605129454E-03 4.1672430616452E-03 4.2022951374094E-03 4.24005885419734E-03 4.2803794722185E-03 4.3230783485605E-03 4.36789406806657E-03 4.41454088166358E-03 4.46270049155463E-03 4.51206935775869E-03 4.56231638409945E-03 4.61307192918781E-03 4.66397983385091E-03
0 0 0 0 0 0 0 0 0 0 0 0 0 0 0 0 0 0 0 0 0 0 0 0 0 0 0 0 0 0 0 0 0 0 3.91478931991815E-03 3.91523226890023E-03 3.91710325813772E-03 3.92092103499883E-03 3.92657326112746E-03 3.93392034612614E-03 3.94293429982494E-03 3.95362544254581E-03 3.96609250387453E-03 3.98046278414682E-03 3.99688405467438E-03 4.01551693709949E-03 4.03650759052138E-03 4.06001281338738E-03 4.0861615816847E-03 4.11509370546959E-03 4.14687709633137E-03 4.18154060418861E-03 4.21901709142356E-03 4.25920113845254E-03 4.30189308976419E-03 4.34686206681995E-03 4.39380498435644E-03 4.44239943498906E-03 4.49230012174439E-03 4.54317797701225E-03 4.59468680929238E-03 4.64644446789937E-03 4.69809280420018E-03
0 0 0 0 0 0 0 0 0 0 0 0 0 0 0 0 0 0 0 0 0 0 0 0 0 0 0 0 0 0 0 0 0 0 3.90620545616755E-03 3.90633282909199E-03 3.9087019196015E-03 3.91319856481348E-03 3.91962653725892E-03 3.92785301330517E-03 3.93786596569907E-03 3.94969454678851E-03 3.96345113614794E-03 3.97928654683556E-03 3.99734681350685E-03 4.01779736810326E-03 4.0407630198061E-03 4.0664011727214E-03 4.09481656319742E-03 4.12613467950917E-03 4.16039200658869E-03 4.19757768044041E-03 4.23757567553577E-03 4.28023141598228E-03 4.32529918050162E-03 0.004372497254966 4.42148427549523E-03 4.47190233805355E-03 4.5233868439199E-03 4.57559091224405E-03 4.62816696002193E-03 4.68072105978433E-03 4.73290227130556E-03
0 0 0 0 0 0 0 0 0 0 0 0 0 0 0 0 0 0 0 0 0 0 0 0 0 0 0 0 0 0 0 0 0 0 3.89588032729983E-03 3.89612328201432E-03 3.89924267621284E-03 3.90463823819947E-03 3.91204306458561E-03 3.92133868098777E-03 3.93253612302653E-03 3.94568841975353E-03 3.96092496133276E-03 3.97842978175642E-03 3.99834407947693E-03 4.02083260913386E-03 4.04599415017018E-03 4.0739812091262E-03 4.10486149174567E-03 4.13874897315159E-03 4.17563656601365E-03 4.21546004925789E-03 4.25804664795607E-03 4.30319154620616E-03 4.35060217345926E-03 4.39995052061454E-03 4.45086081512662E-03 4.50294718731047E-03 4.55583167180751E-03 4.60916033908022E-03 4.66259299395643E-03 4.71572602902375E-03 4.7682302258157E-03
0 0 0 0 0 0 0 0 0 0 0 0 0 0 0 0 0 0 0 0 0 0 0 0 0 0 0 0 0 0 0 0 0 3.86758391531902E-03 3.88205012735422E-03 3.88417942341264E-03 3.88867934960315E-03 3.89526977407818E-03 3.9038704256758E-03 3.91443335396551E-03 3.92701344981379E-03 3.94169473468416E-03 3.95861668177638E-03 3.9780181760254E-03 4.0000146529291E-03 4.02477769074643E-03 4.05235916423101E-03 4.08292111132836E-03 4.11646160385509E-03 4.15309676502029E-03 4.19274915427462E-03 4.2352919605754E-03 4.28049406647609E-03 4.32810125820983E-03 4.37777894494297E-03 4.42915387346916E-03 4.48182952098019E-03 4.53539728893911E-03 4.58947781044499E-03 4.64370854789958E-03 4.69777784872489E-03 4.75126761943987E-03 4.80389534659362E-03
0 0 0 0 0 0 0 0 0 0 0 0 0 0 0 0 0 0 0 0 0 0 0 0 0 0 0 0 0 0 0 0 0 3.86758391531902E-03 3.86832735503834E-03 3.87139848285698E-03 3.8772384090874E-03 3.88523307773468E-03 3.89523333234176E-03 3.90725979184219E-03 3.92142636190182E-03 3.93785557945674E-03 3.95670304005832E-03 3.97823190595094E-03 4.00254848597488E-03 4.02981335443526E-03 4.06004633322616E-03 4.09338999963468E-03 4.12979699009864E-03 4.16933002894159E-03 4.21183682152344E-03 4.25713010387918E-03 4.30492922273475E-03 4.35492760841036E-03 4.40675063281915E-03 4.4599916172758E-03 4.51423999805038E-03 4.56908286935731E-03 4.62414550013162E-03 4.67906486725242E-03 4.73352750790986E-03 4.78716195905269E-03 4.83974173979936E-03
0 0 0 0 0 0 0 0 0 0 0 0 0 0 0 0 0 0 0 0 0 0 0 0 0 0 0 0 0 0 0 0 0 3.85344221720127E-03 3.85382777111226E-03 3.85812408724943E-03 3.86538340976466E-03 3.87484779893287E-03 3.88638224668812E-03 3.90003884326995E-03 3.91598510825499E-03 3.93437779083048E-03 3.95540122244229E-03 3.97930116947401E-03 4.00618347318513E-03 4.03618253146017E-03 4.06929149285244E-03 4.10560285504825E-03 4.14504544586905E-03 4.18756185294345E-03 4.23296076088542E-03 4.2809844416324E-03 4.33131630351396E-03 4.3835841971017E-03 4.43739259763723E-03 4.49230469905583E-03 4.54790839018576E-03 4.60379773315733E-03 4.65961059639104E-03 4.71499458845448E-03 4.76963532855345E-03 4.8232646613248E-03 4.87566158306314E-03
0 0 0 0 0 0 0 0 0 0 0 0 0 0 0 0 0 0 0 0 0 0 0 0 0 0 0 0 0 0 0 0 3.80526537030717E-03 3.83395711010618E-03 3.83784662427366E-03 3.84437219691902E-03 3.85334030761071E-03 3.86441221411537E-03 3.87760915659946E-03 3.89305864405293E-03 3.9109754326991E-03 3.93154842956589E-03 3.95497203883685E-03 3.98147578290197E-03 4.01114835579653E-03 4.04409284212406E-03 4.08026155696873E-03 4.11969350580393E-03 4.16226017161328E-03 4.20781049262751E-03 4.25609390000378E-03 4.30679373094783E-03 4.3595492921146E-03 4.41394079963424E-03 4.46955127762363E-03 4.52592977180272E-03 4.58267003838021E-03 4.63938172798633E-03 4.69572467842563E-03 4.75136851580627E-03 4.80603152033945E-03 4.8595083472422E-03 4.91159273632659E-03
0 0 0 0 0 0 0 0 0 0 0 0 0 0 0 0 0 0 0 0 0 0 0 0 0 0 0 0 0 0 0 3.79489762175411E-03 3.80526537030717E-03 3.81496164888803E-03 3.82236898263182E-03 3.83097461979156E-03 3.84160657197639E-03 3.85431084999134E-03 3.86926254888149E-03 3.88665008718926E-03 3.90671766096553E-03 3.92967057691928E-03 3.95569977156262E-03 3.98501474200179E-03 4.01767501332695E-03 4.05373748217527E-03 4.09310234199692E-03 4.13574246402889E-03 4.18146901140189E-03 4.2300492998593E-03 4.28116834272791E-03 4.3344487142231E-03 4.38948984424934E-03 4.44583664311279E-03 4.5030574206705E-03 4.5606986330236E-03 4.61836566740948E-03 4.67569395605778E-03 4.73237555892459E-03 4.78811367940287E-03 4.84265752584836E-03 4.89583921472286E-03 4.94747779094973E-03
0 0 0 0 0 0 0 0 0 0 0 0 0 0 0 0 0 0 0 0 0 0 0 0 0 0 0 0 0 0 0 3.79489762175411E-03 3.79558229093118E-03 3.80091617853401E-03 3.80854039951309E-03 3.81834042824452E-03 3.8304469578475E-03 3.84481426025115E-03 3.86163019416847E-03 3.88111271332565E-03 3.90351279679072E-03 3.92903508109923E-03 3.95785130911776E-03 3.99015262075656E-03 4.02595706597638E-03 4.06526383437892E-03 4.10791022615461E-03 4.15380373659153E-03 4.20268502638106E-03 4.25424854427274E-03 4.30811302737259E-03 4.36384559143131E-03 4.42100888366546E-03 4.47912398635465E-03 4.5377562351029E-03 4.59645353441459E-03 4.65484247515482E-03 4.71259229104749E-03 4.76943332494045E-03 4.82510395305877E-03 4.87938895081234E-03 4.93214587181756E-03 4.98321268016217E-03
0 0 0 0 0 0 0 0 0 0 0 0 0 0 0 0 0 0 0 0 0 0 0 0 0 0 0 0 0 0 0 3.7819474437308E-03 3.78231169658951E-03 3.78720256186932E-03 3.79541849242798E-03 3.80640058415124E-03 3.8200172366562E-03 3.83614535481992E-03 3.85496906825153E-03 3.87671917795103E-03 3.90163410607964E-03 3.92990770042853E-03 3.96167528059423E-03 3.9971123801186E-03 4.03618214296103E-03 4.07881422014972E-03 4.12478012283639E-03 4.17391832927699E-03 4.22590542333425E-03 4.28035755124845E-03 4.33683772784761E-03 4.39485928940139E-03 4.45396010397003E-03 4.5136418906234E-03 4.57348109157235E-03 4.63302815420589E-03 4.69194310981672E-03 4.74993405904741E-03 4.80677162774568E-03 4.86222924155705E-03 4.91612182872442E-03 4.96832811247415E-03 5.01870115866222E-03
0 0 0 0 0 0 0 0 0 0 0 0 0 0 0 0 0 0 0 0 0 0 0 0 0 0 0 0 0 0 3.74598884607164E-03 3.76398715381263E-03 3.76683557753328E-03 3.77308413241417E-03 3.78257742463726E-03 3.79502843140114E-03 3.81035806220157E-03 3.82845546926789E-03 3.84949164607036E-03 3.8737042122949E-03 3.90131651554216E-03 3.93251067538012E-03 3.96738635895989E-03 4.0060766316933E-03 4.04848537557454E-03 4.09447666739387E-03 4.14375917070739E-03 4.19609848505293E-03 4.2510996374866E-03 4.30831096231734E-03 4.36724144648715E-03 4.42736495603749E-03 4.48819918312833E-03 4.54923872229787E-03 4.61006841499326E-03 4.6702631335465E-03 4.72952216475822E-03 4.78758791116063E-03 4.84426573644547E-03 4.89936612554612E-03 4.95274006755996E-03 5.00427656235305E-03 5.0538350844891E-03
0 0 0 0 0 0 0 0 0 0 0 0 0 0 0 0 0 0 0 0 0 0 0 0 0 0 0 0 0 0 3.74598884607164E-03 3.74703756874097E-03 3.75123755495165E-03 3.75905639451703E-03 3.77017801313888E-03 3.78438919970109E-03 3.80165716502141E-03 3.82194246476041E-03 3.84541021711153E-03 3.87229240763329E-03 3.90278208585445E-03 3.93705699429806E-03 3.97517645422398E-03 4.01720337959263E-03 4.06299101618754E-03 4.11233567240111E-03 4.16488866861879E-03 4.22032888978188E-03 4.27820967068071E-03 4.33800842507605E-03 4.39919213371283E-03 4.46120326926096E-03 4.52355128205529E-03 4.58573299403612E-03 4.64734636659137E-03 4.70800879357882E-03 4.76744669194869E-03 4.82543498503286E-03 4.88181192422786E-03 4.93642723703555E-03 4.98916092011076E-03 5.03990435360949E-03 5.08852683946886E-03
0 0 0 0 0 0 0 0 0 0 0 0 0 0 0 0 0 0 0 0 0 0 0 0 0 0 0 0 0 3.7064099550746E-03 3.72630892683347E-03 3.72928821267631E-03 3.73560447787215E-03 3.74531925165537E-03 3.7583583142085E-03 3.77460203988791E-03 3.79407693172415E-03 3.81679756295467E-03 3.84292692053409E-03 3.87268348853366E-03 3.90622809932444E-03 3.94372111417389E-03 3.98517719958723E-03 4.03059356160676E-03 4.07976354847318E-03 4.13242030555093E-03 4.1881534771929E-03 4.24656962915412E-03 4.30716246532158E-03 4.36935388833853E-03 4.43257324418033E-03 4.49624679387803E-03 0.004559883892938 4.6229951650496E-03 4.68520105765911E-03 4.74615619304273E-03 4.80561588431314E-03 4.86338242198086E-03 4.91932279414528E-03 4.97332286855303E-03 5.02529027516235E-03 5.07511869741055E-03 5.1226820898624E-03
0 0 0 0 0 0 0 0 0 0 0 0 0 0 0 0 0 0 0 0 0 0 0 0 0 0 0 0 0 3.7064099550746E-03 3.70753690815448E-03 3.71209512906252E-03 3.72040012266415E-03 3.73217442390825E-03 3.74735642441492E-03 3.76588224768183E-03 3.78782376233654E-03 3.81322420324687E-03 3.84223780768271E-03 3.87506532548506E-03 3.91182408736299E-03 3.95264998748868E-03 3.99750803222826E-03 4.04633271516013E-03 4.09885858266439E-03 4.15474953795247E-03 4.21353658280833E-03 4.27475940422245E-03 4.33786804238719E-03 4.40223103521197E-03 4.46725102164286E-03 4.53235293745514E-03 4.59705773682583E-03 4.66089911111045E-03 0.004723517719446 4.78460445717987E-03 4.84393828793445E-03 4.90134673295225E-03 4.95671874099453E-03 5.00997624706043E-03 5.06105196467866E-03 5.10983924866365E-03 5.15621577247328E-03
0 0 0 0 0 0 0 0 0 0 0 0 0 0 0 0 0 0 0 0 0 0 0 0 0 0 0 0 3.66491916803395E-03 3.6856239784543E-03 3.68866346133202E-03 3.69536258316276E-03 3.70581843188518E-03 3.7198397027988E-03 3.73739397668681E-03 3.75844941183081E-03 3.78310902275188E-03 3.81142465677616E-03 3.84352892396136E-03 3.87960064020273E-03 0.003919705958311 3.96395252578617E-03 4.01224792795086E-03 4.06447161585647E-03 4.12029550329661E-03 4.17931331872989E-03 4.24099887217119E-03 4.30483879883692E-03 4.37024599521765E-03 4.43654104757931E-03 4.5031159213993E-03 4.56941255321842E-03 4.63497092881788E-03 4.69934975739725E-03 4.76220962398346E-03 4.82327436986745E-03 4.88234283096245E-03 4.93926053072014E-03 4.99393256163035E-03 5.04631592401181E-03 5.09636952454684E-03 5.1439804597454E-03 5.18903400494807E-03
0 0 0 0 0 0 0 0 0 0 0 0 0 0 0 0 0 0 0 0 0 0 0 0 0 0 0 0 3.66491916803395E-03 3.66597131889099E-03 3.67051963732798E-03 0.003679355315563 3.69214435692472E-03 3.70861931899829E-03 3.72876956622566E-03 3.7525802312853E-03 3.78017828952907E-03 3.81161358809251E-03 3.84698268746115E-03 3.88644867890154E-03 3.93000185669806E-03 3.97773377987129E-03 4.02947668171801E-03 4.08505952703375E-03 4.14409292212616E-03 4.20609470494166E-03 4.27049575614154E-03 4.33672701161916E-03 4.40419319416524E-03 4.47216098289105E-03 4.54004182446231E-03 4.60730827657238E-03 4.67351807413006E-03 4.73825774801291E-03 4.8011954244228E-03 4.86209469235942E-03 4.92076023344359E-03 4.97705608983736E-03 5.03089279984571E-03 5.08226444621892E-03 5.13115866070856E-03 5.17744605353176E-03 5.22103503583608E-03
0 0 0 0 0 0 0 0 0 0 0 0 0 0 0 0 0 0 0 0 0 0 0 0 0 0 0 0 3.6452764397574E-03 3.64591863531434E-03 3.65272460532085E-03 3.66417920182548E-03 3.67962872427867E-03 3.6988119644883E-03 3.72177861922995E-03 3.7485501642437E-03 3.77927106605284E-03 3.81398970535882E-03 3.85276889422594E-03 3.89573528208738E-03 3.94281645179715E-03 3.99406281833602E-03 4.04924012704565E-03 4.10810940524047E-03 4.17021879694083E-03 4.23503137789172E-03 4.30194634255163E-03 4.37034260099855E-03 4.43959302919823E-03 4.50897469155492E-03 4.57793148782791E-03 4.64596185042343E-03 4.71263430899054E-03 4.77756103178957E-03 4.84042158572678E-03 4.90100721980991E-03 4.95912596793445E-03 5.01465707156375E-03 5.06752036705521E-03 5.11773856257082E-03 5.16531090377062E-03 5.21011625964219E-03 5.2521001475678E-03
0 0 0 0 0 0 0 0 0 0 0 0 0 0 0 0 0 0 0 0 0 0 0 0 0 0 0 3.5783226589033E-03 3.61815149294824E-03 3.62477832190162E-03 3.63567906468262E-03 3.65035522343014E-03 3.66874508242622E-03 3.69083101136197E-03 3.71677960067177E-03 3.74666684943276E-03 3.7806474026256E-03 3.81877432748742E-03 3.8610689611796E-03 3.90761026287395E-03 3.95825960126934E-03 4.01300633751021E-03 4.07156240386456E-03 4.13359256110316E-03 4.19861027499189E-03 4.26602449921631E-03 4.33522414800789E-03 4.40552896466441E-03 4.47630302799228E-03 4.54688092473239E-03 4.61670770416056E-03 4.68531607786623E-03 4.75227138145057E-03 4.81722435645699E-03 4.87984404724084E-03 4.93995808371429E-03 4.9973672148868E-03 5.0519742379299E-03 5.10369907168039E-03 5.15259136083477E-03 0.005198677657524 5.24185419323917E-03 5.28210602905218E-03
0 0 0 0 0 0 0 0 0 0 0 0 0 0 0 0 0 0 0 0 0 0 0 0 0 0 3.55343416534461E-03 3.5783226589033E-03 3.59319110829936E-03 3.60594504797898E-03 3.62072906893187E-03 3.63857657546994E-03 3.65994614166199E-03 3.68502601892004E-03 3.71406862691678E-03 3.74718326642011E-03 3.78452337505265E-03 3.82613372985311E-03 3.87199968950739E-03 3.92214266159857E-03 3.97635825874237E-03 4.03456207348377E-03 4.09639105804898E-03 4.1614384082266E-03 4.22917276476557E-03 4.2989731774465E-03 4.37021357834114E-03 4.44218777279803E-03 4.51426573323884E-03 4.58582439851921E-03 4.65632919922432E-03 4.72532737223274E-03 4.79238980906622E-03 4.85718525397423E-03 4.91939439739742E-03 4.97885623216784E-03 5.03537621291779E-03 5.08887624966974E-03 5.13929417211608E-03 5.18669903804088E-03 5.23112878033145E-03 5.27252613499737E-03 5.31093163881992E-03
0 0 0 0 0 0 0 0 0 0 0 0 0 0 0 0 0 0 0 0 0 0 0 0 0 3.54215995223385E-03 3.55343416534461E-03 3.56399420019493E-03 3.57675190859854E-03 3.59133147384513E-03 3.60868997284439E-03 3.62929952442959E-03 3.65355173809665E-03 3.68165801129431E-03 3.71387172128055E-03 3.75030027435487E-03 3.7910711532811E-03 3.83621419241237E-03 3.88567374551807E-03 3.93940476490383E-03 3.99713757880801E-03 4.05869521677906E-03 4.12365380120895E-03 4.19153821381716E-03 4.26178318576763E-03 4.33374707377965E-03 4.40679991244989E-03 4.48023040277188E-03 4.55341259189501E-03 4.62576321214598E-03 4.69676342090755E-03 4.76597073316284E-03 4.83295690663848E-03 4.89740351872613E-03 4.95900585123363E-03 5.01760388009176E-03 5.07302666068683E-03 5.12521198482297E-03 5.17412884115534E-03 5.21985777241439E-03 5.26247673078557E-03 5.30198279526175E-03 5.33846263065531E-03
0 0 0 0 0 0 0 0 0 0 0 0 0 0 0 0 0 0 0 0 0 0 0 0 0 3.54215995223385E-03 3.54316192949502E-03 3.55096716109573E-03 3.56344975581487E-03 3.57952016163165E-03 3.59915901637803E-03 3.62243430113977E-03 3.64959528269797E-03 3.68081303049418E-03 3.71629973432479E-03 3.75612943735474E-03 3.80038506163721E-03 3.84908011608565E-03 3.90212134223298E-03 3.95939013053544E-03 4.02055365823866E-03 4.08534346187479E-03 4.15326855453457E-03 4.22379976016123E-03 4.29634175773869E-03 4.37024901189355E-03 4.44489304270455E-03 4.51956728132553E-03 4.59365262521887E-03 4.66660245056819E-03 4.73791095204777E-03 4.80713125144059E-03 4.87383452998308E-03 4.93771337320841E-03 4.99848623523208E-03 5.05599518414675E-03 5.11009883994943E-03 5.16076189268149E-03 5.20799552361046E-03 5.25189994363246E-03 5.29258389810433E-03 5.3301085354508E-03 5.36461440182107E-03
0 0 0 0 0 0 0 0 0 0 0 0 0 0 0 0 0 0 0 0 0 0 0 0 3.50412882874372E-03 3.52376446172653E-03 3.52794173366192E-03 3.53732083398432E-03 3.55137952118686E-03 3.5695444528244E-03 3.59170318266236E-03 3.61780762539657E-03 3.64802849070822E-03 3.6825099469258E-03 3.72139976904937E-03 3.76473596875742E-03 3.8125310727195E-03 3.86479678628975E-03 3.9213932181026E-03 3.98211706659462E-03 4.04659261755636E-03 4.11444396643576E-03 4.18514581750867E-03 4.25810828484648E-03 4.33272691781744E-03 4.40835774989583E-03 4.48437896859864E-03 4.56009863768741E-03 4.63488858775485E-03 4.70825256932296E-03 4.77967173115059E-03 4.84869145393094E-03 4.91488184181687E-03 4.97795017994554E-03 5.03764985419474E-03 5.09381986062266E-03 5.1463761454281E-03 5.19530688996772E-03 5.24068676575642E-03 5.28262842980388E-03 5.32129190540223E-03 5.35679685500089E-03 5.3893240793819E-03
