NongDo/Fusa 18.9h.grd
DSAA
463	323
2	464
2	324
0	10
[rows 252 to 279 of 323, columns 0 to 63 of 463]
0 0 0 0 0 0 0 0 0 0 0 0 0 0 0 0 0 0 0 0 0 0 0 0 0 0 0 0 0 0 0 0 0 0 0 0 0 0 3.95493241723633E-03 3.96721137673128E-03 3.97394699294771E-03 3.97983294813589E-03 3.98656942743664E-03 3.9945281102665E-03 4.00388363370939E-03 4.01472556578275E-03 4.02719078938319E-03 4.04137020863647E-03 4.05740299582083E-03 4.07540745158911E-03 4.09550840156524E-03 4.11782049372606E-03 4.14241549605395E-03 4.16934929764374E-03 4.19861689534858E-03 4.23021713180672E-03 4.26407005461608E-03 4.30008785170648E-03 4.33812609724781E-03 4.37806804597548E-03 4.41973150507884E-03 4.46288142040738E-03 4.50725728822268E-03 4.55258137018389E-03
0 0 0 0 0 0 0 0 0 0 0 0 0 0 0 0 0 0 0 0 0 0 0 0 0 0 0 0 0 0 0 0 0 0 0 0 0 3.94418763702413E-03 3.95493241723633E-03 3.96075039066991E-03 3.9671467278256E-03 3.97401054504306E-03 3.98182053535502E-03 3.99082602763563E-03 4.00123175106772E-03 4.01316921106119E-03 4.02679801451897E-03 4.04223231054005E-03 4.05962279520195E-03 4.07910472375204E-03 4.1008064324645E-03 4.12484096397465E-03 4.15127065990106E-03 4.18013762840732E-03 4.21141764367086E-03 4.24508318960659E-03 4.28102799928494E-03 4.31913152289375E-03 4.3592157264675E-03 4.40112408200621E-03 4.44464287756255E-03 4.48950626283047E-03 4.53542683107757E-03 4.5821046901156E-03
0 0 0 0 0 0 0 0 0 0 0 0 0 0 0 0 0 0 0 0 0 0 0 0 0 0 0 0 0 0 0 0 0 0 0 0 3.93503917105789E-03 3.94418763702413E-03 3.9493249535002E-03 3.95510176488333E-03 3.96171267995013E-03 3.96924134873265E-03 3.97791072476844E-03 3.98787078739284E-03 3.9993072683162E-03 4.01236414394198E-03 4.02721056998635E-03 4.04397387693818E-03 4.0628116731047E-03 4.08387014401051E-03 4.10727781226058E-03 4.13314167972076E-03 4.1615103600615E-03 4.19240676599226E-03 4.22578119942155E-03 4.26157955199625E-03 4.29966334435782E-03 4.33987422145532E-03 4.38199677593275E-03 4.42583717451682E-03 4.47114665413308E-03 4.51763010084208E-03 4.56497625994397E-03 4.61286730571544E-03
0 0 0 0 0 0 0 0 0 0 0 0 0 0 0 0 0 0 0 0 0 0 0 0 0 0 0 0 0 0 0 0 0 0 0 3.93057754719577E-03 3.93503917105789E-03 3.9391486404455E-03 3.94404390496215E-03 3.9499260468264E-03 3.95691725995384E-03 3.96508500765132E-03 3.97457349520554E-03 3.98548178951503E-03 3.99798096049657E-03 4.01222109202741E-03 4.02837191167131E-03 4.04656898337974E-03 4.06696912833635E-03 4.08972857460928E-03 4.11496771158613E-03 4.14278388770338E-03 4.17320586038298E-03 4.2062337331033E-03 4.24178440654321E-03 4.27977619745269E-03 4.32003235058682E-03 4.36235102922614E-03 4.40647961243844E-03 4.4521878711461E-03 4.49919725223856E-03 4.54718246124894E-03 4.59581281581848E-03 4.6447571664196E-03
0 0 0 0 0 0 0 0 0 0 0 0 0 0 0 0 0 0 0 0 0 0 0 0 0 0 0 0 0 0 0 0 0 0 0 3.93057754719577E-03 3.93096677676897E-03 3.93396309941034E-03 3.93869786831361E-03 3.94483591941596E-03 3.95233619376397E-03 3.96121069550393E-03 3.97156737709116E-03 3.98349138751182E-03 3.99714172140451E-03 4.01267118914414E-03 4.03024693056704E-03 4.0500109877222E-03 4.07211755383893E-03 4.09672298685518E-03 4.12393605659932E-03 4.15383762593286E-03 4.18643201001656E-03 4.22169098922161E-03 4.25949807800425E-03 4.29973122132077E-03 4.34216942605191E-03 4.3865702670028E-03 4.43264744760272E-03 4.48013584983901E-03 4.52872555383152E-03 4.5780683791265E-03 4.62781957985261E-03 4.67764171268925E-03
0 0 0 0 0 0 0 0 0 0 0 0 0 0 0 0 0 0 0 0 0 0 0 0 0 0 0 0 0 0 0 0 0 0 3.91483109239874E-03 3.92315656746601E-03 3.92455920435061E-03 3.92786265803268E-03 3.93292302754907E-03 3.93955813104437E-03 3.94772443552574E-03 3.95742240762834E-03 3.96874510878794E-03 3.98179691589659E-03 3.99672486751543E-03 4.01368647150075E-03 4.03283780953006E-03 4.05433231981397E-03 4.07831186884241E-03 4.10492801494709E-03 4.13427168464475E-03 4.16640175366184E-03 4.20129088543862E-03 4.23887653616382E-03 4.27900553465425E-03 4.32150105839995E-03 4.36610403877116E-03 4.41253122413763E-03 4.46046693871148E-03 4.5096100010562E-03 4.55963157310228E-03 4.6101643499341E-03 4.66085435776316E-03 4.71136470775244E-03
0 0 0 0 0 0 0 0 0 0 0 0 0 0 0 0 0 0 0 0 0 0 0 0 0 0 0 0 0 0 0 0 0 0 3.91483109239874E-03 3.91527293798024E-03 3.91713948991803E-03 3.92094957032128E-03 3.92659126666641E-03 3.93392455932218E-03 3.94292002114674E-03 3.95358637957574E-03 3.96602049368435E-03 3.98034788034183E-03 3.9967146811286E-03 4.01528006462789E-03 4.03618905509704E-03 4.05959744602902E-03 4.08563353085781E-03 4.11443647253752E-03 4.14607402150162E-03 4.18057520334745E-03 4.21787376830349E-03 4.2578655440052E-03 4.30035279245619E-03 0.004345106808664 4.39182711610291E-03 4.44019399597715E-03 4.4898648625631E-03 4.54051304776751E-03 4.5917945760376E-03 4.64332956745484E-03 4.69476194065864E-03 4.74576465581004E-03
0 0 0 0 0 0 0 0 0 0 0 0 0 0 0 0 0 0 0 0 0 0 0 0 0 0 0 0 0 0 0 0 0 0 3.90627117508907E-03 3.90639821152866E-03 3.90876072587963E-03 3.91324672135221E-03 3.91966047169382E-03 3.92786844509788E-03 3.93785697850966E-03 3.94965348813856E-03 3.96336841884073E-03 3.97915071156252E-03 3.99714485090798E-03 4.01751489011806E-03 4.04038477194298E-03 4.06591106176129E-03 4.09419813699045E-03 4.12537108598555E-03 4.15946656316269E-03 4.19647426477023E-03 4.23627948270429E-03 4.27872928597498E-03 4.32358019574514E-03 4.3705529835348E-03 4.4193090900311E-03 4.46949344166604E-03 4.52074415626724E-03 4.57271671963842E-03 4.62506560710177E-03 4.67739907110274E-03 4.72936805491808E-03 4.78066635687962E-03
0 0 0 0 0 0 0 0 0 0 0 0 0 0 0 0 0 0 0 0 0 0 0 0 0 0 0 0 0 0 0 0 0 0 3.89597370936321E-03 3.89621563891304E-03 3.89932475607299E-03 3.90470559528104E-03 3.91209149230667E-03 3.92136287335324E-03 3.93252889521237E-03 3.94564070127104E-03 3.96082569155019E-03 3.97826590884752E-03 3.99810111645936E-03 4.0204948231656E-03 4.04554526837114E-03 4.07340433317046E-03 4.1041397946126E-03 4.13786547709512E-03 4.1745748794883E-03 4.21420481555862E-03 4.25658429457046E-03 4.3015105180009E-03 4.34869345024765E-03 4.39780780720474E-03 4.44848074536881E-03 4.50032926834658E-03 4.55297805814889E-03 4.60607543644103E-03 4.65928304918122E-03 4.71219934583832E-03 4.76449671434732E-03 4.81590213314342E-03
0 0 0 0 0 0 0 0 0 0 0 0 0 0 0 0 0 0 0 0 0 0 0 0 0 0 0 0 0 0 0 0 0 3.86775121585392E-03 3.88218320681186E-03 3.88430163309365E-03 3.88878476778928E-03 3.89535507262059E-03 3.90393099553775E-03 3.91446288073055E-03 3.92700342291348E-03 3.94163458502669E-03 3.95849386232226E-03 3.97781793057151E-03 3.9997210638817E-03 4.02437371402685E-03 4.05182769275284E-03 4.08224455196887E-03 4.11562305862214E-03 4.15207938680643E-03 4.19153727399083E-03 4.23387147125682E-03 4.27885307785019E-03 4.3262302212346E-03 4.37567105930335E-03 4.42680525092103E-03 4.47923919324056E-03 4.53256712240625E-03 4.58641213821852E-03 4.64041383369768E-03 4.6942620777972E-03 4.74754072093496E-03 0.004799968441422 4.85131300141859E-03
0 0 0 0 0 0 0 0 0 0 0 0 0 0 0 0 0 0 0 0 0 0 0 0 0 0 0 0 0 0 0 0 0 3.86775121585392E-03 3.86849272078077E-03 3.87154923385473E-03 3.87736607096224E-03 3.8853339798493E-03 3.89530254888923E-03 3.90729002812158E-03 3.92140773028352E-03 3.93777594613564E-03 3.95654824001323E-03 3.97798556510185E-03 4.00219331160875E-03 4.02933118446876E-03 4.0594193411235E-03 4.09260020780685E-03 4.12882757463865E-03 4.16816475490766E-03 4.21046129789155E-03 4.25553195240183E-03 4.30309859644749E-03 4.35285728617766E-03 4.40443630606114E-03 4.45743195221305E-03 4.51143649785316E-03 4.56603968640703E-03 4.62086900526247E-03 4.67556336580822E-03 4.72981071731604E-03 4.78324110268137E-03 4.83562877398799E-03 4.88677011548091E-03
0 0 0 0 0 0 0 0 0 0 0 0 0 0 0 0 0 0 0 0 0 0 0 0 0 0 0 0 0 0 0 0 0 3.85363837530214E-03 3.85402205535937E-03 3.85829847925232E-03 3.86552883428365E-03 3.87495980731037E-03 3.8864548683001E-03 3.90006351791148E-03 3.91595040316597E-03 3.93426989930067E-03 3.9552042754523E-03 3.97899732885345E-03 4.00575418334093E-03 4.03560873945251E-03 4.06855489364477E-03 4.10468552978261E-03 4.14393095659378E-03 4.18623525223958E-03 4.23140928811861E-03 4.27919782944765E-03 4.32928700459081E-03 4.38130760155831E-03 4.43486700228739E-03 4.48953138268083E-03 4.54489128910434E-03 4.60054317635582E-03 4.65612682865717E-03 4.71129150781436E-03 4.76572410700746E-03 4.81915733839527E-03 4.8713708039488E-03 4.92219093810004E-03
0 0 0 0 0 0 0 0 0 0 0 0 0 0 0 0 0 0 0 0 0 0 0 0 0 0 0 0 0 0 0 0 3.80555475561077E-03 3.83419819406344E-03 3.83806850785892E-03 3.84456540546602E-03 3.85349788835626E-03 3.86452914019147E-03 3.87767818947057E-03 3.8930697079784E-03 3.91091543334635E-03 3.93140185725394E-03 3.95472141158831E-03 3.98110192067895E-03 4.01063166697672E-03 4.04341365819029E-03 4.07940145226879E-03 4.11863498748511E-03 4.16098775653483E-03 4.20631083224145E-03 4.2543562412772E-03 4.30481016108875E-03 4.35731481449267E-03 4.41145350163945E-03 4.46681211288858E-03 4.52294256055057E-03 4.57944102476683E-03 4.63591925019583E-03 4.69203865453731E-03 4.74747020006018E-03 4.80193315608498E-03 4.85522268046808E-03 4.90713297088862E-03 4.95750782757092E-03
0 0 0 0 0 0 0 0 0 0 0 0 0 0 0 0 0 0 0 0 0 0 0 0 0 0 0 0 0 0 0 3.79520106372778E-03 3.80555475561077E-03 3.81522871291771E-03 3.82260840203925E-03 3.83117882779576E-03 3.8417687672965E-03 3.85442476222858E-03 3.86931928908272E-03 3.88663782722892E-03 3.90662156652033E-03 3.92947347165025E-03 3.95538274150478E-03 3.98455747252201E-03 4.01705716456029E-03 4.05293914189089E-03 4.09210538886242E-03 0.004134530292262 4.18002747270666E-03 4.22836690992551E-03 4.27923658493083E-03 4.33226221979427E-03 4.38704627659136E-03 4.44313678648455E-03 4.50010481372928E-03 4.55749948862228E-03 4.61492836280419E-03 4.67202862527812E-03 4.72849356276043E-03 4.78402739175431E-03 4.83838007732695E-03 4.89138400360367E-03 4.94285848789106E-03 4.99265923251999E-03
0 0 0 0 0 0 0 0 0 0 0 0 0 0 0 0 0 0 0 0 0 0 0 0 0 0 0 0 0 0 0 3.79520106372778E-03 3.79588420423262E-03 3.80119756099565E-03 3.80878921918232E-03 3.81854806958209E-03 3.83060563695771E-03 3.84491616885656E-03 3.86166469827763E-03 3.88106617310445E-03 3.90336867561692E-03 3.92877470261557E-03 3.95745458150608E-03 3.98959837204645E-03 4.02522454662512E-03 4.06433327986748E-03 4.10676422290643E-03 4.15242689647544E-03 4.20106488864594E-03 4.25237571705845E-03 4.30598141503146E-03 4.36145245634296E-03 4.41835457807795E-03 4.47621192344279E-03 4.53459238603859E-03 4.59304632925155E-03 4.65120221120498E-03 4.7087306780816E-03 4.76536296526416E-03 4.82083817762552E-03 4.87494159524995E-03 4.92753087011203E-03 4.97844410093337E-03 5.02754610674747E-03
0 0 0 0 0 0 0 0 0 0 0 0 0 0 0 0 0 0 0 0 0 0 0 0 0 0 0 0 0 0 0 3.78226341530733E-03 3.78262552341191E-03 3.78749166922315E-03 3.79566924818468E-03 3.80660357783204E-03 3.82016347576238E-03 3.83622538952506E-03 3.85497048302771E-03 3.87662652117766E-03 3.9014292772595E-03 3.92957071746166E-03 3.96118521282567E-03 3.99644752065734E-03 4.03532173517983E-03 4.07773908275976E-03 0.004123473939471 4.17236727713724E-03 4.22409894944179E-03 4.27828856538193E-03 4.33450263589729E-03 4.39225800659099E-03 4.45109558208478E-03 4.51052004187687E-03 4.57011011702545E-03 4.62941849507208E-03 4.68810673606854E-03 4.74588402623453E-03 4.80252159429713E-03 4.85779334729211E-03 4.91151450529197E-03 4.96356373520542E-03 5.01379412201996E-03 5.06207409873754E-03
0 0 0 0 0 0 0 0 0 0 0 0 0 0 0 0 0 0 0 0 0 0 0 0 0 0 0 0 0 0 3.74634493771778E-03 3.76433132984669E-03 3.76716064779632E-03 3.77337521369691E-03 3.78282279158759E-03 3.79521847220528E-03 3.81048255638994E-03 3.82850323229773E-03 3.84944850095928E-03 3.87355306673796E-03 3.90103795750841E-03 3.93208371735241E-03 3.96678946879251E-03 4.00528800670152E-03 4.04748473145891E-03 4.09324580114976E-03 4.14228315015593E-03 4.19436529822126E-03 4.24910089671075E-03 4.30604199381885E-03 4.36470121735491E-03 4.42455595859203E-03 4.48512684091286E-03 4.54591123374916E-03 4.6064960313444E-03 4.66645802881434E-03 4.72549770294129E-03 4.78335829362395E-03 4.8398455541608E-03 4.89477022159506E-03 4.94798333376623E-03 4.99937372996935E-03 5.04880082772684E-03 5.09613817781523E-03
0 0 0 0 0 0 0 0 0 0 0 0 0 0 0 0 0 0 0 0 0 0 0 0 0 0 0 0 0 0 3.74634493771778E-03 3.74739109964896E-03 3.75156462575833E-03 3.7593415081344E-03 3.7704097196306E-03 3.78455724161032E-03 3.80175001345627E-03 3.8219470115182E-03 3.84531057656514E-03 3.87207001706746E-03 3.90241652951411E-03 3.93652657212907E-03 3.9744594241493E-03 4.01627836275589E-03 4.06183859359224E-03 4.11093898957131E-03 4.16323447159088E-03 4.21840728340954E-03 4.27601452434938E-03 4.3355375493516E-03 4.39644700949638E-03 4.45818884651564E-03 4.52027524926307E-03 4.58220557617056E-03 4.64357959688335E-03 4.70401626901574E-03 4.76324297220439E-03 4.82103526013264E-03 4.8772316000668E-03 0.004931681759575 4.98426558297878E-03 5.03487419919079E-03 5.08337675336383E-03 5.12965084051203E-03
0 0 0 0 0 0 0 0 0 0 0 0 0 0 0 0 0 0 0 0 0 0 0 0 0 0 0 0 0 3.70679669614389E-03 3.72668966685127E-03 3.72964758149488E-03 3.73592612957239E-03 3.7455904700357E-03 3.75856786677626E-03 3.77473875282635E-03 3.79412775038094E-03 3.81674754437676E-03 3.84275857464159E-03 3.87237703413088E-03 3.90576241071049E-03 3.9430742015242E-03 3.98432754836336E-03 4.02952059339825E-03 4.07844910412222E-03 4.13084919048472E-03 4.18631439546885E-03 4.24445492512511E-03 4.30476839646268E-03 4.36668072779204E-03 4.42962491132913E-03 4.49303051123352E-03 4.55640938499369E-03 4.61927440786669E-03 4.68124757896395E-03 4.74198480248054E-03 4.80124214889115E-03 4.85882238623624E-03 4.91459258949553E-03 4.96843848207021E-03 5.02026733725222E-03 5.06997248591916E-03 5.11742764114036E-03 5.16251673682997E-03
0 0 0 0 0 0 0 0 0 0 0 0 0 0 0 0 0 0 0 0 0 0 0 0 0 0 0 0 0 3.70679669614389E-03 3.70792126758304E-03 3.7124492640843E-03 3.72070758704071E-03 3.73242317878091E-03 3.74753479218293E-03 3.76597776947318E-03 3.78782169783367E-03 3.81310785633456E-03 3.84198831052136E-03 3.87466193887795E-03 3.91124534821631E-03 3.95187402714299E-03 3.99651398968618E-03 4.04510118773485E-03 4.09737298276075E-03 4.15299663523274E-03 4.21150727266272E-03 4.27244841821583E-03 4.33527400706712E-03 4.39935662899215E-03 4.46410246040671E-03 4.52893948532687E-03 4.59339087312416E-03 4.65699227422597E-03 0.004719385701452 4.78026309176491E-03 4.83940401384968E-03 4.89663634016757E-03 4.95184901934217E-03 5.00496366461749E-03 5.05591243186348E-03 5.10458821897573E-03 0.00515086836486 5.1946469519356E-03
0 0 0 0 0 0 0 0 0 0 0 0 0 0 0 0 0 0 0 0 0 0 0 0 0 0 0 0 3.66531216614989E-03 3.68602487419173E-03 3.68904318404565E-03 3.69570201080157E-03 3.70610281867907E-03 3.72005699007158E-03 3.73753152313374E-03 3.75849325432173E-03 3.78304271984257E-03 3.81122995081195E-03 3.8431858086092E-03 3.87908772824198E-03 3.91900179882772E-03 3.96303573890957E-03 4.01109869940009E-03 4.06307203615886E-03 4.11863085542594E-03 4.17737257884059E-03 4.23877530252196E-03 4.30232956764363E-03 4.36745208633787E-03 4.43346745911721E-03 4.49977097875955E-03 4.56580728379764E-03 4.63111829002452E-03 4.69526441071194E-03 4.75790742929952E-03 4.81877203612909E-03 4.87765755250853E-03 4.93440976389389E-03 4.98893369836752E-03 5.04118586243187E-03 5.09112438833323E-03 5.13863581720023E-03 5.18360496647834E-03 5.22594466630315E-03
0 0 0 0 0 0 0 0 0 0 0 0 0 0 0 0 0 0 0 0 0 0 0 0 0 0 0 0 3.66531216614989E-03 3.66636337713843E-03 3.67088301854522E-03 3.67967035637422E-03 3.69239630369688E-03 3.70879544763702E-03 3.72885589097664E-03 3.75256120390901E-03 3.78003585464749E-03 3.81132810843411E-03 3.84653336339984E-03 3.88581373728967E-03 3.92916026295731E-03 3.97666494278979E-03 4.02816219547775E-03 4.08348329662551E-03 4.14224236273306E-03 4.20396122961122E-03 4.26807506890349E-03 4.33401877253061E-03 4.40120062357576E-03 4.46889127903961E-03 4.53650514137906E-03 4.60351709448103E-03 4.66948658534394E-03 4.7340016341609E-03 4.79673150217623E-03 4.85744042652843E-03 4.91593351751096E-03 4.97207497247186E-03 5.0257752183633E-03 5.07702765977337E-03 5.12581892640427E-03 5.17201898397276E-03 5.2155355936621E-03 5.25630979726142E-03
0 0 0 0 0 0 0 0 0 0 0 0 0 0 0 0 0 0 0 0 0 0 0 0 0 0 0 0 3.64565642762467E-03 3.64629502415451E-03 3.65306342611849E-03 3.66446089888699E-03 3.67983860421429E-03 3.69893649981907E-03 3.72180246952998E-03 3.74845629093032E-03 3.77904005117351E-03 3.8136008555441E-03 3.85220082658557E-03 3.89496620913479E-03 3.94182598335934E-03 3.99283151425611E-03 4.04775126415647E-03 4.10634902816246E-03 4.16817675719209E-03 4.23270161545511E-03 4.29932695559269E-03 4.36743563062915E-03 4.43640399092234E-03 4.50551267394104E-03 4.57420812303836E-03 4.6419908269622E-03 4.70843090937689E-03 4.77314186292718E-03 4.8358043189916E-03 4.89621003852663E-03 4.95416742165686E-03 5.00955574064355E-03 5.06229461596344E-03 5.11240590663224E-03 5.15988768322104E-03 5.20461797433445E-03 5.2465414089824E-03 5.28563281655752E-03
0 0 0 0 0 0 0 0 0 0 0 0 0 0 0 0 0 0 0 0 0 0 0 0 0 0 0 3.57870734152739E-03 3.61854144709985E-03 3.6251363769263E-03 3.63598501439403E-03 3.65059393110389E-03 3.66890244968496E-03 3.69089268506638E-03 3.71672894433301E-03 3.74648546285196E-03 3.7803148014056E-03 3.81826901967815E-03 3.86036936219176E-03 3.90669492514213E-03 3.95710911152198E-03 4.01160279126791E-03 4.06989098641988E-03 4.13164178218323E-03 4.19637249988152E-03 4.26349624002192E-03 4.33240579347914E-03 4.40242481336688E-03 4.47292062504453E-03 4.54323085251694E-03 4.61280291742657E-03 4.68117132599582E-03 4.74790298851232E-03 4.81264978066695E-03 4.8750818297604E-03 4.93502709000162E-03 4.99228662244253E-03 5.04676306314229E-03 5.09837598684054E-03 5.14717398394717E-03 5.19318220679138E-03 5.23629584574831E-03 5.2764988469189E-03 5.31380787708424E-03
0 0 0 0 0 0 0 0 0 0 0 0 0 0 0 0 0 0 0 0 0 0 0 0 0 0 3.55382546120696E-03 3.57870734152739E-03 3.59355839011102E-03 3.60626891959546E-03 3.62099070946329E-03 3.63876147514074E-03 3.66003974985957E-03 3.68501286968005E-03 3.71393082994662E-03 3.74690131167068E-03 3.78407603029106E-03 3.82549915107439E-03 3.87115639086505E-03 3.92106987752295E-03 3.97503778882799E-03 4.03297778554196E-03 4.09453037357453E-03 4.15929236813039E-03 4.2267363321737E-03 4.29624533260142E-03 4.36719691686102E-03 4.43888858296634E-03 4.51069330025059E-03 4.58199067993769E-03 4.65224829896338E-03 4.72101507113397E-03 4.78786342241834E-03 4.85246314573939E-03 4.91449590120971E-03 4.97380089911805E-03 5.03018376145748E-03 5.08356601385322E-03 5.13388489449576E-03 5.18120820536876E-03 5.22557232796172E-03 5.26691868606723E-03 5.30528646605089E-03 5.34073480338189E-03
0 0 0 0 0 0 0 0 0 0 0 0 0 0 0 0 0 0 0 0 0 0 0 0 0 3.54254112234579E-03 3.55382546120696E-03 3.56436672130758E-03 3.57708719548328E-03 3.59161081500264E-03 3.60889704156276E-03 3.62942004170894E-03 3.65357038938713E-03 3.68155808070483E-03 3.71363418166672E-03 3.74990474320104E-03 3.79049605704842E-03 3.83543772677793E-03 3.88467495391072E-03 3.93816394431003E-03 3.99563804666977E-03 4.0569229148524E-03 4.12159847203086E-03 4.18919345170122E-03 4.25914645494638E-03 4.33081966981384E-03 4.4035864378379E-03 4.4767388847695E-03 4.54965387609573E-03 4.62175051553205E-03 4.69251195292933E-03 4.76149730410551E-03 4.82827984887323E-03 4.89254213198506E-03 4.95398024236031E-03 0.005012434244916 5.06773310117356E-03 5.11981396651251E-03 5.16864491405799E-03 5.21430502341211E-03 5.25687048789422E-03 5.29633686196411E-03 5.33278931622301E-03 5.36633247164542E-03
0 0 0 0 0 0 0 0 0 0 0 0 0 0 0 0 0 0 0 0 0 0 0 0 0 3.54254112234579E-03 3.54354075863142E-03 3.55131403233685E-03 3.56374428525088E-03 3.57974658073719E-03 3.59930255085088E-03 3.62248061078439E-03 3.64952820210071E-03 3.68061468319979E-03 3.71595017756136E-03 3.75560779744487E-03 3.7996698729186E-03 3.84815008179281E-03 3.90095637560694E-03 3.95797194219876E-03 4.01886731401615E-03 4.08337710385802E-03 4.15101436122579E-03 4.2212538311154E-03 4.29350397219559E-03 4.36712279982427E-03 4.44148485428316E-03 4.51588672493253E-03 4.58971197499686E-03 4.66241610928337E-03 4.73349519907389E-03 4.80250397177615E-03 4.86901510118093E-03 4.93272202632136E-03 4.99334375225684E-03 5.0507222509237E-03 5.10471572811427E-03 5.15528791792382E-03 5.20244872176001E-03 5.24629667662321E-03 5.28693864981978E-03 5.32443409304416E-03 5.35892196698564E-03 5.39054461772387E-03
0 0 0 0 0 0 0 0 0 0 0 0 0 0 0 0 0 0 0 0 0 0 0 0 3.50449655410974E-03 3.52415032154892E-03 3.52830120648557E-03 3.53763173523654E-03 3.55162469307892E-03 3.56970998942003E-03 3.59177483226478E-03 3.61777049474902E-03 3.64786548902802E-03 3.68220211438594E-03 3.72092654626581E-03 3.76407630229699E-03 3.81166408589426E-03 3.8637020671087E-03 3.92005199602272E-03 3.98051289210709E-03 4.04471253778749E-03 4.11227853872272E-03 4.18268959461913E-03 4.25535980401922E-03 4.32968827328334E-03 4.40503431886016E-03 4.48077889620301E-03 4.55623296872577E-03 4.63077098106293E-03 4.70389854582215E-03 4.77509870277389E-03 4.84391843037292E-03 4.90992924391398E-03 4.97283909651759E-03 0.005032401575451 5.08845535197902E-03 5.14091552277573E-03 5.18976900102085E-03 5.23508879099187E-03 5.27698571801031E-03 5.31561782630865E-03 5.35110302022582E-03 5.38362053553046E-03 5.41334342566189E-03
