NongDo/Fusa 19.8h.grd
DSAA
463	323
2	464
2	324
0	10
[rows 56 to 83 of 323, columns 256 to 319 of 463]
0 0 0 0 0 0 0 0 0 0 0 0 0 0 0 0 0 0 0 0 0 0 0 0 0 0 0 0 0 0 0 0 0 0 0 0 0 0 0 0 0 0 0 0 0 0 0 0 0 0 0 0 0 0 0 0 0 0 0 0 0 0 0 0
0 0 0 0 0 0 0 0 0 0 0 0 0 0 0 0 0 0 0 0 0 0 0 0 0 0 0 0 0 0 0 0 0 0 0 0 0 0 0 0 0 0 0 0 0 0 0 0 0 0 0 0 0 0 0 0 0 0 0 0 0 0 0 0
0 0 0 0 0 0 0 0 0 0 0 0 0 0 0 0 0 0 0 0 0 0 0 0 0 0 0 0 0 0 0 0 0 0 0 0 0 0 0 0 0 0 0 0 0 0 0 0 0 0 0 0 0 0 0 0 0 0 0 0 0 0 0 0
0 0 0 0 0 0 0 0 0 0 0 0 0 0 0 0 0 0 0 0 0 0 0 0 0 0 0 0 0 0 0 0 0 0 0 0 0 0 0 0 0 0 0 0 0 0 0 0 0 0 0 0 0 0 0 0 0 0 0 0 0 0 0 0
0 0 0 0 0 0 0 0 0 0 0 0 0 0 0 0 0 0 0 0 0 0 0 0 0 0 0 0 0 0 0 0 0 0 0 0 0 0 0 0 0 0 0 0 0 0 0 0 0 0 0 0 0 0 0 0 0 0 0 0 0 0 0 0
0 0 0 0 0 0 0 0 0 0 0 0 0 0 0 0 0 0 0 0 0 0 0 0 0 0 0 0 0 0 0 0 0 0 0 0 0 0 0 0 0 0 0 0 0 0 0 0 0 0 0 0 0 0 0 0 0 0 0 0 0 0 0 0
0 0 0 0 0 0 0 0 0 0 0 0 0 0 0 0 0 0 0 0 0 0 0 0 0 0 0 0 0 0 0 0 0 0 0 0 0 0 0 0 0 0 0 0 0 0 0 0 0 0 0 0 0 0 0 0 0 0 0 0 0 0 0 0
0 0 0 0 0 0 0 0 0 0 0 0 0 0 0 0 0 0 0 0 0 0 0 0 0 0 0 0 0 0 0 0 0 0 0 0 0 0 0 0 0 0 0 0 0 0 0 0 0 0 0 0 0 0 0 0 0 0 0 0 0 0 7.02722571944811E-03 7.03667003047779E-03
0 0 0 0 0 0 0 0 0 0 0 0 0 0 0 0 0 0 0 0 0 0 0 0 0 0 0 0 0 0 0 0 0 0 0 0 0 0 0 0 0 0 0 0 0 0 0 0 0 0 0 0 0 0 0 0 0 0 6.98978085238208E-03 6.99896826899082E-03 7.00818672038273E-03 7.01751639501495E-03 7.02722571944811E-03 7.03667003047779E-03
0 0 0 0 0 0 0 0 0 0 0 0 0 0 0 0 0 0 0 0 0 0 0 0 0 0 0 0 0 0 0 0 0 0 0 0 0 0 0 0 0 0 0 0 0 0 0 0 0 0 0 0 0 0 6.95209205453658E-03 6.9616276322355E-03 6.97101621971471E-03 6.98038908470643E-03 6.98978085238208E-03 6.99896826899082E-03 7.00818672038273E-03 7.01751639501495E-03 7.02690418397265E-03 7.03629048934735E-03
0 0 0 0 0 0 0 0 0 0 0 0 0 0 0 0 0 0 0 0 0 0 0 0 0 0 0 0 0 0 0 0 0 0 0 0 0 0 0 0 0 0 0 0 0 0 0 0 0 0 0 6.92080435642563E-03 6.93151826337872E-03 6.94199893691492E-03 6.95209205453658E-03 6.9616276322355E-03 6.97101621971471E-03 6.98038908470643E-03 6.98969471442638E-03 6.9990009992403E-03 7.00822467115639E-03 7.01746587432218E-03 7.02669349008254E-03 7.0359526867364E-03
0 0 0 0 0 0 0 0 0 0 0 0 0 0 0 0 0 0 0 0 0 0 0 0 0 0 0 0 0 0 0 0 0 0 0 0 0 0 0 0 0 0 0 0 0 6.85104858633633E-03 6.86355733779787E-03 6.87553083633168E-03 6.88711401549086E-03 6.89852439101421E-03 6.9097632114825E-03 6.92080435642563E-03 6.93151826337872E-03 6.94199893691492E-03 6.95207873596511E-03 6.96181287695455E-03 6.97131644452338E-03 0.006980736979484 6.99006618758659E-03 6.99939123716728E-03 7.00862964224446E-03 7.01784563826991E-03 7.02702750058312E-03 7.03621923491879E-03
0 0 0 0 0 0 0 0 0 0 0 0 0 0 0 0 0 0 0 0 0 0 0 0 0 0 0 0 0 0 0 0 0 0 0 0 0 0 0 0 0 0 0 6.82301483014141E-03 6.83713183085021E-03 6.85104858633633E-03 6.86355733779787E-03 6.87553083633168E-03 6.88711401549086E-03 6.89852439101421E-03 6.9097632114825E-03 6.92089264924449E-03 6.93175030698768E-03 6.94233315680067E-03 6.95255901534839E-03 6.96249599225421E-03 6.97219251475314E-03 6.98176162673804E-03 6.99121822247609E-03 7.00062478465078E-03 7.00995217971077E-03 7.01924099791722E-03 7.02848918700221E-03 7.03772611943552E-03
6.33246621652703E-03 6.34417565210861E-03 6.35578187312902E-03 6.36729853766412E-03 6.37873003883897E-03 6.39017522845124E-03 6.40152973348707E-03 6.41278690951438E-03 6.4239614401613E-03 6.43519056230238E-03 6.44650169606264E-03 6.45797071883849E-03 6.46941859983816E-03 6.48075652552783E-03 6.4919152001182E-03 6.50300893734808E-03 6.51402701002373E-03 6.52507373436727E-03 6.53602577497588E-03 6.54689389767824E-03 6.55767404588462E-03 6.56852282011364E-03 6.57945750895561E-03 6.59059168185238E-03 6.60176391989355E-03 6.6129128734709E-03 6.62393999926092E-03 6.63494490355976E-03 6.64585707915326E-03 6.6567608807466E-03 6.6675023755015E-03 6.67811523796497E-03 6.68861798631274E-03 6.69929430935594E-03 6.71043392739104E-03 0 0 0 0 6.76890561028127E-03 6.78094714205045E-03 6.79449205052077E-03 6.80867639683048E-03 6.82301483014141E-03 6.83713183085021E-03 6.85075762020674E-03 6.86355766892557E-03 6.87575320854979E-03 6.88753420837285E-03 6.89910268453028E-03 6.91047725826104E-03 6.92172882177077E-03 6.93274879891441E-03 6.94352565967296E-03 6.95399629529766E-03 6.96420557968127E-03 6.97418082710252E-03 6.9840070757656E-03 6.99370237338259E-03 7.00331823672439E-03 7.01284823871347E-03 7.02232662514395E-03 7.03175989596407E-03 7.04117881424849E-03
6.33246621652703E-03 6.34417565210861E-03 6.35578187312902E-03 6.36729853766412E-03 6.37873003883897E-03 6.39017522845124E-03 6.40152973348707E-03 6.41278690951438E-03 6.4239614401613E-03 6.43519056230238E-03 6.44650169606264E-03 6.45797071883849E-03 6.46941859983816E-03 6.48075652552783E-03 6.4919152001182E-03 6.50300893734808E-03 6.51402701002373E-03 6.52507373436727E-03 6.53602577497588E-03 6.54689389767824E-03 6.55767404588462E-03 6.56852282011364E-03 6.57945750895561E-03 6.59059168185238E-03 6.60176391989355E-03 6.6129128734709E-03 6.62393999926092E-03 6.63494490355976E-03 6.64585707915326E-03 6.6567608807466E-03 6.6675023755015E-03 6.67811523796497E-03 6.68861798631274E-03 6.69929430935594E-03 6.71043392739104E-03 6.72418875068477E-03 6.73557423847269E-03 6.74696018657807E-03 6.75843766324344E-03 6.76890561028127E-03 6.78094714205045E-03 6.79449205052077E-03 6.80867639683048E-03 6.82303638783131E-03 6.8371689331369E-03 6.85089937432609E-03 6.86402187820119E-03 6.87658965614225E-03 6.88873827093672E-03 6.90063205804684E-03 6.91229965544079E-03 6.92382272942176E-03 6.93512815065547E-03 6.94621482866535E-03 6.95703179156644E-03 6.96760574713562E-03 6.97795677904984E-03 6.98815150211757E-03 6.9982055094907E-03 7.00816165462796E-03 7.01802215024431E-03 7.02781830023068E-03 7.03756717439769E-03 7.04730384525718E-03
6.33289752175121E-03 6.34499541607192E-03 6.35681446605542E-03 6.36847908461859E-03 6.38003689555723E-03 6.39158486139845E-03 6.40303838532976E-03 6.41438028114326E-03 6.42563911144433E-03 6.43693205137434E-03 6.44829751765027E-03 6.45982739964215E-03 6.47133816353328E-03 6.48270970827722E-03 6.49391305266092E-03 6.50504666053358E-03 6.51611549180842E-03 6.52720152368681E-03 6.53820849295719E-03 6.54912960010785E-03 6.55997571132847E-03 6.57087363989632E-03 6.58185617596393E-03 6.59304398826749E-03 6.60428171449873E-03 6.61547699169599E-03 6.62656329640033E-03 6.63761668892768E-03 6.64858455236939E-03 6.65952013213779E-03 6.67029398752201E-03 6.68090128201781E-03 6.69135271517391E-03 6.70185074434982E-03 6.71260895373441E-03 6.72418875068477E-03 6.73557423847269E-03 6.74696018657807E-03 6.75843766324344E-03 6.77014276536454E-03 6.78261304429938E-03 6.79609882850857E-03 6.81012006328011E-03 6.8243350421186E-03 6.83846294577281E-03 6.85237748149021E-03 6.86587169819402E-03 6.87891143965809E-03 6.8915555725167E-03 6.90391761472943E-03 6.91602739683213E-03 6.92796704082312E-03 6.93968904108166E-03 6.95120000790632E-03 6.96246337828994E-03 6.97349739978377E-03 6.98432039753703E-03 6.99498728971317E-03 7.00551081812794E-03 7.01592350133375E-03 7.02623199041272E-03 7.03646756400957E-03 7.04665449361244E-03 7.05683042358658E-03
6.33420978142016E-03 6.34659169773623E-03 6.35868438903265E-03 6.37059394951724E-03 6.38237717332332E-03 6.39411642616854E-03 6.40575499990181E-03 6.41727468680321E-03 6.42871439451025E-03 6.44016241624412E-03 6.45165634696491E-03 6.46328655450622E-03 6.47488353284077E-03 6.4863278416425E-03 6.4976296532675E-03 6.50886091805167E-03 6.52003639093504E-03 6.53121282449505E-03 6.54233001263322E-03 6.55337156226716E-03 6.56436181166519E-03 6.57539018687286E-03 0.006586494824557 6.59778511367204E-03 6.60912208112144E-03 6.62040752934175E-03 6.6316090602299E-03 6.64277018682336E-03 6.65385174521118E-03 6.66487438269386E-03 6.67574386788092E-03 6.68642885476302E-03 6.69694272653935E-03 6.70741439349773E-03 6.71798936907497E-03 6.72897267151507E-03 6.74011370532899E-03 6.75139438418959E-03 6.76286996347009E-03 6.77475785850803E-03 6.78723032406004E-03 6.80047969345348E-03 6.81424523007672E-03 6.82829620680794E-03 6.84242245749949E-03 6.85652132883885E-03 6.87038209374995E-03 6.88391596664154E-03 6.89710756762272E-03 6.91001919121872E-03 6.92266706998355E-03 6.93512508253114E-03 6.94735815845936E-03 6.95937850075863E-03 6.97116396343839E-03 6.98273005102666E-03 6.99409712628253E-03 7.00531215957401E-03 7.01638558983498E-03 7.02734023409239E-03 7.03818816326597E-03 7.04895734395898E-03 7.05967731764651E-03 7.07038534615713E-03
6.33621468305582E-03 6.34892725695712E-03 6.36137062022865E-03 6.37362056247169E-03 6.38572697975037E-03 6.39774955269407E-03 6.40965987533186E-03 6.42145785343165E-03 6.43317598841562E-03 6.44487802447317E-03 6.45659446135059E-03 6.46837142031464E-03 6.48009069990502E-03 6.49168106798966E-03 6.50315540968778E-03 6.51456148341636E-03 6.52591558176644E-03 6.53725446588142E-03 6.54854564233189E-03 6.55978723304541E-03 6.57100223645461E-03 6.58225250154906E-03 6.59357240881568E-03 6.60502368312728E-03 6.61650507823529E-03 6.62795428438465E-03 6.63934683918039E-03 6.65069663732691E-03 6.66196847856258E-03 6.67315994787545E-03 6.68420096386813E-03 6.69506797088598E-03 6.70576954942968E-03 6.71638933408999E-03 6.72703085429242E-03 6.73788896966612E-03 0.006748918113165 6.76014423523515E-03 6.77162205852198E-03 6.78351382732861E-03 6.79591479850528E-03 6.80895920544974E-03 6.82251037305423E-03 6.83643730331142E-03 6.85057963744268E-03 6.86483568161078E-03 6.87901285146212E-03 6.89299042502911E-03 6.90670536872728E-03 6.92016954786529E-03 6.93338150191925E-03 6.94638730341079E-03 6.95916227300059E-03 6.97172080949479E-03 6.98405199169051E-03 6.99617692020619E-03 7.00811783379111E-03 7.01991283008208E-03 7.03157015350149E-03 7.04310896598744E-03 7.05454177862269E-03 7.06589646940661E-03 7.07720342725619E-03 7.08849845156146E-03
6.33893614726904E-03 6.35206926666081E-03 6.36495289258277E-03 6.37763743556111E-03 6.39016344677157E-03 6.40257326177343E-03 6.41486334958051E-03 6.42704467208167E-03 6.43913604612584E-03 6.45118145398187E-03 6.46320087292092E-03 6.47520968211604E-03 6.4871528892325E-03 6.49899337189852E-03 6.51073112584786E-03 6.5223987044674E-03 6.5340147722318E-03 6.54560618445736E-03 0.006557166178475 6.56870153981311E-03 6.58022607069299E-03 6.59178155997732E-03 6.60339331983305E-03 6.61509077407506E-03 6.62682323674337E-03 6.63854710207611E-03 6.65022771345924E-03 6.66185918403564E-03 6.67341130082658E-03 6.68486904190252E-03 6.6961866749284E-03 6.70734481468014E-03 6.71834198789009E-03 6.72923436966556E-03 6.74009766484737E-03 6.75106759694393E-03 6.76218356415027E-03 6.77350766559111E-03 6.78509649109758E-03 6.79707376153976E-03 6.80951552650671E-03 6.82252582281179E-03 6.83604001617797E-03 6.84997425187888E-03 6.86419480836721E-03 6.87860927514344E-03 6.89305779070216E-03 6.90740188553522E-03 6.92155555651902E-03 6.93549377079874E-03 6.94920096818107E-03 6.96269797739387E-03 6.97597555753481E-03 6.98903960974903E-03 7.00189150420397E-03 7.01455016616039E-03 7.02703955732681E-03 7.03939167138374E-03 7.05162047294669E-03 7.06373786851969E-03 7.07575779188411E-03 7.08770532098511E-03 7.09961089680444E-03 7.11150688667813E-03
6.34251144134725E-03 6.35616740579298E-03 6.3695903862963E-03 6.38281369321953E-03 6.3958675737847E-03 6.40878692011988E-03 6.42157636196998E-03 6.43424858063899E-03 6.44681586221338E-03 6.45930815866916E-03 6.4717362815567E-03 6.48410861162515E-03 6.49640167265081E-03 6.50859959350057E-03 6.52070187809162E-03 6.53273365672004E-03 6.54471410552635E-03 6.55667054688094E-03 6.56860919219664E-03 6.58054050002024E-03 6.59247372430696E-03 6.60443732788975E-03 6.61644779621028E-03 6.62852247640625E-03 6.64063424895955E-03 6.65274972505541E-03 6.6648280093115E-03 6.67685086330411E-03 6.68878807212009E-03 6.70062284049257E-03 6.71232237313247E-03 6.72387053283273E-03 6.73526099949745E-03 6.7465344503667E-03 6.7577511615547E-03 6.7690189793199E-03 6.78040921254247E-03 6.79200405795429E-03 6.80386506280338E-03 6.81609704062701E-03 0.006828767210869 6.84196372276876E-03 6.85564518053205E-03 6.86974487832454E-03 6.88414229427631E-03 6.8987559710938E-03 6.91344543008907E-03 6.92808048616052E-03 6.94256772049265E-03 6.95686485532525E-03 6.97094887715261E-03 6.98483083622234E-03 6.99850648702953E-03 7.01198274596553E-03 7.02526514211701E-03 7.0383732988755E-03 7.05133183809598E-03 7.06417105025756E-03 7.07690634550435E-03 7.0895472014798E-03 7.10210701160678E-03 7.11460842808013E-03 7.12708004711733E-03 7.13954925059762E-03
6.34707873634497E-03 6.36137635278333E-03 6.37545267024582E-03 6.38933065922638E-03 6.40303207737756E-03 6.41658616357581E-03 0.006429997307226 6.44327664580107E-03 6.45643451823177E-03 6.46949193587936E-03 6.48245435274955E-03 6.49532857522972E-03 6.50810566560079E-03 6.52078275965098E-03 6.53336630231087E-03 6.54588010432237E-03 6.55834483290898E-03 6.57079030245806E-03 6.58322836119346E-03 6.59567146316563E-03 6.60812872087178E-03 6.62062056355418E-03 6.63315703182754E-03 6.64574966945657E-03 6.65837936231179E-03 6.67101349746505E-03 6.68360830898047E-03 6.69613786705805E-03 6.70857132965621E-03 6.72089193349739E-03 6.73307327842925E-03 6.74510173542166E-03 6.75697216945116E-03 6.76871955943988E-03 6.78039847352617E-03 6.79210589550394E-03 6.80392426736032E-03 6.81594404188905E-03 6.82823092049182E-03 6.84088182361499E-03 6.85395444561891E-03 6.8675249920396E-03 6.88154527494889E-03 6.89594869151033E-03 6.91062129824288E-03 6.92548944874537E-03 6.94042432493998E-03 6.95530133623872E-03 6.97003028039817E-03 6.98457104335729E-03 6.99890840198321E-03 7.01305226244907E-03 7.02700514697799E-03 7.04077490188786E-03 7.05437087722412E-03 7.06781614144364E-03 7.08114083079949E-03 7.09437187100268E-03 7.10752578744733E-03 7.12060778263554E-03 7.13363132205477E-03 7.14661836390293E-03 7.15959541896156E-03 7.17258178477734E-03
6.35282297121318E-03 6.3678931187791E-03 6.38275039108932E-03 6.39741022959603E-03 6.41188838134238E-03 6.4262057203754E-03 6.44036590836823E-03 0.006454379255461 6.46825469088138E-03 6.48200642992643E-03 6.49563714113322E-03 6.50915235575933E-03 6.52255105573028E-03 6.53584064991878E-03 6.54903560029218E-03 6.56216111856674E-03 6.5752408744601E-03 6.58830668852989E-03 6.60137364548287E-03 6.61445672414825E-03 6.62756630186654E-03 6.64071800255261E-03 6.65391622914737E-03 6.66716981044221E-03 6.68045701449422E-03 6.69373871498046E-03 6.70696753368529E-03 6.72011380233188E-03 6.7331455704855E-03 6.74604742720592E-03 6.75879622865747E-03 6.77138100571582E-03 6.78380264931745E-03 6.79609930597375E-03 6.80832679659374E-03 6.82058024765799E-03 6.83294496007866E-03 6.84550957676807E-03 6.85834064030224E-03 6.87153055125237E-03 6.88512975851367E-03 6.8991887305037E-03 6.91364065938586E-03 6.92841846957343E-03 6.94341433320435E-03 6.95855597941117E-03 6.97371690366484E-03 6.98878642883511E-03 7.00368324002735E-03 7.01837901489311E-03 7.0328699511298E-03 7.04717015169959E-03 7.06129040839006E-03 7.07524232008921E-03 7.08904188431953E-03 7.10272050112338E-03 7.11631263936908E-03 7.12984089278556E-03 7.14332110519064E-03 7.1567570846696E-03 7.17016427117097E-03 7.18356249981508E-03 7.19697441174238E-03 7.21040880058123E-03
6.35996922727718E-03 6.37595083676455E-03 6.39172544720338E-03 6.40730129644184E-03 6.42268903914602E-03 6.43790153095785E-03 6.45294382257576E-03 6.46782418345998E-03 6.48254953940821E-03 6.49712884079111E-03 6.51156441212997E-03 6.52586005039887E-03 6.54002131422557E-03 6.55406306705634E-03 6.5680063914128E-03 6.5818792030404E-03 6.59570906368614E-03 6.60952977927764E-03 6.62335945603219E-03 6.63721503929995E-03 6.65110845783074E-03 6.66505313286441E-03 6.67904834228518E-03 6.69309893125047E-03 6.70717061331114E-03 6.72121373330019E-03 6.73517740523461E-03 6.74903101509053E-03 6.76274104049009E-03 6.77629424461795E-03 6.78966878722403E-03 6.80285944623502E-03 6.81587919105277E-03 6.82877585280092E-03 6.84160855131243E-03 6.85447601819395E-03 6.86745795076652E-03 6.88063638138956E-03 6.89407451923604E-03 6.90785793306212E-03 6.92201925724668E-03 6.93658585771352E-03 6.95148425163016E-03 6.96663735036165E-03 6.98194446720283E-03 6.99733410778938E-03 0.007012694601595 7.02791621662547E-03 7.0429333600107E-03 0.007057728673339 7.07230936552488E-03 7.08669339196183E-03 7.10090619558296E-03 7.11496219783005E-03 7.12889397117105E-03 7.14273786981206E-03 7.15652892333722E-03 7.17028205252885E-03 7.18401780562627E-03 7.1977363741272E-03 7.21145534867979E-03 7.22519441159747E-03 7.23897040083174E-03 7.25278141882598E-03
6.36882361316317E-03 6.38586400918088E-03 6.40270138538796E-03 6.41933698939285E-03 6.43577594618739E-03 6.45202484858021E-03 6.46808835196045E-03 6.48397313279376E-03 6.49968467926523E-03 6.5152282530564E-03 6.53060606680289E-03 6.54582107785085E-03 6.56088436877687E-03 6.57581824845158E-03 6.59064927756429E-03 6.60540795197213E-03 6.62012504300815E-03 6.6348342892883E-03 6.6495558311333E-03 6.66431044690827E-03 6.67911188462851E-03 6.6939716252888E-03 6.70888433700622E-03 6.72384509691497E-03 6.73880116538121E-03 6.7536925259897E-03 6.76846405969397E-03 6.7830836754879E-03 6.79751950209132E-03 6.81175941648325E-03 6.82578427130252E-03 6.8396024566261E-03 6.85324184045141E-03 6.86676170748449E-03 6.88022820797085E-03 6.89374056407512E-03 6.9073679021223E-03 6.9211857778969E-03 6.93524973464942E-03 6.94962997417914E-03 6.96434001469291E-03 6.9793821985667E-03 6.99467635735539E-03 7.01014804176674E-03 7.02570769054327E-03 7.04128451269867E-03 7.05677640447635E-03 7.07208854914054E-03 7.08717360405616E-03 7.10202057935354E-03 7.11664493748814E-03 7.13107106668795E-03 7.14533391626915E-03 7.15945636297583E-03 7.17348740322079E-03 7.18745978591186E-03 7.20140494959537E-03 7.21533474309472E-03 7.22927318928305E-03 7.24321951379133E-03 7.25719604305885E-03 7.27121491705556E-03 7.2852872724667E-03 7.29940574882701E-03
6.3797630421406E-03 6.3980204653094E-03 6.41607578305186E-03 6.43392282846692E-03 6.45156155126881E-03 6.46899271879785E-03 6.48622034009575E-03 6.50324934253326E-03 6.52008486147549E-03 6.53672909565015E-03 0.006553185906318 6.56945748490977E-03 6.58556171877818E-03 6.60152762922156E-03 6.61738508462839E-03 6.63316500088572E-03 6.64889891285432E-03 6.66462082601505E-03 6.68035433296142E-03 6.69612212063055E-03 6.71193726478469E-03 6.72780921617485E-03 6.74372476476633E-03 6.7596718028598E-03 6.77557898733025E-03 6.79136861782847E-03 6.80697660609784E-03 6.82237543227991E-03 6.83753924689365E-03 6.85246114964029E-03 6.86713452326945E-03 0.006881578572028 6.89583090172535E-03 6.9099645917934E-03 6.9240509858801E-03 6.93819554873024E-03 6.95245966882413E-03 6.9669017967464E-03 6.98155780904804E-03 6.9964836016378E-03 7.01168098256443E-03 7.02712408262857E-03 7.04273947915638E-03 7.05845272869708E-03 7.07419040820697E-03 7.08988261700828E-03 7.10544971685177E-03 7.12080090057091E-03 7.13590310237114E-03 7.15075951004436E-03 7.16540355644762E-03 7.17986059626135E-03 7.1941710516751E-03 7.20836067615874E-03 7.2224786969317E-03 7.23655886901699E-03 7.25063695732868E-03 7.26471958741165E-03 7.27882881552209E-03 7.2929621850157E-03 7.3071390449012E-03 7.32137212035649E-03 7.33567525586374E-03 7.35003736429102E-03
6.39326520719554E-03 6.41290718611855E-03 6.43234335460488E-03 6.45156036525678E-03 6.47055321160701E-03 6.48931755553959E-03 6.50785620568647E-03 6.52617309822183E-03 6.5442722723592E-03 6.56215444495284E-03 6.57982561555222E-03 6.59728990076159E-03 6.61457276999084E-03 6.63170848469278E-03 6.64872691462456E-03 6.66565718318618E-03 6.68253030885176E-03 6.69937960751227E-03 6.7162297489217E-03 6.73310379121663E-03 6.75001301344256E-03 6.76696537480251E-03 6.78393928681338E-03 6.80091195474879E-03 6.81778426720622E-03 6.83446405022622E-03 6.85088824067637E-03 6.86704073223608E-03 6.88290140778575E-03 6.89847283415165E-03 6.91376022572706E-03 6.92879472993987E-03 6.94362451667642E-03 6.95833720952837E-03 6.97300781781597E-03 6.98774522742481E-03 7.0025928300447E-03 7.01759155354294E-03 7.0327606400645E-03 7.04814533837034E-03 7.06373143296335E-03 7.07947417960612E-03 7.09531037895598E-03 7.1111724392185E-03 7.12700449161981E-03 7.14273793707603E-03 7.15831265822342E-03 7.17364417292523E-03 7.18872257512393E-03 7.20356419190288E-03 7.21821688905814E-03 7.23270154165185E-03 7.24706231251633E-03 7.26132397943786E-03 7.27553222097828E-03 7.28971667899122E-03 7.3039159176933E-03 7.31813079317875E-03 7.33238184606715E-03 7.34666314995763E-03 7.36099463367098E-03 7.37538795879452E-03 7.38986148624396E-03 7.40440173256729E-03
6.40990923492743E-03 6.43111242007346E-03 6.4520987308654E-03 6.47284834923634E-03 6.49335240171814E-03 6.51360269703562E-03 6.53360145488818E-03 6.55335101355743E-03 6.57285388346932E-03 6.59211005785156E-03 6.61112969847343E-03 6.62992083993361E-03 6.64851621957923E-03 6.66695261914131E-03 6.68525574223394E-03 6.70345177133969E-03 6.72156997910983E-03 6.7396418942085E-03 6.75768971439791E-03 6.77573347615955E-03 6.79378092541252E-03 6.81184038624695E-03 6.82987991061797E-03 6.8478586583354E-03 6.86564378721333E-03 6.8831459071873E-03 6.90032149202013E-03 6.91716934736783E-03 6.9336726491157E-03 6.94984004959529E-03 6.9656832551786E-03 6.98124729237818E-03 6.99659474199113E-03 7.01182612865135E-03 7.02701322032923E-03 7.04226444259709E-03 7.05759398248195E-03 7.07303297479846E-03 7.08859954160426E-03 7.10433103130554E-03 7.12019907865443E-03 7.13613788625441E-03 7.15210096048929E-03 7.16802949400098E-03 7.18388857129088E-03 7.19960424445075E-03 7.21513744966306E-03 7.23040725151146E-03 7.24543966611995E-03 7.2602612196878E-03 7.27492162647482E-03 7.28943072428541E-03 7.30383926999028E-03 7.31816896971552E-03 7.33246497166694E-03 7.34674822714703E-03 7.36105326142832E-03 7.37537237843205E-03 7.38972923564058E-03 7.40411332357048E-03 7.41855085291912E-03 7.43305148480372E-03 7.44763229215444E-03 7.46227768886988E-03
6.43037134493261E-03 6.45331617894484E-03 6.47602306908787E-03 6.49846875155853E-03 6.52064057529958E-03 6.54252944601066E-03 6.56413603803812E-03 6.58545995374238E-03 6.60650215612617E-03 6.62726507421239E-03 6.64776126126855E-03 6.66800971257088E-03 6.68804739345813E-03 6.70790421043475E-03 6.72759927111374E-03 6.74715866604385E-03 6.76660833896442E-03 6.78597566831937E-03 6.8052759733166E-03 6.82452020939877E-03 6.84371045732879E-03 6.86285504333566E-03 6.88191869319374E-03 6.90081631005651E-03 6.91940084757056E-03 6.93762134558025E-03 6.95546053110388E-03 6.97292061504537E-03 6.98998578868435E-03 7.00666997925023E-03 7.02299084340849E-03 7.03900852588879E-03 7.05479741258961E-03 7.07045973263421E-03 7.08606863205981E-03 7.10170823744826E-03 7.1173707908699E-03 7.13310155769069E-03 7.14892781769055E-03 7.16486952551276E-03 7.18088050754611E-03 7.19689826680536E-03 7.21289364720922E-03 7.22881669169442E-03 7.24464299968116E-03 7.26029539488183E-03 7.27574605253188E-03 7.29093605177192E-03 7.30592672433645E-03 7.32073379289873E-03 7.33539792828669E-03 7.34992418027604E-03 7.36437057942016E-03 7.37875288481574E-03 7.39311735028927E-03 7.40747369571267E-03 7.42184871488697E-03 7.43623079603382E-03 7.45064555752671E-03 7.46508232849301E-03 7.47957492626309E-03 7.49412360904004E-03 7.50874015512568E-03 7.52341045035071E-03
