NongDo/Fusa 15.7h.grd
DSAA
463	323
2	464
2	324
0	10
[rows 140 to 167 of 323, columns 63 to 125 of 463]
0 0 0 0 0 0 0 0 0 0 0 0 0 0 0 0 0 0 0 0 0 0 0 0 0 0 0 0 0 0 0 0 0 0 0 0 0 4.53340877385818E-03 4.53350297500588E-03 4.53470890142568E-03 4.53682433800687E-03 4.53972961530552E-03 4.54335275326009E-03 4.54765372732155E-03 4.55261273563939E-03 4.55822803438817E-03 4.56451615807345E-03 4.57149308000585E-03 4.57918137038453E-03 4.58760035977708E-03 4.5967743364281E-03 4.6067117479219E-03 4.61741213542674E-03 4.62886044541705E-03 4.64103243831922E-03 4.65389217727832E-03 4.66738920538076E-03 4.68145385095537E-03 4.69599585071328E-03 4.71093904330509E-03 4.72620996059725E-03 4.74175404778774E-03 4.75752131585262E-03
0 0 0 0 0 0 0 0 0 0 0 0 0 0 0 0 0 0 0 0 0 0 0 0 0 0 0 0 0 0 0 0 0 0 0 0 4.54630484382436E-03 4.53907554727119E-03 0.004539585076453 4.54105906023246E-03 4.54342054889445E-03 4.54656893782637E-03 4.55043544073722E-03 4.55498165186536E-03 4.56018899732902E-03 4.56605787692928E-03 4.57260848909386E-03 4.57985730072757E-03 4.58782568597898E-03 4.59652973561682E-03 4.60599048023707E-03 4.61620928905744E-03 0.004627175417606 4.63886515399287E-03 4.65124470607802E-03 4.66426987842057E-03 4.67788186230881E-03 4.6920081315929E-03 4.70655615536939E-03 4.72145571845164E-03 4.73664115560421E-03 4.75206857113487E-03 4.76769827928926E-03
0 0 0 0 0 0 0 0 0 0 0 0 0 0 0 0 0 0 0 0 0 0 0 0 0 0 0 0 0 0 0 0 0 0 0 4.55003015202779E-03 4.54630484382436E-03 4.54485182105596E-03 4.54538964046845E-03 4.5471074809858E-03 4.54973337581978E-03 4.55314107545967E-03 4.55726149404692E-03 4.56205929268453E-03 4.56752007642166E-03 4.57364815588681E-03 4.58046746874027E-03 4.58799322827774E-03 4.59624478932235E-03 4.60523445521202E-03 4.61497844696551E-03 4.62546927703263E-03 4.63668499601136E-03 4.64859354535476E-03 4.66115243315115E-03 4.67431077157546E-03 4.68800233735258E-03 4.70215384875002E-03 4.71667424711865E-03 4.73150283077419E-03 4.74658347736564E-03 4.76188328757603E-03 4.77737399296439E-03
0 0 0 0 0 0 0 0 0 0 0 0 0 0 0 0 0 0 0 0 0 0 0 0 0 0 0 0 0 0 0 0 0 0 4.55261914880236E-03 4.55003015202779E-03 4.54931585916671E-03 4.54941143484214E-03 4.55060582748361E-03 4.55275026111352E-03 4.55571649971937E-03 4.55942281012341E-03 4.56382099859033E-03 4.56888655350561E-03 4.57461409575462E-03 4.5810131064732E-03 4.5881097809576E-03 4.59591813500638E-03 4.60445460057401E-03 4.61372748449987E-03 4.62374508264564E-03 4.63449155169287E-03 4.64593325823922E-03 4.65803112873545E-03 4.67073543180394E-03 4.68399044996654E-03 4.69772381285279E-03 4.71186408552469E-03 4.72632881906581E-03 4.74106660951404E-03 4.7560321203318E-03 4.77120177583948E-03 4.78656125443643E-03
0 0 0 0 0 0 0 0 0 0 0 0 0 0 0 0 0 0 0 0 0 0 0 0 0 0 0 0 0 0 0 0 0 4.5549145693041E-03 4.55261914880236E-03 4.55222700545053E-03 4.55253492609658E-03 4.55358437746148E-03 4.55543758856186E-03 4.55806140464034E-03 4.56140968896746E-03 4.56544355957732E-03 4.57014041826282E-03 4.57549019477552E-03 4.5814988792811E-03 4.58817999911945E-03 0.004595560966273 4.60365446354103E-03 4.61247334049807E-03 4.62202054411975E-03 4.63229451738432E-03 4.64327178623258E-03 4.6549084677396E-03 4.66716052873243E-03 4.67997197182187E-03 4.6932838732863E-03 4.7070211952159E-03 4.7211191556789E-03 4.73550716059164E-03 4.75014255082608E-03 4.76499104574206E-03 4.78003793693129E-03 4.79528115140018E-03
0 0 0 0 0 0 0 0 0 0 0 0 0 0 0 0 0 0 0 0 0 0 0 0 0 0 0 0 0 0 0 4.55544475062179E-03 4.55573788654719E-03 4.5549145693041E-03 4.55445853347343E-03 4.55484197888797E-03 4.55592215619245E-03 4.5576702740643E-03 4.56008982207956E-03 4.56317062454261E-03 4.56690129451229E-03 4.57126986796067E-03 4.57627359780215E-03 4.5819156700595E-03 4.58821159933463E-03 4.59517939234079E-03 4.60284470956549E-03 4.61121840414902E-03 4.62030901115134E-03 4.63011341962002E-03 4.64061970355441E-03 4.65179626197658E-03 4.66359331949892E-03 4.67596210249763E-03 4.6888426962125E-03 4.70217468018373E-03 4.7158863127596E-03 4.72991999620948E-03 4.74421838604623E-03 4.75874813555132E-03 4.77348497785707E-03 4.78842251648087E-03 4.8035659055043E-03
0 0 0 0 0 0 0 0 0 0 0 0 0 0 0 0 0 0 0 0 0 0 0 0 0 0 0 0 0 0 4.55652051408835E-03 4.55544475062179E-03 4.55573788654719E-03 4.55602119407395E-03 4.55662200830989E-03 4.55776694888677E-03 4.55949047943017E-03 4.56179858836729E-03 4.56469678547018E-03 4.56818775360155E-03 4.57227784930831E-03 4.57697121459396E-03 4.58227821394021E-03 4.58821118215538E-03 4.59479271289662E-03 4.6020428263014E-03 4.6099837791014E-03 4.61862451916096E-03 4.62796796570686E-03 4.6380042987448E-03 4.64871160287769E-03 4.66005241989858E-03 4.67197295177527E-03 4.68442061042779E-03 4.69733443491885E-03 4.71065588425146E-03 4.72431949069021E-03 4.73827547562263E-03 4.75247955108777E-03 4.76690676860454E-03 4.78154191742019E-03 4.79638502636364E-03 4.81144614637677E-03
0 0 0 0 0 0 0 0 0 0 0 0 0 0 0 0 0 0 0 0 0 0 0 0 0 0 0 0 0 4.55789097677805E-03 4.55652051408835E-03 4.55655214272213E-03 4.55710959322649E-03 4.55800336290283E-03 4.55928134503845E-03 4.56102293222738E-03 4.56326682828576E-03 4.56603263121375E-03 4.56933502258077E-03 4.57318640033437E-03 4.57760468478698E-03 4.5826033606465E-03 4.58820043857244E-03 4.59441368306599E-03 4.60127054610114E-03 4.60879086017184E-03 4.61699266258815E-03 4.62588095858428E-03 4.63545243935906E-03 4.64569066014659E-03 4.65656535984697E-03 4.66803440653892E-03 4.68004098477827E-03 4.69253173127767E-03 4.70544769255335E-03 4.71873448593994E-03 4.73233347954166E-03 4.74620381857174E-03 4.76031265409047E-03 4.77464317282779E-03 4.78918768268148E-03 4.80395136797513E-03 4.8189480864466E-03
0 0 0 0 0 0 0 0 0 0 0 0 0 0 0 0 0 0 0 0 0 0 0 0 0 0 0 0 0 4.55789097677805E-03 4.55787433125424E-03 4.55835832604244E-03 4.55929905696506E-03 4.56064876121211E-03 4.5624072743598E-03 4.56460261301803E-03 4.56725996881947E-03 4.57040055340936E-03 4.57404468689167E-03 4.57821125932646E-03 4.58292571481422E-03 4.58820617631251E-03 4.59407481865557E-03 4.60055234321226E-03 4.60766873898656E-03 4.61544131513453E-03 0.00462388282645 4.63299331217768E-03 4.64276293958114E-03 4.65316933350899E-03 4.66417519978719E-03 4.67573541335426E-03 4.68779204982446E-03 4.70029368861898E-03 4.7131854412386E-03 4.72641826527884E-03 4.73994114093639E-03 4.75372215950736E-03 4.76773851908849E-03 4.78198038950229E-03 4.79644637315466E-03 4.8111457677629E-03 4.82609560032856E-03
0 0 0 0 0 0 0 0 0 0 0 0 0 0 0 0 0 0 0 0 0 0 0 0 0 0 0 0 4.56201601243414E-03 4.55957756641751E-03 4.5599572378367E-03 4.5607971122018E-03 4.5620864930663E-03 4.56379790269219E-03 4.56592132853058E-03 4.56846836624956E-03 4.5714569379109E-03 4.57490740139615E-03 4.57884320407718E-03 4.58328675579401E-03 4.58826752410356E-03 4.59380570799081E-03 4.59992514106024E-03 4.60664747104727E-03 4.61400248278936E-03 4.62200407492142E-03 4.63065872015408E-03 4.63996103798237E-03 4.64989517564152E-03 4.66043355673824E-03 4.67153347911972E-03 4.6831484303704E-03 4.69522220181179E-03 4.70770679071378E-03 4.72055264509463E-03 4.73371673066868E-03 4.74715665295569E-03 4.76084830871576E-03 4.77477746925907E-03 4.78894021026782E-03 4.80334029588553E-03 4.81799052048789E-03 4.83291067628421E-03
0 0 0 0 0 0 0 0 0 0 0 0 0 0 0 0 0 0 0 0 0 0 0 0 0 0 0 0 4.56201601243414E-03 4.56196293803727E-03 4.56260517996827E-03 4.56374036460494E-03 4.56532457033487E-03 4.56732914153467E-03 4.5697426283286E-03 4.57257141795879E-03 4.57583170636175E-03 4.5795435415712E-03 4.58373234556367E-03 4.58842177066837E-03 4.59364264833088E-03 4.59941535114375E-03 4.60576394671405E-03 4.61270927423673E-03 4.62027868877247E-03 4.62848175268726E-03 4.63731851979107E-03 4.64677868968328E-03 4.65684090348431E-03 4.66747346963016E-03 4.67863024739204E-03 4.6902655811849E-03 4.70232700638175E-03 4.71477095643342E-03 4.72755389043984E-03 4.74063933750746E-03 4.75399348708929E-03 4.76759884055406E-03 4.78144827393863E-03 4.79554265793071E-03 4.8098901402367E-03 4.82450650487686E-03 4.83941397262868E-03
0 0 0 0 0 0 0 0 0 0 0 0 0 0 0 0 0 0 0 0 0 0 0 0 0 0 0 4.56729784877997E-03 4.56434034658704E-03 4.56473683100513E-03 4.56566406119558E-03 4.56706623062212E-03 4.56890425010208E-03 4.57115232316601E-03 4.57380353633704E-03 4.57686523441615E-03 4.5803546481536E-03 4.58429221194522E-03 4.58870391874035E-03 4.59361382776438E-03 4.59905135318011E-03 4.60503617639527E-03 4.61159140022492E-03 4.61873605085244E-03 4.62649291881403E-03 4.63486693088848E-03 0.00464385245845 4.65343461232389E-03 4.6635875757717E-03 4.67427700276695E-03 4.68545593955547E-03 4.69708083019411E-03 4.70910469364596E-03 4.72148913941006E-03 0.004734196862743 4.74719793097502E-03 4.76046639425028E-03 4.77399064998649E-03 4.78776908893881E-03 4.80180668435432E-03 4.81611525877631E-03 4.83071322834148E-03 4.84562492743625E-03
0 0 0 0 0 0 0 0 0 0 0 0 0 0 0 0 0 0 0 0 0 0 0 0 0 0 0 4.56729784877997E-03 4.56722207755292E-03 4.56787627342866E-03 4.56905052631278E-03 4.57068451751572E-03 4.5727385853141E-03 4.57519193193503E-03 4.57804404908875E-03 4.58130506200728E-03 4.58499413707029E-03 4.58913160022461E-03 4.5937432073181E-03 4.5988518403487E-03 4.60448449489372E-03 4.61065992899738E-03 4.61739892431059E-03 4.6247171934384E-03 4.63263233113784E-03 4.64114517428127E-03 4.6502446967023E-03 4.65991221835234E-03 4.67011899500707E-03 4.6808301424422E-03 4.6919997341618E-03 4.70358779194077E-03 4.71555357747525E-03 4.72786414808878E-03 4.74048856554055E-03 4.75340319061654E-03 4.76658891808329E-03 4.78003906143887E-03 4.79375662210908E-03 4.80774996716098E-03 4.82203395024126E-03 4.83662927886533E-03 4.85156241157418E-03
0 0 0 0 0 0 0 0 0 0 0 0 0 0 0 0 0 0 0 0 0 0 0 0 0 0 4.57318121784113E-03 4.56998475169553E-03 4.57036428200424E-03 4.5712758346846E-03 4.57267434199341E-03 4.57451206031184E-03 4.5767537725025E-03 4.57938421610627E-03 4.58241105286972E-03 4.58584782702703E-03 4.58971518635247E-03 4.59403287545802E-03 4.59882567568295E-03 4.60411405918188E-03 4.60992254809009E-03 4.61626762838709E-03 4.62316675984228E-03 4.63063186753363E-03 4.63867599476473E-03 4.64729551012331E-03 4.65647447478316E-03 4.66619190365931E-03 4.67641814219653E-03 4.68711958255954E-03 4.69825252604635E-03 4.70978204127655E-03 4.72167364011467E-03 4.73390019894245E-03 4.74643700486176E-03 4.75926614547527E-03 4.77237422241874E-03 4.78575882013658E-03 4.79942696056703E-03 4.81338956664213E-03 4.82766395060617E-03 4.84227296097862E-03 4.85724543975664E-03
0 0 0 0 0 0 0 0 0 0 0 0 0 0 0 0 0 0 0 0 0 0 0 0 0 0 4.57318121784113E-03 4.57309334288934E-03 4.5737226112668E-03 4.5748619085893E-03 4.57646013800486E-03 4.57847737507197E-03 4.58088411283309E-03 4.58367203884468E-03 4.58685670545707E-03 4.59045357420625E-03 4.59448416003764E-03 4.59896726375815E-03 4.60392568101787E-03 4.60937701886603E-03 4.61534241104827E-03 4.62183536971989E-03 4.62886997357436E-03 0.004636455011914 4.64459837571345E-03 4.6532921880158E-03 4.66251701027413E-03 4.67225141312806E-03 4.68246631819635E-03 4.69313056303942E-03 4.70420439067762E-03 4.7156586268779E-03 4.72746491541963E-03 4.73960172730894E-03 4.75205011743514E-03 4.7647973007842E-03 4.77783499746454E-03 4.79116449294232E-03 4.80479593872926E-03 4.81874225432025E-03 4.83302288787563E-03 4.84766282101472E-03 4.86269348578998E-03
0 0 0 0 0 0 0 0 0 0 0 0 0 0 0 0 0 0 0 0 0 0 0 0 0 4.57929917209841E-03 4.57600020392111E-03 4.57635236876032E-03 4.57722354829069E-03 4.57856682121266E-03 4.58034248894426E-03 4.58251978574467E-03 4.5850759057199E-03 4.58800883920178E-03 4.59134088331812E-03 4.59508814328978E-03 4.59927132047806E-03 4.60390823517038E-03 4.60901747716509E-03 4.61461518671011E-03 4.62071698461679E-03 4.62733479671206E-03 4.63447916452992E-03 4.64215690887966E-03 4.65036879977638E-03 4.65910480446159E-03 4.66834424907663E-03 4.67806630945396E-03 4.6882438078367E-03 4.69884842559636E-03 4.70984681916228E-03 4.72121458971321E-03 4.73292955451959E-03 4.74497502994254E-03 4.75733742743212E-03 4.77000857081082E-03 4.78298511249554E-03 4.79627151402875E-03 4.80987986526249E-03 4.82382519142861E-03 4.83812884492303E-03 4.85281799385418E-03 4.86792681554924E-03
0 0 0 0 0 0 0 0 0 0 0 0 0 0 0 0 0 0 0 0 0 0 0 0 0 4.57929917209841E-03 4.5791973194715E-03 4.57976128715557E-03 4.5808208336083E-03 4.5823343163334E-03 4.58426422996729E-03 4.58658511177396E-03 4.58927971546899E-03 4.59235200975655E-03 4.59582734655241E-03 4.59971966649766E-03 4.60404782778271E-03 4.60882728060977E-03 4.61407231613912E-03 4.6197978305407E-03 4.62601433319888E-03 4.63273328914009E-03 4.63996146780498E-03 4.64770322523355E-03 4.65595312079773E-03 4.66470151716716E-03 0.004673928022772 4.68361335261601E-03 4.69373297155403E-03 4.70426235648613E-03 4.71517487525315E-03 4.72645031644932E-03 4.73807218214158E-03 4.75002819874009E-03 4.76230978691234E-03 4.77491310978297E-03 4.78783929207006E-03 4.80109544042838E-03 4.81469517722376E-03 4.82865568960679E-03 4.84300029041023E-03 4.85775838486434E-03 4.87296678169573E-03
0 0 0 0 0 0 0 0 0 0 0 0 0 0 0 0 0 0 0 0 0 0 0 0 4.58651957908291E-03 4.58228053292605E-03 4.58248885707739E-03 4.58321388942028E-03 4.58443144251896E-03 0.00458609570241 4.58816804735405E-03 4.59062501713052E-03 4.59345471024522E-03 4.59666524524176E-03 4.60027972128072E-03 4.60431024153914E-03 4.6087731961793E-03 4.61368122678515E-03 4.61904603823037E-03 4.62487988198052E-03 4.63119070555305E-03 4.63798783757077E-03 4.64527516447149E-03 4.65305413534535E-03 4.66131689997746E-03 4.67005365927352E-03 4.67924597953058E-03 4.68887667157743E-03 4.69892441835138E-03 4.70936906584093E-03 4.72018969319312E-03 4.73137083436664E-03 0.004742900779507 4.75477178761701E-03 4.76697979124722E-03 4.77952514464382E-03 4.79241274067108E-03 4.80565237013152E-03 4.81925916642111E-03 4.83325236468057E-03 4.84765738703729E-03 4.8625058025491E-03 4.87783676585123E-03
0 0 0 0 0 0 0 0 0 0 0 0 0 0 0 0 0 0 0 0 0 0 0 4.58887802623115E-03 4.58651957908291E-03 4.58556713438041E-03 4.58574874268004E-03 4.58660415748756E-03 4.58797555858371E-03 4.58978971414403E-03 4.59200492697413E-03 4.59459990090374E-03 4.59756728494441E-03 4.60091511525118E-03 4.6046628586647E-03 4.60882250607225E-03 4.61340787716646E-03 4.61842946712483E-03 4.62389732088092E-03 4.62982101224831E-03 4.63620655290066E-03 4.64306041124966E-03 4.65038430774093E-03 4.6581778795719E-03 4.66643280537927E-03 4.67513953207451E-03 4.68428206168493E-03 4.69384565710237E-03 4.70381271869533E-03 4.71416759551805E-03 4.72489443001021E-03 4.73598246022267E-03 4.74742448685634E-03 4.75921723503315E-03 4.77136083148706E-03 4.78385954443766E-03 4.79672167985195E-03 4.80995971201173E-03 4.82359052694319E-03 4.83763545000512E-03 4.85212187229441E-03 4.86708340447387E-03 4.88256162511823E-03
0 0 0 0 0 0 0 0 0 0 0 0 0 0 0 0 0 0 0 0 0 0 4.59057218706178E-03 4.58887802623115E-03 4.5883179170042E-03 4.58821598732072E-03 4.58875427594175E-03 4.58984281613646E-03 4.59140112428793E-03 4.59337789508397E-03 4.59574205305962E-03 4.59847823242989E-03 4.60158365239481E-03 4.60506642027199E-03 4.60894250892061E-03 4.61322278071242E-03 4.61791893670555E-03 4.62303983966453E-03 4.62859468063284E-03 4.63459086589446E-03 4.64103231521322E-03 4.64792323180063E-03 4.65526401474104E-03 4.66305344607608E-03 4.67128354200457E-03 4.67994594459092E-03 4.68902697653015E-03 4.69851496224158E-03 4.70839633574515E-03 4.71865983819797E-03 4.72929410684847E-03 4.74029296385113E-03 4.75165362974352E-03 4.76337706090434E-03 4.77546732303672E-03 4.78793233918789E-03 4.80078368232248E-03 4.81403651089205E-03 4.82770987002434E-03 4.84182716002068E-03 4.8564175282811E-03 4.87151652948911E-03 4.88716855827643E-03
0 0 0 0 0 0 0 0 0 0 0 0 0 0 0 0 0 0 0 0 0 4.59170379107667E-03 4.59057218706178E-03 4.59023688381018E-03 4.59026248106331E-03 4.59069596568653E-03 4.59159308152577E-03 4.59293735245866E-03 4.59469642071113E-03 4.59684330857449E-03 4.59936038338043E-03 4.60223921281766E-03 4.60548150148097E-03 4.60909493804532E-03 4.61309253212001E-03 4.61748399009189E-03 4.62227916483345E-03 4.6274860208317E-03 4.63311300921847E-03 4.63916543908392E-03 4.64564555080923E-03 4.65255604454057E-03 4.65989676405793E-03 4.66766634794069E-03 4.67585789590188E-03 4.68446485381432E-03 4.69347605722887E-03 4.70288327819984E-03 4.71267704352336E-03 4.72285032527301E-03 4.73339592705927E-03 4.74431211839166E-03 4.75560030963527E-03 4.7672654913774E-03 4.77931543578313E-03 4.79176153276998E-03 4.80461846329323E-03 4.81790412209121E-03 4.83163998162588E-03 4.84585163408771E-03 4.86057006790614E-03 4.87583282478792E-03 4.89168685120449E-03
0 0 0 0 0 0 0 0 0 0 0 0 0 0 0 0 0 0 0 0 0 4.59170379107667E-03 4.59167331841012E-03 4.5918466020891E-03 4.59231478923322E-03 4.5931343152865E-03 4.59433469410906E-03 4.59591663664264E-03 4.59787067770372E-03 4.60018537420648E-03 4.60285330222992E-03 4.60587165024232E-03 4.60924558780647E-03 4.61298264018738E-03 4.61709315452831E-03 4.62158558674329E-03 4.62646837502135E-03 4.63174859042069E-03 4.63743356779724E-03 4.64352705175795E-03 4.65003019107615E-03 4.65694482351681E-03 4.66427078624079E-03 4.67200734324054E-03 4.68014937781079E-03 4.68869261838409E-03 4.69762864066779E-03 4.70695283132871E-03 4.71665970374983E-03 4.72674641024233E-03 4.73720971563629E-03 4.74805213893646E-03 4.75927896491084E-03 4.77089906305778E-03 4.78292370998663E-03 4.7953675849743E-03 4.80824829256874E-03 4.8215865257839E-03 4.83540642406539E-03 4.84973595081597E-03 4.86460822215485E-03 4.88006268443022E-03 4.89614809707779E-03
0 0 0 0 0 0 0 0 0 0 0 0 0 0 0 0 0 0 0 0 4.5950248815918E-03 4.5930344992828E-03 4.59321635133915E-03 4.59368246775301E-03 4.59445893384473E-03 4.59556441145613E-03 4.59701079000138E-03 4.59880084084835E-03 4.60093435981209E-03 4.60340735618837E-03 4.60621882336362E-03 4.60936969020722E-03 4.6128671914697E-03 4.61671802023479E-03 4.62093058727926E-03 4.62551250402899E-03 4.63047094764268E-03 4.63581194781318E-03 4.64154137592699E-03 4.64766182142663E-03 4.65417386824037E-03 4.66107910152005E-03 4.66837787881306E-03 4.67607080019927E-03 4.68415505725901E-03 4.6926290058837E-03 4.70148723310191E-03 4.71072883883699E-03 4.72035211760611E-03 4.73035831393633E-03 4.74074803126576E-03 4.75152781738641E-03 4.76270655688832E-03 4.77429680566117E-03 4.78631314391155E-03 4.79877336646746E-03 4.81169784147272E-03 4.82511010779206E-03 4.83903714149835E-03 4.85350947422442E-03 4.86856258633567E-03 4.88423770996046E-03 4.90058483304904E-03
0 0 0 0 0 0 0 0 0 0 0 0 0 0 0 0 0 0 0 4.59603955758952E-03 4.5950248815918E-03 4.59468848155638E-03 4.59497101467997E-03 4.59564624261174E-03 4.59665479749622E-03 4.59798340025334E-03 4.59963190522399E-03 4.60160168926117E-03 4.60389551794423E-03 4.60651307167012E-03 4.60945672955286E-03 4.61272951766463E-03 4.61633908333088E-03 4.62029139108693E-03 4.6245938417616E-03 4.62925294783121E-03 4.63427468633571E-03 4.63966394126099E-03 4.64542475966095E-03 4.65155906019682E-03 4.65806720461896E-03 4.6649513085254E-03 4.67221264316837E-03 4.67985383098347E-03 4.68787468696327E-03 4.69627651217972E-03 4.70505707581515E-03 4.71421920222963E-03 4.72376471726755E-03 4.7336989331814E-03 4.74402617734364E-03 4.75475670825181E-03 4.76590279755077E-03 4.77748043886792E-03 4.78950734410585E-03 4.80200427591813E-03 4.81499420838148E-03 4.82850355296069E-03 4.84256226181715E-03 4.85720352687336E-03 4.87246535365028E-03 4.88839075991574E-03 4.90503037568083E-03
0 0 0 0 0 0 0 0 0 0 0 0 0 0 0 0 0 0 0 4.59603955758952E-03 4.59601596727781E-03 4.59620980221667E-03 4.59676049255875E-03 4.59765208668935E-03 4.59886067752236E-03 4.60037533899054E-03 4.60219473634404E-03 4.60431997264484E-03 4.60675512211201E-03 4.60950193496703E-03 4.61256433105785E-03 4.61594595490571E-03 4.61965421510017E-03 4.62369456928476E-03 4.62807385040165E-03 4.63279724940947E-03 4.6378694714492E-03 4.64329408584826E-03 4.64907346813962E-03 4.65520938196344E-03 4.66170227712394E-03 4.66855537843377E-03 4.67577144036362E-03 4.68335559426692E-03 4.69131043650263E-03 4.6996404035647E-03 4.70834626921254E-03 0.004717434599289 4.72691081907463E-03 4.73678423687411E-03 4.74706251572636E-03 4.75775938317237E-03 4.7688902672434E-03 4.78047438836182E-03 4.79253240903875E-03 4.80508794855821E-03 4.81816649416081E-03 4.83179734143435E-03 4.84601354336369E-03 4.86085094335189E-03 4.87634995510215E-03 4.89255532307481E-03 4.90951843677682E-03
0 0 0 0 0 0 0 0 0 0 0 0 0 0 0 0 0 0 4.59846091304449E-03 4.59712355491036E-03 4.59733259676425E-03 4.59780503762991E-03 4.5985834593711E-03 4.59966813424299E-03 4.60104997967141E-03 4.60272331005664E-03 4.60468906301688E-03 4.60694888333909E-03 4.60950787241038E-03 4.61236858232976E-03 4.61553531701238E-03 4.61901168366838E-03 4.62280487155661E-03 4.62691948203622E-03 4.63136193522555E-03 4.63613605358606E-03 4.6412452639016E-03 4.64669210772821E-03 4.65247767267888E-03 4.6586040346957E-03 4.66507200403064E-03 4.67188655271368E-03 4.67905243453907E-03 4.6865774246399E-03 4.69446677090138E-03 4.70272833327764E-03 4.71136538619393E-03 4.72038848394252E-03 4.72980675244033E-03 4.73963325865368E-03 4.74987839811359E-03 4.76055931629439E-03 4.77169431395928E-03 4.78330563555458E-03 4.79541673266312E-03 4.80805406822256E-03 4.82124561548196E-03 4.83502344647778E-03 4.84942382862901E-03 4.86448512982694E-03 4.8802499788712E-03 4.89676498508424E-03 4.91408284193802E-03
0 0 0 0 0 0 0 0 0 0 0 0 0 0 0 0 0 0 4.59846091304449E-03 4.59843221922384E-03 4.59879984742567E-03 4.5994659876972E-03 4.60042540661753E-03 4.60167239511244E-03 4.60320170913793E-03 4.60501053169716E-03 4.60710194683212E-03 4.60947814491275E-03 4.61214472505059E-03 4.61510412373957E-03 4.61836050433594E-03 4.62191736644856E-03 4.62578155022966E-03 4.62995683991286E-03 4.63444870750687E-03 4.63925965673428E-03 4.64439220242512E-03 4.64984835752553E-03 4.65562841356879E-03 4.66173525218402E-03 4.66817078730427E-03 4.67494216648431E-03 4.68205629669944E-03 4.68952335269179E-03 4.69735111980788E-03 4.70555059268371E-03 4.71412806106322E-03 4.72309782733908E-03 4.73247240156629E-03 4.74226808652757E-03 4.75249811440047E-03 4.76318277705432E-03 4.77434288661501E-03 4.78600348809517E-03 4.79819073491392E-03 4.8109339829218E-03 4.82426380715238E-03 4.83821509602595E-03 4.85282678904866E-03 4.86813987704118E-03 4.88419935708942E-03 4.90105406581502E-03 4.9187580024131E-03
0 0 0 0 0 0 0 0 0 0 0 0 0 0 0 0 0 4.60087814133573E-03 4.59957287045836E-03 4.59979537384396E-03 4.60032922600295E-03 4.60115475418378E-03 4.60226203906574E-03 4.60364392968263E-03 4.60529719975929E-03 4.60722103339022E-03 4.60941962966516E-03 4.61189568188636E-03 4.61465424148686E-03 4.61769760027443E-03 4.62102937892368E-03 4.62465297085083E-03 4.62857423010479E-03 4.63279665058309E-03 4.63732349287673E-03 4.64215709484919E-03 4.64729936540958E-03 4.65275265139014E-03 4.65851687628314E-03 4.66459625194194E-03 4.6709948400768E-03 4.67772167406507E-03 4.68478590093444E-03 4.69219957553779E-03 4.69997324390017E-03 4.70812018868284E-03 4.71665112853922E-03 4.72558270902751E-03 4.73493062803306E-03 4.74471369530706E-03 4.75494877565545E-03 4.7656585951221E-03 4.77686618861998E-03 4.78859927556894E-03 4.80088665619552E-03 4.81376068775948E-03 4.82725460326849E-03 4.84140638709315E-03 4.85625646541732E-03 4.87184923200466E-03 4.88823214450607E-03 4.9054569091383E-03 4.92357828144026E-03
