NongDo/Fusa 10.6h.grd
DSAA
463	323
2	464
2	324
0	10
[rows 140 to 167 of 323, columns 192 to 255 of 463]
3.00419299481492E-06 3.20929853364032E-06 3.39514211412698E-06 3.55557916692016E-06 3.68464792066177E-06 3.7768502118342E-06 3.8276295246992E-06 3.83376842039002E-06 3.79367934742762E-06 3.70759059852408E-06 3.57761190989078E-06 3.40770517595823E-06 3.20345218056411E-06 2.97169449510944E-06 2.72008933346642E-06 2.45659523859258E-06 2.18896086517703E-06 1.92426015917065E-06 1.66865982322056E-06 1.42717958151761E-06 1.2036455727007E-06 1.00067512574326E-06 8.19762733380647E-07 6.61401275858174E-07 5.25270676395583E-07 4.10413602706934E-07 3.15385810646103E-07 2.3840673498273E-07 1.7730680294299E-07 1.29745203718662E-07 9.34281397738999E-08 6.62226210614305E-08 4.62328217567254E-08 3.18144061942844E-08 2.16017239003804E-08 1.44838896850381E-08 9.60241213447434E-09 6.30381233803575E-09 4.10367968564292E-09 2.64919864998443E-09 1.69657879062016E-09 1.07829118025061E-09 6.80772955444469E-10 4.27612683922515E-10 2.68795077997636E-10 1.72351100345719E-10 1.18311323404399E-10 7.98127476341618E-11 0 0 0 0 0 0 0 0 0 0 0 0 0 0 0 0
3.97843405867183E-06 4.21832322153856E-06 4.42857339981678E-06 4.60178731076997E-06 4.7310496978488E-06 4.81029122745995E-06 4.83495530589539E-06 4.80235223815318E-06 4.71194286328849E-06 4.56547343892248E-06 4.36699342999472E-06 4.1227175440872E-06 3.84066251757939E-06 3.53011956024236E-06 3.20106799918583E-06 2.86352392264434E-06 2.52691006055858E-06 2.19950903274981E-06 1.88824796715063E-06 1.59847619923291E-06 1.33400476913512E-06 1.09715551988367E-06 8.88898839076451E-07 7.0904435344515E-07 5.56509613883145E-07 4.29554929686577E-07 3.2598272535205E-07 2.43326615176139E-07 1.78710220230964E-07 1.29143087784141E-07 9.18436439014435E-08 6.43098602144062E-08 4.43749427074401E-08 3.02011384577219E-08 2.03005793433229E-08 1.34893356182985E-08 8.87497917819062E-09 5.79145994670219E-09 3.754307127922E-09 2.41624003383197E-09 1.5439264631932E-09 9.80520810881051E-10 6.19997615038034E-10 3.92025313040013E-10 2.52255414901922E-10 1.73871938527036E-10 1.18311323404399E-10 0 0 0 0 0 0 0 0 0 0 0 0 0 0 0 0 0
5.20522467765355E-06 5.47760295981125E-06 5.70667101198067E-06 5.88382670494743E-06 6.00132378184122E-06 6.05287284445359E-06 6.03444389315206E-06 5.94438888817488E-06 5.78379374506183E-06 5.5565233840767E-06 5.26918251257107E-06 4.93083807465411E-06 4.55250447807573E-06 4.14635996881701E-06 3.72502428361103E-06 3.30076202291946E-06 2.88473414667739E-06 2.48636934034445E-06 2.11318370185463E-06 1.77061695612506E-06 1.46219429379847E-06 1.18966943921647E-06 9.53217629682855E-07 7.51713562881054E-07 5.83092154052317E-07 4.44640249433792E-07 3.33251973561774E-07 2.45659272525215E-07 1.78202068560561E-07 1.27193533578853E-07 8.93585002889032E-08 6.18318210626124E-08 4.2188517290665E-08 2.84154693236806E-08 1.89225482378722E-08 1.24718454389195E-08 8.15158888297398E-09 5.29376834650364E-09 3.42135766700545E-09 2.19772875750006E-09 1.40284911733301E-09 8.92236058146067E-10 5.68365735920404E-10 3.68206992352352E-10 2.5429938511283E-10 1.73871938527036E-10 0 0 0 0 0 0 0 0 0 0 0 0 0 0 0 0 0 0
6.73204554170899E-06 7.03090709235167E-06 7.26886209429054E-06 7.43632991639222E-06 7.52515782466984E-06 7.52936545008743E-06 7.44599412707111E-06 7.27505735567105E-06 7.01996907143495E-06 6.68746297604631E-06 6.28745301923289E-06 5.83250731162685E-06 5.33720680321322E-06 4.81705805363354E-06 4.28760850910026E-06 3.76348723773962E-06 3.25755463406294E-06 2.78023015702412E-06 2.33934020651881E-06 1.94008501170126E-06 1.58535544808765E-06 1.27600664029785E-06 1.01110359551988E-06 7.88308528062818E-07 6.04342603050454E-07 4.55326438119374E-07 3.37095361866795E-07 2.45447039573883E-07 1.75891910768589E-07 1.24030913827372E-07 8.61063580447717E-08 5.89073643865485E-08 3.97695775125932E-08 2.65279284934467E-08 1.75142595497861E-08 1.14617849477654E-08 7.45062496782801E-09 4.82063841395514E-09 3.10883067115244E-09 1.99567030508977E-09 1.27545366657213E-09 8.16999080220595E-10 5.33466852076685E-10 3.71121618036402E-10 2.5429938511283E-10 0 0 0 0 0 0 0 0 0 0 0 0 0 0 0 0 0 0 0
8.6116802524748E-06 8.92617497768659E-06 9.15759523966378E-06 9.29585192469575E-06 9.33317161627961E-06 9.264525590251E-06 9.08860171087844E-06 8.80790635850514E-06 8.4290287651834E-06 7.96248470435032E-06 7.42237167130913E-06 6.82548194307875E-06 6.19048488634501E-06 5.53662297427936E-06 4.88259083929063E-06 4.24540073878749E-06 3.63942859738293E-06 3.07577610485189E-06 2.56219129398113E-06 2.10320692624116E-06 1.70065508381285E-06 1.35409444820408E-06 1.06114003937364E-06 8.17951513327101E-07 6.19800819004996E-07 4.61455299304565E-07 3.37546461557991E-07 2.4282147270598E-07 1.71941096528577E-07 1.19820555920808E-07 8.22392288782518E-08 5.56607057171117E-08 3.72099627331381E-08 2.46026109485053E-08 1.61194340743166E-08 1.04862735248099E-08 6.7878965642929E-09 4.38129719268807E-09 2.82331496179287E-09 1.81593236397048E-09 1.16932392853932E-09 7.67626031653952E-10 5.37553563862746E-10 3.71121618036402E-10 0 0 0 0 0 0 0 0 0 0 0 0 0 0 0 0 0 0 0 0
1.09021878367034E-05 1.12152913174084E-05 1.14182355076031E-05 1.15009813727837E-05 1.14567950276048E-05 1.12825400437907E-05 1.09795811533509E-05 1.05539864001503E-05 1.00165695323833E-05 9.38262272364728E-06 8.67129724999844E-06 7.90441936786981E-06 7.10527209720546E-06 6.29713330348525E-06 5.50189410604523E-06 4.73884176284702E-06 4.02351840254644E-06 3.36720187712062E-06 2.77702776298189E-06 2.25634132843715E-06 1.80543951547066E-06 1.42212862894135E-06 1.10221700726071E-06 8.40069258205672E-07 6.29275374319386E-07 4.63087687365148E-07 3.34811454164426E-07 2.38041949010463E-07 1.66598305646095E-07 1.14790350246672E-07 7.79463293004474E-08 5.22342117537515E-08 3.46079785678863E-08 2.27048861009289E-08 1.47804728668971E-08 9.56981128983655E-09 6.17766351223467E-09 3.98498235602353E-09 2.5735310162666E-09 1.66900373758557E-09 1.1021863189345E-09 7.75026100215286E-10 5.37553563862746E-10 0 0 0 0 0 0 0 0 0 0 0 0 0 0 0 0 0 0 0 0 0
1.36632688999998E-05 1.39499629213244E-05 1.40941621422067E-05 1.40866936544206E-05 1.39227413326159E-05 1.3602210568078E-05 1.31304591966309E-05 1.25184141781446E-05 1.1782373375391E-05 1.09434867752891E-05 1.00268407515849E-05 9.06002556872328E-06 8.07138273736393E-06 7.08834707289603E-06 6.13587280517268E-06 5.23521109370021E-06 4.40253291572089E-06 3.64860992551218E-06 2.97930287450016E-06 2.39615757989528E-06 1.89741887069563E-06 1.47869531920888E-06 1.13360906978406E-06 8.54421049303299E-07 6.32835144610886E-07 4.60455120441866E-07 3.29183762615155E-07 2.31425276390453E-07 1.60177697154607E-07 1.09202495391023E-07 7.34239831200063E-08 4.87666747927214E-08 3.20583487217127E-08 2.08944560036549E-08 1.35317030793883E-08 8.73306689973588E-09 5.63402111503037E-09 3.64432789375502E-09 2.37519228744638E-09 1.57978668279441E-09 1.11649643607365E-09 7.75026100215286E-10 0 0 0 0 0 0 0 0 0 0 0 0 0 0 0 0 0 0 0 0 0 0
1.6954333795783E-05 1.7179674659194E-05 1.72247006263537E-05 1.70823224007232E-05 1.67510115679981E-05 1.62350960632916E-05 1.55454083805923E-05 1.46991758749323E-05 1.37195267010379E-05 1.26346491710374E-05 1.14764801321214E-05 1.02789237770317E-05 9.07559800119493E-06 7.89795696784169E-06 6.77363499897384E-06 5.72532507595072E-06 4.76908317988462E-06 3.91433456260018E-06 3.16491003417331E-06 2.51987844589279E-06 1.97487787790612E-06 1.52291065460188E-06 1.15504175596813E-06 8.61128288288516E-07 6.30829840547502E-07 4.53999993124977E-07 3.21097135581544E-07 2.23364812367469E-07 1.53015765087676E-07 1.03309448311763E-07 6.884762844312E-08 4.53741982925665E-08 2.96351364901501E-08 1.9213021742959E-08 1.2394876879628E-08 7.99164846795568E-09 5.1739588393399E-09 3.38091922112116E-09 2.26261293901212E-09 1.60672677381816E-09 1.11649643607365E-09 0 0 0 0 0 0 0 0 0 0 0 0 0 0 0 0 0 0 0 0 0 0 0
2.08321668478837E-05 2.09495527573368E-05 2.08435117018253E-05 2.05106375960132E-05 1.99544362055628E-05 1.91853413901124E-05 1.82212812935697E-05 1.70873849861139E-05 1.58150271712115E-05 1.44405706124948E-05 1.30035727031289E-05 1.15446247239149E-05 1.01025476734057E-05 8.71238451871178E-06 7.40374986007745E-06 6.19998128875162E-06 5.11610638923302E-06 4.15925156621358E-06 3.33038762079084E-06 2.62540542737456E-06 2.03677683193913E-06 1.55446751591335E-06 1.16667332847873E-06 8.60625753218641E-07 6.23818074841897E-07 4.44294851415633E-07 3.11072034693189E-07 2.14283701564013E-07 1.45428268333513E-07 9.73374182238738E-08 6.43685617026791E-08 4.21493587423657E-08 2.73888692501557E-08 1.76877948155665E-08 1.13889266951512E-08 7.3696993778929E-09 4.83937579909169E-09 3.24772284170034E-09 2.31655629237377E-09 1.60672677381816E-09 0 0 0 0 0 0 0 0 0 0 0 0 0 0 0 0 0 0 0 0 0 0 0 0
2.5348234229863E-05 2.52978128716423E-05 2.49762613091293E-05 2.43857947790236E-05 2.35369580510921E-05 2.24482768520241E-05 2.11466336313803E-05 1.96667213814721E-05 1.80495359952321E-05 1.63406022609699E-05 1.4587620479031E-05 1.28379449346777E-05 1.11351842132177E-05 9.51721077014115E-06 8.01463883272053E-06 6.65033761726747E-06 5.43719895748126E-06 4.37902383395437E-06 3.47307015606407E-06 2.71137639149783E-06 2.08271797306972E-06 1.57359314158257E-06 1.1690775198629E-06 8.53649393533339E-07 6.12556948788819E-07 4.32030540711788E-07 2.9968224239953E-07 2.04615377912418E-07 1.37714548261588E-07 9.14844358188453E-08 6.01112517030506E-08 3.91633752047004E-08 2.53552599043744E-08 1.6337315148414E-08 1.05320921093225E-08 6.90983538927978E-09 4.74264898166427E-09 3.36761169578054E-09 2.31655629237377E-09 0 0 0 0 0 0 0 0 0 0 0 0 0 0 0 0 0 0 0 0 0 0 0 0 0
3.05453303654702E-05 3.02528641570006E-05 2.96381989963655E-05 2.87114520616513E-05 2.74924684503868E-05 2.60100351165541E-05 2.43019234191563E-05 2.2414051591276E-05 2.03982915637665E-05 1.83100985835927E-05 1.62054750098861E-05 1.41381959633175E-05 1.21558809869598E-05 1.0298132743005E-05 8.59526415260851E-06 7.06832590279571E-06 5.72684447278861E-06 4.57021726754192E-06 3.59113223523005E-06 2.77714001804597E-06 2.11284816955949E-06 1.58091927962342E-06 1.16312304842451E-06 8.41126237795655E-07 5.97914366405837E-07 4.179391334652E-07 2.87493976046575E-07 1.94766637357035E-07 1.30147697350928E-07 8.59209483647295E-08 5.61763102154463E-08 3.64757137419185E-08 2.35698998470245E-08 1.51800344720209E-08 9.84211847607558E-09 6.6873979004379E-09 5.23572056216072E-09 3.36761169578054E-09 0 0 0 0 0 0 0 0 0 0 0 0 0 0 0 0 0 0 0 0 0 0 0 0 0 0
3.64544110984309E-05 3.58306722408605E-05 3.48321233544645E-05 3.34793303862833E-05 3.18038688991859E-05 2.98470668516047E-05 2.76595317663215E-05 2.52998882203553E-05 2.28318349188515E-05 2.03212209993387E-05 1.78321666173193E-05 1.54240031123667E-05 1.31471557574205E-05 1.10415083036295E-05 9.13556025973714E-06 7.44699199741881E-06 5.98064988175499E-06 4.7304245409008E-06 3.68360522768138E-06 2.82272081860517E-06 2.12782123777298E-06 1.57743883337832E-06 1.14991386381083E-06 8.24126611129963E-07 5.80826021348205E-07 4.02771876109019E-07 2.7506231859215E-07 1.85119423834175E-07 1.22968017397842E-07 8.07853158650098E-08 5.2646336107805E-08 3.41499498194228E-08 2.20912791555125E-08 1.42455871399819E-08 9.32422008409298E-09 6.71549734143313E-09 6.49820151128737E-09 0 0 0 0 0 0 0 0 0 0 0 0 0 0 0 0 0 0 0 0 0 0 0 0 0 0 0
4.30919874756786E-05 4.20329506427037E-05 4.05474182294555E-05 3.86691038250523E-05 3.64437387338213E-05 3.39274315974672E-05 3.11854635549123E-05 2.82903607508131E-05 2.53181537585777E-05 2.23450607067347E-05 1.94427067921388E-05 1.66747949021965E-05 1.40928711818529E-05 1.17352567913764E-05 9.62693863183011E-06 7.78076846666484E-06 6.19548511359127E-06 4.85825291015511E-06 3.75028792012604E-06 2.84867837676083E-06 2.12863158956704E-06 1.56436154167193E-06 1.13070206331717E-06 8.0377297633621E-07 5.62208888857477E-07 3.87235614024531E-07 2.6290598876822E-07 1.76012531767714E-07 1.16368682578237E-07 7.61840403017356E-08 4.9598795277623E-08 3.22976646256528E-08 2.10942297288731E-08 1.36202047063949E-08 8.96046893712139E-09 6.5895264485109E-09 6.49820151128737E-09 0 0 0 0 0 0 0 0 0 0 0 0 0 0 0 0 0 0 0 0 0 0 0 0 0 0 0
5.04577044505743E-05 4.88455534545092E-05 4.67590563257991E-05 4.42478776635747E-05 4.13743946133028E-05 3.82114518629067E-05 3.4840349039024E-05 3.13483239342893E-05 2.78238052097944E-05 2.43527696606829E-05 2.1013168873186E-05 1.78716332659818E-05 1.49788527563007E-05 1.23693972191222E-05 1.00627968617543E-05 8.06573081996118E-06 6.36945302247212E-06 4.95318290109234E-06 3.79161537007168E-06 2.85605050729638E-06 2.11659964507991E-06 1.5430707032618E-06 1.10677926242657E-06 7.81141421768123E-07 5.42894618695363E-07 3.71942863173017E-07 2.51457633768983E-07 1.67706726620648E-07 1.10475140566172E-07 7.21783225262009E-08 4.71078484008459E-08 3.11458890363499E-08 2.1153393869026E-08 1.35063742617176E-08 8.96046893712139E-09 6.5895264485109E-09 0 0 0 0 0 0 0 0 0 0 0 0 0 0 0 0 0 0 0 0 0 0 0 0 0 0 0 0
5.85340235719338E-05 5.6238847571241E-05 5.34287937636753E-05 5.01720983526309E-05 4.65499490083444E-05 4.26536812323377E-05 3.85814057107779E-05 3.44352163672445E-05 3.03153974557652E-05 2.63166386206541E-05 2.25215375569039E-05 1.8997765848958E-05 1.57930635281211E-05 1.29359884049691E-05 1.04385785479005E-05 8.29955460884641E-06 6.50164175229692E-06 5.0153854489254E-06 3.80852130207145E-06 2.84622892403148E-06 2.0932957855533E-06 1.51503916824317E-06 1.0793662649067E-06 7.57193553459103E-07 5.23591155004103E-07 3.57368689892639E-07 2.40999201816525E-07 1.60351787119216E-07 1.05347766021232E-07 6.87974179048138E-08 4.52574810822015E-08 3.11394339384781E-08 2.44933004237409E-08 1.35063742617176E-08 0 0 0 0 0 0 0 0 0 0 0 0 0 0 0 0 0 0 0 0 0 0 0 0 0 0 0 0 0 0
6.72851871749236E-05 6.4167435194207E-05 6.0505445754466E-05 5.63882839038112E-05 5.19175039911249E-05 4.72043345895542E-05 4.23638809118769E-05 3.75124612146851E-05 3.27608954609583E-05 2.82111212779617E-05 2.39483001326181E-05 2.00389087389096E-05 1.65256063146305E-05 1.34287370833541E-05 1.07510473753437E-05 8.48105430716415E-06 6.5921232652972E-06 5.04581125511128E-06 3.80247222892093E-06 2.82090724165218E-06 2.06039403669103E-06 1.48172019049831E-06 1.04959159424247E-06 7.3277151268729E-07 5.04868840118947E-07 3.43855992759625E-07 2.31700698037765E-07 1.54035342496656E-07 1.01028133040372E-07 6.6081778132008E-08 4.40669951551747E-08 3.22064240247904E-08 3.11883182208982E-08 0 0 0 0 0 0 0 0 0 0 0 0 0 0 0 0 0 0 0 0 0 0 0 0 0 0 0 0 0 0 0
7.66574737911609E-05 7.25711830217139E-05 6.792646794739E-05 6.28350842441118E-05 5.74196996577767E-05 5.18118312414502E-05 4.61433245548614E-05 4.05433435658775E-05 3.51312720146006E-05 3.00141266565868E-05 2.52773547400427E-05 2.09838370292965E-05 1.71690674178378E-05 1.38432585505555E-05 1.09980476819488E-05 8.60978074403184E-06 6.64158627374229E-06 5.04590209626858E-06 3.77530754552838E-06 2.7819170247712E-06 2.01946010073071E-06 1.44437908554688E-06 1.01842862494783E-06 7.08528473170691E-07 4.87110270862094E-07 3.31577341625179E-07 2.236200776153E-07 1.48828973164242E-07 9.7702809603796E-08 6.43228126665573E-08 4.36696552358385E-08 3.23444709250483E-08 3.11883182208982E-08 0 0 0 0 0 0 0 0 0 0 0 0 0 0 0 0 0 0 0 0 0 0 0 0 0 0 0 0 0 0 0
8.65805002549235E-05 8.13772456885981E-05 7.56199088330851E-05 6.9444498852363E-05 6.29954609946991E-05 5.64236127735708E-05 4.98761556374827E-05 4.34930284411692E-05 3.73999337555579E-05 3.17062937029607E-05 2.64954312628311E-05 2.18241131030487E-05 1.77185970092799E-05 1.41774017528725E-05 1.11793217839492E-05 8.6868045505905E-06 6.65184878087444E-06 5.01796449379868E-06 3.7294143960575E-06 2.73140095960026E-06 1.97218924963101E-06 1.40428543071994E-06 9.86756833365193E-07 6.84986652654374E-07 4.70602683704644E-07 3.20677756000249E-07 2.16862261857372E-07 1.44987656247373E-07 9.60222907236396E-08 6.46755278764289E-08 4.62875183794112E-08 3.23444709250483E-08 0 0 0 0 0 0 0 0 0 0 0 0 0 0 0 0 0 0 0 0 0 0 0 0 0 0 0 0 0 0 0 0
9.69745799809928E-05 9.05074933996109E-05 8.35124074533871E-05 7.61499747155744E-05 6.85863338823743E-05 6.09904671929022E-05 5.35225589271594E-05 4.63305114434648E-05 3.95435845968424E-05 3.32710726212703E-05 2.75915377990731E-05 2.25530838851926E-05 1.81708008788566E-05 1.44298862851692E-05 1.12950495048011E-05 8.71356801029351E-06 6.62540006978247E-06 4.96470469367084E-06 3.66725628740519E-06 2.67145066886365E-06 1.92028551557485E-06 1.36264181574805E-06 9.55304938468582E-07 6.62575841202478E-07 4.55645898544071E-07 3.11568542687698E-07 2.12142356105261E-07 1.43461742651413E-07 9.74392870024306E-08 6.95267996967898E-08 4.62875183794112E-08 0 0 0 0 0 0 0 0 0 0 0 0 0 0 0 0 0 0 0 0 0 0 0 0 0 0 0 0 0 0 0 0 0
1.07751393837646E-04 9.98785929577002E-05 9.15285781452861E-05 8.28857137769224E-05 7.41364126290077E-05 6.54665640994143E-05 5.704640933866E-05 4.90285331706133E-05 4.15425317557211E-05 3.46951919948853E-05 2.85575302723989E-05 2.31665180185802E-05 1.85243735514942E-05 1.46013411516346E-05 1.13469232586084E-05 8.69236922097578E-06 6.56490302164979E-06 4.88865482163593E-06 3.59097503943599E-06 2.60375929289578E-06 1.86503706335208E-06 1.32029656718911E-06 9.24568720906894E-07 6.41652270922007E-07 4.42670531193833E-07 3.05193183473437E-07 2.11449198581185E-07 1.46610386277539E-07 1.05215921210084E-07 6.95267996967898E-08 0 0 0 0 0 0 0 0 0 0 0 0 0 0 0 0 0 0 0 0 0 0 0 0 0 0 0 0 0 0 0 0 0 0
1.18816934719731E-04 1.09404343069254E-04 9.95916917937184E-05 8.95859351758099E-05 7.95914383154702E-05 6.98084173851852E-05 6.0414236661731E-05 5.15626291161836E-05 4.33801959523761E-05 3.59681753580837E-05 2.93876092255739E-05 2.36620771030924E-05 1.87793470471514E-05 1.46933828801019E-05 1.13374539280726E-05 8.62605868155736E-06 6.47311568311096E-06 4.79229822663781E-06 3.50257841322203E-06 2.52971440064995E-06 1.80724832333077E-06 1.27774494862465E-06 8.94967179340142E-07 6.22699701562196E-07 4.32527808082919E-07 3.0363546477836E-07 2.20095213159846E-07 1.59408335319857E-07 1.05215921210084E-07 0 0 0 0 0 0 0 0 0 0 0 0 0 0 0 0 0 0 0 0 0 0 0 0 0 0 0 0 0 0 0 0 0 0 0
1.30072686187475E-04 1.18997045490535E-04 1.0762524263769E-04 9.61857724713269E-05 8.48985992862976E-05 7.39744692435228E-05 6.35944729008997E-05 5.39099255540326E-05 4.50413958634049E-05 3.70810320023184E-05 3.00776113526299E-05 2.40392091755012E-05 1.89376117179388E-05 1.47094233627506E-05 1.1270582462305E-05 8.51845799324041E-06 6.35329529085174E-06 4.67821162528791E-06 3.40394180571065E-06 2.4504843102919E-06 1.74749435083084E-06 1.23530264605483E-06 8.6690585850982E-07 6.06464366975729E-07 4.26688544438709E-07 3.10665761168078E-07 2.54440874922396E-07 1.59408335319857E-07 0 0 0 0 0 0 0 0 0 0 0 0 0 0 0 0 0 0 0 0 0 0 0 0 0 0 0 0 0 0 0 0 0 0 0 0
1.41419167738258E-04 1.28570343781898E-04 1.15556294223529E-04 1.0262520388876E-04 9.00097559713289E-05 7.79271432227558E-05 6.65587291624824E-05 5.60500967864735E-05 4.65126684910253E-05 3.80258431693994E-05 3.06239810298311E-05 2.4297955878055E-05 1.90017939282842E-05 1.46534276914826E-05 1.11506555695469E-05 8.37366465718571E-06 6.20892131529128E-06 4.54902377100341E-06 3.29684124759143E-06 2.36711137214711E-06 1.68628197064859E-06 1.19325561376814E-06 8.40918881942821E-07 5.94367234688873E-07 4.27407067753136E-07 3.26481353000086E-07 3.17498517376107E-07 0 0 0 0 0 0 0 0 0 0 0 0 0 0 0 0 0 0 0 0 0 0 0 0 0 0 0 0 0 0 0 0 0 0 0 0 0
1.52754768571873E-04 1.38037669233137E-04 1.23313028458826E-04 1.08846179858459E-04 9.4879239551213E-05 8.1631404475051E-05 6.92809103730679E-05 5.79645249563895E-05 4.77819305114539E-05 3.87960979028619E-05 3.10247623555653E-05 2.44399752366036E-05 1.89758488595478E-05 1.4530534141824E-05 1.09829204125215E-05 8.19641323664125E-06 6.04377129969329E-06 4.40741371705186E-06 3.18304342693053E-06 2.28068425010203E-06 1.6242690593094E-06 1.15219048833327E-06 8.18253419522638E-07 5.89935081555247E-07 4.41252011803164E-07 3.35316020056603E-07 3.17498517376107E-07 0 0 0 0 0 0 0 0 0 0 0 0 0 0 0 0 0 0 0 0 0 0 0 0 0 0 0 0 0 0 0 0 0 0 0 0 0
1.63975537220889E-04 1.47311699137661E-04 1.3082406238128E-04 1.14791595517207E-04 9.94622709294788E-05 8.50534458514627E-05 7.1736555987593E-05 5.96360420990377E-05 4.88376719302223E-05 3.93859900892356E-05 3.12793093582836E-05 2.44678267129938E-05 1.88642437437173E-05 1.43461122147323E-05 1.07730108815756E-05 7.99156604223003E-06 5.86148395306701E-06 4.25590172762764E-06 3.06416663681077E-06 2.19235178512437E-06 1.5625435073263E-06 1.11337817085879E-06 8.0138393766857E-07 6.01474486401824E-07 5.02731261628665E-07 3.35316020056603E-07 0 0 0 0 0 0 0 0 0 0 0 0 0 0 0 0 0 0 0 0 0 0 0 0 0 0 0 0 0 0 0 0 0 0 0 0 0 0
1.74973320758075E-04 1.56301868907465E-04 1.38016137892689E-04 1.20404225886442E-04 1.03715341981871E-04 8.81615394701067E-05 7.39040783393781E-05 6.1051378774018E-05 4.96728194980308E-05 3.97934769664282E-05 3.13894147967296E-05 2.43854313952247E-05 1.86720618321369E-05 1.41055805139184E-05 1.05261870969238E-05 7.7635085016207E-06 5.66534088338089E-06 4.09681692920664E-06 2.9417163496716E-06 2.1031773252873E-06 1.5022860716197E-06 1.07853008719135E-06 7.93226875619854E-07 6.34028337559657E-07 6.17687042978408E-07 0 0 0 0 0 0 0 0 0 0 0 0 0 0 0 0 0 0 0 0 0 0 0 0 0 0 0 0 0 0 0 0 0 0 0 0 0 0 0
1.85634867578025E-04 1.64913626341856E-04 1.44812862256022E-04 1.2562436060393E-04 1.07593781580815E-04 9.09234884511609E-05 7.57616360016588E-05 6.21981918420493E-05 5.02831495048726E-05 4.00192584654138E-05 3.13582643855574E-05 2.4198001367702E-05 1.84054806354933E-05 1.38150246175274E-05 1.02475154664338E-05 7.5164194997754E-06 5.45866465762554E-06 3.93259066983517E-06 2.81737292798507E-06 2.01423665642066E-06 1.44446221486906E-06 1.05000122429219E-06 7.98267168842601E-07 6.81169560577183E-07 6.17687042978408E-07 0 0 0 0 0 0 0 0 0 0 0 0 0 0 0 0 0 0 0 0 0 0 0 0 0 0 0 0 0 0 0 0 0 0 0 0 0 0 0
1.9584315757125E-04 1.73049004583283E-04 1.51135097494637E-04 1.3039053369534E-04 1.11052331813428E-04 9.33081174600457E-05 7.72896243571622E-05 6.30667906303059E-05 5.06669923586684E-05 4.00670160116103E-05 3.11923229701162E-05 2.39136961823652E-05 1.8072917525608E-05 1.34822285967354E-05 9.94336067686228E-06 7.25547256427271E-06 5.24548963475096E-06 3.76627767946126E-06 2.69351701558082E-06 1.92750783595142E-06 1.39134690297578E-06 1.03269009009479E-06 8.32019664366586E-07 8.11939961119139E-07 0 0 0 0 0 0 0 0 0 0 0 0 0 0 0 0 0 0 0 0 0 0 0 0 0 0 0 0 0 0 0 0 0 0 0 0 0 0 0 0
