NongDo/Fusa 10.2h.grd
DSAA
463	323
2	464
2	324
0	10
[rows 252 to 279 of 323, columns 0 to 62 of 463]
0 0 0 0 0 0 0 0 0 0 0 0 0 0 0 0 0 0 0 0 0 0 0 0 0 0 0 0 0 0 0 0 0 0 0 0 0 0 1.46847548351559E-09 1.02766213657202E-09 1.10682694438104E-09 1.35640440838009E-09 1.71519209498895E-09 2.16613275162619E-09 2.70996817478819E-09 3.34935713631271E-09 4.08959814475713E-09 4.93066548429456E-09 5.87210239492879E-09 6.90811921444105E-09 8.03038794196087E-09 9.22612619810682E-09 1.04778467707675E-08 1.17655817835028E-08 1.3066922741895E-08 1.43608124446113E-08 1.56256514049636E-08 1.68436072935303E-08 1.79994268892719E-08 1.90829601838168E-08 2.0085505788389E-08 2.10022400859309E-08 2.18317481292758E-08
0 0 0 0 0 0 0 0 0 0 0 0 0 0 0 0 0 0 0 0 0 0 0 0 0 0 0 0 0 0 0 0 0 0 0 0 0 2.0812404792345E-09 1.46847548351559E-09 1.59300888302879E-09 1.94123248684068E-09 2.45922548861301E-09 3.12519683706965E-09 3.9347148010186E-09 4.89695760075952E-09 6.01929590626421E-09 7.30957136865158E-09 8.7665104008153E-09 1.03857581159606E-08 1.2155655047075E-08 1.40585200515457E-08 1.60706746123551E-08 1.81609852333892E-08 2.02955483031847E-08 2.24369477343905E-08 2.45511833376854E-08 2.66052670132618E-08 2.85720701752123E-08 3.04286489383461E-08 3.21600018238411E-08 3.37556566935489E-08 3.52093171510552E-08 3.65194921629091E-08
0 0 0 0 0 0 0 0 0 0 0 0 0 0 0 0 0 0 0 0 0 0 0 0 0 0 0 0 0 0 0 0 0 0 0 0 2.98645365538154E-09 2.0812404792345E-09 2.25100008914608E-09 2.74477596424686E-09 3.48646137967086E-09 4.44955102829409E-09 5.63759559931326E-09 7.05917608405128E-09 8.73418597001932E-09 1.06753867895503E-08 1.28925815040939E-08 1.53794397960425E-08 1.81241474746637E-08 2.11026987892935E-08 2.4282118795294E-08 2.76191767029266E-08 3.10605449477871E-08 3.45495590181664E-08 3.80257684142527E-08 4.14357186739823E-08 4.47290933552114E-08 4.78650995461609E-08 5.08098827972682E-08 5.3543282182962E-08 5.60506551694526E-08 5.83252608870606E-08 6.03664539816273E-08
0 0 0 0 0 0 0 0 0 0 0 0 0 0 0 0 0 0 0 0 0 0 0 0 0 0 0 0 0 0 0 0 0 0 0 4.575536405468E-09 2.98645365538154E-09 3.18373206832324E-09 3.85548154624062E-09 4.89507935934524E-09 6.26931179178198E-09 7.97726612829679E-09 1.00473438955606E-08 1.25025698211519E-08 1.53761538107933E-08 1.868759796554E-08 2.24451342891924E-08 2.66320387076118E-08 3.12188513840114E-08 3.61617819419552E-08 4.13990327478012E-08 4.68558143647917E-08 5.24422084506443E-08 5.80671398539943E-08 6.36348931056318E-08 6.90637593060807E-08 7.42769409719382E-08 7.92124781590377E-08 8.38217648028064E-08 8.80773743878519E-08 9.19636002569442E-08 9.54728927981127E-08 9.8606531228984E-08
0 0 0 0 0 0 0 0 0 0 0 0 0 0 0 0 0 0 0 0 0 0 0 0 0 0 0 0 0 0 0 0 0 0 0 4.575536405468E-09 4.5972465470483E-09 5.44131901295344E-09 6.85688070450535E-09 8.77361907977309E-09 1.11969967693201E-08 1.41553902628323E-08 1.77023671134394E-08 2.18806384842332E-08 2.67454973720477E-08 3.2319309380547E-08 3.85987290206671E-08 4.55438980517606E-08 5.30994568431804E-08 6.11837293833765E-08 6.96867899036914E-08 7.84817121499284E-08 8.74220509666278E-08 9.6362960766381E-08 1.05161365695086E-07 1.13693856077672E-07 1.21836986302954E-07 1.29500148286903E-07 1.36618179565599E-07 1.43157766718802E-07 1.49095420109343E-07 1.54427343769321E-07 1.59161643222589E-07
0 0 0 0 0 0 0 0 0 0 0 0 0 0 0 0 0 0 0 0 0 0 0 0 0 0 0 0 0 0 0 0 0 0 1.19535323044905E-08 6.90313233776233E-09 7.81212489252698E-09 9.62968521991554E-09 1.22382960341815E-08 1.5600982477383E-08 1.97676318901338E-08 2.48047392185537E-08 3.08009779233276E-08 3.78335527702275E-08 4.59684343646795E-08 5.52278202160489E-08 6.55811731473518E-08 7.6952187975567E-08 8.92261572446137E-08 1.0226071054363E-07 1.15870630106024E-07 1.2984957657799E-07 1.43963784851215E-07 1.57988385005062E-07 1.71703657728079E-07 1.84920352726235E-07 1.97461570337673E-07 2.09194654515339E-07 2.20027992226474E-07 2.2991717003438E-07 2.38844168652625E-07 2.46812193363437E-07 2.53839866619344E-07
0 0 0 0 0 0 0 0 0 0 0 0 0 0 0 0 0 0 0 0 0 0 0 0 0 0 0 0 0 0 0 0 0 0 1.19535323044905E-08 1.18535364726637E-08 1.38029148833519E-08 1.71518507662431E-08 2.17188964876135E-08 2.7476346279541E-08 3.45277651001032E-08 4.29897507895399E-08 5.3007811406117E-08 6.46958151771551E-08 7.81247939636927E-08 9.3298656182668E-08 1.1013369560169E-07 1.28482269399735E-07 1.48134670414699E-07 1.68847017173317E-07 1.90317015772792E-07 2.12218094293964E-07 2.34186979817326E-07 2.55879095671752E-07 2.76958070755006E-07 2.97143101672501E-07 3.16181251835355E-07 3.33886595573462E-07 3.50130819104771E-07 3.64860747827907E-07 3.78062414256984E-07 3.89760318906924E-07 3.9999662046405E-07
0 0 0 0 0 0 0 0 0 0 0 0 0 0 0 0 0 0 0 0 0 0 0 0 0 0 0 0 0 0 0 0 0 0 2.06594079766339E-08 2.08901961654774E-08 2.44676248617163E-08 3.03431358506583E-08 3.8152129429855E-08 4.78649910005469E-08 5.96618641273342E-08 7.3735336421265E-08 9.02824445840628E-08 1.09466560418722E-07 1.31343756020524E-07 1.5587812929989E-07 1.82870710545946E-07 2.12058849404656E-07 2.43068609616858E-07 2.75501102738067E-07 3.08884548712633E-07 3.42707637452163E-07 3.76408616785107E-07 4.09465258303539E-07 4.41385456319446E-07 4.7175673080635E-07 5.00226474430245E-07 5.26534315202931E-07 5.50507691057084E-07 5.72078241656826E-07 5.91259938957251E-07 6.08111409657701E-07 6.22718259425836E-07
0 0 0 0 0 0 0 0 0 0 0 0 0 0 0 0 0 0 0 0 0 0 0 0 0 0 0 0 0 0 0 0 0 0 3.57231505893521E-08 3.64061875208476E-08 4.29801656625824E-08 5.31755430408206E-08 6.63452125153819E-08 8.25255835444097E-08 1.02039989371985E-07 1.25170006773271E-07 1.52165845569392E-07 1.83238652325462E-07 2.18400804245237E-07 2.57510254716037E-07 3.00162324070266E-07 3.459146590342E-07 3.94123948912833E-07 4.4417579282938E-07 4.9533838820322E-07 5.46814692590156E-07 5.97744510605419E-07 6.47365718088684E-07 6.94967976389872E-07 7.39969865993361E-07 7.81876741423694E-07 8.20344405415926E-07 8.55149304370189E-07 8.86216216448982E-07 9.13583592763353E-07 9.37368808037654E-07 9.57765161483856E-07
0 0 0 0 0 0 0 0 0 0 0 0 0 0 0 0 0 0 0 0 0 0 0 0 0 0 0 0 0 0 0 0 0 9.28467651248975E-08 5.53654458717724E-08 6.18487756301446E-08 7.46289256886972E-08 9.21309792763494E-08 1.14052432487619E-07 1.40715881467589E-07 1.72642652660643E-07 2.10244726570023E-07 2.53759472195892E-07 3.03501558051259E-07 3.59269374034474E-07 4.20743029870477E-07 4.87130834693092E-07 5.57777750103631E-07 6.31618610803929E-07 7.07766403385129E-07 7.85043549463662E-07 8.62198503206458E-07 9.37972031708181E-07 1.01128032203425E-06 1.08113517713898E-06 1.1467118690067E-06 1.20735782875826E-06 1.26262752537749E-06 1.31227509060844E-06 1.35619944598552E-06 1.39450029222973E-06 1.4273606344179E-06 1.455230180977E-06
0 0 0 0 0 0 0 0 0 0 0 0 0 0 0 0 0 0 0 0 0 0 0 0 0 0 0 0 0 0 0 0 0 9.28467651248975E-08 9.21871834548757E-08 1.06001880573864E-07 1.28612942818725E-07 1.5775950281554E-07 1.93791097816844E-07 2.37275066894037E-07 2.88925025270519E-07 3.49214102622019E-07 4.18535655797249E-07 4.97139792814699E-07 5.84369718080966E-07 6.79532263273109E-07 7.81337328626137E-07 8.88754097288184E-07 1.00021921637982E-06 1.11445229443817E-06 1.22934909481916E-06 1.34312066966218E-06 1.45402649504628E-06 1.56059937449058E-06 1.66141595172918E-06 1.75537039284204E-06 1.84159236674042E-06 1.91956623853928E-06 1.9890890570993E-06 2.05014926953064E-06 2.10268492982521E-06 2.14703112752079E-06 2.18441177777665E-06
0 0 0 0 0 0 0 0 0 0 0 0 0 0 0 0 0 0 0 0 0 0 0 0 0 0 0 0 0 0 0 0 0 1.50640130826724E-07 1.53334808629212E-07 1.78654064818099E-07 2.17347001626069E-07 2.65943467269917E-07 3.24957089085612E-07 3.95401349281715E-07 4.78290868805884E-07 5.74209756587108E-07 6.83387821259841E-07 8.05830451842902E-07 9.40345443657652E-07 1.0856344517937E-06 1.2395859072643E-06 1.40048154833032E-06 1.56605749211779E-06 1.73410540207579E-06 1.90185356878333E-06 2.06669947757542E-06 2.2262838441053E-06 2.37851416350838E-06 2.52152319880895E-06 2.65378492320335E-06 2.77417762820764E-06 2.88206886407506E-06 2.97733041154465E-06 3.06014212699458E-06 3.13081274991689E-06 3.19015691511216E-06 3.23990047263436E-06
0 0 0 0 0 0 0 0 0 0 0 0 0 0 0 0 0 0 0 0 0 0 0 0 0 0 0 0 0 0 0 0 3.41661283673159E-07 2.2231902988588E-07 2.47956874903535E-07 2.96485987974461E-07 3.61993687572112E-07 4.41883801863572E-07 5.375335034481E-07 6.50358281266535E-07 7.81720426754295E-07 9.320808096646E-07 1.10141525000928E-06 1.28912596189193E-06 1.49320905368027E-06 1.71143677594361E-06 1.94054817341647E-06 2.17785954551951E-06 2.41972716735083E-06 2.66288460837417E-06 2.90369017537904E-06 3.13868300727731E-06 3.36463592897383E-06 3.57868588557271E-06 3.77838419623288E-06 3.96169341533681E-06 4.12720729237483E-06 4.27413528146333E-06 4.40244813661059E-06 4.51271970960865E-06 4.60624474892581E-06 4.68464729377785E-06 4.7501041505462E-06
0 0 0 0 0 0 0 0 0 0 0 0 0 0 0 0 0 0 0 0 0 0 0 0 0 0 0 0 0 0 0 4.88329473029481E-07 3.41661283673159E-07 3.47081117839676E-07 4.01540249682686E-07 4.85798650658106E-07 5.93690932179342E-07 7.23061169246453E-07 8.75831407352785E-07 1.05399044108214E-06 1.25906664742436E-06 1.49125878077066E-06 1.74960748558142E-06 2.03265927010201E-06 2.33708314732299E-06 2.65927699765894E-06 2.99424600600542E-06 3.33781602374682E-06 3.68503549349289E-06 4.03114929117574E-06 4.37140783475888E-06 4.70118605839206E-06 5.01631052155185E-06 5.31296053382011E-06 5.58798771483793E-06 5.83877207295948E-06 6.06348131441486E-06 6.26123656964229E-06 6.43229889331366E-06 6.5779686153089E-06 6.70037157676762E-06 6.80238016516061E-06 6.88717683111654E-06
0 0 0 0 0 0 0 0 0 0 0 0 0 0 0 0 0 0 0 0 0 0 0 0 0 0 0 0 0 0 0 4.88329473029481E-07 4.86028644429572E-07 5.43723514169037E-07 6.4760308069292E-07 7.87971568426488E-07 9.61282839946471E-07 1.16613388953532E-06 1.40548455902825E-06 1.68158369287712E-06 1.99587696466879E-06 2.34757336630325E-06 2.73443079379661E-06 3.15348037488696E-06 3.59946715108954E-06 4.06669422370018E-06 4.5478748307818E-06 5.03716707456701E-06 5.52756486263471E-06 6.0127956988357E-06 6.48648419730851E-06 6.94270725052325E-06 7.37606832151003E-06 7.78168106121349E-06 8.15563411699906E-06 8.49459970518343E-06 8.79630142085843E-06 9.05983130209261E-06 9.28589996448625E-06 9.47658266758133E-06 9.63544141778117E-06 9.76685523705433E-06 9.87531804463877E-06
0 0 0 0 0 0 0 0 0 0 0 0 0 0 0 0 0 0 0 0 0 0 0 0 0 0 0 0 0 0 0 7.39922151361816E-07 7.51404083391167E-07 8.62339596466804E-07 1.03685819043938E-06 1.26129409668356E-06 1.53324537989382E-06 1.85143277082573E-06 2.21918012183883E-06 2.63913255472346E-06 3.11173568591042E-06 3.63475794421769E-06 4.20335774343367E-06 4.81276000591217E-06 5.45464512436205E-06 6.12034763759995E-06 6.79960240215494E-06 7.48434969002153E-06 8.16575292717107E-06 8.83528870492796E-06 9.48491512971574E-06 1.01069549037513E-05 1.06948219342082E-05 1.1242314877241E-05 1.17446320618048E-05 1.21976080515853E-05 1.25986601638174E-05 1.29470542075572E-05 1.3244032660184E-05 1.34927432857368E-05 1.36980651006838E-05 1.38664148395579E-05 1.40039795713028E-05
0 0 0 0 0 0 0 0 0 0 0 0 0 0 0 0 0 0 0 0 0 0 0 0 0 0 0 0 0 0 1.57498186952129E-06 1.04952745439985E-06 1.15536405200779E-06 1.3601859890103E-06 1.6427574745403E-06 1.99340102088904E-06 2.41069646528813E-06 2.89368034712028E-06 3.44735637607334E-06 4.07332840766654E-06 4.76967236632828E-06 5.53137977522089E-06 6.35136563521394E-06 7.22161182303392E-06 8.12879719433039E-06 9.0605212348766E-06 1.00034300611292E-05 1.09471267384789E-05 1.18794179554652E-05 1.278970187864E-05 1.36676944230014E-05 1.45040637775158E-05 1.52908362539983E-05 1.60206145574374E-05 1.66873239362861E-05 1.72858907620182E-05 1.78143566239795E-05 1.82719927007476E-05 1.86602623280033E-05 1.89831546596364E-05 1.92480978448421E-05 1.94637018154559E-05 1.96375267689545E-05
0 0 0 0 0 0 0 0 0 0 0 0 0 0 0 0 0 0 0 0 0 0 0 0 0 0 0 0 0 0 1.57498186952129E-06 1.57517743622531E-06 1.78799916846486E-06 2.12605875807517E-06 2.56653580691874E-06 3.10055348819362E-06 3.72830790848359E-06 4.44960649312013E-06 5.26762019212594E-06 6.18263072285598E-06 7.18906880948554E-06 8.2787799164996E-06 9.43955379663003E-06 1.06586192651243E-05 1.19178387783692E-05 1.3200034166896E-05 1.44875069324625E-05 1.57661706678659E-05 1.70216290678654E-05 1.8240103741449E-05 1.94091727959844E-05 2.05173839989819E-05 2.1555733156728E-05 2.25156946027614E-05 2.33906469735195E-05 2.4175137707812E-05 2.48668307878273E-05 2.5465079367576E-05 2.59717439325496E-05 2.63918603799286E-05 2.67344605418108E-05 2.70107081609291E-05 2.72300630521023E-05
0 0 0 0 0 0 0 0 0 0 0 0 0 0 0 0 0 0 0 0 0 0 0 0 0 0 0 0 0 3.19116439843066E-06 2.16659604160708E-06 2.36708039068821E-06 2.7517420055952E-06 3.2873492018452E-06 3.95661564859453E-06 4.75311268587072E-06 5.67899005466703E-06 6.73319144005548E-06 7.91699501054941E-06 9.2268921525085E-06 1.06525952145433E-05 1.21808584357418E-05 1.37929866375957E-05 1.54700713471047E-05 1.71876671509777E-05 1.89232012437041E-05 2.06536798886911E-05 2.23612152303938E-05 2.40273068311788E-05 2.56353921292388E-05 2.71704005799921E-05 2.86191815745632E-05 2.99717987311521E-05 3.12192416714189E-05 3.23552571518119E-05 3.33741136731559E-05 3.42733774394875E-05 3.5051941269334E-05 3.57116107352386E-05 3.62578072859896E-05 3.67016166698252E-05 3.70563928868097E-05 3.73331315416081E-05
0 0 0 0 0 0 0 0 0 0 0 0 0 0 0 0 0 0 0 0 0 0 0 0 0 0 0 0 0 3.19116439843066E-06 3.18945311195392E-06 3.57839587587436E-06 4.20344293109925E-06 5.01976361385912E-06 6.01310309709236E-06 7.17793026941017E-06 8.51724574526494E-06 1.00280928469905E-05 1.17062901571412E-05 1.35440822138305E-05 1.55237146214171E-05 1.76258325745657E-05 1.98235485675948E-05 2.20902853734023E-05 2.43944865466254E-05 2.67065646627232E-05 2.89970665185523E-05 3.12427461800196E-05 3.34222745648086E-05 3.55150336259787E-05 3.75032648281222E-05 3.93724967893594E-05 4.1113314107708E-05 4.27171064184478E-05 4.41779182607263E-05 4.54903524924749E-05 4.66518530690241E-05 4.76605674789836E-05 4.85173456961559E-05 4.92272999076317E-05 4.98028842139454E-05 5.02592542869911E-05 5.06075846538912E-05
0 0 0 0 0 0 0 0 0 0 0 0 0 0 0 0 0 0 0 0 0 0 0 0 0 0 0 0 6.28293147248514E-06 4.31824394498587E-06 4.67151180449692E-06 5.375639389225E-06 6.3525556963529E-06 7.56655371988087E-06 9.01035547088888E-06 1.0679769444894E-05 1.25774422517358E-05 1.46953687860121E-05 1.70245777018608E-05 1.95502481334718E-05 2.22455656643519E-05 2.50835208292134E-05 2.80269879943009E-05 3.10406544176619E-05 3.40836073423066E-05 3.71179742096201E-05 4.01065247223344E-05 4.30208417718331E-05 4.58343840231193E-05 4.85225668445973E-05 5.10650757177272E-05 5.34481161656626E-05 5.56638992636098E-05 5.77049521014895E-05 5.95665491704668E-05 6.12435035527423E-05 6.27338291648392E-05 6.40340130117917E-05 6.51426666849022E-05 6.60628542014938E-05 6.68076123754217E-05 6.73921790912034E-05 6.78264285239994E-05
0 0 0 0 0 0 0 0 0 0 0 0 0 0 0 0 0 0 0 0 0 0 0 0 0 0 0 0 6.28293147248514E-06 6.24610644152201E-06 6.91296841382032E-06 8.02174494987985E-06 9.47786188650995E-06 1.12364845770718E-05 1.32922031462765E-05 1.56383584938459E-05 1.82750226507826E-05 2.11884210651E-05 2.43583757783853E-05 2.77649183471909E-05 3.13675698764101E-05 3.51323777571318E-05 3.90097447935459E-05 4.29535524923701E-05 4.69119059315321E-05 5.0835803191917E-05 5.46804353207969E-05 5.84098882011127E-05 6.19941931145562E-05 6.54021099447728E-05 6.86138463495235E-05 7.16187283113379E-05 7.44117524444934E-05 7.6987240696921E-05 7.93408600798213E-05 8.14685654039883E-05 8.33678931770303E-05 8.50332735398573E-05 8.64596640263384E-05 8.76457961305636E-05 8.86030296719214E-05 8.93433073262678E-05 8.98743107774067E-05
0 0 0 0 0 0 0 0 0 0 0 0 0 0 0 0 0 0 0 0 0 0 0 0 0 0 0 0 8.9849083016506E-06 9.09631147025571E-06 1.01690638612661E-05 1.18311180255168E-05 1.39379362585464E-05 1.64300897195489E-05 1.92996784855333E-05 2.25333612355986E-05 2.61260347063887E-05 3.00525731322958E-05 3.42869503165793E-05 3.87980589354229E-05 4.35323039443415E-05 4.84466432937857E-05 5.34753150130002E-05 5.85606560454238E-05 6.36332646331018E-05 6.86341669084116E-05 7.35128444839279E-05 7.82279332806846E-05 8.27365681501151E-05 8.70038412016284E-05 9.10194519302899E-05 9.47755834461498E-05 9.8268591352609E-05 1.0149320318983E-04 1.04447633046431E-04 1.07127792692458E-04 1.09528780223365E-04 1.11642030313503E-04 1.13459644968388E-04 1.1497589215245E-04 1.1618868846321E-04 1.17103801326622E-04 1.17733222399507E-04
0 0 0 0 0 0 0 0 0 0 0 0 0 0 0 0 0 0 0 0 0 0 0 0 0 0 0 1.57903275004868E-05 1.18669901496698E-05 1.28336309851885E-05 1.46733801583281E-05 1.71435607969906E-05 2.01392223904393E-05 2.3608394251885E-05 2.75445834380708E-05 3.1928178955778E-05 3.67435548065814E-05 4.19568116265314E-05 4.75235965056481E-05 5.34041036835626E-05 5.95272656698812E-05 6.58381701164808E-05 7.22575959960503E-05 7.87081744740596E-05 8.5109986860585E-05 9.13904082294367E-05 9.74928373410174E-05 1.03367070492909E-04 1.08970421445323E-04 1.14269869950599E-04 1.19254008013906E-04 1.23919632845257E-04 1.28262859938375E-04 1.32280046664685E-04 1.35965144535352E-04 1.39314598238985E-04 1.42319534683168E-04 1.44967690223014E-04 1.47244252581608E-04 1.49135108011259E-04 1.50635176201227E-04 1.51740034662184E-04 1.52458441447463E-04
0 0 0 0 0 0 0 0 0 0 0 0 0 0 0 0 0 0 0 0 0 0 0 0 0 0 1.9352711399427E-05 1.57903275004868E-05 1.61088440731276E-05 1.80259840866908E-05 2.08929028105387E-05 2.44511963199406E-05 2.8620412868979E-05 3.33588145329038E-05 3.86621222157231E-05 4.44993812444316E-05 5.08442898991931E-05 5.76447621057867E-05 6.48450572862109E-05 7.23889071029066E-05 8.01893984212455E-05 8.81790566795679E-05 9.62533565904068E-05 1.04320664594213E-04 1.12286699888782E-04 1.20069985270612E-04 1.27606672932874E-04 1.34841487538852E-04 1.41736699981183E-04 1.48261778777773E-04 1.54407842658958E-04 1.60170120410728E-04 1.65541769274392E-04 1.70514124518494E-04 1.7507848573914E-04 1.79227791571912E-04 1.82942071808088E-04 1.86206082555962E-04 1.89000875865629E-04 1.91312157432319E-04 1.9310984085755E-04 1.94383998704875E-04 1.95155651234714E-04
0 0 0 0 0 0 0 0 0 0 0 0 0 0 0 0 0 0 0 0 0 0 0 0 0 2.40853324132832E-05 1.9352711399427E-05 1.98117268051609E-05 2.18760519281614E-05 2.51608227352355E-05 2.9364885335285E-05 3.43225653098719E-05 3.99906020365169E-05 4.63394014689339E-05 5.33613133879892E-05 6.10118470342451E-05 6.92427005629599E-05 7.79860793422341E-05 8.71621232811078E-05 9.66995849577024E-05 1.06489593849179E-04 1.16446117115285E-04 1.26451608233211E-04 1.36395161750278E-04 1.46174328151499E-04 1.55698922555281E-04 1.64904897910237E-04 1.7373571772336E-04 1.8215485102604E-04 1.90138252686812E-04 1.97675870549304E-04 2.04760122023559E-04 2.1137222536532E-04 2.17494217947392E-04 2.23102794701081E-04 2.2818183140184E-04 2.32701809041545E-04 2.36640959025519E-04 2.39975032101613E-04 2.42684871484977E-04 2.44748223030554E-04 2.46151836028972E-04 2.46919598283213E-04
0 0 0 0 0 0 0 0 0 0 0 0 0 0 0 0 0 0 0 0 0 0 0 0 0 2.40853324132832E-05 2.4122852698599E-05 2.63529280895223E-05 3.00830432825833E-05 3.49510364333832E-05 4.07845451405691E-05 4.74737980094329E-05 5.50019108978747E-05 6.33414836414977E-05 7.24732287066662E-05 8.23275947111286E-05 9.28309666214447E-05 1.03890294395303E-04 1.15410412917721E-04 1.27293841379178E-04 1.39410737842677E-04 1.5165768541755E-04 1.6389339774907E-04 1.75998027474932E-04 1.87858633503645E-04 1.99385987947609E-04 2.10518012689639E-04 2.21199809243487E-04 2.31399905047885E-04 2.41097024504615E-04 2.50282778034908E-04 2.58935224680103E-04 2.67016161014955E-04 2.74486273746445E-04 2.81305266075634E-04 2.87440192312454E-04 2.92844200859367E-04 2.97491735374853E-04 3.01359266364964E-04 3.04439335658068E-04 3.06701093376532E-04 3.08144248495377E-04 3.08816841927576E-04
0 0 0 0 0 0 0 0 0 0 0 0 0 0 0 0 0 0 0 0 0 0 0 0 3.8849182460949E-05 2.96184229298639E-05 3.17317932927983E-05 3.57843852249315E-05 4.13220717754741E-05 4.80468728456081E-05 5.58515353853994E-05 6.46568539905174E-05 7.44525911526353E-05 8.52100742544829E-05 9.68842512849262E-05 1.09379204557236E-04 1.22580853361739E-04 1.36379546228053E-04 1.50646998487284E-04 1.65255422078221E-04 1.80052726061675E-04 1.94909901829469E-04 2.09680161295908E-04 2.24229882929562E-04 2.38450501384029E-04 2.52255736385873E-04 2.6559160141847E-04 2.78409307160361E-04 2.90676177943766E-04 3.02379635924247E-04 3.13496115990841E-04 3.23980836413634E-04 3.33764431797248E-04 3.42779565258381E-04 3.50958604728177E-04 3.58241711982308E-04 3.64569835715154E-04 3.69911545985673E-04 3.74252524841459E-04 3.77597152174182E-04 3.79945537803177E-04 3.8132068523849E-04 3.81791988875094E-04
