NongDo/Fusa 16.1h.grd
DSAA
463	323
2	464
2	324
0	10
[rows 252 to 279 of 323, columns 0 to 63 of 463]
0 0 0 0 0 0 0 0 0 0 0 0 0 0 0 0 0 0 0 0 0 0 0 0 0 0 0 0 0 0 0 0 0 0 0 0 0 0 4.10759416067716E-03 4.11957591033086E-03 4.12580400998052E-03 4.1304762557613E-03 4.1354348365112E-03 4.14113690536978E-03 4.14778200743685E-03 4.15547459954269E-03 4.16432892765699E-03 0.00417441757867 4.18583697117806E-03 4.19866560108859E-03 4.21298496057561E-03 4.22887073148565E-03 4.24637233064135E-03 4.26553242500769E-03 4.28635771034352E-03 4.30886200878254E-03 4.33300929018432E-03 4.35876244224898E-03 4.38604877039086E-03 4.41481321151198E-03 4.44494997948178E-03 4.47631500609395E-03 4.50874718360277E-03 4.54207377006192E-03
0 0 0 0 0 0 0 0 0 0 0 0 0 0 0 0 0 0 0 0 0 0 0 0 0 0 0 0 0 0 0 0 0 0 0 0 0 4.0972434579335E-03 4.10759416067716E-03 4.11282297084082E-03 4.11812954313132E-03 4.1233574071559E-03 4.12903504208312E-03 4.13546911107778E-03 4.14287047004103E-03 4.15136604964585E-03 4.16108094808552E-03 4.17209981199741E-03 4.18452598321464E-03 4.19844887732533E-03 4.21395280279276E-03 4.2311126775599E-03 4.24997246832933E-03 4.27056694443731E-03 4.2928916304336E-03 4.31694443871725E-03 4.34267345296622E-03 4.37002154130959E-03 4.39889495692161E-03 4.42921292128722E-03 4.46084884683336E-03 4.49363799431951E-03 4.52740061874124E-03 4.56194787455529E-03
0 0 0 0 0 0 0 0 0 0 0 0 0 0 0 0 0 0 0 0 0 0 0 0 0 0 0 0 0 0 0 0 0 0 0 0 4.08844395730171E-03 4.0972434579335E-03 4.10178130721979E-03 4.10649529052278E-03 4.11156734869261E-03 4.11709207765601E-03 4.12331170393077E-03 4.13040590762779E-03 4.13854737483592E-03 4.14785947398049E-03 4.1584679928966E-03 4.17046381887185E-03 4.18395420455033E-03 4.19903641631676E-03 4.21579529181961E-03 4.23430279150057E-03 4.25459489605762E-03 4.27669527830893E-03 4.30058438865222E-03 4.32624439680873E-03 4.35360352658944E-03 4.38258091122642E-03 4.41305867993277E-03 4.44493121764928E-03 4.47804808605402E-03 4.51222382360827E-03 4.5472611073198E-03 4.58295686968911E-03
0 0 0 0 0 0 0 0 0 0 0 0 0 0 0 0 0 0 0 0 0 0 0 0 0 0 0 0 0 0 0 0 0 0 0 4.08378891832694E-03 4.08844395730171E-03 4.09202951883094E-03 4.09593795123537E-03 4.10037143273468E-03 4.10546434652336E-03 4.11130992352178E-03 4.11805503907162E-03 4.12580902915821E-03 4.13471383300755E-03 4.14488530132738E-03 4.15644458914034E-03 4.16948599928181E-03 4.18411668915829E-03 4.20044146820534E-03 4.21854102132962E-03 4.23848240348827E-03 4.26029011847195E-03 4.2839745533654E-03 4.30949597379347E-03 4.33682052556647E-03 4.36585241072467E-03 4.39648271667604E-03 4.42856869845209E-03 4.46197953829084E-03 4.49654316229199E-03 4.53205166035468E-03 4.56829212962978E-03 4.60504938470591E-03
0 0 0 0 0 0 0 0 0 0 0 0 0 0 0 0 0 0 0 0 0 0 0 0 0 0 0 0 0 0 0 0 0 0 0 4.08378891832694E-03 4.0841280156803E-03 4.0863672450736E-03 4.08979714463475E-03 4.09416584284745E-03 4.09946507809251E-03 0.004105731791014 4.11306432003295E-03 4.12153962628795E-03 4.13127520223261E-03 4.14238121189842E-03 4.15497442335949E-03 4.16915283051395E-03 4.18502201395785E-03 4.20268904057348E-03 4.22222896633293E-03 4.24370018463783E-03 4.26711322637534E-03 4.29246202840581E-03 4.31968644850561E-03 4.34872804354556E-03 4.37946312407948E-03 4.4117557297921E-03 4.44543937575562E-03 4.48035783385085E-03 4.51631527688464E-03 4.55308482709226E-03 4.59044049889624E-03 4.6281589226091E-03
0 0 0 0 0 0 0 0 0 0 0 0 0 0 0 0 0 0 0 0 0 0 0 0 0 0 0 0 0 0 0 0 0 0 4.06791941194538E-03 4.07650682085902E-03 4.07740801045157E-03 4.07963409564373E-03 4.08309718325406E-03 4.08768575918595E-03 4.09338358907207E-03 4.10020501508336E-03 4.10822246415685E-03 4.11751132091162E-03 4.12817283932746E-03 4.14031547611046E-03 4.15404742140576E-03 4.16947516268373E-03 4.18669828192805E-03 4.20582335633867E-03 4.22691618612525E-03 4.25002347116544E-03 4.27513766581113E-03 4.30223274968184E-03 4.33122625582248E-03 4.36202450388129E-03 4.39447901853125E-03 4.42842585259865E-03 4.46367672734041E-03 4.50004758386011E-03 4.53732568239954E-03 4.57526661631248E-03 4.61363376849879E-03 4.65219952529002E-03
0 0 0 0 0 0 0 0 0 0 0 0 0 0 0 0 0 0 0 0 0 0 0 0 0 0 0 0 0 0 0 0 0 0 4.06791941194538E-03 4.06833913594186E-03 4.06949295785716E-03 4.07197777291323E-03 4.0757746222467E-03 4.08081725439645E-03 4.08709502710083E-03 4.09461743603565E-03 4.10344819704805E-03 4.11366949987303E-03 4.12537786128889E-03 4.13868108953519E-03 4.15368048663264E-03 4.17048690112837E-03 4.18919418510151E-03 4.2099044764066E-03 4.2326715732969E-03 4.25752583993288E-03 4.28443723761949E-03 4.31335507727292E-03 4.34416887922195E-03 4.37675058292322E-03 4.41092350939548E-03 4.44649741597719E-03 4.48326261313781E-03 4.52101308606424E-03 4.55952047645347E-03 4.59852613973311E-03 4.63778697996409E-03 4.67707705887651E-03
0 0 0 0 0 0 0 0 0 0 0 0 0 0 0 0 0 0 0 0 0 0 0 0 0 0 0 0 0 0 0 0 0 0 4.05898433890799E-03 4.05906374002028E-03 4.06054497934424E-03 4.06349203212353E-03 4.06784069520141E-03 4.07352931642615E-03 4.08055163737636E-03 4.08892143303603E-03 4.09870623188476E-03 4.10999953841497E-03 4.12289511554182E-03 4.13750426595578E-03 0.004153916708776 4.17224810210348E-03 4.19258115724735E-03 4.21501348738946E-03 4.23958201965286E-03 4.26629513657483E-03 4.29509416417818E-03 4.32589853968435E-03 4.35856791349178E-03 4.39293957444402E-03 4.42880926781145E-03 4.46595963460497E-03 4.50416348186696E-03 4.54319701148102E-03 4.58282443513316E-03 0.004622772424746 4.66279739068157E-03 4.70268250120261E-03
0 0 0 0 0 0 0 0 0 0 0 0 0 0 0 0 0 0 0 0 0 0 0 0 0 0 0 0 0 0 0 0 0 0 4.04840316156891E-03 4.0485541386767E-03 4.05057320333336E-03 4.0541923265486E-03 4.05929287062941E-03 4.06581027441981E-03 4.07374382838919E-03 4.08311740286073E-03 4.09400702241115E-03 4.10652721419473E-03 4.12076802685566E-03 4.13684288147689E-03 4.15482831667407E-03 4.17484233034578E-03 4.19694930670703E-03 4.22124539671814E-03 4.24774312018852E-03 4.2764200485918E-03 4.30718328208168E-03 4.33992056831348E-03 4.37445982696022E-03 4.41060510780509E-03 4.44812540845749E-03 4.4867794043528E-03 4.52632505710091E-03 4.56652759105455E-03 4.60714947389063E-03 4.64790322027796E-03 4.68855472917295E-03 4.72890532718032E-03
0 0 0 0 0 0 0 0 0 0 0 0 0 0 0 0 0 0 0 0 0 0 0 0 0 0 0 0 0 0 0 0 0 4.02099613904645E-03 4.03518207500014E-03 4.03657542305961E-03 4.03959195577622E-03 4.04413602560673E-03 4.05018630586374E-03 4.05770612984277E-03 4.06671556487846E-03 4.07725412544305E-03 4.08940469217029E-03 4.10331911422585E-03 4.11907229863937E-03 4.13678633350649E-03 4.15651152321228E-03 4.17837878538151E-03 4.20241193382172E-03 4.22871700478748E-03 4.25726444467506E-03 4.28799474919832E-03 4.32077815410304E-03 4.35546976754824E-03 4.39186731322283E-03 4.42974053454724E-03 4.46883921601425E-03 4.50889968492288E-03 4.54967191357674E-03 4.59090845689582E-03 4.63238586792573E-03 4.67379811975377E-03 4.71493878210581E-03 4.75563387917581E-03
0 0 0 0 0 0 0 0 0 0 0 0 0 0 0 0 0 0 0 0 0 0 0 0 0 0 0 0 0 0 0 0 0 4.02099613904645E-03 4.02168345857438E-03 4.02374021757799E-03 4.02777765337834E-03 4.03344134248179E-03 4.04061692056149E-03 4.04930006280441E-03 4.05954584027973E-03 4.07141768113872E-03 4.08500585536802E-03 4.10048322745344E-03 4.11792406886347E-03 4.13744853380835E-03 4.15909069818579E-03 4.18297591378464E-03 4.20910327038355E-03 4.23755109960681E-03 4.26824691528036E-03 4.30109319060154E-03 4.33592703405928E-03 4.37256677692043E-03 4.41077993241843E-03 4.45030813544367E-03 4.49088527600598E-03 4.53223670560357E-03 4.57410732347667E-03 4.61624180121066E-03 4.65841033959526E-03 4.70033302096352E-03 4.74183840346604E-03 4.78277064966323E-03
0 0 0 0 0 0 0 0 0 0 0 0 0 0 0 0 0 0 0 0 0 0 0 0 0 0 0 0 0 0 0 0 0 4.00706333859005E-03 4.00733977253599E-03 4.01034697769092E-03 4.01551863015521E-03 4.02236606409442E-03 4.03077169303476E-03 4.04074170175905E-03 4.05236401610893E-03 4.06572332620102E-03 4.08093190177765E-03 4.09815363879625E-03 4.11746735661733E-03 4.13898193224286E-03 4.16272116886865E-03 4.18878471918655E-03 4.21716205781251E-03 4.24785598570166E-03 4.28077207753352E-03 4.31576696629656E-03 4.35265267543887E-03 4.39119945927031E-03 4.43115607084842E-03 4.47223691881833E-03 4.51416792850469E-03 4.5566710690005E-03 4.59949120263922E-03 4.64237201921635E-03 4.68507773239379E-03 4.72740070025707E-03 4.76916908659023E-03 4.81024756653393E-03
0 0 0 0 0 0 0 0 0 0 0 0 0 0 0 0 0 0 0 0 0 0 0 0 0 0 0 0 0 0 0 0 3.96142278362646E-03 3.98874137974431E-03 3.99166559763262E-03 3.99643589766948E-03 4.0029899980333E-03 4.0111339586024E-03 4.02086199940505E-03 4.03223342875285E-03 4.04536752842428E-03 4.06037193817314E-03 4.07736732088342E-03 4.09651069505666E-03 4.1178739933287E-03 4.14155203710321E-03 4.16754885464475E-03 4.19593594354961E-03 4.22667043213615E-03 4.25969397741851E-03 4.29487411232799E-03 4.33202736113868E-03 4.3709334910661E-03 4.41132503658408E-03 4.45293012995318E-03 4.49544612603936E-03 4.5385958028599E-03 4.58210411885351E-03 4.62572321210712E-03 4.66920493767834E-03 4.71233357209463E-03 4.75494661543246E-03 4.79687982632641E-03 4.83800896788516E-03
0 0 0 0 0 0 0 0 0 0 0 0 0 0 0 0 0 0 0 0 0 0 0 0 0 0 0 0 0 0 0 3.95123335410269E-03 3.96142278362646E-03 3.97025206968066E-03 3.97620284459135E-03 3.98268902636066E-03 3.99059599029116E-03 4.00004430956703E-03 4.01115139873996E-03 4.02402023984595E-03 4.0387910493357E-03 4.05558365288646E-03 4.07452066662175E-03 4.09574900644183E-03 4.11932590544876E-03 4.14532168565759E-03 4.17371258079145E-03 4.20453179315938E-03 4.23769843634711E-03 4.27309988071663E-03 4.31055947863376E-03 4.34985045053748E-03 4.39072121800721E-03 4.43287384559294E-03 4.47601933341377E-03 4.51984580839019E-03 4.56407724550944E-03 4.60844968425497E-03 4.65273153929395E-03 4.69669347362539E-03 4.74013989344783E-03 4.7829345983427E-03 4.82492980085632E-03 4.86600839891696E-03
0 0 0 0 0 0 0 0 0 0 0 0 0 0 0 0 0 0 0 0 0 0 0 0 0 0 0 0 0 0 0 3.95123335410269E-03 3.95186611725438E-03 3.95623503403678E-03 3.96210802433757E-03 3.96948323998318E-03 3.97854870002437E-03 3.98930261970537E-03 4.00185588694046E-03 4.01632865033982E-03 4.03286495075668E-03 4.05158673523562E-03 4.07260714516242E-03 4.09606595105515E-03 4.12199694194609E-03 4.15043760472116E-03 4.18132720437585E-03 4.21465877150592E-03 4.2503049531145E-03 4.28810219388912E-03 4.32782618885101E-03 4.36920799676336E-03 4.41196526141482E-03 4.4557765190123E-03 4.50034326964546E-03 4.54534725329894E-03 4.59052120210972E-03 4.63561954943843E-03 4.68043345422459E-03 4.72475526908554E-03 4.76841307161677E-03 4.81128806327844E-03 4.85324483663208E-03 4.89417156191331E-03
0 0 0 0 0 0 0 0 0 0 0 0 0 0 0 0 0 0 0 0 0 0 0 0 0 0 0 0 0 0 0 3.93838963891544E-03 3.93865530989775E-03 3.94233473381041E-03 3.94849572309698E-03 3.95673736866387E-03 3.96696740380476E-03 3.97908258871952E-03 3.99317641720512E-03 4.00937186923258E-03 4.02780491331007E-03 4.04859267816666E-03 4.07182916120815E-03 4.09764927235363E-03 4.12605436934522E-03 4.15703959597759E-03 4.19050307378447E-03 4.22639271591985E-03 4.26453583025914E-03 4.30471236426449E-03 4.34665519806946E-03 4.39005236656457E-03 4.43459761819806E-03 4.47994847723704E-03 4.52580723076099E-03 4.57185000156307E-03 4.61782822145846E-03 4.66352025713784E-03 4.70874370686063E-03 4.75331394617856E-03 0.004797078868689 4.83993350615246E-03 4.88175214283896E-03 4.92242401548585E-03
0 0 0 0 0 0 0 0 0 0 0 0 0 0 0 0 0 0 0 0 0 0 0 0 0 0 0 0 0 0 3.90356665775006E-03 3.92128161704778E-03 3.92330279703884E-03 3.9278863750513E-03 3.93495864409376E-03 3.94431269342604E-03 3.95586559475916E-03 3.96949731900772E-03 3.98527828776424E-03 4.00333708454739E-03 4.02380376547799E-03 4.04679263337798E-03 4.07237684712747E-03 4.10067002986286E-03 4.13163940126778E-03 4.16523843148969E-03 4.20132278731377E-03 4.23979006557201E-03 4.28041566424626E-03 4.32292720183704E-03 4.36701399609235E-03 0.004412329050144 4.45854431996669E-03 4.50530440369285E-03 4.55231099285157E-03 4.59925122176006E-03 4.6459007136706E-03 4.69206062172899E-03 4.73757282118309E-03 4.78227825902716E-03 4.82604901763237E-03 4.86878549838153E-03 4.9103649179315E-03 4.95067855726812E-03
0 0 0 0 0 0 0 0 0 0 0 0 0 0 0 0 0 0 0 0 0 0 0 0 0 0 0 0 0 0 3.90356665775006E-03 3.90451912221877E-03 3.90753034698732E-03 3.91329232217606E-03 3.92161587493447E-03 3.93233807310395E-03 3.94539363362543E-03 3.96070180431677E-03 3.97832974537736E-03 3.99840481941831E-03 4.02104292898248E-03 4.04636286122273E-03 4.07441736896481E-03 4.10527800177488E-03 4.13888149405988E-03 4.17513702030047E-03 4.21386011402806E-03 0.004254885294205 4.29794633234434E-03 4.34271444896527E-03 4.38884205039693E-03 4.43595163911206E-03 4.48370096975102E-03 4.53172824715045E-03 4.57973863434435E-03 4.62744573150837E-03 4.67464209035062E-03 4.72115167512786E-03 4.76684063090554E-03 4.81157834631448E-03 4.85525583135895E-03 4.89777173877271E-03 4.93900859218332E-03 4.97885867403764E-03
0 0 0 0 0 0 0 0 0 0 0 0 0 0 0 0 0 0 0 0 0 0 0 0 0 0 0 0 0 3.86504275549023E-03 3.8847414570433E-03 3.88687427931347E-03 3.89149358631974E-03 3.89873845142207E-03 3.90857708537672E-03 3.92089849429249E-03 3.93566936839008E-03 3.95284484783265E-03 3.97249427059088E-03 3.9947438238328E-03 4.01969606013032E-03 4.04746818211891E-03 4.07808991126207E-03 4.11159304907234E-03 4.14787620900422E-03 4.18680555869147E-03 4.22815125513016E-03 4.27169200567093E-03 4.31711253099538E-03 4.36403595546067E-03 4.41207953434463E-03 4.46084505426144E-03 4.5099817402023E-03 4.55913026667548E-03 4.60800749342425E-03 4.65635146934618E-03 4.70397424070524E-03 4.7507199259896E-03 4.7964769230212E-03 4.84114127797881E-03 4.88462147501586E-03 4.92681380262367E-03 4.96760170314953E-03 5.00687990663731E-03
0 0 0 0 0 0 0 0 0 0 0 0 0 0 0 0 0 0 0 0 0 0 0 0 0 0 0 0 0 3.86504275549023E-03 3.86608182365102E-03 3.86940062452083E-03 3.87558574918635E-03 3.88448228238436E-03 3.89603683683776E-03 3.91016280463044E-03 3.92685315063026E-03 3.94608450023111E-03 3.96792945596411E-03 3.99251127452245E-03 4.01991398020608E-03 4.05024895924544E-03 4.08351956532333E-03 4.11971917451093E-03 4.15870711609152E-03 4.20030064795928E-03 4.24422465387936E-03 4.29020358179832E-03 4.33788138297262E-03 4.38683330826329E-03 4.43664820187408E-03 4.48691740767063E-03 4.53729041211232E-03 4.5874185928829E-03 4.6370304790893E-03 4.68588926409666E-03 0.004733823633771 4.78069701549351E-03 4.82641546508198E-03 4.87090202835612E-03 4.91408031515367E-03 4.95584152968775E-03 4.99606870458563E-03 5.03466139265363E-03
0 0 0 0 0 0 0 0 0 0 0 0 0 0 0 0 0 0 0 0 0 0 0 0 0 0 0 0 3.82393470772819E-03 3.8448353172392E-03 3.84707282673217E-03 3.85206397911033E-03 3.85998188595421E-03 3.87070225961452E-03 3.88416646413013E-03 3.90029727349682E-03 3.91910737295316E-03 3.94058414474533E-03 3.96479348092064E-03 3.99185577722187E-03 4.02183176651066E-03 4.05482512735337E-03 4.09080723780761E-03 4.12973778466577E-03 4.17143264438114E-03 4.2156571076855E-03 4.26208956097007E-03 4.31040816936672E-03 4.36021949499225E-03 4.41105279264482E-03 4.46247938492109E-03 4.51409358833175E-03 4.56555191790681E-03 4.61651955840405E-03 4.66673803868151E-03 4.7159943946702E-03 4.76413171066251E-03 4.8110274442868E-03 4.85660087366142E-03 4.90080144330264E-03 4.94356827182287E-03 4.98478190446417E-03 5.02432731361474E-03 5.06211516709603E-03
0 0 0 0 0 0 0 0 0 0 0 0 0 0 0 0 0 0 0 0 0 0 0 0 0 0 0 0 3.82393470772819E-03 3.82495344841779E-03 3.82836247293187E-03 3.83509141489594E-03 3.8449253802972E-03 3.85765113643093E-03 3.8732073859767E-03 3.89152223078928E-03 3.91262759911933E-03 3.93651530368831E-03 3.96323810381288E-03 3.99291681610441E-03 4.02557168613743E-03 4.06130695539342E-03 4.10004789086638E-03 4.14172371498338E-03 4.18610587201396E-03 4.23290102716913E-03 4.28174843548568E-03 4.33227653523113E-03 4.38407472049856E-03 4.43662019855856E-03 4.48948866893491E-03 4.54228878736487E-03 4.59468529476821E-03 4.64636131683118E-03 4.69706323752433E-03 4.74660810181624E-03 4.79484255521838E-03 4.84165793221326E-03 4.88697733946528E-03 4.93077821366563E-03 4.97301713071348E-03 5.01355429133367E-03 5.05228850854538E-03 5.0891489604733E-03
0 0 0 0 0 0 0 0 0 0 0 0 0 0 0 0 0 0 0 0 0 0 0 0 0 0 0 0 3.80392036802815E-03 3.80442547820858E-03 3.80969088073277E-03 3.8185945799878E-03 3.83063027696074E-03 3.84556986584134E-03 3.8633918236207E-03 3.88405270367655E-03 3.90760358545654E-03 3.93404465895549E-03 3.96341326883863E-03 3.9958179291334E-03 4.03124591287359E-03 4.06978396952264E-03 4.11131682202625E-03 4.15572894579845E-03 4.20274572678954E-03 4.25202666235126E-03 4.3031768054769E-03 4.35577569433818E-03 4.40937967154932E-03 4.46345983719721E-03 4.51760645016071E-03 4.57144196465631E-03 4.62463663815995E-03 4.67689140765461E-03 4.7279609922805E-03 4.77768358460257E-03 4.82590677173462E-03 4.87253180142169E-03 4.91748694341052E-03 4.96077017785921E-03 5.00234117716349E-03 5.04205887944151E-03 5.07984723599869E-03 5.11565914192781E-03
0 0 0 0 0 0 0 0 0 0 0 0 0 0 0 0 0 0 0 0 0 0 0 0 0 0 0 3.73739805870461E-03 3.77733408560464E-03 3.78275368042049E-03 3.79144474446791E-03 3.80304379255441E-03 3.81751078203993E-03 3.83481109474088E-03 3.85501965848185E-03 3.87814167732336E-03 3.90424719783994E-03 3.93334953737135E-03 3.96546876489314E-03 4.0006893583171E-03 4.03896188907581E-03 4.08033898924539E-03 4.12467090623644E-03 4.17177455282644E-03 0.004221346048822 4.27299688855499E-03 4.32631194366989E-03 4.38081380112857E-03 4.43604199676692E-03 4.49150094034037E-03 4.54677483970415E-03 4.60150815576953E-03 4.65536735771804E-03 4.70808259531704E-03 4.75939955532196E-03 4.80918384883484E-03 4.85727411215078E-03 4.90358655137127E-03 0.004948044450332 4.99066309316924E-03 5.0314183168569E-03 5.07017619263448E-03 0.005106888216776 5.14153862424456E-03
0 0 0 0 0 0 0 0 0 0 0 0 0 0 0 0 0 0 0 0 0 0 0 0 0 0 3.71276014691821E-03 3.73739805870461E-03 3.75173300299707E-03 3.76273501173269E-03 3.7747845616906E-03 3.78904295009229E-03 3.80595575196806E-03 3.82566990878963E-03 3.84833867978375E-03 3.87400422120885E-03 3.90274791078136E-03 3.93458956304537E-03 3.96953181867287E-03 4.00762769697019E-03 4.04878747366772E-03 4.09301772513366E-03 4.14011796091241E-03 4.18985069889999E-03 4.24187370705371E-03 4.29576583694893E-03 4.35108773110101E-03 4.40732888651082E-03 4.46402479418236E-03 4.52070550537396E-03 4.57696528791621E-03 4.63245761004726E-03 4.68685274864291E-03 4.73989476026501E-03 4.79133612440003E-03 4.84104923520434E-03 4.88887133914353E-03 4.93472768045765E-03 4.97854830079242E-03 5.02035848846089E-03 5.06013764687983E-03 5.09778391505969E-03 5.13329120243513E-03 5.16667780872146E-03
0 0 0 0 0 0 0 0 0 0 0 0 0 0 0 0 0 0 0 0 0 0 0 0 0 3.70132025696143E-03 3.71276014691821E-03 3.72276560766794E-03 3.73417267736299E-03 3.74643123018586E-03 3.76054330742966E-03 3.77704073498487E-03 3.79627254271866E-03 3.81839311176087E-03 3.84356125850761E-03 3.87182763327715E-03 3.90326889319278E-03 3.93790509035803E-03 3.97571883147666E-03 4.01672118019674E-03 4.06077962681332E-03 4.10783645926708E-03 4.15764520580696E-03 4.20991447512173E-03 4.2642690878563E-03 4.32026151768195E-03 4.37743652348002E-03 4.43526804181175E-03 4.49328844673397E-03 4.55105356700119E-03 4.60816625918472E-03 4.66428677698916E-03 4.71908601268876E-03 4.77231726620806E-03 4.8237404617363E-03 4.8732237356807E-03 4.92061598301337E-03 4.96584665086686E-03 5.00886140122579E-03 5.04968699591958E-03 5.08833181841581E-03 5.12473616247992E-03 5.15893100221837E-03 5.19097402871113E-03
0 0 0 0 0 0 0 0 0 0 0 0 0 0 0 0 0 0 0 0 0 0 0 0 0 3.70132025696143E-03 3.70224177578154E-03 3.70894930336349E-03 3.71940382124896E-03 3.73256002166623E-03 3.74839684579002E-03 3.76698801712206E-03 3.78851304505164E-03 3.81307569097072E-03 3.84080414932815E-03 3.87173401119199E-03 3.90592290964551E-03 3.94339140306454E-03 3.98410045037135E-03 4.0280128498965E-03 4.07495033544225E-03 4.12478748996122E-03 4.17722510591334E-03 4.23192463238169E-03 4.28847982416902E-03 4.34642870840027E-03 4.40530587854787E-03 4.46457892835845E-03 4.52378075495849E-03 4.58249233968511E-03 4.6403242333359E-03 4.69693292611123E-03 4.75198800304346E-03 4.80524891552872E-03 4.85648718867026E-03 4.90556508082365E-03 4.95234589511543E-03 0.004996770439856 5.03880825664583E-03 5.07849490442705E-03 5.11586229355095E-03 5.15090405047302E-03 5.18369824501381E-03 5.21433839269275E-03
0 0 0 0 0 0 0 0 0 0 0 0 0 0 0 0 0 0 0 0 0 0 0 0 3.66353461635272E-03 3.68337624881185E-03 3.68664914764347E-03 3.69420663275282E-03 3.70557133337094E-03 3.72020659632135E-03 3.73795841171751E-03 3.75874608150729E-03 3.78265563741494E-03 3.80975762572548E-03 3.84013533110794E-03 3.87380766810167E-03 3.91079583123461E-03 3.95113147383993E-03 3.99474826815668E-03 4.04154916143846E-03 4.09132158776771E-03 4.14385588042942E-03 4.19881990959898E-03 4.25582087239603E-03 4.31443581515756E-03 4.3741938027573E-03 4.4346254283091E-03 4.49520158891089E-03 4.55544457273946E-03 4.61497281902802E-03 4.67338503662106E-03 4.73033040122595E-03 4.78547461850681E-03 4.8385837781811E-03 4.88944801497157E-03 4.9379163849511E-03 4.98388791473248E-03 5.02731107691768E-03 5.06819823981963E-03 5.10658844467719E-03 5.14255793246879E-03 5.17615335470049E-03 5.20749180978919E-03 5.2366996288076E-03
