NongDo/Fusa 12.1h.grd
DSAA
463	323
2	464
2	324
0	10
[rows 56 to 83 of 323, columns 256 to 319 of 463]
0 0 0 0 0 0 0 0 0 0 0 0 0 0 0 0 0 0 0 0 0 0 0 0 0 0 0 0 0 0 0 0 0 0 0 0 0 0 0 0 0 0 0 0 0 0 0 0 0 0 0 0 0 0 0 0 0 0 0 0 0 0 0 0
0 0 0 0 0 0 0 0 0 0 0 0 0 0 0 0 0 0 0 0 0 0 0 0 0 0 0 0 0 0 0 0 0 0 0 0 0 0 0 0 0 0 0 0 0 0 0 0 0 0 0 0 0 0 0 0 0 0 0 0 0 0 0 0
0 0 0 0 0 0 0 0 0 0 0 0 0 0 0 0 0 0 0 0 0 0 0 0 0 0 0 0 0 0 0 0 0 0 0 0 0 0 0 0 0 0 0 0 0 0 0 0 0 0 0 0 0 0 0 0 0 0 0 0 0 0 0 0
0 0 0 0 0 0 0 0 0 0 0 0 0 0 0 0 0 0 0 0 0 0 0 0 0 0 0 0 0 0 0 0 0 0 0 0 0 0 0 0 0 0 0 0 0 0 0 0 0 0 0 0 0 0 0 0 0 0 0 0 0 0 0 0
0 0 0 0 0 0 0 0 0 0 0 0 0 0 0 0 0 0 0 0 0 0 0 0 0 0 0 0 0 0 0 0 0 0 0 0 0 0 0 0 0 0 0 0 0 0 0 0 0 0 0 0 0 0 0 0 0 0 0 0 0 0 0 0
0 0 0 0 0 0 0 0 0 0 0 0 0 0 0 0 0 0 0 0 0 0 0 0 0 0 0 0 0 0 0 0 0 0 0 0 0 0 0 0 0 0 0 0 0 0 0 0 0 0 0 0 0 0 0 0 0 0 0 0 0 0 0 0
0 0 0 0 0 0 0 0 0 0 0 0 0 0 0 0 0 0 0 0 0 0 0 0 0 0 0 0 0 0 0 0 0 0 0 0 0 0 0 0 0 0 0 0 0 0 0 0 0 0 0 0 0 0 0 0 0 0 0 0 0 0 0 0
0 0 0 0 0 0 0 0 0 0 0 0 0 0 0 0 0 0 0 0 0 0 0 0 0 0 0 0 0 0 0 0 0 0 0 0 0 0 0 0 0 0 0 0 0 0 0 0 0 0 0 0 0 0 0 0 0 0 0 0 0 0 4.55604708448421E-03 4.54238081427337E-03
0 0 0 0 0 0 0 0 0 0 0 0 0 0 0 0 0 0 0 0 0 0 0 0 0 0 0 0 0 0 0 0 0 0 0 0 0 0 0 0 0 0 0 0 0 0 0 0 0 0 0 0 0 0 0 0 0 0 4.59568132678963E-03 4.58853756664983E-03 4.5831765196772E-03 4.5769783926202E-03 4.55604708448421E-03 4.54238081427337E-03
0 0 0 0 0 0 0 0 0 0 0 0 0 0 0 0 0 0 0 0 0 0 0 0 0 0 0 0 0 0 0 0 0 0 0 0 0 0 0 0 0 0 0 0 0 0 0 0 0 0 0 0 0 0 4.6152028346644E-03 4.61223164933537E-03 4.61122208331971E-03 4.60983086437764E-03 4.59568132678963E-03 4.58853756664983E-03 4.5831765196772E-03 4.5769783926202E-03 4.5674703214044E-03 4.55817329138277E-03
0 0 0 0 0 0 0 0 0 0 0 0 0 0 0 0 0 0 0 0 0 0 0 0 0 0 0 0 0 0 0 0 0 0 0 0 0 0 0 0 0 0 0 0 0 0 0 0 0 0 0 4.62282392356387E-03 4.62355011305546E-03 4.62507355796464E-03 4.6152028346644E-03 4.61223164933537E-03 4.61122208331971E-03 4.60983086437764E-03 4.60579715789259E-03 4.60227501892947E-03 4.59893072689507E-03 4.59490219231746E-03 4.58959708899228E-03 4.58354054067245E-03
0 0 0 0 0 0 0 0 0 0 0 0 0 0 0 0 0 0 0 0 0 0 0 0 0 0 0 0 0 0 0 0 0 0 0 0 0 0 0 0 0 0 0 0 0 4.58775260177461E-03 4.59386390997628E-03 4.60233696160047E-03 4.61145894402583E-03 4.62028264317389E-03 4.62772728226754E-03 4.62282392356387E-03 4.62355011305546E-03 4.62507355796464E-03 4.62462834044675E-03 4.62499497062788E-03 4.62580341362897E-03 4.62630239221957E-03 4.62592678084935E-03 4.6250736957199E-03 4.62371520903558E-03 4.62166939831764E-03 4.6187965864918E-03 4.61511577363318E-03
0 0 0 0 0 0 0 0 0 0 0 0 0 0 0 0 0 0 0 0 0 0 0 0 0 0 0 0 0 0 0 0 0 0 0 0 0 0 0 0 0 0 0 4.57938988003347E-03 4.58798358307201E-03 4.58775260177461E-03 4.59386390997628E-03 4.60233696160047E-03 4.61145894402583E-03 4.62028264317389E-03 4.62772728226754E-03 4.63212980020399E-03 4.63636985961546E-03 4.64025317508519E-03 4.64334751410053E-03 4.64617449740999E-03 4.64877186511865E-03 4.65096107553026E-03 4.65255633729785E-03 4.65355716036548E-03 4.65392252247844E-03 4.6536041238104E-03 4.65256659083052E-03 4.65081757889014E-03
3.61971144529312E-03 3.64334226315861E-03 3.66886877476985E-03 3.69510936557996E-03 3.72151579422525E-03 3.74801993312014E-03 3.77422949527479E-03 3.8000702932349E-03 3.82555191022169E-03 3.85094654287282E-03 3.87625558671057E-03 3.90158586819526E-03 3.9265232707858E-03 3.95090858901704E-03 3.97466097329481E-03 3.99808099558876E-03 4.02118171300985E-03 4.04419354965301E-03 4.0668835580991E-03 4.08931556164143E-03 4.11151667128661E-03 4.13379962730478E-03 4.1561498845965E-03 4.17871995867841E-03 4.2011270451287E-03 4.22323272981102E-03 4.24486309889747E-03 4.26623231893802E-03 4.28723111302866E-03 4.30806390742442E-03 4.32855509352574E-03 4.34899453939226E-03 4.36979353008116E-03 4.39212747819217E-03 4.41774186091446E-03 0 0 0 0 4.52753939485041E-03 4.54211285981905E-03 4.55916966420209E-03 4.57555502929851E-03 4.57938988003347E-03 4.58798358307201E-03 4.59600064559002E-03 4.60516011153139E-03 4.61504033665959E-03 4.62506147888089E-03 4.63474259847332E-03 4.64352425643075E-03 4.65103363946481E-03 4.65769486092731E-03 4.66361920464163E-03 4.66880369856078E-03 4.67342439321462E-03 4.67754950336544E-03 4.68117343982956E-03 4.68423881213155E-03 4.6867199099587E-03 4.68858001934297E-03 4.68979666225233E-03 4.69036265067932E-03 4.6903067882131E-03
3.61971144529312E-03 3.64334226315861E-03 3.66886877476985E-03 3.69510936557996E-03 3.72151579422525E-03 3.74801993312014E-03 3.77422949527479E-03 3.8000702932349E-03 3.82555191022169E-03 3.85094654287282E-03 3.87625558671057E-03 3.90158586819526E-03 3.9265232707858E-03 3.95090858901704E-03 3.97466097329481E-03 3.99808099558876E-03 4.02118171300985E-03 4.04419354965301E-03 4.0668835580991E-03 4.08931556164143E-03 4.11151667128661E-03 4.13379962730478E-03 4.1561498845965E-03 4.17871995867841E-03 4.2011270451287E-03 4.22323272981102E-03 4.24486309889747E-03 4.26623231893802E-03 4.28723111302866E-03 4.30806390742442E-03 4.32855509352574E-03 4.34899453939226E-03 4.36979353008116E-03 4.39212747819217E-03 4.41774186091446E-03 4.4545103103596E-03 4.47752997856699E-03 4.49908653487549E-03 4.51916127886088E-03 4.52753939485041E-03 4.54211285981905E-03 4.55916966420209E-03 4.57555502929851E-03 4.58866724533346E-03 4.60114651775065E-03 4.61296683524369E-03 4.62454302057025E-03 4.63595410266467E-03 4.64709833879182E-03 4.65780937247891E-03 4.66780478278825E-03 4.67695024393421E-03 4.68523237138196E-03 4.6927066407905E-03 4.69940953665934E-03 4.70544741843529E-03 4.71089021474761E-03 4.71578620677393E-03 4.72012788135739E-03 4.72390771333331E-03 4.72710106034916E-03 4.72970412639971E-03 4.73172507643751E-03 4.73320324396087E-03
3.62824684597416E-03 3.65520015649394E-03 3.68212520296397E-03 3.70908487545897E-03 3.73595786031447E-03 3.76278208075359E-03 3.78925133216357E-03 3.81529930205773E-03 3.84098898214922E-03 3.86654940396545E-03 3.8919927426212E-03 3.91744218041016E-03 3.9424656970045E-03 3.96684696420623E-03 3.99061371134579E-03 4.01404609229391E-03 4.03719093756477E-03 4.06022111840859E-03 4.08295345564604E-03 4.10543059662228E-03 4.12772444953701E-03 4.15008641003164E-03 4.17251889625435E-03 4.19516838363787E-03 4.21764824512078E-03 4.23976146517232E-03 4.26141015466467E-03 4.28276626483482E-03 4.30374771478812E-03 4.32448020955554E-03 4.34481139398342E-03 0.0043649358096 4.38517345789182E-03 4.4062868719543E-03 4.42906876711589E-03 4.4545103103596E-03 4.47752997856699E-03 4.49908653487549E-03 4.51916127886088E-03 4.53675560298216E-03 4.55486481315264E-03 4.57351364481603E-03 4.5913535121962E-03 4.6076080191604E-03 4.62267141105483E-03 4.63682375164285E-03 4.65023396411922E-03 4.66306297448545E-03 4.67537131886895E-03 4.68712836938803E-03 4.69819844618028E-03 4.70852152246464E-03 4.71801616538558E-03 4.72670347893894E-03 4.73460979582903E-03 4.74182435545974E-03 4.74841891834389E-03 4.75445663579496E-03 4.75994900373201E-03 4.76490065170662E-03 4.76929698039099E-03 4.77315469158841E-03 4.77649388249905E-03 4.77935313945817E-03
3.64603476401512E-03 3.67498728649167E-03 3.70323480889748E-03 3.73109906402803E-03 3.75865394824586E-03 3.78598747428245E-03 3.81289779217718E-03 3.83934583473135E-03 3.8654405511777E-03 3.89135484963253E-03 3.91708998814306E-03 3.94272564609309E-03 3.96783157631754E-03 3.99222858131751E-03 4.01606726160013E-03 4.03958193068791E-03 4.06283483433858E-03 4.08594180483184E-03 4.10879187987592E-03 4.13141321915194E-03 4.15391587158355E-03 4.17648111453153E-03 4.19911330340957E-03 4.22189819028279E-03 4.24444839768229E-03 4.26657154991664E-03 4.28825960685208E-03 4.30962508767167E-03 4.33060146853492E-03 4.3512408697744E-03 4.3714383248913E-03 4.39130716831581E-03 4.41110685979034E-03 4.43130835576763E-03 4.45229961892637E-03 4.47435341970038E-03 4.49606060422672E-03 0.004517191350165 4.53767941039688E-03 4.55759017603053E-03 4.57738757328055E-03 4.59713225949843E-03 4.61612496329157E-03 4.63399942489183E-03 4.65076473551284E-03 4.66657855250124E-03 4.68147652101805E-03 4.69557552711323E-03 4.70896145455521E-03 4.72168576578134E-03 4.73369385653351E-03 4.74497375425835E-03 4.75544429860108E-03 4.76511941585653E-03 4.77402527808304E-03 4.78224187803779E-03 4.78984406627756E-03 4.7968995285075E-03 4.80342405305936E-03 4.80943182387618E-03 4.81492240317905E-03 4.81991709468258E-03 4.82444170429559E-03 4.82853556728151E-03
3.67007156530701E-03 3.70038629970054E-03 3.7298185082717E-03 3.75866132506616E-03 3.78703907843825E-03 3.81502838914043E-03 3.84251479683903E-03 3.8695265844285E-03 3.89617154872377E-03 3.92256929123297E-03 3.94871588556983E-03 3.97456872080791E-03 3.99978921706948E-03 4.02433802501464E-03 4.04839090229982E-03 4.07212325472332E-03 4.09560062841748E-03 4.11889481124196E-03 4.14194712652535E-03 4.16482066933934E-03 4.1876247143907E-03 4.21048124993408E-03 4.23339345820492E-03 4.25632545563382E-03 4.27894354467177E-03 4.30114794329214E-03 4.32295435307313E-03 4.34440757707858E-03 4.36544603479448E-03 4.38607247431814E-03 4.40621161148494E-03 4.42597010876138E-03 4.44555257562983E-03 4.46526810506393E-03 4.48536861443635E-03 4.50600567393175E-03 4.52669917278957E-03 4.54730510077687E-03 4.56778530921395E-03 4.58822350590111E-03 4.60861610051566E-03 4.62888808049986E-03 4.64856526436385E-03 4.66741506218873E-03 4.68533708929203E-03 4.70234253684995E-03 4.71837824391123E-03 4.73351173763033E-03 4.74782064723074E-03 4.76137792516451E-03 4.77418450303283E-03 4.78624209153907E-03 4.79749218764553E-03 4.80796331584713E-03 4.81768372087112E-03 4.82674105219575E-03 4.83521194076393E-03 4.84315583104291E-03 4.85058618512422E-03 4.85752911569925E-03 4.86399136251148E-03 4.86999962306016E-03 4.87558018938036E-03 4.88076735297387E-03
3.69875100604541E-03 3.73030626190986E-03 3.76091078337432E-03 3.79079477546957E-03 3.82008633191489E-03 3.84886477028213E-03 3.87710263655349E-03 3.9048398807539E-03 3.93213678165525E-03 3.95907352863661E-03 3.9856355104381E-03 4.01176509827473E-03 4.03730024781105E-03 4.06223230100545E-03 4.08667165413185E-03 4.11076149762474E-03 4.13457839741655E-03 4.15818912246209E-03 4.18159524774916E-03 4.20485274219606E-03 4.22802877706784E-03 4.25120253911803E-03 4.27436433694249E-03 4.29745363456395E-03 4.32026651586907E-03 4.34270286749617E-03 4.36472613296872E-03 4.38634379401693E-03 4.40751080577624E-03 4.42821680992372E-03 4.44843051897982E-03 4.46822684700654E-03 4.48774441819672E-03 4.50720533975321E-03 4.5268013141634E-03 4.54668108331262E-03 4.56672356627405E-03 4.58688928795021E-03 4.60715147651103E-03 4.62755723526853E-03 4.64803093516221E-03 4.66846877768197E-03 4.68852318831893E-03 4.7079593775862E-03 4.72659836553606E-03 4.7443785614097E-03 4.76121245639392E-03 4.77709863397602E-03 4.79209160172734E-03 4.80626297057161E-03 4.81964349181365E-03 4.83226201591584E-03 4.84410562513627E-03 4.85520209546799E-03 4.86559028480731E-03 4.87534372149405E-03 4.88453454978659E-03 4.89322393485063E-03 4.90143614871441E-03 4.90919494807663E-03 4.91651308686236E-03 4.92341536460065E-03 4.92992663575247E-03 4.9360758750232E-03
3.73184752785011E-03 3.76464036075364E-03 3.79646262285294E-03 3.82748468533211E-03 3.85781994404154E-03 3.88755438085705E-03 3.91669612833605E-03 3.9452794267257E-03 3.97333754624905E-03 4.00092355475922E-03 0.00402802467186 4.05461469784697E-03 4.08063038489343E-03 4.10608304228673E-03 4.13104660606914E-03 4.15563666709314E-03 4.1799322991125E-03 4.20400990727638E-03 4.22789888289847E-03 4.25164205019058E-03 4.27527553005215E-03 4.29884581224252E-03 4.32233740485302E-03 4.34570113250792E-03 4.36880544353926E-03 4.39155076560176E-03 4.41386204660315E-03 4.43571812942837E-03 4.45708037207827E-03 4.47794451167666E-03 4.49830143682756E-03 4.51820428900288E-03 4.53774796438445E-03 4.55710161089783E-03 4.5764299361654E-03 4.59589332460235E-03 4.61552093113928E-03 4.63534157890928E-03 4.65534686487791E-03 4.67556672737584E-03 4.69592844171083E-03 4.71633332577295E-03 4.73649262439862E-03 4.75616789944638E-03 4.77514210116382E-03 4.79331383933995E-03 4.81056548109056E-03 4.82686785532138E-03 4.84225179281593E-03 4.85677705789364E-03 4.87049098618373E-03 4.88344600503159E-03 4.89566063389492E-03 4.90717501140744E-03 4.91803222178074E-03 4.92829704329974E-03 4.93803475994486E-03 4.94730686628646E-03 4.95614283084202E-03 4.96456791045699E-03 4.97259755622202E-03 4.98025246462278E-03 4.98755298038016E-03 4.99451975644674E-03
3.7692450403926E-03 3.80336262700348E-03 3.8364999807698E-03 3.86878511191558E-03 3.90031091574971E-03 3.93115880341597E-03 3.96134306298454E-03 3.99089507001356E-03 4.0198425980582E-03 4.04822498250071E-03 4.07603711901791E-03 4.10327810427015E-03 4.1299344006226E-03 4.15603703904196E-03 4.1816544522804E-03 4.20688501370703E-03 4.2318051422157E-03 4.25649383944076E-03 4.28098626655831E-03 4.30531686391596E-03 4.32950742721528E-03 4.35358229477587E-03 4.37752107552101E-03 4.40128482540484E-03 4.42477452233265E-03 4.44788900141007E-03 4.47053816650501E-03 4.4926833429604E-03 4.51428869536593E-03 4.53535395255434E-03 4.55587914088385E-03 4.57590732466406E-03 4.59551462779977E-03 4.61484208862126E-03 4.63403982136327E-03 4.65327488533891E-03 4.67263650457467E-03 4.69219153010814E-03 4.71195165345232E-03 4.7319453808503E-03 4.75210521323177E-03 4.77234148698228E-03 4.79238783329541E-03 4.81201454044991E-03 4.83100397112317E-03 4.84923938870284E-03 4.86658890731258E-03 4.88299459561495E-03 4.89847124138027E-03 4.91307958079233E-03 4.92688467943164E-03 4.93995273443422E-03 4.95232469825263E-03 4.96404700253636E-03 4.97516652636793E-03 4.98574665679367E-03 4.99585197378784E-03 5.00553730019139E-03 5.01483414190035E-03 5.02376447068292E-03 5.03234530838685E-03 5.04059640762408E-03 5.04853245347639E-03 5.0561623077651E-03
3.81104048649145E-03 3.84662202079639E-03 3.8812090463372E-03 3.91489872981973E-03 3.94776750826492E-03 3.97987866057004E-03 4.0112482365301E-03 4.04191105054483E-03 4.07189625132137E-03 4.10123481257831E-03 4.12992994720212E-03 4.15799625933205E-03 4.1854488204373E-03 4.21233960636396E-03 4.23874304423107E-03 4.26474737317677E-03 4.29042610933625E-03 4.31585409978386E-03 4.34106474147125E-03 4.36608898369719E-03 4.39094193056006E-03 4.41563225491052E-03 4.44013156955253E-03 4.46440622720068E-03 4.48836286459424E-03 4.51189424843122E-03 4.53490704844411E-03 4.55735835459688E-03 4.57921434978026E-03 4.60047928442361E-03 4.6211583104044E-03 4.64129320572834E-03 4.66095953733784E-03 4.6802894809537E-03 4.69942578159691E-03 4.71853385819799E-03 4.73772097281573E-03 4.75706416328968E-03 4.7765899928033E-03 4.79632936189654E-03 4.81622319587396E-03 4.83616443598306E-03 4.85589945682457E-03 4.8752283685341E-03 4.89395594744542E-03 4.91196036699084E-03 4.92909937332915E-03 4.94531650926094E-03 4.96061941088193E-03 4.9750728249336E-03 4.9887511730417E-03 5.00172769905649E-03 5.01405670696649E-03 5.02579102349786E-03 5.03698238316708E-03 5.04769783907806E-03 5.0579984575826E-03 5.06792987026074E-03 5.07752086104814E-03 5.08679329896212E-03 5.09576742446059E-03 5.10445771636736E-03 5.11287113755087E-03 5.12100297801146E-03
3.85733652263321E-03 3.89455307419669E-03 3.93074508410211E-03 3.96598629356604E-03 4.00033946433542E-03 4.0338547287337E-03 4.06655744416384E-03 4.09848038918506E-03 4.12965184064012E-03 4.16009974602109E-03 4.18983860337607E-03 4.21889182451317E-03 4.24729661458581E-03 4.27511874778339E-03 4.30243761851863E-03 4.32933759188148E-03 4.3558909458498E-03 4.3821677419252E-03 4.40819961017341E-03 4.4340130578368E-03 4.45961869429281E-03 4.48501592678312E-03 4.51016700050689E-03 4.53503197452751E-03 4.55950115865312E-03 4.58346168736022E-03 4.60682714810484E-03 4.62956058693796E-03 0.004651631349588 4.67304929756187E-03 4.6938239436686E-03 4.71400700824209E-03 4.73368881635374E-03 4.75300404948358E-03 4.77208747687344E-03 4.79109832183813E-03 4.81013301028294E-03 4.82926492984715E-03 4.84852601954883E-03 4.86794421552876E-03 4.88745121025522E-03 4.90693936537157E-03 4.92618859658953E-03 4.94501513432984E-03 4.96325255427681E-03 4.98078904771572E-03 4.9975009680711E-03 5.01332093125003E-03 5.02826162000072E-03 5.04238704516398E-03 5.05577383107983E-03 5.0684970174271E-03 5.08062583065373E-03 5.09221732229535E-03 5.1033372676616E-03 5.11404858317337E-03 5.1244026798365E-03 5.13443327862285E-03 5.14417238734551E-03 5.15363713495216E-03 5.16284910820655E-03 5.17182102417458E-03 5.1805503560211E-03 5.1890210697351E-03
3.90845077883401E-03 3.94747971571799E-03 3.98544267991796E-03 4.02239314155767E-03 4.05838213377453E-03 4.09345102493775E-03 4.12763078407555E-03 4.16095467281767E-03 4.19345231814506E-03 4.22515131711504E-03 4.25607561523482E-03 4.28625639874361E-03 4.31574742579995E-03 4.34462713624453E-03 4.37297801072189E-03 4.40088072273623E-03 4.42840599706076E-03 4.4556148624911E-03 4.48253597151244E-03 4.50919720812116E-03 4.53560666679013E-03 4.56175481359636E-03 4.58759546694698E-03 4.61306794827546E-03 4.63803659651102E-03 4.6623897253474E-03 4.68605238002534E-03 4.7089954291661E-03 4.73119954388488E-03 4.75267991612708E-03 4.77345419379512E-03 4.79359911581353E-03 4.81322472438563E-03 4.83246961247973E-03 4.85146586762551E-03 4.87035409343759E-03 4.88920594085563E-03 4.90808793915642E-03 4.92702896813751E-03 4.94604149957571E-03 4.96504884600252E-03 4.98394388254866E-03 5.00253764374076E-03 5.02068262346698E-03 5.03824498553834E-03 5.05512557366066E-03 5.0712144996706E-03 5.08646104676452E-03 5.10088842734857E-03 5.11455243292354E-03 5.12752507154384E-03 5.13988309148109E-03 5.15170044292315E-03 5.16304284321376E-03 5.17398892316036E-03 5.18458588013471E-03 5.19487084595737E-03 5.20487220100594E-03 5.21462337178595E-03 5.22413952108997E-03 5.23344717169658E-03 5.24254755965015E-03 5.25143006865619E-03 5.26007459659416E-03
3.96474596751074E-03 4.00577529593797E-03 4.04568104916808E-03 4.08449920128986E-03 4.12227212809696E-03 4.15903520698653E-03 4.19482485150665E-03 4.2296761026611E-03 4.26362296378577E-03 4.29669382352431E-03 4.32892403294629E-03 4.3603507922886E-03 4.3910441363605E-03 4.42109075447654E-03 4.45057028510898E-03 4.47955539217727E-03 4.50811068710631E-03 4.53629291731741E-03 4.56413301116629E-03 4.59165575405788E-03 4.61886256034003E-03 4.64573639206154E-03 4.6722176445196E-03 4.69823514125282E-03 4.7236342387482E-03 4.74829054962989E-03 4.77213343017124E-03 4.79515555234477E-03 4.81735754956788E-03 4.83877077713992E-03 4.85943790958686E-03 4.87944825390025E-03 4.89891990623691E-03 4.91799949497367E-03 4.93681374239282E-03 4.95549668472582E-03 4.97409949196568E-03 4.99265904896509E-03 5.01118226229192E-03 5.02967465958824E-03 5.04806298093494E-03 5.06623802259676E-03 5.08405544429544E-03 5.10139376624448E-03 5.11815352303565E-03 5.13425149851625E-03 5.14960920209663E-03 5.1641755636306E-03 0.005177980546563 5.19108845385168E-03 5.20357817323083E-03 5.21551646091794E-03 5.22697504188111E-03 5.23801328679643E-03 5.24870254562835E-03 5.25908859272269E-03 5.26920746452241E-03 5.2790758854158E-03 5.28872213593735E-03 5.29815646759677E-03 5.30740159549556E-03 5.31646336253965E-03 5.32533473889652E-03 5.33399078320161E-03
4.02672614184104E-03 4.06993172527135E-03 4.11194030619897E-03 4.15277341616668E-03 4.1924675828285E-03 4.23105465271523E-03 4.26857566713551E-03 4.30506949949491E-03 4.34057311458185E-03 4.37511856954769E-03 4.40875184547809E-03 4.44152034254093E-03 4.47350908897601E-03 4.50480642692944E-03 4.53548190513083E-03 4.56559663953834E-03 4.59520845027523E-03 4.62436893015047E-03 4.65310822910928E-03 4.68144751971266E-03 4.70938307251958E-03 4.73689402997777E-03 4.76391052260265E-03 4.79034539774611E-03 4.81601830547564E-03 4.84080596449854E-03 4.86465955685379E-03 4.88760011641368E-03 4.9096449257275E-03 4.93084671837371E-03 4.95126980586763E-03 4.97101636802537E-03 4.99021228461987E-03 5.00901136286688E-03 5.02753416958549E-03 5.0459017743882E-03 5.06413447134744E-03 5.08224504995563E-03 5.10022458101618E-03 5.11807521934718E-03 0.005135719028713 5.15305839402316E-03 5.16999039602897E-03 5.18642390777713E-03 5.20228907711988E-03 5.21751734841557E-03 5.23205575204647E-03 5.24586160250545E-03 5.25898216466775E-03 5.27148583935852E-03 5.28345290682588E-03 5.29493441888194E-03 5.30599642544774E-03 5.31668634379398E-03 5.32706295584331E-03 5.33716577279954E-03 5.34703022060923E-03 5.35666333700546E-03 5.36608840154934E-03 5.37531055176546E-03 5.38435259425165E-03 5.39322255771476E-03 5.40192032934841E-03 5.41041875822709E-03
4.09497211264632E-03 4.1405135325463E-03 4.18476474005647E-03 4.22773758187579E-03 4.26946699795728E-03 4.30998565254414E-03 4.34934080666711E-03 4.38757341143916E-03 4.42472201686477E-03 4.4608229523528E-03 4.49593492972257E-03 4.53011662447449E-03 4.56346332245305E-03 4.59605854191588E-03 4.6279545559679E-03 4.65920062164147E-03 4.68984666408316E-03 4.71993805746644E-03 4.74949905146279E-03 4.7785445403949E-03 4.8070674557832E-03 4.83505057090076E-03 4.86241431406863E-03 4.88904941376741E-03 4.9147527068044E-03 4.93943575480599E-03 4.96309670297925E-03 4.98578138148589E-03 5.00751519746059E-03 5.02836030325483E-03 5.04839193791522E-03 0.005067728725413 5.08650919378979E-03 5.10489044302382E-03 5.12297785920924E-03 5.14087622076884E-03 5.15856917016469E-03 5.17606459583199E-03 5.19335942106819E-03 5.21045131279886E-03 5.22725876393393E-03 5.24368514939843E-03 5.25966949151924E-03 5.27514778323212E-03 5.29007886572853E-03 5.30439776599509E-03 5.31807831656431E-03 5.33108700794488E-03 5.34350049244685E-03 5.35538408782957E-03 5.36680374514309E-03 5.37779137903954E-03 5.38841098745945E-03 5.3986990726594E-03 5.40870469641528E-03 5.41845356347644E-03 5.42797319234414E-03 5.43726155150511E-03 5.44634295996926E-03 5.45521884548293E-03 5.46391687204983E-03 5.47244385330807E-03 5.4807999485731E-03 5.48895871847522E-03
4.17008458538411E-03 4.21808923307867E-03 4.26468892241476E-03 4.30989625205006E-03 4.35374618102396E-03 4.39627830249694E-03 4.43754410534269E-03 4.47758387212434E-03 4.51643732777978E-03 4.55415000581643E-03 4.59078627844603E-03 4.62642548998229E-03 4.66116545078351E-03 4.6950660892581E-03 4.72816109365438E-03 4.7604952421953E-03 4.79210924971361E-03 4.82303796159929E-03 4.8532939884771E-03 4.88287925995759E-03 4.91178444857391E-03 4.94000016865918E-03 4.9674563431628E-03 4.99399632306483E-03 5.01943339156282E-03 5.04376298209439E-03 5.06702822952796E-03 5.08927533210119E-03 5.11053039496998E-03 5.13086188333603E-03 5.15035099463313E-03 5.16913110465106E-03 5.18734678459281E-03 5.20514535914558E-03 5.2226270807536E-03 5.23985878725577E-03 5.25680520184049E-03 5.27350426237374E-03 5.28996756706844E-03 5.30617515599271E-03 5.32203440323679E-03 5.33747657503171E-03 5.35247341831692E-03 5.3669792752887E-03 5.38096518430074E-03 5.39437031621031E-03 5.40718336808976E-03 5.41939826807377E-03 5.43111915519822E-03 5.44238067784125E-03 5.45322578588297E-03 5.4636770092915E-03 5.4737994736109E-03 5.48361698126009E-03 5.49317310623627E-03 5.5024760197865E-03 5.51154220664069E-03 5.5203664943107E-03 5.52897412290783E-03 5.5373669440058E-03 5.54557923888563E-03 5.55360621762843E-03 5.56144483501123E-03 5.56907374907028E-03
