NongDo/Fusa 19.7h.grd
DSAA
463	323
2	464
2	324
0	10
[rows 252 to 279 of 323, columns 0 to 63 of 463]
0 0 0 0 0 0 0 0 0 0 0 0 0 0 0 0 0 0 0 0 0 0 0 0 0 0 0 0 0 0 0 0 0 0 0 0 0 0 3.96688313161753E-03 3.97912957851661E-03 3.9859150223396E-03 3.99193040739193E-03 3.99883860294069E-03 4.00698820413532E-03 4.01654806442033E-03 4.02760564137731E-03 4.04030186825662E-03 4.05473050752953E-03 4.07103630957824E-03 4.08934224493618E-03 4.10977815454514E-03 4.13246333058565E-03 4.15747284054333E-03 4.18486550698566E-03 4.21463744815829E-03 4.24678893094569E-03 4.2812391477559E-03 4.31789930613604E-03 4.35662234128071E-03 4.39729003840433E-03 4.43971724782472E-03 4.48366452449974E-03 4.52886609120365E-03 4.57503819270221E-03
0 0 0 0 0 0 0 0 0 0 0 0 0 0 0 0 0 0 0 0 0 0 0 0 0 0 0 0 0 0 0 0 0 0 0 0 0 3.95615957596724E-03 3.96688313161753E-03 3.97276874469542E-03 3.97928379168196E-03 3.98630857056492E-03 3.99430699013648E-03 4.00351521422861E-03 4.01413626864172E-03 4.02630203428382E-03 4.0401767291621E-03 4.05587796622124E-03 4.07356187325299E-03 4.09336865107281E-03 4.11543151190317E-03 4.13986807285649E-03 4.16674380321853E-03 4.1961035365538E-03 4.22792384401069E-03 4.2621781188181E-03 4.2987587533285E-03 4.33754348341772E-03 4.37835084539416E-03 4.42102181883242E-03 4.46533894954495E-03 4.51103114247933E-03 4.55780492254368E-03 4.6053536882523E-03
0 0 0 0 0 0 0 0 0 0 0 0 0 0 0 0 0 0 0 0 0 0 0 0 0 0 0 0 0 0 0 0 0 0 0 0 3.94703599188638E-03 3.95615957596724E-03 3.96136665775792E-03 3.96726766228448E-03 3.97404113008644E-03 3.98175695696977E-03 3.99063072842097E-03 4.00080589030939E-03 4.01246982557606E-03 4.02576892368417E-03 4.04087746804225E-03 4.05792664877755E-03 4.07707950022624E-03 4.09848736118996E-03 4.12228363552537E-03 4.14857980449816E-03 4.1774274151247E-03 4.20885178428663E-03 4.24280353231177E-03 4.27922894123152E-03 4.3179875093682E-03 4.35891826311282E-03 4.40180144152735E-03 4.44643977239035E-03 4.49257980740602E-03 4.53992038081719E-03 4.58814346314842E-03 4.63692395228156E-03
0 0 0 0 0 0 0 0 0 0 0 0 0 0 0 0 0 0 0 0 0 0 0 0 0 0 0 0 0 0 0 0 0 0 0 3.94266872346008E-03 3.94703599188638E-03 3.95121038073583E-03 3.95623063373489E-03 3.96227836370854E-03 3.96946147355867E-03 3.97783580198737E-03 3.98754257391972E-03 3.99867817804751E-03 4.0114176265895E-03 4.0259149901494E-03 4.04234539604559E-03 4.06084866754986E-03 4.08158692709711E-03 4.10472194622849E-03 4.13037883722151E-03 4.1586593427552E-03 4.18959482240671E-03 4.22318740266416E-03 4.25935359002038E-03 4.29801152302674E-03 4.33898152271783E-03 4.38205802206614E-03 4.42698311428956E-03 4.47352219405838E-03 4.52139126791475E-03 4.57025813757913E-03 4.61978476643638E-03 4.66963230569052E-03
0 0 0 0 0 0 0 0 0 0 0 0 0 0 0 0 0 0 0 0 0 0 0 0 0 0 0 0 0 0 0 0 0 0 0 3.94266872346008E-03 3.9430638688115E-03 3.94617160171095E-03 3.95107297088149E-03 3.95740620474252E-03 3.96511821138596E-03 3.97421325603638E-03 3.98479949749396E-03 3.99696246197815E-03 4.01086645082393E-03 4.02666913944127E-03 4.0445431663036E-03 4.06463521014399E-03 4.08710483576537E-03 4.11211404592122E-03 4.13977615925381E-03 4.17017617644995E-03 4.20332057358825E-03 4.23918258804725E-03 4.27764465659061E-03 4.31858355565905E-03 4.36177419567761E-03 4.40696938906516E-03 4.45387673992872E-03 4.50222586862639E-03 4.55170056638859E-03 4.60194514194411E-03 4.65260709048842E-03 4.70334106757414E-03
0 0 0 0 0 0 0 0 0 0 0 0 0 0 0 0 0 0 0 0 0 0 0 0 0 0 0 0 0 0 0 0 0 0 3.92718258096534E-03 3.93532170130863E-03 3.93681030222066E-03 3.94026790975927E-03 3.94552321699997E-03 3.95237188652015E-03 3.96076197167052E-03 3.97068987270889E-03 3.98225102053017E-03 3.99555310537122E-03 4.01074863954997E-03 4.02800066825604E-03 4.04747059270924E-03 4.06931708305506E-03 4.09368707379647E-03 4.1207378006129E-03 4.15056444451648E-03 4.18322962407962E-03 4.21870748377614E-03 4.25693615339138E-03 4.29776053102803E-03 4.34100118328928E-03 4.38639398786628E-03 4.43364985612068E-03 4.48244629618343E-03 4.53247593691662E-03 4.58340323376462E-03 4.63485287557435E-03 4.68646286019149E-03 4.7378884102176E-03
0 0 0 0 0 0 0 0 0 0 0 0 0 0 0 0 0 0 0 0 0 0 0 0 0 0 0 0 0 0 0 0 0 0 3.92718258096534E-03 3.9276228296037E-03 3.92960283816229E-03 3.93359106726901E-03 3.93944334646984E-03 3.94699966445019E-03 3.95622525092586E-03 3.96712767761172E-03 3.9798080053479E-03 3.99439681461639E-03 4.01104598159158E-03 4.02992051371499E-03 4.05117060713549E-03 4.07495751768598E-03 4.10141433826197E-03 4.1306856883976E-03 4.16284311728558E-03 4.19791874550869E-03 4.23584687401001E-03 4.27652295160885E-03 4.3197461767676E-03 4.36528387561306E-03 4.41282944029793E-03 4.46205636919652E-03 4.51261460726885E-03 4.56417069479407E-03 4.61637363847352E-03 4.66883526912165E-03 4.7211914214653E-03 4.77310747477945E-03
0 0 0 0 0 0 0 0 0 0 0 0 0 0 0 0 0 0 0 0 0 0 0 0 0 0 0 0 0 0 0 0 0 0 3.9188411688775E-03 3.91897624765305E-03 3.92147049013834E-03 3.92614882942609E-03 3.93278029270506E-03 3.94121473791246E-03 3.95143611571867E-03 3.96347319298212E-03 3.97744180930496E-03 3.99349730736509E-03 4.0117900325917E-03 4.03249024636848E-03 4.05572655805699E-03 4.08166116131788E-03 4.1104026257439E-03 4.14208120044085E-03 4.17673664565162E-03 4.21436076313966E-03 4.25483811638315E-03 4.29801408871397E-03 4.34364096716433E-03 4.39143421977727E-03 4.44104818747507E-03 4.4921201015403E-03 4.54428018342851E-03 4.59717673526994E-03 4.65045733774317E-03 4.70372168235686E-03 4.75661283117775E-03 4.80881766043994E-03
0 0 0 0 0 0 0 0 0 0 0 0 0 0 0 0 0 0 0 0 0 0 0 0 0 0 0 0 0 0 0 0 0 0 3.90877231237572E-03 3.90902958989471E-03 3.91229275913392E-03 3.91787724826727E-03 3.92548401114638E-03 3.93498244684738E-03 3.94638265648792E-03 3.95973920112852E-03 3.97518592961975E-03 3.99291262736258E-03 4.01306500407469E-03 4.03581288114035E-03 4.06125855822537E-03 4.08955951475813E-03 4.12078671199361E-03 4.15505887060257E-03 4.19237149225485E-03 4.23266203953038E-03 4.2757572292244E-03 4.32145122916372E-03 4.36944855997694E-03 4.41941744284013E-03 4.47097708376307E-03 4.52373613827614E-03 4.5773111488047E-03 4.63134315698393E-03 4.68548725340151E-03 0.004739333111518 4.7925458754616E-03 4.84484664368207E-03
0 0 0 0 0 0 0 0 0 0 0 0 0 0 0 0 0 0 0 0 0 0 0 0 0 0 0 0 0 0 0 0 0 3.88081620453803E-03 3.89507663108462E-03 3.89732285395523E-03 3.90200530032123E-03 3.90879257027756E-03 3.91759177810582E-03 3.92835101322917E-03 3.94112759064382E-03 3.95600901246625E-03 3.97313981332426E-03 3.9927665090519E-03 4.0150085977007E-03 4.04004323358924E-03 4.0679250833186E-03 4.09882171070965E-03 4.13273315687898E-03 4.16978051882375E-03 4.20988756941339E-03 4.25292790165019E-03 4.29866872518074E-03 4.34685380913347E-03 4.39714481045728E-03 4.44916372720129E-03 4.5025085826327E-03 4.55676479773426E-03 4.61154747749954E-03 4.66648875533731E-03 4.72127282000936E-03 4.77547437408052E-03 4.8288062424177E-03 4.88103156289616E-03
0 0 0 0 0 0 0 0 0 0 0 0 0 0 0 0 0 0 0 0 0 0 0 0 0 0 0 0 0 0 0 0 0 3.88081620453803E-03 3.88155954961992E-03 3.88477869646962E-03 3.89082602785956E-03 3.89902467324752E-03 3.90922040788013E-03 3.92143715279622E-03 3.93579478169723E-03 3.95242122224756E-03 3.97147845648829E-03 3.99323811444796E-03 4.01781063255359E-03 4.0453622781521E-03 4.07591541333336E-03 4.10961797265809E-03 4.14642385963084E-03 4.18639974604107E-03 4.22939285979107E-03 4.27521512400893E-03 4.32358323398653E-03 4.37418751692818E-03 4.42664871889639E-03 4.48055468036048E-03 4.53548905485745E-03 4.59103286651994E-03 4.64680596130868E-03 4.70243989452367E-03 4.75761672231008E-03 4.81195872173324E-03 4.86523602648046E-03 4.91724116829064E-03
0 0 0 0 0 0 0 0 0 0 0 0 0 0 0 0 0 0 0 0 0 0 0 0 0 0 0 0 0 0 0 0 0 3.86687907083816E-03 3.86728076783905E-03 3.87174588097549E-03 3.87922073382701E-03 3.88888986672229E-03 3.9006162619977E-03 3.91445834494711E-03 3.93059229926591E-03 3.9491820318234E-03 3.9704194522542E-03 3.99455889631927E-03 4.0217110159494E-03 4.05201576489075E-03 4.0854686143222E-03 4.12216651858644E-03 4.16203927823355E-03 4.20503088552682E-03 4.25094882555114E-03 4.29953304205988E-03 4.35046356163394E-03 4.40336368838577E-03 4.45783281298098E-03 4.51342794064499E-03 4.56973108827556E-03 4.62633036119612E-03 4.68285845510804E-03 4.73895772813271E-03 4.79430904231343E-03 4.84864020853168E-03 4.90172683935558E-03 4.95339226485879E-03
0 0 0 0 0 0 0 0 0 0 0 0 0 0 0 0 0 0 0 0 0 0 0 0 0 0 0 0 0 0 0 0 0.003818894343976 3.84746547058729E-03 3.85149622890433E-03 3.85822370589194E-03 3.86741093407678E-03 3.87868497010316E-03 3.89206991127316E-03 3.90770156703207E-03 3.92580506672325E-03 3.94657790050298E-03 3.97022300053723E-03 3.99697865911756E-03 4.02693876700179E-03 4.06021175242989E-03 4.0967517224338E-03 4.13660114482685E-03 4.17963133380513E-03 4.22569074152215E-03 4.2745264126463E-03 4.3258181066412E-03 4.37920078597087E-03 4.43424905951699E-03 4.49054035442074E-03 4.54761714586182E-03 4.60506735440015E-03 4.66249492645248E-03 4.71955493109307E-03 4.77591212616727E-03 4.83128055451088E-03 4.88545206542356E-03 4.93821720603852E-03 4.9894170500816E-03
0 0 0 0 0 0 0 0 0 0 0 0 0 0 0 0 0 0 0 0 0 0 0 0 0 0 0 0 0 0 0 3.80862038752862E-03 0.003818894343976 3.82865954119471E-03 3.83623172659112E-03 3.84504698804922E-03 3.85589398556006E-03 3.86879498610745E-03 3.88393046096871E-03 3.90149833901981E-03 3.9217541549775E-03 3.94491291825799E-03 3.97117463820295E-03 4.0007578414209E-03 4.03372730930768E-03 4.07014474790481E-03 4.10991131068018E-03 4.15300205029316E-03 4.19922685453641E-03 4.24835088836545E-03 4.30005546435311E-03 4.35395825964055E-03 4.40965348050983E-03 4.46667961403507E-03 4.52459898402104E-03 4.58295131396665E-03 4.64133626208704E-03 4.69938398631483E-03 4.75678235404802E-03 4.81323028849714E-03 4.86847321807738E-03 4.92234110077492E-03 4.97465021940784E-03 5.02525376396162E-03
0 0 0 0 0 0 0 0 0 0 0 0 0 0 0 0 0 0 0 0 0 0 0 0 0 0 0 0 0 0 0 3.80862038752862E-03 3.80930890367989E-03 3.81477443858076E-03 3.82259694376442E-03 3.83261471908007E-03 3.84493279631642E-03 3.85949153930695E-03 3.87648759421171E-03 3.89615021344627E-03 3.91874258927758E-03 3.94447980717491E-03 3.97354302413623E-03 4.00613260215242E-03 4.04227153744641E-03 4.0819629583795E-03 4.12504402893539E-03 4.17142318517464E-03 4.22083842934837E-03 4.27298061383167E-03 4.32746339252054E-03 4.38384778974669E-03 4.44169039196238E-03 4.50050527267288E-03 4.55985162808981E-03 4.6192705141229E-03 4.67838306283604E-03 4.73685378122061E-03 4.79440946538385E-03 4.85078478575077E-03 4.90576134270755E-03 4.9591949161076E-03 5.01092097259618E-03 5.06080193378729E-03
0 0 0 0 0 0 0 0 0 0 0 0 0 0 0 0 0 0 0 0 0 0 0 0 0 0 0 0 0 0 0 3.79580661778321E-03 3.79618598745048E-03 3.80123665440174E-03 3.80966561241396E-03 3.82086558722915E-03 3.83468732274571E-03 3.85100052946848E-03 3.87000101011315E-03 3.89193264131801E-03 3.91704649763695E-03 3.94554742690586E-03 3.9775799572504E-03 4.01332901074626E-03 4.05276189376298E-03 4.09581097961042E-03 4.14224642634297E-03 0.004191906313201 4.24446336717947E-03 4.29952854571534E-03 4.3566586428519E-03 4.41535973441703E-03 4.47516305488462E-03 4.53556279231657E-03 4.59612936309712E-03 4.65640623414765E-03 4.71604847877263E-03 4.77476007655834E-03 4.83230873504985E-03 4.88846471999676E-03 4.9430402737699E-03 4.99591266239294E-03 5.04693262641442E-03 5.09596614299935E-03
0 0 0 0 0 0 0 0 0 0 0 0 0 0 0 0 0 0 0 0 0 0 0 0 0 0 0 0 0 0 3.7600197361039E-03 3.77788011500291E-03 3.78085751328633E-03 3.78730105994165E-03 3.79701266634229E-03 3.80967460935547E-03 3.82519960377891E-03 3.84347521238523E-03 3.86468580798845E-03 3.88908325274188E-03 3.91690384061318E-03 3.94834098119168E-03 3.98350329281589E-03 4.0225325661844E-03 4.06533574553553E-03 4.1117783951921E-03 4.16156664831643E-03 4.21446428353364E-03 4.27007105493545E-03 4.32792877768371E-03 4.38753910324794E-03 4.44836779371328E-03 4.50992542130985E-03 4.57169878524041E-03 4.63326668755169E-03 4.69419733557027E-03 4.75418566710273E-03 4.81297040021493E-03 4.87035442210824E-03 4.92614562647889E-03 4.98019298467432E-03 5.03238412516294E-03 5.08257615417929E-03 5.13064013795784E-03
0 0 0 0 0 0 0 0 0 0 0 0 0 0 0 0 0 0 0 0 0 0 0 0 0 0 0 0 0 0 3.7600197361039E-03 3.76107829801387E-03 3.76543593739234E-03 3.77346242402249E-03 3.78479739487345E-03 3.79920729817898E-03 3.81665817560704E-03 3.83711487019492E-03 3.86075638948079E-03 3.88782953840903E-03 3.91854011162622E-03 3.95307737971014E-03 3.99150884057374E-03 4.03390472297768E-03 4.08012035298613E-03 4.1299521332646E-03 4.18304770398672E-03 4.2390824015845E-03 4.29760335935239E-03 4.35808006090426E-03 4.41997130151539E-03 4.48271076456919E-03 4.54580054773287E-03 4.60872959719036E-03 4.67108988587123E-03 4.73249280486451E-03 4.79266069831847E-03 4.85136516715176E-03 0.00490844235711 4.96374001066023E-03 5.01713662366005E-03 5.06852213716371E-03 5.11776351539141E-03 5.16473579722485E-03
0 0 0 0 0 0 0 0 0 0 0 0 0 0 0 0 0 0 0 0 0 0 0 0 0 0 0 0 0 3.72058295482223E-03 3.74035562024939E-03 3.7434717630391E-03 3.74998438549539E-03 3.75990992591993E-03 3.77315123690913E-03 3.78957900570142E-03 3.80922477078316E-03 3.83211150211319E-03 3.85841672322682E-03 3.88837376972915E-03 3.92215575714084E-03 3.95993419502732E-03 4.00173086110935E-03 4.04754877812265E-03 4.0971820577076E-03 4.15036258057637E-03 4.20667504799376E-03 4.26572107471741E-03 4.32698704955404E-03 4.38988588991529E-03 4.45383798319519E-03 4.51826043986548E-03 4.58265517748689E-03 4.64652508246286E-03 4.70948482291351E-03 4.77118350379669E-03 4.83137265607555E-03 4.8898514707706E-03 4.94648508642969E-03 5.00115791997264E-03 5.05377661681778E-03 5.10423336281364E-03 5.15239967162885E-03 5.19815690117862E-03
0 0 0 0 0 0 0 0 0 0 0 0 0 0 0 0 0 0 0 0 0 0 0 0 0 0 0 0 0 3.72058295482223E-03 3.72171954366727E-03 3.72644779560704E-03 0.00373496146529 3.74693909418525E-03 3.76230781887754E-03 3.7810025805725E-03 3.8031050039267E-03 3.82866941863759E-03 3.85786486520056E-03 3.89090671834229E-03 3.92792358580358E-03 3.96906174147046E-03 4.01429195647868E-03 4.06355297590613E-03 4.11657874472938E-03 4.17303037557634E-03 4.23243272223887E-03 4.29431923641507E-03 4.35813192117401E-03 4.42322930179542E-03 4.48900450388143E-03 4.5548732545923E-03 4.62034920937528E-03 4.68495860930227E-03 4.74833643321459E-03 4.81016848908408E-03 4.87023011081625E-03 4.92834589251812E-03 4.98440303332911E-03 5.03832255427021E-03 5.09003666320733E-03 5.13943710166401E-03 5.18639895790186E-03 5.23081382643793E-03
0 0 0 0 0 0 0 0 0 0 0 0 0 0 0 0 0 0 0 0 0 0 0 0 0 0 0 0 3.67929474580378E-03 3.69984097926585E-03 3.70300483549887E-03 0.003709893570171 3.72055270085375E-03 3.73476166384051E-03 3.75248522842936E-03 3.7736961336083E-03 3.79851036133191E-03 3.82699231541761E-03 3.8592892381874E-03 3.89559395035418E-03 3.93598249049891E-03 3.98057182755237E-03 4.02927368699262E-03 4.08197029213145E-03 4.13833147697718E-03 4.19794665374546E-03 4.2602823390677E-03 4.32481795416883E-03 4.3909577613144E-03 4.45801142418664E-03 4.52536115878239E-03 4.5924400077803E-03 4.65878089789111E-03 4.7239353558833E-03 4.78755833198678E-03 4.84936891389914E-03 4.90916238095838E-03 4.96678135359495E-03 5.02212915531608E-03 5.07516238923067E-03 5.12583997947254E-03 5.1740471485958E-03 5.21966650893317E-03 5.26260873483755E-03
0 0 0 0 0 0 0 0 0 0 0 0 0 0 0 0 0 0 0 0 0 0 0 0 0 0 0 0 3.67929474580378E-03 3.68034958421487E-03 3.6850387785582E-03 3.69406084016639E-03 3.70703643880654E-03 0.003723678796536 3.74398127202538E-03 3.76793716855783E-03 3.79568837565368E-03 3.82729783238114E-03 3.86287577271371E-03 3.90259859244127E-03 3.94646436030404E-03 3.99457304872891E-03 4.04675901585062E-03 4.10285258404511E-03 4.16246085648062E-03 4.2250957585129E-03 4.29018009681213E-03 4.35713655306974E-03 4.4253612095115E-03 4.49410877117488E-03 4.5627813253649E-03 4.63084308900533E-03 4.69784486377771E-03 4.76336626492316E-03 4.8270695174792E-03 4.8887139378103E-03 4.9481004311333E-03 5.00509021281042E-03 5.05959183499858E-03 5.11159954850587E-03 5.16110157426797E-03 5.20796613633652E-03 5.25209924546226E-03 5.29344038635505E-03
0 0 0 0 0 0 0 0 0 0 0 0 0 0 0 0 0 0 0 0 0 0 0 0 0 0 0 0 3.65979424467642E-03 3.66045287375967E-03 3.66741143823372E-03 3.67904170616712E-03 0.003694657015848 3.71398752939328E-03 3.73709246982212E-03 3.76400403402536E-03 3.79488234667952E-03 3.82978874749191E-03 3.86879855603708E-03 3.91205031514842E-03 3.95947748859689E-03 4.01113745111961E-03 4.06679626860218E-03 4.12621461535885E-03 4.18893570382786E-03 4.25441563182811E-03 4.32204506334738E-03 0.004391193718086 4.46122518905958E-03 4.53140488533076E-03 4.60116798201396E-03 4.67000491104057E-03 4.73747714694823E-03 4.80319011006183E-03 4.86681728776457E-03 4.92814587879323E-03 4.98697989918329E-03 0.005043195819829 5.09671143116873E-03 5.14755001474142E-03 0.005195711541516 5.24107250846794E-03 5.28357661980504E-03 5.32319787534915E-03
0 0 0 0 0 0 0 0 0 0 0 0 0 0 0 0 0 0 0 0 0 0 0 0 0 0 0 3.5929259076483E-03 3.63267877613092E-03 3.63945097937081E-03 3.65051986969953E-03 3.66535497394842E-03 3.68388836708996E-03 3.70610405452364E-03 3.73218181406506E-03 3.76220984729225E-03 3.79635816195276E-03 3.83469236152679E-03 3.87724459786293E-03 3.92410404774241E-03 3.97513598968018E-03 4.03033496664351E-03 4.08941180799694E-03 4.15202872711546E-03 4.21769351080049E-03 4.28580710960311E-03 4.35574992785081E-03 4.42683146733306E-03 4.4984063346936E-03 4.56979864106309E-03 4.64044456123631E-03 4.70986925694645E-03 4.77763052098934E-03 4.8433727625464E-03 0.004906758303098 4.96761117322473E-03 5.02572767226962E-03 5.08100812360238E-03 5.1333702121286E-03 5.18286455497998E-03 5.22951887113841E-03 5.27322718580486E-03 5.31397339067506E-03 5.35177424331376E-03
0 0 0 0 0 0 0 0 0 0 0 0 0 0 0 0 0 0 0 0 0 0 0 0 0 0 3.56797748771999E-03 3.5929259076483E-03 3.60788074757763E-03 3.62077152752944E-03 3.63570576769749E-03 3.65369027173784E-03 3.67518419156808E-03 3.70038214833953E-03 3.72955144896003E-03 0.003762814131751 3.80033830771213E-03 3.84218038487044E-03 3.88833502085659E-03 3.93883196700494E-03 3.99346891129487E-03 4.05216473164501E-03 4.11455350881018E-03 4.18022435651142E-03 4.24863932970561E-03 4.31916900539166E-03 4.39117871048611E-03 4.46395163005773E-03 4.53684828640592E-03 4.60923584439396E-03 4.6805710645819E-03 4.75039358610337E-03 4.81826642841364E-03 4.88385194624368E-03 4.94682401407596E-03 5.00701796394746E-03 5.06423467756027E-03 5.11839385063889E-03 5.16943136859068E-03 5.21741752643098E-03 5.26239141325205E-03 5.3042943413655E-03 5.34316669080157E-03 5.37906856224876E-03
0 0 0 0 0 0 0 0 0 0 0 0 0 0 0 0 0 0 0 0 0 0 0 0 0 3.5567364730886E-03 3.56797748771999E-03 3.57864989285724E-03 3.59155053812498E-03 3.60627799506291E-03 3.62377562257735E-03 3.64450615260873E-03 3.66887009743501E-03 3.69708981012996E-03 3.72943453302548E-03 3.76602461268425E-03 3.80700111238542E-03 3.85240454517758E-03 3.90218697845737E-03 3.95630979349756E-03 4.01450368143352E-03 4.07659284159054E-03 4.1421492176493E-03 4.21069220674898E-03 4.28164933954326E-03 4.35437021676908E-03 4.42821635999411E-03 4.50246580532909E-03 4.57648303396526E-03 4.64967557028152E-03 4.72151592893929E-03 4.79155384565051E-03 4.85935275561562E-03 4.92458769152834E-03 4.98694714492003E-03 5.04626720518141E-03 5.10237269183693E-03 5.15519941186608E-03 5.20471503537457E-03 5.25100145582049E-03 5.29413836328492E-03 5.33412231981317E-03 5.37104061831082E-03 5.40499971387782E-03
0 0 0 0 0 0 0 0 0 0 0 0 0 0 0 0 0 0 0 0 0 0 0 0 0 3.5567364730886E-03 3.55775065494119E-03 3.56569579843956E-03 3.57834535258381E-03 3.59456674041635E-03 3.61433509003728E-03 3.63772033942131E-03 3.66498680886608E-03 3.69631996494682E-03 3.73194829180357E-03 3.77195840563813E-03 3.81644545121459E-03 3.86543263701462E-03 3.91883303393758E-03 3.97653247182783E-03 4.03819697187804E-03 4.10355728003851E-03 4.17211685862635E-03 4.2433400179733E-03 4.31662369957587E-03 4.39131365449627E-03 4.46677299360813E-03 4.54228454650797E-03 4.61721951336046E-03 4.69102250687188E-03 4.76317901122725E-03 4.83323383194386E-03 4.90074935401557E-03 4.96541146063454E-03 5.02693210473876E-03 5.08514931657376E-03 5.13991798390614E-03 5.19120131795622E-03 5.23901007475476E-03 5.28344610206667E-03 5.32462019293707E-03 5.36259406889122E-03 5.39750984276696E-03 5.42951227583658E-03
0 0 0 0 0 0 0 0 0 0 0 0 0 0 0 0 0 0 0 0 0 0 0 0 3.51876359795731E-03 3.53831171501754E-03 3.54260841230889E-03 3.55215587849054E-03 3.5663821868084E-03 3.58468725441062E-03 3.60696214097712E-03 3.63316757427459E-03 3.66349227821753E-03 3.69809672874062E-03 3.73714421245969E-03 3.78068462898298E-03 3.82874069149276E-03 3.88133307140283E-03 3.93832661053345E-03 3.99952031622714E-03 4.06453629106634E-03 4.13299565700315E-03 4.20436694313701E-03 4.27805261667459E-03 4.35344038253787E-03 0.004429877641364 4.50673427078173E-03 4.58330791650826E-03 4.65896019915093E-03 4.73318680026502E-03 4.80545950030774E-03 4.87531475514746E-03 4.94231342987801E-03 5.00615607900948E-03 5.06659018929852E-03 5.12345050080854E-03 5.17665037073379E-03 5.22617693901405E-03 5.27210579319892E-03 5.31455133816843E-03 5.35367637642087E-03 5.38960207377998E-03 5.42251139883545E-03 5.45258012742801E-03
