NongDo/Fusa 12h.grd
DSAA
463	323
2	464
2	324
0	10
[rows 140 to 167 of 323, columns 192 to 255 of 463]
6.86364601683752E-03 6.96061941902339E-03 7.05618243788915E-03 7.15018903535826E-03 7.24245996617359E-03 7.33275418498593E-03 7.42083878841761E-03 7.50646967599135E-03 7.58940938434954E-03 7.66940328492157E-03 7.74620193679842E-03 7.81955317872133E-03 7.88923806030028E-03 7.95507133390124E-03 0.008016905369108 8.07463824324337E-03 8.12822129790663E-03 8.17766734121399E-03 8.22303668275473E-03 8.26443489726252E-03 8.30200084444616E-03 8.33589931856172E-03 8.36630629665197E-03 8.39340275819323E-03 8.41736445486135E-03 8.4383535012316E-03 8.45651807817844E-03 8.47199872543997E-03 8.48496817277208E-03 8.4956300876671E-03 8.50420973923777E-03 8.51093173441835E-03 8.5160091310834E-03 8.51964358035014E-03 8.52201950770743E-03 8.52330022779586E-03 8.52362019860712E-03 8.52308803532374E-03 8.52178846084739E-03 8.5197840231722E-03 8.51712920415826E-03 8.51386889541294E-03 8.51004237579055E-03 8.50569155769667E-03 8.50087884051645E-03 8.49569568702041E-03 8.49028864806604E-03 8.47921064908622E-03 0 0 0 0 0 0 0 0 0 0 0 0 0 0 0 0
6.95973614846063E-03 7.05489910753796E-03 7.14847521193127E-03 7.2403221601863E-03 7.33026447024523E-03 7.41806380938688E-03 7.50350937105907E-03 7.58637791960862E-03 7.66644962099089E-03 7.74348285540575E-03 7.8172410931406E-03 7.88748322689499E-03 7.95400322959495E-03 8.01662813165496E-03 8.07522118294983E-03 8.12969255683366E-03 8.18000984760053E-03 8.22620629475676E-03 8.26836221459246E-03 8.30660452541107E-03 8.34109036991908E-03 8.37199836906124E-03 8.39951631529969E-03 8.42383461897787E-03 8.4451352805554E-03 8.46358534085577E-03 8.47933835401887E-03 8.49253842285357E-03 8.50337366127588E-03 8.5120676253571E-03 8.51885227502163E-03 8.52395180220501E-03 8.52757622415847E-03 8.52992177181213E-03 8.53116376731147E-03 8.53145512345562E-03 8.53092034468387E-03 0.008529656387748 8.52773501913209E-03 8.52520406938331E-03 8.52211267186771E-03 8.51850780823002E-03 8.51442754172799E-03 8.50992095538662E-03 8.50509250995308E-03 8.50013368467609E-03 8.49028864806604E-03 0 0 0 0 0 0 0 0 0 0 0 0 0 0 0 0 0
7.05231439617755E-03 7.14561544704702E-03 7.23716545533165E-03 7.32681903131298E-03 7.4144008434398E-03 7.49968767391216E-03 7.58249617444176E-03 7.66262099267175E-03 7.73985348210112E-03 7.81395978646601E-03 7.88471165780514E-03 7.95188064513943E-03 8.01527325806779E-03 8.07472742998236E-03 8.13011790847958E-03 0.008181370535113 8.22847256597387E-03 8.2714789732472E-03 8.31049257618695E-03 8.34566362837528E-03 8.37716817301263E-03 8.4051978695751E-03 8.42995060479792E-03 8.45162366201072E-03 8.47040261399147E-03 8.48645754977943E-03 8.49994639247186E-03 8.51102106024552E-03 8.51988683451372E-03 8.52678079292568E-03 8.5319345202284E-03 8.53556905405293E-03 8.53789014476591E-03 8.53908874287599E-03 8.53933278180875E-03 8.53876336340843E-03 8.53749301615357E-03 8.53560840810336E-03 8.53317072053883E-03 8.53021104585715E-03 8.52676944185364E-03 8.52290116676111E-03 8.51864942570798E-03 8.5140733891475E-03 8.50932617507783E-03 8.50013368467609E-03 0 0 0 0 0 0 0 0 0 0 0 0 0 0 0 0 0 0
7.14164085237269E-03 7.23303706216899E-03 7.32252633507862E-03 7.40995414622518E-03 7.49515059896928E-03 7.57792533122064E-03 7.65810883888414E-03 7.73550990228187E-03 7.80992364063672E-03 7.88112265823055E-03 7.94888506715495E-03 8.0129998214269E-03 8.07328242680986E-03 8.1295825053365E-03 8.18178952537398E-03 0.008229850266916 8.27377489386772E-03 8.31364158505123E-03 8.34957955328321E-03 8.38176346883357E-03 8.41038810448504E-03 8.43565580677185E-03 8.45777232739783E-03 8.47693870738706E-03 8.49334103832148E-03 8.50715091621111E-03 8.51853065379456E-03 8.52764319272666E-03 8.53470600997545E-03 8.53996426876079E-03 8.54364583096374E-03 8.54596608006751E-03 8.54712616623929E-03 8.54731120429033E-03 8.54668208562908E-03 8.54536812645752E-03 8.54346884984856E-03 8.54106048631584E-03 8.53819454260484E-03 8.53488988125641E-03 8.53117471032547E-03 8.52711559034541E-03 8.52277329136747E-03 8.51823367578834E-03 8.50932617507783E-03 0 0 0 0 0 0 0 0 0 0 0 0 0 0 0 0 0 0 0
7.22800920449696E-03 7.31745904760634E-03 7.40484641667096E-03 7.49001688689358E-03 7.57281695926049E-03 7.65308339588483E-03 7.73064674840122E-03 7.80532643546141E-03 7.87691889756107E-03 7.94520638997446E-03 8.00997549320325E-03 8.07103096899189E-03 8.12819627965244E-03 8.18133762621647E-03 8.23036479969032E-03 8.27524931406224E-03 8.31602722243126E-03 8.35280385721014E-03 8.38573755359729E-03 8.41502596505083E-03 8.44087973979181E-03 8.4635101546272E-03 8.48312769195312E-03 8.49993305353874E-03 8.51411011400528E-03 8.52583088041282E-03 8.53526270116127E-03 8.54258089987289E-03 8.54801064919678E-03 8.55179693262907E-03 8.55415981607893E-03 8.55531052691469E-03 8.55544657027777E-03 8.55474529238526E-03 8.55335756546151E-03 8.55140310504916E-03 8.54896941292835E-03 8.54611852318629E-03 8.54288799303184E-03 8.53929127295671E-03 8.53535240661621E-03 8.5311524542501E-03 8.52678829242725E-03 8.51823367578834E-03 0 0 0 0 0 0 0 0 0 0 0 0 0 0 0 0 0 0 0 0
7.31174519778774E-03 7.39920878888081E-03 7.48445815114381E-03 7.56734550110617E-03 7.64772873813166E-03 7.72546036627798E-03 7.80037774319137E-03 7.87230495158426E-03 7.94104285010228E-03 8.00638408454967E-03 8.06812585896173E-03 8.12608537235288E-03 8.18010273682813E-03 8.23006513254557E-03 8.27590827473448E-03 8.31763083789169E-03 8.35529870398601E-03 8.38904701596051E-03 8.41906205306664E-03 8.44556153076553E-03 8.46876791184402E-03 8.48889847312443E-03 8.50616303195539E-03 8.52075831888087E-03 8.53286497794772E-03 8.5426542052075E-03 8.55029722897472E-03 8.5559821488677E-03 8.55993814656086E-03 8.56240263425937E-03 8.56358977403372E-03 8.56370731788141E-03 8.56294845554812E-03 8.56148216629165E-03 8.55944921570792E-03 8.55695857610455E-03 8.55408266004991E-03 8.55086531809547E-03 8.54733164655321E-03 8.5434919341957E-03 8.5393777052939E-03 8.5350957002132E-03 8.52678829242725E-03 0 0 0 0 0 0 0 0 0 0 0 0 0 0 0 0 0 0 0 0 0
7.39305306093672E-03 7.4784823286194E-03 7.56154998414451E-03 7.6421147823794E-03 0.00772003997395 7.79519060076784E-03 7.86741358220354E-03 7.93653721265029E-03 8.00236922236922E-03 8.0647126145514E-03 8.12337629532589E-03 8.17819274202306E-03 8.22902640929719E-03 8.27579094317454E-03 8.31845281170275E-03 8.35703938594598E-03 8.3916489518205E-03 8.42244768579378E-03 8.44964703880379E-03 8.4734807147747E-03 8.49417822090075E-03 8.51195694571956E-03 8.52702079182184E-03 8.53956155567522E-03 8.54975610926789E-03 8.55777456214617E-03 8.56379191631884E-03 8.56800255937734E-03 8.57063103958614E-03 8.57191011340842E-03 8.57205396611229E-03 8.57126473931106E-03 8.5697282379937E-03 8.5676068542859E-03 8.56503521901167E-03 8.56211016379443E-03 8.5588807851429E-03 8.55536311804453E-03 8.55157487015838E-03 8.54753280783343E-03 8.54330910378183E-03 8.5350957002132E-03 0 0 0 0 0 0 0 0 0 0 0 0 0 0 0 0 0 0 0 0 0 0
7.47203299777039E-03 7.55536118125403E-03 7.63618183992865E-03 7.7143594953783E-03 7.78976378436212E-03 7.8622723809198E-03 7.93173965509325E-03 7.9979982135193E-03 8.06086373384403E-03 8.12015180429484E-03 8.17568720052016E-03 8.22732214098998E-03 8.27494920274558E-03 8.31851417381641E-03 8.35801758749423E-03 8.39351626689287E-03 8.42514193484762E-03 8.45309155661692E-03 8.47759691933582E-03 8.49890241624853E-03 8.5172391896606E-03 8.5328191846753E-03 8.54583874647072E-03 8.55648375993642E-03 8.56492508335189E-03 8.57133060785473E-03 8.57587725260343E-03 8.57876290930045E-03 8.58020862306217E-03 8.5804408423203E-03 8.57967118828628E-03 8.57809638766202E-03 8.57589499086016E-03 8.57322423669719E-03 8.57021813063419E-03 8.56696504039611E-03 8.56347372978218E-03 8.55970253168566E-03 8.55569128935799E-03 8.55148147042259E-03 8.54330910378183E-03 0 0 0 0 0 0 0 0 0 0 0 0 0 0 0 0 0 0 0 0 0 0 0
7.54871037922927E-03 7.62985281448778E-03 7.70834304057187E-03 7.78405298889437E-03 7.85686091234148E-03 7.92665598950824E-03 7.99329811466306E-03 8.05662510471633E-03 8.1164630331156E-03 8.17264285817536E-03 8.22500960863388E-03 8.27343915791662E-03 8.31785633871962E-03 8.35824239275284E-03 8.39463377931663E-03 8.42711835670434E-03 8.45586114906738E-03 8.48108556496087E-03 8.50303737307687E-03 8.52196570028627E-03 8.53809795646906E-03 8.55163810928682E-03 8.56277401918831E-03 8.57168320176484E-03 8.57852827515056E-03 8.58347443206061E-03 8.58669972600427E-03 8.5884041420197E-03 8.58880546829309E-03 8.58812325565732E-03 8.58656360163968E-03 8.58431674122284E-03 8.5815551692272E-03 8.57843464971009E-03 8.57510041562911E-03 8.57164823361561E-03 8.56801727410839E-03 8.56397200347816E-03 8.55972886591985E-03 8.55148147042259E-03 0 0 0 0 0 0 0 0 0 0 0 0 0 0 0 0 0 0 0 0 0 0 0 0
7.62305680583791E-03 7.70191342919244E-03 7.77797661668306E-03 7.85112793435446E-03 7.92125516647167E-03 7.98825790539611E-03 8.05200240838785E-03 8.11233331756111E-03 8.16908946905137E-03 8.22212049031383E-03 8.2712952907235E-03 8.31651705716361E-03 8.35774658221659E-03 8.39500268739495E-03 8.42835822814737E-03 8.45793188428839E-03 8.48391776792852E-03 8.50656057096808E-03 8.52611446068167E-03 8.54282741798499E-03 8.55691902870494E-03 8.56858296504414E-03 8.57799599085009E-03 8.58532536349902E-03 8.59072580093749E-03 8.5943595342489E-03 8.59640543161814E-03 8.59706472044822E-03 8.59655282363454E-03 8.59508158078046E-03 8.59284796868082E-03 8.59003177371157E-03 8.58679735991077E-03 8.58330974175599E-03 8.57976495661724E-03 8.57633101501319E-03 8.57288014234323E-03 8.5682987673435E-03 8.55972886591985E-03 0 0 0 0 0 0 0 0 0 0 0 0 0 0 0 0 0 0 0 0 0 0 0 0 0
7.69500172484555E-03 7.77146361525302E-03 7.84499709626855E-03 7.9154955228788E-03 7.98285700588756E-03 8.04698999848057E-03 8.10776846106369E-03 8.16504714013508E-03 8.21868104268827E-03 8.26854017628826E-03 8.31452043498111E-03 8.35655705390424E-03 8.39464932180402E-03 8.42885288411127E-03 8.45927564086571E-03 8.48606613601624E-03 8.50944259041369E-03 8.52966403862882E-03 8.5469872236498E-03 8.56165430972699E-03 8.57387359274544E-03 8.58382632667085E-03 8.5916759099495E-03 8.59757804206369E-03 8.60168012531541E-03 8.60414239219035E-03 8.60514483443436E-03 8.60488843576713E-03 8.60358549678548E-03 8.60144139163147E-03 8.59864107575391E-03 8.59534358662804E-03 8.59169060973718E-03 8.58786129808932E-03 8.58419122366777E-03 8.58114464096584E-03 8.57914809881205E-03 8.5682987673435E-03 0 0 0 0 0 0 0 0 0 0 0 0 0 0 0 0 0 0 0 0 0 0 0 0 0 0
7.76444513085064E-03 7.83840057371805E-03 7.90930121638938E-03 7.9770542705538E-03 8.04156911499656E-03 8.10276169398896E-03 8.16051613271439E-03 8.21470128932556E-03 8.26519095612397E-03 8.31187772971007E-03 8.35468759602192E-03 8.39359161306348E-03 8.42862614462406E-03 8.45988222134891E-03 8.48750031024497E-03 8.51165632255118E-03 8.53258584935049E-03 8.5505560328079E-03 8.5658222528884E-03 8.57861608922991E-03 8.58913125103701E-03 8.59753495799819E-03 8.60397633556041E-03 8.60859860964319E-03 8.61154320837226E-03 8.61296874964623E-03 8.61305574794985E-03 8.61200458653418E-03 8.61002690162726E-03 8.60732356100596E-03 8.60406327328058E-03 8.60036574593985E-03 8.5963004528925E-03 8.59199800572386E-03 8.58805765872658E-03 8.5854587816921E-03 8.58512602957606E-03 0 0 0 0 0 0 0 0 0 0 0 0 0 0 0 0 0 0 0 0 0 0 0 0 0 0 0
7.83127660535636E-03 7.90261899503143E-03 7.97079159377575E-03 8.03571593705796E-03 8.09731304559815E-03 8.15550787519688E-03 8.21019763497415E-03 8.26126727407078E-03 8.30861230415799E-03 8.35215150985932E-03 8.39184350480727E-03 8.42769414785874E-03 8.45977495010852E-03 8.48821150073831E-03 8.51317403557812E-03 8.53485888510746E-03 8.5535126225809E-03 8.56940759380685E-03 8.58279324664022E-03 8.59388627372135E-03 8.60286339524377E-03 8.60987594758355E-03 8.61505787968049E-03 8.6185418732885E-03 8.62046502821192E-03 8.6209833564957E-03 8.62027581943197E-03 8.61854218459727E-03 8.61599828230466E-03 8.61284895732812E-03 8.60925131934094E-03 8.60526682057786E-03 8.60077030080986E-03 8.59548837859647E-03 8.59061537520416E-03 8.58789532144791E-03 8.58512602957606E-03 0 0 0 0 0 0 0 0 0 0 0 0 0 0 0 0 0 0 0 0 0 0 0 0 0 0 0
7.89538426127896E-03 7.96401780915574E-03 8.02937897935064E-03 8.09140529564804E-03 8.15003080207408E-03 8.20519085876087E-03 8.2567963336808E-03 8.30475128343766E-03 8.34897690182054E-03 8.38942078795316E-03 8.42607346951348E-03 8.45897308442987E-03 8.48822518405398E-03 8.51398753851311E-03 8.53645570614562E-03 8.55583936486729E-03 8.57239345726121E-03 8.58639238470126E-03 8.5980725422836E-03 8.60763196030243E-03 8.61522939291758E-03 8.6210005042384E-03 8.62506621063062E-03 8.62755005211797E-03 8.62858417301011E-03 8.62832100760343E-03 8.62693589402222E-03 8.62462595551998E-03 8.62161830340044E-03 8.61814228534591E-03 8.61437708362634E-03 8.61037974376926E-03 8.60572368950578E-03 8.59800516246205E-03 8.59061537520416E-03 8.58789532144791E-03 0 0 0 0 0 0 0 0 0 0 0 0 0 0 0 0 0 0 0 0 0 0 0 0 0 0 0 0
7.95667668302182E-03 8.02251987939324E-03 8.08500218351493E-03 8.14407911550473E-03 8.19969895835616E-03 8.25180653912749E-03 8.30032906878443E-03 8.34519412883266E-03 8.38635182901783E-03 8.42377807879709E-03 8.45749383518164E-03 8.48756749491844E-03 8.51413548818581E-03 8.53738302498831E-03 8.55752504682838E-03 8.57478322677375E-03 8.58941794120049E-03 8.60169796523601E-03 8.61184035248822E-03 8.6200235892998E-03 8.62638941411118E-03 8.63106027014998E-03 8.63414664147557E-03 8.63576335730248E-03 8.63603645521757E-03 8.63511400679411E-03 8.63316547656828E-03 8.63037900805206E-03 8.6269945218992E-03 8.62329567601808E-03 8.61956435248308E-03 0.008616169101144 8.61367620506027E-03 8.59800516246205E-03 0 0 0 0 0 0 0 0 0 0 0 0 0 0 0 0 0 0 0 0 0 0 0 0 0 0 0 0 0 0
8.01508124261577E-03 8.07806972421466E-03 8.13762439120301E-03 8.1937200061323E-03 8.24632027695478E-03 8.29537785562511E-03 8.34084234344463E-03 8.38266824548742E-03 8.42083522826332E-03 8.45534531836696E-03 8.48624912796874E-03 8.51364252964913E-03 8.53768720830527E-03 8.55859105868426E-03 8.57658256631364E-03 8.59189453706511E-03 8.60478500897837E-03 8.61551117603631E-03 8.62427075473032E-03 8.63122318266062E-03 8.63649547037183E-03 8.64019907583022E-03 0.00864243538931 8.64331093709757E-03 8.64294578809045E-03 8.64148137837526E-03 8.63907521089074E-03 8.63589670062069E-03 8.63219098824104E-03 8.62829885192543E-03 8.62458645999724E-03 8.62174262290846E-03 8.62132684387496E-03 0 0 0 0 0 0 0 0 0 0 0 0 0 0 0 0 0 0 0 0 0 0 0 0 0 0 0 0 0 0 0
8.07054619571165E-03 8.13063679987892E-03 8.18723880075807E-03 8.24034364860511E-03 8.28993014970307E-03 8.33596476992823E-03 8.37842371552314E-03 8.41728763417045E-03 8.45256379927271E-03 8.48427964495341E-03 8.51251343266611E-03 8.53738506759518E-03 8.5590764065132E-03 8.57781156233995E-03 8.59382805023861E-03 8.60736705128305E-03 8.61867847269922E-03 8.62800339209113E-03 8.63552113900889E-03 8.64137605261549E-03 8.64568382717355E-03 8.64854579422592E-03 8.65005413968131E-03 8.65030880484119E-03 8.64942421702264E-03 8.64753202573019E-03 8.64477041680158E-03 8.64127420718243E-03 8.63726445569023E-03 8.63309930329548E-03 8.62905279966939E-03 8.6253288408734E-03 8.62132684387496E-03 0 0 0 0 0 0 0 0 0 0 0 0 0 0 0 0 0 0 0 0 0 0 0 0 0 0 0 0 0 0 0
8.12303739656917E-03 8.18020953980413E-03 8.23385647387007E-03 8.28398523148992E-03 8.33059289429252E-03 8.37366489678762E-03 8.41320004458567E-03 8.44920488930328E-03 8.48171245011607E-03 8.51077440192554E-03 8.53649166562606E-03 8.55900496752926E-03 8.5785114222828E-03 8.59524541874275E-03 8.60945027546432E-03 8.62137309464354E-03 8.63125385358337E-03 8.63931298090076E-03 8.64571522014404E-03 8.65059301500235E-03 8.65405264063448E-03 8.65618641272158E-03 8.65707985467628E-03 8.65682740340862E-03 8.65553637088636E-03 8.65332371115407E-03 8.65029872908505E-03 8.64655112575075E-03 8.64226613372638E-03 8.63779351379984E-03 8.63334545789176E-03 8.6253288408734E-03 0 0 0 0 0 0 0 0 0 0 0 0 0 0 0 0 0 0 0 0 0 0 0 0 0 0 0 0 0 0 0 0
8.17257809567079E-03 8.22683463080973E-03 8.27754620435618E-03 8.32473830300498E-03 8.36842833190073E-03 8.40861914208922E-03 8.44533008878942E-03 8.47859332039323E-03 8.50846596766886E-03 8.53502066782907E-03 8.5583771237246E-03 8.57869383642829E-03 8.59617867306845E-03 8.61107252175335E-03 8.62362131828686E-03 8.63407315521826E-03 8.64265479036126E-03 8.64956897909898E-03 8.65497026809524E-03 8.65898032389864E-03 8.66169636361242E-03 8.66320392663996E-03 8.66358506986695E-03 8.66292992205184E-03 8.66133822301589E-03 8.6589058310223E-03 8.65568885966636E-03 8.65170411057401E-03 8.64716402730467E-03 8.6424266813223E-03 8.63334545789176E-03 0 0 0 0 0 0 0 0 0 0 0 0 0 0 0 0 0 0 0 0 0 0 0 0 0 0 0 0 0 0 0 0 0
8.21923254702781E-03 8.27060050182074E-03 8.31842119428763E-03 8.36274049206579E-03 8.40359338426546E-03 8.44099722707528E-03 8.47499376046894E-03 8.50563992140945E-03 0.008533014863624 8.55720774386268E-03 8.57835509514572E-03 8.59663025035158E-03 8.61224771818813E-03 8.62545136316662E-03 8.63648582389072E-03 8.64559734469631E-03 8.65300126797655E-03 8.65888478675426E-03 8.66339242220278E-03 8.66663684453275E-03 8.66870813798786E-03 8.66968666314122E-03 8.66965193536577E-03 8.66869285187969E-03 8.66690759329148E-03 8.66437900028989E-03 8.66108311782753E-03 8.65680134954243E-03 8.65196982949947E-03 8.6424266813223E-03 0 0 0 0 0 0 0 0 0 0 0 0 0 0 0 0 0 0 0 0 0 0 0 0 0 0 0 0 0 0 0 0 0 0
8.26309798585704E-03 8.31162489640344E-03 8.35661974757182E-03 8.39814592435254E-03 8.4362530618869E-03 8.47097452821582E-03 8.50237503909099E-03 8.53053378272412E-03 8.55554830374295E-03 8.57752276005897E-03 8.59660835822292E-03 8.61298965766173E-03 8.62688425825962E-03 8.63853598955589E-03 8.64818601867225E-03 8.65607670195177E-03 8.66241269838716E-03 8.66736877666962E-03 8.67108075930477E-03 8.67365432204558E-03 8.67517467357685E-03 8.67571716053595E-03 8.67535736413337E-03 8.67418710139652E-03 8.67232094404172E-03 8.66988057112439E-03 8.66680301850037E-03 8.66187095091163E-03 8.65196982949947E-03 0 0 0 0 0 0 0 0 0 0 0 0 0 0 0 0 0 0 0 0 0 0 0 0 0 0 0 0 0 0 0 0 0 0 0
8.30429399615905E-03 8.35004332042696E-03 8.39229022539621E-03 8.43111271434812E-03 8.4665757898102E-03 8.49873022316008E-03 8.52766047393378E-03 8.55346548105088E-03 8.57625794949988E-03 8.59615558332076E-03 8.61332011138409E-03 8.62794460214854E-03 8.64024757405771E-03 8.65047069937334E-03 8.65885137408252E-03 8.66562684467443E-03 8.67099316499376E-03 8.67511463309687E-03 8.67811994894923E-03 8.6801095785372E-03 8.68116517951305E-03 8.68135817556256E-03 8.68076030399444E-03 8.67946510705357E-03 8.67761893097139E-03 8.67553066866197E-03 8.67388968449277E-03 8.66187095091163E-03 0 0 0 0 0 0 0 0 0 0 0 0 0 0 0 0 0 0 0 0 0 0 0 0 0 0 0 0 0 0 0 0 0 0 0 0
8.34296792709638E-03 8.38601439228265E-03 8.42559990416565E-03 8.46181535448542E-03 8.49474146560968E-03 8.52444762682684E-03 8.55103530480825E-03 8.57461902021149E-03 8.59532328176885E-03 8.61327872870758E-03 8.6286545428545E-03 8.64164844207755E-03 8.65247840276827E-03 8.66138399162702E-03 8.6685990856174E-03 8.67435474127926E-03 8.67883919032201E-03 8.68220895255637E-03 8.6845874459823E-03 8.68607151552289E-03 8.68674109792595E-03 8.68666601570735E-03 8.68591441792614E-03 8.68456537643671E-03 8.68272398591031E-03 8.68073533942051E-03 8.68039677845652E-03 0 0 0 0 0 0 0 0 0 0 0 0 0 0 0 0 0 0 0 0 0 0 0 0 0 0 0 0 0 0 0 0 0 0 0 0 0
8.37928222690227E-03 8.41970821042636E-03 8.45672506961547E-03 8.4904352085004E-03 8.52093462727808E-03 8.54831189094505E-03 8.57268188987677E-03 8.59417141011855E-03 8.61291406549753E-03 8.62905234032768E-03 8.64275949131092E-03 8.65423531412852E-03 8.6636985735898E-03 8.67138622710462E-03 8.67752862607477E-03 8.68234972719174E-03 8.6860318212214E-03 8.68872531797167E-03 8.69054901929446E-03 8.69159745911034E-03 8.69195111719021E-03 8.69168380557365E-03 8.69086986349766E-03 8.68957165641765E-03 8.68769026459439E-03 8.6842804898284E-03 8.68039677845652E-03 0 0 0 0 0 0 0 0 0 0 0 0 0 0 0 0 0 0 0 0 0 0 0 0 0 0 0 0 0 0 0 0 0 0 0 0 0
8.41340398940115E-03 8.45129411901471E-03 8.48583509500329E-03 8.51714129139218E-03 8.5453239301213E-03 8.57048817457978E-03 8.59275949741453E-03 8.61227538758261E-03 8.62917645124236E-03 8.64361281150251E-03 8.65575947636293E-03 8.66581969461115E-03 8.67401333957232E-03 8.68057410844013E-03 8.68572799391371E-03 8.68969248749706E-03 8.69264528307453E-03 8.69473137644122E-03 8.69606553322828E-03 8.69674047917079E-03 8.69683811631042E-03 8.69644441336098E-03 8.69567202067522E-03 8.69468645687194E-03 8.69372329890738E-03 8.6842804898284E-03 0 0 0 0 0 0 0 0 0 0 0 0 0 0 0 0 0 0 0 0 0 0 0 0 0 0 0 0 0 0 0 0 0 0 0 0 0 0
8.44549742090775E-03 8.48093648553627E-03 8.51309428553801E-03 8.5420965508754E-03 8.56806827191799E-03 8.59112868069024E-03 8.61141224965583E-03 8.62906543571905E-03 8.64423326113119E-03 8.6570704320899E-03 8.66775533670614E-03 8.6764957230287E-03 8.68351063537567E-03 8.68902981827784E-03 8.69327451447207E-03 8.69645631487861E-03 8.69874797074739E-03 8.7002895264653E-03 8.70119293417426E-03 8.70155034789062E-03 8.7014459527344E-03 8.70097773997354E-03 8.70029705027034E-03 8.6996710933177E-03 8.69938280825009E-03 0 0 0 0 0 0 0 0 0 0 0 0 0 0 0 0 0 0 0 0 0 0 0 0 0 0 0 0 0 0 0 0 0 0 0 0 0 0 0
8.47570706639887E-03 8.50877760482372E-03 8.53864144266567E-03 8.56543581915272E-03 8.58929821113602E-03 8.61035973740486E-03 8.62876170469627E-03 8.64465590892777E-03 8.65818991353661E-03 8.66952373926271E-03 8.67884060007534E-03 8.68635099713568E-03 8.69227151822744E-03 8.69682828402387E-03 8.70023817759901E-03 8.7027061104313E-03 8.70439881088333E-03 8.70545240286706E-03 8.70597763255532E-03 8.70606817292824E-03 8.70581311152585E-03 8.70531569076506E-03 8.70472746671915E-03 8.70425171741515E-03 8.69938280825009E-03 0 0 0 0 0 0 0 0 0 0 0 0 0 0 0 0 0 0 0 0 0 0 0 0 0 0 0 0 0 0 0 0 0 0 0 0 0 0 0
8.50416150926687E-03 8.53494422804412E-03 8.56260192631295E-03 8.58728289182968E-03 8.60913453440806E-03 8.62829787563528E-03 8.64491832133268E-03 8.65915017934183E-03 8.67114435714195E-03 8.68106632785019E-03 8.68910295715745E-03 8.69546550103771E-03 8.70036914844575E-03 8.70403577217471E-03 8.70667766129754E-03 8.70849212535005E-03 0.008709640594715 8.71025576811382E-03 8.7104476507589E-03 8.71031253740054E-03 8.70994535503757E-03 8.70945750391502E-03 8.70901980760422E-03 8.70878892144699E-03 0 0 0 0 0 0 0 0 0 0 0 0 0 0 0 0 0 0 0 0 0 0 0 0 0 0 0 0 0 0 0 0 0 0 0 0 0 0 0 0
