NongDo/Fusa 18.1h.grd
DSAA
463	323
2	464
2	324
0	10
[rows 140 to 167 of 323, columns 192 to 255 of 463]
7.43011281554707E-03 7.53939002626751E-03 7.64844408051397E-03 7.75690067397406E-03 7.8643604655283E-03 7.97034456437963E-03 8.07437662490863E-03 8.17597421589537E-03 8.27467690545496E-03 8.37002026656898E-03 8.46156351760533E-03 8.54887871652062E-03 8.63159589136338E-03 8.70941194791723E-03 0.008782095389787 8.8494939637152E-03 8.91154212366597E-03 8.96827129408092E-03 9.01979267298885E-03 9.06629001896431E-03 9.10800218323141E-03 9.14520995068308E-03 9.17821496932791E-03 9.20732752438409E-03 9.23285097226139E-03 9.25506529766071E-03 9.27421712906432E-03 9.29051454821566E-03 9.30417295141471E-03 9.31542611097545E-03 9.32452545417097E-03 9.33172035772122E-03 9.33724928030808E-03 9.34134098009553E-03 9.34420972892288E-03 9.34605199306762E-03 9.34703451430303E-03 9.34729504179028E-03 9.34694263694546E-03 9.34605912014143E-03 9.3447084311383E-03 9.34294151960798E-03 9.34080243242847E-03 9.33833796791505E-03 9.33561070598053E-03 9.33270355172365E-03 9.32972794905961E-03 9.32414614390383E-03 0 0 0 0 0 0 0 0 0 0 0 0 0 0 0 0
7.53055681176466E-03 7.63970741845159E-03 7.74819446501782E-03 7.85564345478115E-03 7.96165733340021E-03 8.06576108031313E-03 8.16751204230573E-03 8.26646599464562E-03 8.36220091295551E-03 8.45428674211801E-03 8.54231877239738E-03 8.62590577146506E-03 8.70471921355848E-03 8.77849750527118E-03 8.8470485230081E-03 8.91025925880197E-03 8.96810592930268E-03 9.02066432795984E-03 9.06808698969373E-03 9.11059813673121E-03 9.14847104746175E-03 9.18201173845619E-03 9.21154022796081E-03 9.23737852157107E-03 9.25983394787114E-03 9.27918420608372E-03 9.29567061431771E-03 9.30949085103354E-03 9.32086238074241E-03 9.33003017990676E-03 9.33724623051482E-03 9.34275470013541E-03 9.34678767354125E-03 9.34956710704985E-03 9.35129696241528E-03 9.35216075350881E-03 9.35231108509979E-03 9.35186969150085E-03 9.35092820974563E-03 9.34954937188205E-03 9.34778437823017E-03 9.34567836458843E-03 9.3432707060361E-03 9.34061015133408E-03 0.009337782890578 9.33492952360388E-03 9.32972794905961E-03 0 0 0 0 0 0 0 0 0 0 0 0 0 0 0 0 0
7.62992353934406E-03 7.73859466318947E-03 7.84617605884269E-03 7.95228896388099E-03 8.05653697374807E-03 8.15846772493587E-03 8.25768237994994E-03 8.35377386921483E-03 8.44635237738059E-03 8.53501748892232E-03 8.61939644292875E-03 8.69913817118754E-03 8.77395606304093E-03 8.84362854548968E-03 8.90800325375694E-03 8.96701009708688E-03 9.02067017584049E-03 9.06910341519236E-03 9.11250431931793E-03 9.15113721121707E-03 9.18530748747068E-03 9.21534232474376E-03 9.24157499514335E-03 9.26433297132045E-03 9.28392098242386E-03 9.30060912371961E-03 9.31462979288132E-03 9.32617355634497E-03 9.33546224480992E-03 9.34274673454831E-03 9.34827331429986E-03 9.35227907097862E-03 9.35498938283125E-03 9.35661941038017E-03 9.35736378983455E-03 9.35739165761564E-03 9.35683942389012E-03 9.35581319653858E-03 9.35438875166277E-03 9.35260937985461E-03 9.35051285135276E-03 9.34814451816975E-03 9.34554643698331E-03 9.34277751062206E-03 9.33996009867595E-03 9.33492952360388E-03 0 0 0 0 0 0 0 0 0 0 0 0 0 0 0 0 0 0
7.72809601105459E-03 7.83595372659601E-03 7.94230781085456E-03 8.04677209625999E-03 8.14895898170477E-03 8.24846341026006E-03 8.34491705525024E-03 8.43794733067931E-03 8.52718956300767E-03 8.61227375521106E-03 8.69285866273677E-03 8.76864033385417E-03 8.83937058520617E-03 8.90486882444238E-03 8.96502575452249E-03 9.01981923984027E-03 9.06931740753201E-03 9.1136836367367E-03 9.15315597369627E-03 9.18803670347623E-03 9.2186593596471E-03 9.24536604136799E-03 9.26849737427685E-03 9.28837951262257E-03 9.30530808850689E-03 9.31954126022238E-03 9.33130046054879E-03 9.34077264992992E-03 9.34818063907607E-03 9.35377696997667E-03 9.3577997727564E-03 0.009360477808025 9.36203018462187E-03 9.36266447141412E-03 9.36256534056211E-03 9.36188683649037E-03 9.36074852042156E-03 9.35924039514515E-03 9.35742294695384E-03 9.35532430196554E-03 9.3529705661176E-03 9.35041300179925E-03 9.34770949210666E-03 9.34494795635393E-03 9.33996009867595E-03 0 0 0 0 0 0 0 0 0 0 0 0 0 0 0 0 0 0 0
7.82501413566865E-03 7.93173764937432E-03 8.03654907055746E-03 8.13906814796781E-03 8.23893041161331E-03 8.33577417990978E-03 8.42924895266978E-03 8.51901560479261E-03 8.60473399903475E-03 8.68607049847151E-03 8.76271953906532E-03 8.83442317725599E-03 8.90097099942984E-03 8.96222901646688E-03 9.01813654471889E-03 9.06872178625876E-03 9.11410058769858E-03 9.15448092886428E-03 9.19014370175915E-03 9.22142358128292E-03 9.2486749704991E-03 9.27224911633505E-03 9.29248706868513E-03 9.30970614947991E-03 9.32418742790398E-03 9.33617415564874E-03 9.3458764640107E-03 9.35348044239885E-03 9.35920752370909E-03 9.36330523761103E-03 9.36600119952308E-03 9.36751812150576E-03 9.36806980969332E-03 9.36785416429577E-03 9.3670429063087E-03 9.36577584575961E-03 9.3641562375876E-03 9.36225578929725E-03 9.36011813892494E-03 9.35776318476676E-03 9.35521496712676E-03 9.35253977180825E-03 9.34983060804962E-03 9.34494795635393E-03 0 0 0 0 0 0 0 0 0 0 0 0 0 0 0 0 0 0 0 0
7.92064153404949E-03 8.02592175151499E-03 8.12889244209283E-03 8.2291886490555E-03 8.32646649267514E-03 8.42039740472025E-03 8.51066047673405E-03 8.59694624921503E-03 8.67894453120586E-03 8.75636026038171E-03 8.82892764857971E-03 8.89643128745602E-03 8.95870820665951E-03 9.0156750109905E-03 9.06732418402891E-03 9.11373391382674E-03 9.15506810519962E-03 9.19157824480285E-03 9.22358276969715E-03 9.25144152461945E-03 9.27552139768764E-03 9.29617609382804E-03 9.31373836073808E-03 9.32851041896791E-03 9.34075595555547E-03 9.35070131108295E-03 9.35854471047551E-03 9.36447366179927E-03 9.36870645184993E-03 9.37147966146337E-03 9.37301381249362E-03 9.37352668721881E-03 9.37322558949438E-03 9.37229728469312E-03 9.37089999876227E-03 9.36915827889033E-03 9.36715691195936E-03 9.36494745136422E-03 9.36256000615252E-03 9.36001222418334E-03 9.35734098272843E-03 9.35464317059689E-03 9.34983060804962E-03 0 0 0 0 0 0 0 0 0 0 0 0 0 0 0 0 0 0 0 0 0
8.01480055948891E-03 8.11832584459784E-03 8.21915803929756E-03 8.31695058617715E-03 8.41137827545717E-03 8.50214542658164E-03 8.58896627906352E-03 8.67156216735518E-03 8.74965686431904E-03 8.82299487074981E-03 8.89135260806587E-03 8.9545600604466E-03 9.01250854011082E-03 9.06516892893082E-03 9.11258932654583E-03 9.15489564242616E-03 9.19229799189522E-03 9.2250885328657E-03 9.25361630306827E-03 9.27825813235687E-03 9.29938486509141E-03 0.00931734378683 9.3324518611951E-03 9.34499339722991E-03 9.35521291108682E-03 9.36331941675163E-03 9.36950033703413E-03 9.37394123599335E-03 9.37685214291805E-03 9.37846153619515E-03 9.37898790942968E-03 9.37864253868278E-03 9.3776233091634E-03 9.37610615383571E-03 9.3742381752011E-03 9.37212848149493E-03 9.36983881085881E-03 9.36739563190541E-03 9.36482314230737E-03 9.36215008176229E-03 9.35945418966887E-03 9.35464317059689E-03 0 0 0 0 0 0 0 0 0 0 0 0 0 0 0 0 0 0 0 0 0 0
8.10723442203746E-03 8.2086841510611E-03 8.3070710723354E-03 8.40206984899978E-03 8.49337988981355E-03 8.58074200009527E-03 8.66390485571321E-03 8.74262154412363E-03 8.81665199021445E-03 8.88578338113585E-03 8.94983905165541E-03 9.00869792731474E-03 9.0623069505213E-03 9.11069390997972E-03 9.15396217075651E-03 9.19228179518468E-03 9.22590556786076E-03 9.25516177601022E-03 9.28042107960252E-03 9.30206839312431E-03 9.32047029161793E-03 9.33595990774678E-03 9.3488350999809E-03 9.35936010696367E-03 9.36775760151409E-03 9.37421907436477E-03 9.3789216463903E-03 9.38204834029746E-03 9.38380358063765E-03 9.38440739290718E-03 9.3840737501516E-03 9.38300698083736E-03 9.38139500133392E-03 9.37940332155255E-03 9.37717190740585E-03 9.37479898185048E-03 9.37231440612257E-03 9.36970192447095E-03 9.36700624957204E-03 9.36428946780284E-03 9.35945418966887E-03 0 0 0 0 0 0 0 0 0 0 0 0 0 0 0 0 0 0 0 0 0 0 0
8.19764369445808E-03 8.29669552747764E-03 8.39233213328882E-03 8.48425455760007E-03 8.57219290164224E-03 8.65592590271231E-03 8.73523605724492E-03 8.80991018065445E-03 8.87974771706768E-03 8.9445812246857E-03 9.00428438873538E-03 9.05878710553004E-03 9.10809317852339E-03 9.15228662226828E-03 9.19152333718272E-03 9.22601456297604E-03 9.25605092629508E-03 9.28198817417676E-03 0.009304208735874 9.3230968973033E-03 9.33900754326067E-03 9.35225535503358E-03 9.36311674985875E-03 9.37183305797904E-03 9.37860361019526E-03 9.38360350629366E-03 9.38700106404786E-03 9.38897687720322E-03 9.38973115355896E-03 9.38947630831795E-03 9.38841952006523E-03 9.38675638749697E-03 9.38466456269233E-03 9.38230153582286E-03 9.3798098025356E-03 9.37729085865223E-03 9.37472852508113E-03 9.37197848430298E-03 9.36921338452174E-03 9.36428946780284E-03 0 0 0 0 0 0 0 0 0 0 0 0 0 0 0 0 0 0 0 0 0 0 0 0
8.28570769782105E-03 8.38204401484223E-03 8.47463541906713E-03 8.56321478538389E-03 8.64754695126666E-03 8.72744933757019E-03 8.80274012492529E-03 8.87324219201707E-03 8.93879714267285E-03 8.9992853280015E-03 9.05463228863002E-03 9.10481979064479E-03 9.14990854766041E-03 9.19003615620994E-03 9.22540608905329E-03 9.25626583697742E-03 9.28293549154362E-03 9.30578951268257E-03 9.32521384455908E-03 9.3415842707926E-03 9.35523831691365E-03 9.3664688309544E-03 9.37552775710582E-03 9.38263183682831E-03 9.38795850654349E-03 9.39166816374073E-03 9.39392212477879E-03 9.39489886982376E-03 9.39479569169519E-03 9.39381782866835E-03 9.39216338284716E-03 9.39001560269915E-03 9.38753919425955E-03 9.38489065581597E-03 9.38224331434976E-03 9.37974898062546E-03 9.37735785209576E-03 9.37437237029541E-03 9.36921338452174E-03 0 0 0 0 0 0 0 0 0 0 0 0 0 0 0 0 0 0 0 0 0 0 0 0 0
8.37109728453901E-03 8.46441566828394E-03 8.55368767757497E-03 8.63868295918868E-03 8.71920454434417E-03 8.79510792626492E-03 8.86624853619268E-03 8.93248883820871E-03 8.99371568372055E-03 9.04985713782718E-03 9.10089076041458E-03 9.14685143562634E-03 9.18785463648637E-03 9.22408536266478E-03 9.2557879415766E-03 9.2832409200129E-03 9.30678540015527E-03 9.32680476292314E-03 9.34368074920651E-03 9.35777459116099E-03 9.36940201863069E-03 9.37883165330913E-03 9.38628914948724E-03 9.39196613974296E-03 9.39602019248668E-03 9.39859974658559E-03 9.39986102244514E-03 9.39998005539806E-03 9.39915124573947E-03 9.39757428387814E-03 9.39543655589777E-03 9.39290181117291E-03 9.39011126709989E-03 9.38722311125791E-03 9.38450073132942E-03 9.38229074442852E-03 9.38091077651055E-03 9.37437237029541E-03 0 0 0 0 0 0 0 0 0 0 0 0 0 0 0 0 0 0 0 0 0 0 0 0 0 0
8.45349115588556E-03 8.54351330405197E-03 8.6292202259918E-03 8.71042257376945E-03 8.78696451844192E-03 8.85873870534414E-03 8.92564001940671E-03 8.98757384089939E-03 9.04447352166927E-03 9.09631472648077E-03 9.14312643128036E-03 9.18499583992764E-03 9.22208630324623E-03 9.25462362131731E-03 9.28288573389051E-03 9.30717590280574E-03 9.32784678268088E-03 9.34528268069631E-03 9.35985594858034E-03 9.37190769010251E-03 9.38172827356239E-03 9.3895607951357E-03 9.39560462162929E-03 9.40002677834717E-03 9.40296798870783E-03 9.40456692164322E-03 9.40497547117869E-03 9.40436719206628E-03 9.40293545538313E-03 9.40087647300117E-03 9.39836521164361E-03 9.39553484472519E-03 9.39247098764333E-03 9.38929222027788E-03 9.38643572383513E-03 9.38456817926939E-03 9.38435067169402E-03 0 0 0 0 0 0 0 0 0 0 0 0 0 0 0 0 0 0 0 0 0 0 0 0 0 0 0
8.53259858160101E-03 8.61908043159921E-03 8.70101501699826E-03 8.77825587406323E-03 8.85068989739385E-03 8.91824861307801E-03 8.98086824379418E-03 9.03849724245175E-03 9.09111628168243E-03 9.13874926398134E-03 9.18147470856533E-03 9.21942580332376E-03 9.25280658739171E-03 9.28187812532891E-03 9.30694507480252E-03 9.3283254000048E-03 9.34637527595397E-03 9.36147583990617E-03 9.37398452019431E-03 9.38421765371444E-03 9.39243820392423E-03 9.39886296396022E-03 9.40366580092863E-03 9.4069924732084E-03 9.40896996465902E-03 9.40972817257653E-03 9.40941412968467E-03 9.40819853694408E-03 9.40627649802017E-03 9.40384730027693E-03 9.40107888024346E-03 9.39806588519297E-03 9.39476365963433E-03 9.39102167329739E-03 9.38767824736856E-03 9.38579036414292E-03 9.38435067169402E-03 0 0 0 0 0 0 0 0 0 0 0 0 0 0 0 0 0 0 0 0 0 0 0 0 0 0 0
8.60816920128243E-03 8.69090644590736E-03 8.76890264842813E-03 8.84205720016831E-03 8.91030160463002E-03 8.97360674339364E-03 9.03194883367964E-03 9.08532035790207E-03 9.13375048214147E-03 9.17731000037331E-03 9.21612144321292E-03 9.25035638701506E-03 9.28025341896095E-03 9.30610204241663E-03 9.32822584342749E-03 9.3469485260607E-03 9.36262595291841E-03 9.37563193282778E-03 9.38630164707664E-03 9.39492348481561E-03 9.40173313988379E-03 9.40692254140777E-03 9.41064342417298E-03 9.4130233470362E-03 9.41417683430922E-03 9.41422582532918E-03 9.4133117227095E-03 9.41160015221774E-03 9.40929139592114E-03 9.40660225029721E-03 9.40371888815376E-03 9.40074035382516E-03 9.39743756586011E-03 9.3922940049804E-03 9.38767824736856E-03 9.38579036414292E-03 0 0 0 0 0 0 0 0 0 0 0 0 0 0 0 0 0 0 0 0 0 0 0 0 0 0 0 0
8.68001390264242E-03 8.7588444799328E-03 8.83278040512088E-03 8.90176942759339E-03 8.96578850423194E-03 9.02484509232262E-03 9.07895614585397E-03 9.1281600562122E-03 9.17253397793752E-03 9.21219032639341E-03 9.24728936597347E-03 9.2780344113931E-03 9.30469086197473E-03 9.32756819668488E-03 9.34700034212742E-03 9.36331386130634E-03 9.37686027378267E-03 9.38799835173174E-03 9.39703599407718E-03 9.40423402821313E-03 9.40980306443249E-03 9.41391338047892E-03 9.41669794841492E-03 9.41826837896148E-03 9.41872784459761E-03 9.41819093233884E-03 9.41679198931494E-03 9.41468664214396E-03 9.41208060107933E-03 9.40922800132358E-03 9.40638733756752E-03 9.40387219269772E-03 9.40211818814167E-03 9.3922940049804E-03 0 0 0 0 0 0 0 0 0 0 0 0 0 0 0 0 0 0 0 0 0 0 0 0 0 0 0 0 0 0
8.74799437255112E-03 8.8228003241687E-03 0.008892599637458 8.95738917887722E-03 9.01719126644357E-03 9.07204609661799E-03 9.12201506634447E-03 9.16718210372298E-03 9.20766829801083E-03 9.24362055728439E-03 9.27523139103236E-03 9.30272897750585E-03 9.3263965167004E-03 9.34655600414719E-03 9.36354375744797E-03 9.37768741917987E-03 9.38932718658403E-03 0.009398801708603 9.40639249541997E-03 9.41233454475732E-03 9.41681652393233E-03 9.41998994017578E-03 9.42197128139213E-03 9.42285824887953E-03 9.42274457251487E-03 9.42173680848248E-03 9.41995824594077E-03 9.41754805914119E-03 9.41471239727125E-03 9.41174515461234E-03 9.40896499316836E-03 9.40689891224416E-03 9.40662563905562E-03 0 0 0 0 0 0 0 0 0 0 0 0 0 0 0 0 0 0 0 0 0 0 0 0 0 0 0 0 0 0 0
8.81202521267892E-03 8.88273541895434E-03 8.94837051708881E-03 9.00897241556821E-03 9.06460631647563E-03 9.11534919688803E-03 9.16130716327921E-03 9.20260396847082E-03 9.23939782530384E-03 9.2718649449476E-03 9.30022364386757E-03 9.32472016776274E-03 9.34564821485806E-03 9.36333433396631E-03 9.37811183276874E-03 9.39030682445553E-03 9.40024413114106E-03 9.40823889106936E-03 9.41454784357184E-03 9.41938434269119E-03 9.42291859124036E-03 9.42528500673127E-03 9.42658510447408E-03 9.42690547699612E-03 9.42633186951562E-03 9.42496124289538E-03 9.42290109446387E-03 9.42026601916796E-03 9.41724848466627E-03 9.41415784738091E-03 9.41125732470311E-03 9.40876257521805E-03 9.40662563905562E-03 0 0 0 0 0 0 0 0 0 0 0 0 0 0 0 0 0 0 0 0 0 0 0 0 0 0 0 0 0 0 0
8.87207398904804E-03 8.93866315697283E-03 9.0001503361091E-03 9.05661988250608E-03 9.10818005451149E-03 9.15494599831457E-03 9.1970596462027E-03 9.23468005410462E-03 9.2679964628299E-03 9.29720925804912E-03 9.3225541158942E-03 9.34428985706545E-03 9.36271480624099E-03 9.37815389535459E-03 9.39093434653617E-03 9.40137857352951E-03 9.4097951908042E-03 9.41647285407599E-03 9.42164736778738E-03 9.42551352470919E-03 9.42822507182654E-03 9.42990099701043E-03 9.43063099006542E-03 9.43049273050351E-03 9.42956423149179E-03 9.42793045546135E-03 9.42567727426177E-03 9.42289179667819E-03 9.41975527489242E-03 9.41658053746339E-03 9.41359827827911E-03 9.40876257521805E-03 0 0 0 0 0 0 0 0 0 0 0 0 0 0 0 0 0 0 0 0 0 0 0 0 0 0 0 0 0 0 0 0
8.92819785150996E-03 8.99068377668694E-03 9.04807827439758E-03 9.1005088455165E-03 9.14812474997563E-03 9.1910732251151E-03 9.22952629701998E-03 9.26367451869221E-03 9.29373295421182E-03 9.31991968515503E-03 9.34248157618995E-03 9.36168556122901E-03 9.37782971786645E-03 9.39123369133517E-03 9.40221582359157E-03 9.41109054192504E-03 9.41814836822209E-03 9.42365481456562E-03 9.42782837664375E-03 9.43084659431263E-03 9.43284782579506E-03 9.43393800586917E-03 9.43419794102727E-03 9.43369850313134E-03 9.43251146238286E-03 9.43070846388524E-03 9.42834189932311E-03 9.42545705853189E-03 9.42227182760227E-03 9.4191179184132E-03 9.41359827827911E-03 0 0 0 0 0 0 0 0 0 0 0 0 0 0 0 0 0 0 0 0 0 0 0 0 0 0 0 0 0 0 0 0 0
8.98050554502381E-03 9.0389448760355E-03 9.09233866336787E-03 9.14085614499239E-03 9.18468059796607E-03 9.22398481507827E-03 9.25896975480399E-03 9.28985336682614E-03 9.3168712010852E-03 9.3402521264513E-03 9.36025052796502E-03 9.37713751419652E-03 9.39120674710982E-03 9.40276966559383E-03 9.41213313871645E-03 9.41960139874154E-03 9.42544836366692E-03 9.42991857281459E-03 9.43321366972982E-03 9.43549578519348E-03 9.43689005937648E-03 9.43749134493332E-03 9.43737284555939E-03 9.43660158609283E-03 9.43524875269005E-03 9.43338249631131E-03 9.43101300193332E-03 9.42804748702073E-03 9.42487250455504E-03 9.4191179184132E-03 0 0 0 0 0 0 0 0 0 0 0 0 0 0 0 0 0 0 0 0 0 0 0 0 0 0 0 0 0 0 0 0 0 0
9.02914534108621E-03 9.0836249341143E-03 9.13313734822115E-03 9.17788707668506E-03 9.21808508168938E-03 9.25392849900563E-03 9.28564459441899E-03 9.31347283956204E-03 9.33766274650111E-03 9.35845045209062E-03 9.37609427527283E-03 9.39086526329458E-03 9.40304951257735E-03 9.41294822690268E-03 9.42085589544888E-03 9.42706496771027E-03 9.43183330124912E-03 9.43538740076519E-03 9.43791355436821E-03 9.43956033307929E-03 9.44044177726988E-03 9.44064291597597E-03 9.44022977383863E-03 9.43926866769655E-03 9.43784193512293E-03 9.43605244289075E-03 9.43391134345632E-03 9.4307385619312E-03 9.42487250455504E-03 0 0 0 0 0 0 0 0 0 0 0 0 0 0 0 0 0 0 0 0 0 0 0 0 0 0 0 0 0 0 0 0 0 0 0
0.009074291878439 9.12492164147773E-03 9.1706892985283E-03 9.21182861246513E-03 9.24857560487006E-03 9.28115025713986E-03 9.30980009424227E-03 9.33478078769883E-03 9.35635001256173E-03 9.37474810196728E-03 9.39023267820472E-03 9.40307189886977E-03 9.41354280761139E-03 9.42193536323394E-03 9.42853226982648E-03 9.43361323399421E-03 9.43742135576645E-03 9.44016679472826E-03 9.44202198446342E-03 9.4431236137056E-03 9.44357621485692E-03 9.44345703920546E-03 9.44282671411422E-03 9.44175087854935E-03 9.44033098879016E-03 9.43879533634726E-03 9.43765452556964E-03 9.4307385619312E-03 0 0 0 0 0 0 0 0 0 0 0 0 0 0 0 0 0 0 0 0 0 0 0 0 0 0 0 0 0 0 0 0 0 0 0 0
9.11614829842692E-03 9.16305423392067E-03 9.20522491684841E-03 9.24291866740431E-03 9.27639348625492E-03 9.30589071840484E-03 9.33167312279575E-03 9.35400620439832E-03 9.37315060430064E-03 9.38934912147575E-03 9.40285555873557E-03 9.41393173103463E-03 9.42284498980569E-03 9.42987467377703E-03 9.43529224296633E-03 9.43936372544758E-03 9.44231791389255E-03 9.4443507152014E-03 9.44562224333605E-03 9.4462587933616E-03 9.44635723831773E-03 9.44598994778565E-03 9.44521498428606E-03 9.44409112129365E-03 9.44269565833172E-03 9.44128064465996E-03 9.44107355297409E-03 0 0 0 0 0 0 0 0 0 0 0 0 0 0 0 0 0 0 0 0 0 0 0 0 0 0 0 0 0 0 0 0 0 0 0 0 0
9.15492576836463E-03 9.19824393868474E-03 9.23697198966742E-03 9.27138866035133E-03 9.30177047915635E-03 9.32837803139076E-03 9.35148378054387E-03 9.3713582603487E-03 9.38826116143933E-03 9.40243572965831E-03 9.41412892477309E-03 9.42359443041605E-03 9.43109145104169E-03 9.43688851678164E-03 9.44124586596412E-03 9.4444150787359E-03 9.44661182930317E-03 9.44801902595307E-03 9.44878529981187E-03 9.44902793956409E-03 9.44883818217949E-03 9.44828807758083E-03 9.44744193981634E-03 9.44635804092547E-03 9.44500731254022E-03 9.44288822220574E-03 9.44107355297409E-03 0 0 0 0 0 0 0 0 0 0 0 0 0 0 0 0 0 0 0 0 0 0 0 0 0 0 0 0 0 0 0 0 0 0 0 0 0
9.19083057525134E-03 9.23070032530416E-03 9.26613963938376E-03 9.29744553134413E-03 9.32491037201313E-03 9.34880901026781E-03 9.36941911337468E-03 9.38701335355368E-03 9.40184751407631E-03 9.41416091110987E-03 9.42419196606293E-03 9.43218767044581E-03 9.43839927185396E-03 9.44308396441149E-03 9.44649012502652E-03 9.4488552366054E-03 9.45038261150171E-03 9.45124294736213E-03 9.45157444427529E-03 9.45148663676611E-03 9.45106665235763E-03 9.45039142114901E-03 9.4495505968373E-03 9.44867585214055E-03 9.44795817233751E-03 9.44288822220574E-03 0 0 0 0 0 0 0 0 0 0 0 0 0 0 0 0 0 0 0 0 0 0 0 0 0 0 0 0 0 0 0 0 0 0 0 0 0 0
9.2240548345241E-03 9.26061688729328E-03 9.29292142989104E-03 9.32128039567881E-03 9.34599842328701E-03 9.36736024136092E-03 9.38564554156869E-03 9.40112609325672E-03 9.4140508863727E-03 9.4246524866686E-03 9.43316206779749E-03 9.43982046128261E-03 9.44486916653294E-03 9.4485535360212E-03 9.45110985567574E-03 9.45276189064323E-03 9.45370049212575E-03 9.45408508548113E-03 9.45404500546613E-03 9.45368390836799E-03 9.45308672279129E-03 9.45233615991569E-03 9.45154837798819E-03 9.45092903667284E-03 9.45075670623369E-03 0 0 0 0 0 0 0 0 0 0 0 0 0 0 0 0 0 0 0 0 0 0 0 0 0 0 0 0 0 0 0 0 0 0 0 0 0 0 0
9.25476216937953E-03 9.28815663307316E-03 9.31747769116861E-03 9.34304985334607E-03 9.36518674939612E-03 9.38417893400252E-03 9.40030449936419E-03 9.41382985055848E-03 9.42499516292976E-03 9.43402648096943E-03 9.44114832591703E-03 9.44659362960423E-03 9.45059302993318E-03 9.45338041768193E-03 9.45518030186578E-03 9.4562024906057E-03 9.45662524693515E-03 9.45659811022933E-03 9.45624326686088E-03 9.45566066897451E-03 9.45493598675676E-03 9.4541574047472E-03 9.45345107849484E-03 9.45299360361809E-03 9.45075670623369E-03 0 0 0 0 0 0 0 0 0 0 0 0 0 0 0 0 0 0 0 0 0 0 0 0 0 0 0 0 0 0 0 0 0 0 0 0 0 0 0
9.28309812208301E-03 9.3134652500141E-03 9.33995378229657E-03 9.36289776800274E-03 9.38261542977878E-03 9.39939944360942E-03 9.41352266828205E-03 9.42524288796825E-03 9.43479154726641E-03 9.44238769856871E-03 9.44824792364438E-03 9.45259559327337E-03 9.45565126109673E-03 9.45763704363344E-03 9.45876561409644E-03 9.45923279359143E-03 9.45920532618173E-03 9.45882411339917E-03 9.45820551958126E-03 9.45744756213191E-03 9.45663919669597E-03 9.45588013898264E-03 9.45532611726939E-03 9.45518360327172E-03 0 0 0 0 0 0 0 0 0 0 0 0 0 0 0 0 0 0 0 0 0 0 0 0 0 0 0 0 0 0 0 0 0 0 0 0 0 0 0 0
