NongDo/Fusa 16.2h.grd
DSAA
463	323
2	464
2	324
0	10
[rows 56 to 83 of 323, columns 256 to 319 of 463]
0 0 0 0 0 0 0 0 0 0 0 0 0 0 0 0 0 0 0 0 0 0 0 0 0 0 0 0 0 0 0 0 0 0 0 0 0 0 0 0 0 0 0 0 0 0 0 0 0 0 0 0 0 0 0 0 0 0 0 0 0 0 0 0
0 0 0 0 0 0 0 0 0 0 0 0 0 0 0 0 0 0 0 0 0 0 0 0 0 0 0 0 0 0 0 0 0 0 0 0 0 0 0 0 0 0 0 0 0 0 0 0 0 0 0 0 0 0 0 0 0 0 0 0 0 0 0 0
0 0 0 0 0 0 0 0 0 0 0 0 0 0 0 0 0 0 0 0 0 0 0 0 0 0 0 0 0 0 0 0 0 0 0 0 0 0 0 0 0 0 0 0 0 0 0 0 0 0 0 0 0 0 0 0 0 0 0 0 0 0 0 0
0 0 0 0 0 0 0 0 0 0 0 0 0 0 0 0 0 0 0 0 0 0 0 0 0 0 0 0 0 0 0 0 0 0 0 0 0 0 0 0 0 0 0 0 0 0 0 0 0 0 0 0 0 0 0 0 0 0 0 0 0 0 0 0
0 0 0 0 0 0 0 0 0 0 0 0 0 0 0 0 0 0 0 0 0 0 0 0 0 0 0 0 0 0 0 0 0 0 0 0 0 0 0 0 0 0 0 0 0 0 0 0 0 0 0 0 0 0 0 0 0 0 0 0 0 0 0 0
0 0 0 0 0 0 0 0 0 0 0 0 0 0 0 0 0 0 0 0 0 0 0 0 0 0 0 0 0 0 0 0 0 0 0 0 0 0 0 0 0 0 0 0 0 0 0 0 0 0 0 0 0 0 0 0 0 0 0 0 0 0 0 0
0 0 0 0 0 0 0 0 0 0 0 0 0 0 0 0 0 0 0 0 0 0 0 0 0 0 0 0 0 0 0 0 0 0 0 0 0 0 0 0 0 0 0 0 0 0 0 0 0 0 0 0 0 0 0 0 0 0 0 0 0 0 0 0
0 0 0 0 0 0 0 0 0 0 0 0 0 0 0 0 0 0 0 0 0 0 0 0 0 0 0 0 0 0 0 0 0 0 0 0 0 0 0 0 0 0 0 0 0 0 0 0 0 0 0 0 0 0 0 0 0 0 0 0 0 0 7.01842937320146E-03 7.02226485250858E-03
0 0 0 0 0 0 0 0 0 0 0 0 0 0 0 0 0 0 0 0 0 0 0 0 0 0 0 0 0 0 0 0 0 0 0 0 0 0 0 0 0 0 0 0 0 0 0 0 0 0 0 0 0 0 0 0 0 0 7.00105982789498E-03 7.00571243496844E-03 7.01068135049524E-03 7.01561500749543E-03 7.01842937320146E-03 7.02226485250858E-03
0 0 0 0 0 0 0 0 0 0 0 0 0 0 0 0 0 0 0 0 0 0 0 0 0 0 0 0 0 0 0 0 0 0 0 0 0 0 0 0 0 0 0 0 0 0 0 0 0 0 0 0 0 0 6.98036245732451E-03 6.98592758917039E-03 6.99169756437599E-03 6.99738966977677E-03 7.00105982789498E-03 7.00571243496844E-03 7.01068135049524E-03 7.01561500749543E-03 7.02008259836987E-03 7.02462735314573E-03
0 0 0 0 0 0 0 0 0 0 0 0 0 0 0 0 0 0 0 0 0 0 0 0 0 0 0 0 0 0 0 0 0 0 0 0 0 0 0 0 0 0 0 0 0 0 0 0 0 0 0 6.96186120534697E-03 6.96870857665167E-03 6.9755512316245E-03 6.98036245732451E-03 6.98592758917039E-03 6.99169756437599E-03 6.99738966977677E-03 7.00261960917876E-03 7.00793952951918E-03 7.01327066469396E-03 7.01853862703441E-03 7.02363494687651E-03 7.02867364915417E-03
0 0 0 0 0 0 0 0 0 0 0 0 0 0 0 0 0 0 0 0 0 0 0 0 0 0 0 0 0 0 0 0 0 0 0 0 0 0 0 0 0 0 0 0 0 6.91221310527101E-03 6.92114359317897E-03 6.93009576379778E-03 6.93888458074989E-03 6.94748091576553E-03 6.9557338545416E-03 6.96186120534697E-03 6.96870857665167E-03 6.9755512316245E-03 6.98184911813001E-03 6.98807046027095E-03 6.99422018124253E-03 7.00026739052519E-03 7.00612805251202E-03 7.01192332709286E-03 7.01761259108345E-03 7.02320753171692E-03 7.02868373570128E-03 7.03407274790109E-03
0 0 0 0 0 0 0 0 0 0 0 0 0 0 0 0 0 0 0 0 0 0 0 0 0 0 0 0 0 0 0 0 0 0 0 0 0 0 0 0 0 0 0 6.89326584303143E-03 6.90347692265442E-03 6.91221310527101E-03 6.92114359317897E-03 6.93009576379778E-03 6.93888458074989E-03 6.94748091576553E-03 6.9557338545416E-03 6.96340828335016E-03 6.97091343789001E-03 6.97821151629544E-03 6.98517997988285E-03 6.99192980967698E-03 6.99849253450074E-03 7.00490870230952E-03 7.01116738542892E-03 7.01731223278373E-03 7.02332637201442E-03 7.02922999148425E-03 7.03501959843262E-03 7.04071436178641E-03
6.38242228707554E-03 6.39656696121904E-03 6.41080981413803E-03 6.42493838126962E-03 6.43887969792104E-03 6.45269819391494E-03 6.46629693000178E-03 6.47966698374068E-03 6.49282406839273E-03 6.50589479773437E-03 6.51891462094704E-03 6.53195642380555E-03 6.54487465531965E-03 6.5575868615054E-03 6.57002847797039E-03 6.5822907734809E-03 6.59437032911464E-03 6.60635588521228E-03 6.61815658831453E-03 6.62978610289752E-03 6.64124968447747E-03 6.65267714175377E-03 6.66408973023325E-03 6.67557567281479E-03 0.006687013175222 6.69835010416593E-03 6.70950919716203E-03 6.72055958198671E-03 6.73145032448032E-03 6.74224437676616E-03 6.75284429942675E-03 6.76330361754265E-03 6.77369941900356E-03 6.78435870177945E-03 6.79575007991575E-03 0 0 0 0 6.8511426877102E-03 6.86117593906135E-03 6.87232176320823E-03 6.8837400073543E-03 6.89326584303143E-03 6.90347692265442E-03 6.91334583444227E-03 6.92293299092828E-03 6.93225803191635E-03 6.94132149297899E-03 6.95016241419267E-03 6.95872068275286E-03 6.96698766986282E-03 6.97498518069411E-03 6.98272221997584E-03 6.99015814364613E-03 6.99733969624756E-03 7.00429189195335E-03 7.01106667150501E-03 7.01767329675757E-03 7.02414496576954E-03 7.03047765617416E-03 7.03669199287982E-03 7.04279241222682E-03 7.04880026071733E-03
6.38242228707554E-03 6.39656696121904E-03 6.41080981413803E-03 6.42493838126962E-03 6.43887969792104E-03 6.45269819391494E-03 6.46629693000178E-03 6.47966698374068E-03 6.49282406839273E-03 6.50589479773437E-03 6.51891462094704E-03 6.53195642380555E-03 6.54487465531965E-03 6.5575868615054E-03 6.57002847797039E-03 6.5822907734809E-03 6.59437032911464E-03 6.60635588521228E-03 6.61815658831453E-03 6.62978610289752E-03 6.64124968447747E-03 6.65267714175377E-03 6.66408973023325E-03 6.67557567281479E-03 0.006687013175222 6.69835010416593E-03 6.70950919716203E-03 6.72055958198671E-03 6.73145032448032E-03 6.74224437676616E-03 6.75284429942675E-03 6.76330361754265E-03 6.77369941900356E-03 6.78435870177945E-03 6.79575007991575E-03 6.8101858673374E-03 6.82132479131413E-03 6.83220176797463E-03 6.84286104977533E-03 6.8511426877102E-03 6.86117593906135E-03 6.87232176320823E-03 6.8837400073543E-03 6.89477360532938E-03 6.9056441213097E-03 6.91620671287336E-03 6.92637860104512E-03 6.93616977457944E-03 6.94562652650023E-03 6.95481853850884E-03 6.96373205445826E-03 6.97240425705184E-03 6.9808005995073E-03 6.98892899909047E-03 6.9967637253546E-03 7.00433386920608E-03 7.01166193665934E-03 7.01879767066409E-03 7.02575507534718E-03 7.03256460946176E-03 7.03922879901786E-03 7.04576911178029E-03 7.05219758952966E-03 7.05853828224422E-03
6.38428675377042E-03 6.39924157367413E-03 6.41385003232729E-03 6.42818041885208E-03 6.44225601823565E-03 6.45616727118101E-03 6.46983873030934E-03 6.48325791012419E-03 6.49645734888863E-03 6.50955422714576E-03 6.52259307892693E-03 6.53566592561375E-03 6.54861424818808E-03 6.56132516304624E-03 6.57376749662134E-03 6.58602817922448E-03 6.59811618251853E-03 6.61010658405061E-03 6.62192324393107E-03 6.63356748332207E-03 6.6450568671271E-03 6.65650380499677E-03 6.66793909092035E-03 6.67946052391815E-03 6.69094074887976E-03 6.7023016994338E-03 6.71348815004697E-03 6.72455766779142E-03 6.73546764662839E-03 6.7462588239283E-03 6.75683891750208E-03 6.7672270512286E-03 6.7774774519532E-03 6.78782483161448E-03 6.79855549370222E-03 6.8101858673374E-03 6.82132479131413E-03 6.83220176797463E-03 6.84286104977533E-03 6.85320055136994E-03 6.86401705245095E-03 6.87545362323433E-03 6.88708836868741E-03 6.89861405971275E-03 6.90992792439003E-03 6.92097380435189E-03 6.93163650851718E-03 6.94189900349395E-03 6.95179471384229E-03 6.96138737251199E-03 6.97068397148373E-03 6.97973277634786E-03 6.98850089031491E-03 6.99699693958949E-03 7.00520338688528E-03 7.01314417536248E-03 7.02084241031223E-03 7.02834330234579E-03 7.03566094762105E-03 7.04282094375762E-03 7.04982982403054E-03 7.05671162154833E-03 7.06348393428617E-03 7.07017139133072E-03
6.38899410624047E-03 6.40442658738653E-03 6.41938141532126E-03 6.43396746990045E-03 6.44824482928023E-03 6.46230606768949E-03 6.47610435057601E-03 6.48963137274825E-03 6.50293695956801E-03 6.51611890700736E-03 6.52922083851808E-03 6.54233386850766E-03 6.55529818785889E-03 6.56800026355431E-03 6.58045198369851E-03 6.5927249857869E-03 6.60483700969214E-03 6.61684358512951E-03 6.62869498596053E-03 6.64038477837389E-03 6.65194440777295E-03 6.66345936021027E-03 6.67496324206403E-03 6.68654458228332E-03 6.69807638616539E-03 6.7094734495685E-03 6.72071063721314E-03 6.73182407657187E-03 6.74277829225391E-03 6.75358776039827E-03 6.76417911953366E-03 6.77454507669807E-03 6.78473126901156E-03 6.79489374450064E-03 6.80521298966937E-03 6.8159487016047E-03 6.82671918608608E-03 6.83745680910027E-03 6.84817490230354E-03 6.85900300630803E-03 6.87012666074564E-03 6.88166957016567E-03 6.89339423027763E-03 6.90511150480642E-03 6.91669097913981E-03 6.92807818828303E-03 6.93913932465937E-03 6.94982710939832E-03 6.96014166780922E-03 6.97013160248411E-03 6.97980766211065E-03 6.98922002808461E-03 6.99834226104588E-03 7.00718641781254E-03 7.01574464717983E-03 7.02403936209947E-03 7.03209615712275E-03 7.03995585003738E-03 7.04763113704383E-03 7.05514251142584E-03 7.06250183686274E-03 7.06973168142355E-03 7.07685345350547E-03 7.08389103433536E-03
6.39607559415646E-03 6.4118298161434E-03 6.42709526639571E-03 6.44195920955575E-03 6.4564823631473E-03 6.47073699386424E-03 6.48470319294343E-03 6.49839653819849E-03 6.51186687154923E-03 6.52519125274158E-03 6.53840814294361E-03 6.55156109306305E-03 6.56452743664088E-03 6.5772448157892E-03 6.58973653960991E-03 6.60205497695891E-03 6.61422026166248E-03 6.62626999354239E-03 6.63817713819787E-03 6.64994994586492E-03 6.66162052308683E-03 6.6732510023927E-03 6.6848717393684E-03 6.69652643268296E-03 6.70811170012213E-03 6.7195739681906E-03 6.73089693027582E-03 6.7420923573597E-03 6.75312694263535E-03 6.76399554233683E-03 6.77464085562818E-03 6.78505957255347E-03 6.79528704835147E-03 6.80542906844413E-03 6.81561087613077E-03 6.82600115705707E-03 6.83649792813302E-03 6.84708097366996E-03 6.85776890467013E-03 6.86866874076146E-03 6.87984212584489E-03 6.8913570650865E-03 6.9030630950648E-03 6.91484029351767E-03 6.92656726575896E-03 6.93817082548445E-03 6.94951546079544E-03 6.96053182164367E-03 6.97119524138913E-03 6.9815304285518E-03 6.99154661306939E-03 7.00128021805149E-03 7.01071496682735E-03 7.01986714577432E-03 7.02873745868602E-03 7.03735297571391E-03 7.04574071371842E-03 7.05393440208518E-03 7.0619449009364E-03 7.06979118803762E-03 7.07748672424687E-03 7.08505450655945E-03 7.09251651906409E-03 7.0998948882249E-03
6.40524008256048E-03 6.42130544932011E-03 6.43688972985408E-03 6.45205593146214E-03 6.46685730594115E-03 6.4813507937303E-03 6.49554428987959E-03 6.50946373902977E-03 6.52314422581252E-03 6.53664428006555E-03 6.54999233393297E-03 6.56320508236661E-03 6.57622430813338E-03 6.58901767671137E-03 6.60159505637579E-03 6.61399698801371E-03 6.62624792986104E-03 6.63837848962087E-03 6.65038687427641E-03 6.66228735968062E-03 6.6741013974505E-03 6.68587264648056E-03 6.69762290649331E-03 6.70936968639667E-03 6.72105572679363E-03 6.73263907488144E-03 6.74409080173445E-03 6.75540605455025E-03 6.76655689059824E-03 6.77752901639439E-03 6.78828605932354E-03 6.79882419044019E-03 0.006809163772443 6.81937908903324E-03 6.82956112761958E-03 6.83983322718459E-03 6.85020561927187E-03 6.8607048490407E-03 6.87135632783251E-03 6.88223915927787E-03 6.89338890436841E-03 6.9048486018152E-03 6.91652184027549E-03 6.92831349350242E-03 6.94010528295901E-03 6.95181880574346E-03 6.96333283752272E-03 6.97455929166793E-03 6.9854589935182E-03 6.99603579253805E-03 7.00629572194179E-03 7.01626391594373E-03 7.02594063069825E-03 7.03533808900664E-03 7.0444672022388E-03 7.05335224341274E-03 7.06202035367064E-03 7.07050043290648E-03 7.07880746959457E-03 7.08695517266581E-03 7.0949588190251E-03 7.10283938414163E-03 7.11061863945159E-03 7.11831599408047E-03
6.41652688293016E-03 6.43293519958773E-03 6.44887176160389E-03 6.46438204433652E-03 6.47950988344887E-03 6.4943060578694E-03 6.50878875752025E-03 6.52298449904992E-03 6.53691975846581E-03 6.55063854415819E-03 6.56416107126831E-03 6.57750070159386E-03 6.59063500317866E-03 6.60355190055864E-03 6.61625867350334E-03 6.62878897657066E-03 6.64116916230771E-03 6.65343207031562E-03 6.66558935832815E-03 6.67765692713706E-03 6.6896493018376E-03 6.70159642492988E-03 6.71351222316298E-03 6.72540594581255E-03 6.73724412649593E-03 6.74899149883485E-03 6.76061028636885E-03 6.77208430118299E-03 6.78338689824468E-03 6.79450421747377E-03 6.80541175305967E-03 6.81610557266953E-03 6.82659683876047E-03 6.83694037255925E-03 6.8472073647669E-03 6.85749883673799E-03 6.86786768282141E-03 6.87836711269037E-03 6.8890308632924E-03 6.89992374521782E-03 6.91107378172841E-03 6.92251345167403E-03 6.93416721224756E-03 6.94595013516866E-03 6.95774879352416E-03 6.96948744956473E-03 6.98105414644564E-03 6.99236248688156E-03 7.00336640129799E-03 7.01405776631949E-03 7.02444016949795E-03 7.03453513737972E-03 7.04435047495056E-03 7.05390086644399E-03 7.06320118451414E-03 7.07227497464493E-03 7.0811482345195E-03 7.08984730402755E-03 7.09838778504973E-03 7.10678129062217E-03 7.11504297285708E-03 7.12319168375714E-03 7.13124734356781E-03 7.13922564278353E-03
6.42999120909075E-03 6.4468060287861E-03 6.46315214019239E-03 6.47906555097344E-03 6.49458219403754E-03 6.50974766735731E-03 6.52458038256153E-03 6.53910546773028E-03 6.55334708112076E-03 6.56733986934826E-03 6.58109939488053E-03 6.59463964290863E-03 6.60795598581486E-03 6.62105068678309E-03 6.63393760979444E-03 6.64664888033883E-03 6.65921259811425E-03 6.67166434306934E-03 6.68402119774095E-03 6.69629981246199E-03 6.70851267164358E-03 6.72068062179225E-03 6.73281147353375E-03 6.74491069251266E-03 6.75695400344853E-03 6.76890651938459E-03 6.78072691751696E-03 6.79239215397905E-03 6.80387626549863E-03 6.81516685279335E-03 6.82624560331316E-03 6.83710932092447E-03 6.84776707925299E-03 6.85826429815395E-03 6.86866228379617E-03 6.87905114965629E-03 6.88949744738932E-03 6.90006526649559E-03 6.91079451035243E-03 6.92174385413363E-03 6.93293447203955E-03 6.9443909976746E-03 6.95603849073899E-03 6.96779582526184E-03 6.9795581368458E-03 6.99125586254957E-03 7.00278642619496E-03 7.01406558250437E-03 7.02504823244778E-03 7.03572663250294E-03 7.04610957809623E-03 7.05621772769701E-03 7.06606487582794E-03 7.07566641849732E-03 7.08504009780736E-03 7.09421055739315E-03 7.10320543110363E-03 7.11204677399226E-03 7.12074998146925E-03 7.12932302407074E-03 7.13778080265605E-03 7.1461410166697E-03 7.15442118165232E-03 7.16263137415543E-03
6.44574811449824E-03 6.46304933440462E-03 6.47987827866657E-03 6.49626525018665E-03 6.5122415146422E-03 6.5278439992628E-03 6.54309033814596E-03 6.55800607814387E-03 6.57261486239324E-03 6.58694448599764E-03 6.6010082656401E-03 6.61482056343822E-03 6.6283868928305E-03 6.64172181587326E-03 6.65484809028025E-03 6.66779905083613E-03 6.68060543192329E-03 6.69330412252298E-03 6.7059145204028E-03 6.71845466734772E-03 6.73093684110858E-03 6.7433758107194E-03 6.75577361412316E-03 6.76813370060765E-03 6.78043069492254E-03 6.79262491806457E-03 6.8046729166222E-03 6.81654939659504E-03 6.82822893574337E-03 6.83970156885843E-03 6.85095272141158E-03 6.8619812658426E-03 6.87279982872579E-03 6.88345303627794E-03 6.89399897854766E-03 6.90452238956394E-03 6.91509118108828E-03 6.9257683276905E-03 6.93659573820334E-03 6.94762797594305E-03 6.95888114226318E-03 6.97036076014417E-03 6.98198603058675E-03 6.99368273453437E-03 7.00535776394876E-03 7.01694591650904E-03 7.02835110123308E-03 7.03950078419983E-03 7.05035628844482E-03 7.06091669278404E-03 7.07119675517933E-03 7.08121835944026E-03 7.09100010514987E-03 7.10055891482146E-03 7.10991609888211E-03 7.11909987228771E-03 7.12813790327666E-03 7.13704737993506E-03 7.14584189496424E-03 7.15452768243411E-03 7.1631200395823E-03 7.17163404445225E-03 7.18008342278118E-03 7.1884714266931E-03
6.46390834675814E-03 6.48178459203481E-03 6.49917743404434E-03 6.51611274922408E-03 6.53261836514933E-03 6.54872443939033E-03 6.56445133940352E-03 6.57982324526911E-03 6.59486244693584E-03 6.60959232746727E-03 6.62402696227254E-03 6.63818055490264E-03 6.65206702449442E-03 6.66570983336593E-03 6.67913916863269E-03 6.69239124083563E-03 6.70550010766731E-03 6.71850359811828E-03 6.73142281219894E-03 6.74427623461074E-03 6.75707623733817E-03 6.76983416476916E-03 6.78254668487808E-03 6.79521310534551E-03 6.80779775321358E-03 6.82025403805546E-03 6.83253835476931E-03 6.84462671661746E-03 6.8564944173705E-03 6.86813468780458E-03 6.87953559566305E-03 6.89070167519073E-03 6.90165499339474E-03 6.9124450301605E-03 6.92312864915743E-03 6.93378836270164E-03 6.94448445136709E-03 6.95527334885575E-03 6.96619451477506E-03 6.97729606653896E-03 6.98858151080886E-03 7.0000419450058E-03 7.01160028748014E-03 7.02318251419165E-03 7.03470818020088E-03 7.04611777613466E-03 7.05733139586315E-03 7.06828024432824E-03 7.07893761029089E-03 7.08930890901909E-03 7.09941425473521E-03 7.10927655286067E-03 7.11892238860654E-03 7.1283694860794E-03 7.13764778910229E-03 7.14678570987286E-03 7.15580816670497E-03 7.16472601292753E-03 7.17355431324367E-03 7.18229601750473E-03 7.19096641884414E-03 7.19957908904121E-03 7.20814282678575E-03 7.21665450273166E-03
6.48466028185856E-03 6.50319953026406E-03 6.52123958761978E-03 6.53880172757375E-03 6.55591026696832E-03 6.57259065028289E-03 6.58886466571225E-03 6.6047561649107E-03 6.62028711752836E-03 6.63547842638071E-03 6.65034555469889E-03 6.66490371142717E-03 6.67917395231191E-03 6.69318835077868E-03 6.70698315168798E-03 6.72059696205586E-03 6.73406636684415E-03 6.74742770002208E-03 6.76070247235977E-03 6.7739113721412E-03 6.78706712578304E-03 6.80017779747569E-03 6.81323537202643E-03 6.82622951300286E-03 6.83910961929679E-03 6.85182397896626E-03 6.86432972055927E-03 6.87660454125103E-03 6.88862787616459E-03 6.90039560684121E-03 6.91190010740252E-03 6.92315839591833E-03 6.93420428860743E-03 6.94509324973293E-03 6.95588404027466E-03 6.96665355204372E-03 6.97745014814401E-03 6.98832337402668E-03 6.99930645931138E-03 7.01043495737384E-03 7.02169990065735E-03 7.03307887109977E-03 7.04449855310252E-03 7.05589477967343E-03 7.06720098648156E-03 7.0783633567489E-03 7.08931355953063E-03 7.09999709816962E-03 7.11040022849845E-03 7.12053142915556E-03 7.13041396648874E-03 7.1400735091316E-03 7.14954060864321E-03 7.1588376277804E-03 7.16800180104244E-03 7.17705603485147E-03 7.1860201607628E-03 7.19490230632556E-03 7.20371805682344E-03 7.21246904429972E-03 7.22117188486588E-03 7.22983402606084E-03 7.23845984141135E-03 7.24704327366839E-03
6.50821201877926E-03 6.5275041182273E-03 6.54627524791605E-03 6.56454163142874E-03 6.58232461194126E-03 6.59964601441336E-03 6.61652921266992E-03 6.63299825054079E-03 6.64907639513509E-03 6.66478312764818E-03 6.68013740196824E-03 6.69515579524239E-03 6.7098677303241E-03 6.72431272027419E-03 6.73853029964642E-03 6.7525588830654E-03 6.76643475551988E-03 6.78019336773729E-03 0.006793858113736 6.80744967776056E-03 6.82097863900707E-03 6.83444980596935E-03 6.84784791911683E-03 6.86115642613852E-03 6.87431160014021E-03 6.88725107200692E-03 6.89992959994388E-03 6.91233260240923E-03 6.92444781804527E-03 6.93627794477317E-03 6.94782772082645E-03 6.95912306449266E-03 6.97020485305881E-03 6.98113607736051E-03 6.99197607664541E-03 7.00280086390709E-03 7.01364925254476E-03 7.02455531762768E-03 7.03553767655035E-03 7.04662188018577E-03 7.05779269771732E-03 7.06901386235594E-03 7.08022475085809E-03 7.09136816508056E-03 7.10239318621762E-03 7.11325178017873E-03 7.12389447143227E-03 7.13427244949403E-03 7.14438193584426E-03 7.1542402220248E-03 7.16387917468032E-03 7.17332276581898E-03 7.18260261120068E-03 7.19174079183438E-03 7.20077178206655E-03 7.20971762237306E-03 7.21859854243524E-03 7.22741817431289E-03 7.23618949249921E-03 7.24491229199479E-03 7.25360023703629E-03 7.26226094795791E-03 7.27089964539324E-03 7.2795077211013E-03
6.5348337437263E-03 6.55496204795458E-03 6.5745413833359E-03 6.59358292180649E-03 6.61210564330099E-03 6.63012884611423E-03 6.64767742567918E-03 6.6647767906732E-03 6.6814511626659E-03 6.69772040155688E-03 6.71360764730508E-03 6.72913369106684E-03 6.74433721435138E-03 6.75926305933455E-03 6.77395029645967E-03 6.78843458593854E-03 6.80275059720701E-03 6.81693181933129E-03 6.83100148168565E-03 6.84497905705671E-03 6.8588723145815E-03 6.87268351371564E-03 6.88639059525289E-03 6.89996832573696E-03 6.91333483359733E-03 6.92642221836792E-03 6.93919191759034E-03 6.95164213148747E-03 6.96376846301294E-03 6.97558368703369E-03 6.9871039484808E-03 6.9983643360558E-03 7.00941275973782E-03 7.02031937626093E-03 7.0311429090911E-03 7.04195573830967E-03 7.05278112190325E-03 7.06363916769485E-03 7.07453704078035E-03 7.0854932131908E-03 7.09648363827613E-03 7.10746657581258E-03 7.11839504478758E-03 7.12922265339308E-03 7.13991280872188E-03 7.15042303966396E-03 7.16071912500791E-03 7.17075994692457E-03 7.18055599898593E-03 7.19013136575648E-03 7.19952308575684E-03 7.20875016220499E-03 7.21784393122527E-03 7.2268232395468E-03 7.23571767688381E-03 7.24454588080338E-03 7.25332802915585E-03 7.26206355665142E-03 7.2707634442239E-03 7.27942504497211E-03 7.28806149689819E-03 7.29667976812719E-03 7.30528715332193E-03 7.31387337379619E-03
6.56483329039989E-03 6.58587339476991E-03 6.60632786371191E-03 6.62620386221303E-03 6.64551967973435E-03 6.66429414263821E-03 6.68255492333716E-03 6.70032839930449E-03 6.71763936233936E-03 6.73450887606473E-03 6.75096625947791E-03 6.76703815535224E-03 6.78277179991949E-03 6.79821449717205E-03 6.81340049017956E-03 6.82836146721962E-03 6.84312934688991E-03 0.006857734740413 6.8721977461298E-03 6.88653420738029E-03 6.90074838021889E-03 6.91484222131814E-03 6.92878609920319E-03 6.94254179029526E-03 6.95600807793379E-03 6.96912754189092E-03 6.98188280228923E-03 6.99428599381774E-03 7.00633784866349E-03 7.01805724254095E-03 7.02946703157369E-03 7.04061262302466E-03 7.05155109019938E-03 7.06235763445764E-03 7.07308521578594E-03 7.0837997849933E-03 7.09450415994867E-03 7.10521243052297E-03 7.11593149414696E-03 7.12667398737131E-03 7.13740901999989E-03 7.14808773923543E-03 7.15867952934095E-03 7.16914871215782E-03 7.17947331479661E-03 7.18961135916722E-03 7.19954392995282E-03 7.20923651192148E-03 7.2187194995394E-03 7.22801998132443E-03 7.23717172555692E-03 7.24618596858588E-03 7.25509531433587E-03 7.26391481808708E-03 7.27267079755713E-03 7.28137544423015E-03 7.29004505855092E-03 7.29867448293814E-03 7.30727567843154E-03 7.31584385893011E-03 7.32439451593185E-03 7.33293293665537E-03 7.34146518372295E-03 7.34998027206917E-03
6.59853143820736E-03 6.62054431222346E-03 6.64192429021715E-03 6.66267887946563E-03 6.6828265846128E-03 6.70238907507322E-03 6.72139640707719E-03 6.73987480352848E-03 6.75784962832819E-03 6.77534629662601E-03 6.79239821766802E-03 6.80904368859805E-03 6.82533548695504E-03 6.84131379302009E-03 6.85700576320246E-03 6.87244187350857E-03 6.88765031119947E-03 6.9026567668857E-03 6.91747492851052E-03 6.9321127517796E-03 6.94657036116409E-03 6.96085022206384E-03 6.97492247612274E-03 6.98871922862437E-03 7.00213836170373E-03 7.01516031821614E-03 7.02779185047599E-03 7.04004869630463E-03 7.05193394839461E-03 7.06347122143701E-03 7.07468843695931E-03 7.08564094054091E-03 7.09639182995575E-03 7.10701364110364E-03 7.11755713072457E-03 7.12806770645116E-03 7.13853563570226E-03 7.14898631692984E-03 7.15943224632133E-03 7.16987416216883E-03 7.18027257292075E-03 7.19058724778522E-03 7.20080171684644E-03 7.21088877554785E-03 7.22083299983445E-03 7.23059368922258E-03 7.24016051398944E-03 7.24951593003057E-03 7.25870743405928E-03 7.26775105517247E-03 7.27667163393396E-03 7.28547738064177E-03 7.29420256931939E-03 7.30285739364747E-03 7.31146620186086E-03 7.3200331682736E-03 7.32856905609799E-03 7.33706730763838E-03 7.34554031545045E-03 7.35398395598119E-03 7.36241643101667E-03 7.37083667691691E-03 7.37924775133499E-03 7.38764047912672E-03
