NongDo/Fusa 15.4h.grd
DSAA
463	323
2	464
2	324
0	10
[rows 252 to 279 of 323, columns 0 to 63 of 463]
0 0 0 0 0 0 0 0 0 0 0 0 0 0 0 0 0 0 0 0 0 0 0 0 0 0 0 0 0 0 0 0 0 0 0 0 0 0 0.004239365235858 4.25123338894207E-03 4.25717117006072E-03 4.26116437699909E-03 4.26510696108479E-03 4.26948627872242E-03 4.27451641774286E-03 4.28031464294303E-03 4.28699277899026E-03 4.29462216037062E-03 4.30328579118051E-03 4.3130491399228E-03 4.32397781473902E-03 0.004336133195945 4.34955764880635E-03 4.36429035717701E-03 4.38034525189249E-03 4.39774420852722E-03 4.41647268136093E-03 4.43651749237927E-03 4.45783947014808E-03 4.48041335589854E-03 4.5041729725813E-03 4.52902210439977E-03 4.55485201735019E-03 4.58154545007934E-03
0 0 0 0 0 0 0 0 0 0 0 0 0 0 0 0 0 0 0 0 0 0 0 0 0 0 0 0 0 0 0 0 0 0 0 0 0 4.22915719866541E-03 0.004239365235858 4.24427739819153E-03 4.24896197330272E-03 4.25323951350115E-03 4.25765979790932E-03 4.26255397955852E-03 4.26814004438634E-03 0.004274548479434 4.28189504055316E-03 4.29025663244025E-03 4.29971967695031E-03 4.31035662567548E-03 4.32223495090257E-03 4.33541517747714E-03 4.34993575599348E-03 4.36583043030729E-03 4.38310555159324E-03 0.004401771859211 4.42180369274147E-03 4.44317382948573E-03 4.4658281728856E-03 4.48972280139182E-03 4.51477621727395E-03 4.54087689280013E-03 4.56790203417167E-03 4.59572187579963E-03
0 0 0 0 0 0 0 0 0 0 0 0 0 0 0 0 0 0 0 0 0 0 0 0 0 0 0 0 0 0 0 0 0 0 0 0 4.22044606136337E-03 4.22915719866541E-03 4.2333814317244E-03 4.23749648322467E-03 4.2416738586702E-03 4.2460094705311E-03 4.25075601172503E-03 4.25610924492724E-03 4.26224140222372E-03 4.26927202100861E-03 4.27731240567602E-03 4.28644148999926E-03 4.29674703602398E-03 4.30830705387356E-03 4.32118908719971E-03 4.33545176279671E-03 0.004351127923814 4.36824375927946E-03 4.38679519013275E-03 4.40678214202271E-03 4.42816484287264E-03 4.45089904849563E-03 4.47491313562301E-03 4.50014478885121E-03 4.52649464800189E-03 4.55383525565886E-03 4.58203005306342E-03 4.61093772072969E-03
0 0 0 0 0 0 0 0 0 0 0 0 0 0 0 0 0 0 0 0 0 0 0 0 0 0 0 0 0 0 0 0 0 0 0 4.21558863061401E-03 4.22044606136337E-03 4.2237717465363E-03 4.22713433730878E-03 4.23073089032417E-03 4.2346992778919E-03 4.23914381372682E-03 4.24421646639687E-03 4.25003601222669E-03 4.25673722644879E-03 4.26442565786556E-03 4.27320481148349E-03 4.28315400739567E-03 4.29436044102752E-03 4.30690766410971E-03 4.32086044451501E-03 4.33627430337593E-03 4.35317422365651E-03 4.37157728043984E-03 4.39146520518804E-03 4.41282712263075E-03 4.43560596918601E-03 4.45973700603564E-03 4.4851301196585E-03 4.51170389249481E-03 4.53934206434126E-03 4.56789938706723E-03 4.59722656603789E-03 4.62717177610659E-03
0 0 0 0 0 0 0 0 0 0 0 0 0 0 0 0 0 0 0 0 0 0 0 0 0 0 0 0 0 0 0 0 0 0 0 4.21558863061401E-03 4.21590502476832E-03 4.21773354638458E-03 4.22042117204272E-03 4.22374759165167E-03 4.2277207266222E-03 4.23239217684041E-03 4.23786223820306E-03 4.24421037245075E-03 4.25154092604591E-03 4.25994974312891E-03 4.26953465987252E-03 4.28037679086002E-03 4.29256135338578E-03 4.30617445016533E-03 4.32127757170879E-03 4.33792082394352E-03 4.35611973461896E-03 4.3758801763791E-03 4.39716933831837E-03 4.4199590574499E-03 4.44417235110648E-03 4.46972431591349E-03 4.49650657750729E-03 4.52441780798166E-03 4.55332282102072E-03 4.58306046299578E-03 4.61346994684174E-03 4.64439146759166E-03
0 0 0 0 0 0 0 0 0 0 0 0 0 0 0 0 0 0 0 0 0 0 0 0 0 0 0 0 0 0 0 0 0 0 4.19937608193242E-03 4.20824758043933E-03 4.20888604857088E-03 4.2105085070293E-03 4.21304111666376E-03 4.21640071918354E-03 0.004220587553072 4.22562866180605E-03 4.23159503784697E-03 4.23855594110926E-03 4.24659758939105E-03 4.25581085514083E-03 4.26628569731094E-03 4.2781096082552E-03 4.2913641069191E-03 4.30613603765729E-03 4.32248112237148E-03 4.34044209514265E-03 4.3600223289834E-03 4.38121411053585E-03 4.40396900093553E-03 4.42823300289297E-03 4.45391098132781E-03 4.48089684748219E-03 4.50906510089099E-03 4.53829183814216E-03 4.56842728230183E-03 4.59929486483977E-03 0.004630723686965 4.66254852765466E-03
0 0 0 0 0 0 0 0 0 0 0 0 0 0 0 0 0 0 0 0 0 0 0 0 0 0 0 0 0 0 0 0 0 0 4.19937608193242E-03 4.19978912761996E-03 4.20054607780527E-03 4.20226548462775E-03 4.20496194568066E-03 4.20860288793979E-03 4.21319329915072E-03 4.21875187568846E-03 4.22533604935273E-03 4.2330159498507E-03 4.24187148875069E-03 4.25199161613104E-03 4.26346080758188E-03 4.27637103883748E-03 4.29080094894766E-03 4.30683585066691E-03 4.3245240960752E-03 4.34389784058275E-03 4.3649451890689E-03 4.38764145411849E-03 4.41191818983958E-03 4.43769577751086E-03 0.004464857786368 4.49327763661014E-03 4.52281237633653E-03 4.5533193624983E-03 4.5846345568315E-03 4.61656774892483E-03 4.64894062119897E-03 4.68158678522966E-03
0 0 0 0 0 0 0 0 0 0 0 0 0 0 0 0 0 0 0 0 0 0 0 0 0 0 0 0 0 0 0 0 0 0 4.19006030302938E-03 4.19011279627661E-03 4.19109317741169E-03 4.19313052235053E-03 4.19622021977616E-03 4.20034038505928E-03 4.20549886256162E-03 4.21171410052246E-03 4.21904392745706E-03 4.22756443356873E-03 4.23735243917883E-03 4.24849940799311E-03 4.26108217576828E-03 0.004275198430275 4.29092070945589E-03 4.30833333030834E-03 4.32747373474148E-03 4.34835963942522E-03 4.37095945182436E-03 4.39522746870957E-03 4.42107332352648E-03 4.44839109636404E-03 4.47704280427316E-03 4.50687999801058E-03 4.53774463779095E-03 4.56947798381196E-03 4.60190738753026E-03 4.63482794909108E-03 4.66805829617169E-03 4.70143646916664E-03
0 0 0 0 0 0 0 0 0 0 0 0 0 0 0 0 0 0 0 0 0 0 0 0 0 0 0 0 0 0 0 0 0 0 4.17908829335873E-03 4.1791901822827E-03 4.18058626980045E-03 4.18314452009809E-03 4.18682630509279E-03 4.19160561241109E-03 4.19749086368386E-03 4.20450633417511E-03 4.21271540271485E-03 4.22220982337869E-03 4.23306306691756E-03 4.24536966411568E-03 4.25919850455679E-03 4.27465181574612E-03 4.29179132449138E-03 4.31070332551753E-03 4.33140893480794E-03 4.35390493134842E-03 4.37813577209085E-03 4.40403291251833E-03 4.43148208429092E-03 4.46035135379861E-03 4.49048102970825E-03 4.52170224725353E-03 4.55384321460814E-03 4.58673397365229E-03 4.62019742267124E-03 4.65401361999333E-03 0.004688005796993 4.72202365897219E-03
0 0 0 0 0 0 0 0 0 0 0 0 0 0 0 0 0 0 0 0 0 0 0 0 0 0 0 0 0 0 0 0 0 4.15146685112966E-03 4.16585708740304E-03 4.16688584429501E-03 4.16906703045875E-03 4.17237541593879E-03 4.17683716288919E-03 4.18243847602353E-03 4.18920063440159E-03 4.19715809411332E-03 4.20638096459943E-03 4.21698993143305E-03 4.22904842890336E-03 4.24265982806469E-03 4.25787560905918E-03 4.27481091352776E-03 4.29349930155265E-03 4.31403901597907E-03 4.3364216029128E-03 4.36061837433693E-03 4.38654714023659E-03 4.41411516108539E-03 4.44318460977403E-03 4.47359585304422E-03 4.50517241143984E-03 4.53772521192115E-03 4.57107330287961E-03 4.60503371086022E-03 0.004639437715456 4.67404600659103E-03 4.70870116686485E-03 4.7432701744535E-03
0 0 0 0 0 0 0 0 0 0 0 0 0 0 0 0 0 0 0 0 0 0 0 0 0 0 0 0 0 0 0 0 0 4.15146685112966E-03 4.15213780232728E-03 4.1536567486655E-03 4.15667316735577E-03 4.16092513877036E-03 4.16633166987571E-03 4.17290106158617E-03 4.18068220758397E-03 4.18972875728571E-03 4.2001140889122E-03 4.21197875423008E-03 4.22538985362773E-03 4.24045222639402E-03 4.25720705331083E-03 4.27576867326794E-03 4.29615432530664E-03 4.31844510302652E-03 4.34260456118768E-03 4.36857651675771E-03 4.39625395770264E-03 4.42551562902959E-03 4.45619960602809E-03 4.48812234757158E-03 4.52109242388861E-03 4.55490861837762E-03 4.58938225528167E-03 4.62432047107638E-03 4.65954687896278E-03 4.69483933669522E-03 4.73006548243999E-03 4.76510529063157E-03
0 0 0 0 0 0 0 0 0 0 0 0 0 0 0 0 0 0 0 0 0 0 0 0 0 0 0 0 0 0 0 0 0 4.13729443691027E-03 4.13751413175005E-03 4.13982183587624E-03 4.1437866673349E-03 4.14903163603922E-03 4.15546887085206E-03 4.16310852222945E-03 4.17202435697027E-03 4.18228604761534E-03 4.19398646989737E-03 4.20726100210205E-03 4.22218295024647E-03 4.2388516903231E-03 4.25730416409661E-03 4.27763877841764E-03 4.29986861239553E-03 4.32401980743844E-03 4.35004163756982E-03 4.37784418580868E-03 4.4073014901171E-03 4.43825397520015E-03 4.47052363302206E-03 4.50390295876902E-03 4.53819127364313E-03 4.57318088193833E-03 4.60867882603912E-03 4.64448718837719E-03 4.68042130600806E-03 4.71631648521685E-03 4.75203728775573E-03 4.78747931756735E-03
0 0 0 0 0 0 0 0 0 0 0 0 0 0 0 0 0 0 0 0 0 0 0 0 0 0 0 0 0 0 0 0 4.09216939174489E-03 4.11916920653833E-03 4.12162845098664E-03 4.12542504517995E-03 4.13055195364058E-03 4.13688272881244E-03 4.14442195576902E-03 4.15322294899654E-03 4.16338335806109E-03 4.17499175521223E-03 4.18814816580799E-03 4.20298515762621E-03 4.21957268490781E-03 4.23800269111206E-03 4.25830043411802E-03 4.28054662844235E-03 4.30473340442152E-03 4.33084123553148E-03 4.35879137833925E-03 4.38846340690455E-03 4.41970610668288E-03 4.4523287176094E-03 4.48613484607947E-03 4.52090044367011E-03 4.55641898719377E-03 4.59248128315079E-03 4.6288959859315E-03 4.66546760995873E-03 4.7020250861901E-03 4.73843991281482E-03 4.77458104257552E-03 4.81035202696005E-03
0 0 0 0 0 0 0 0 0 0 0 0 0 0 0 0 0 0 0 0 0 0 0 0 0 0 0 0 0 0 0 4.08178366703508E-03 4.09216939174489E-03 4.10064042766254E-03 4.10581331911755E-03 4.11107408542748E-03 0.00411732878589 4.12473814390095E-03 4.13341639110981E-03 4.14345103212306E-03 4.15495581068845E-03 4.16802865138029E-03 4.18277345914769E-03 4.19931617231446E-03 4.21771728822656E-03 4.23805275286472E-03 4.26032989807142E-03 4.28460339483933E-03 4.3108377041316E-03 4.33897261672946E-03 4.36889543630573E-03 4.40045182743954E-03 4.43346487858598E-03 4.46771760974018E-03 4.50299726135055E-03 4.53906909632345E-03 4.57572416567722E-03 4.61275841371157E-03 4.6499898914752E-03 4.68723507569566E-03 4.72433749089602E-03 4.76118912346889E-03 4.79767109023328E-03 4.83369170670805E-03
0 0 0 0 0 0 0 0 0 0 0 0 0 0 0 0 0 0 0 0 0 0 0 0 0 0 0 0 0 0 0 4.08178366703508E-03 4.0824012824538E-03 4.08627692156288E-03 4.09116708076767E-03 4.09709954035461E-03 4.10428926440508E-03 4.11276710412868E-03 4.12263299144156E-03 4.1339859259857E-03 4.1469410537081E-03 4.16159879278717E-03 4.1780565742089E-03 4.19643700498948E-03 4.21678385698755E-03 4.23915042714072E-03 4.26351807045836E-03 4.28991270529142E-03 4.31826418510484E-03 4.34847271626587E-03 4.3803880835925E-03 4.41382159999041E-03 4.44857024072368E-03 4.48439553030507E-03 4.52107389788933E-03 4.5583619203255E-03 4.59605444933754E-03 4.63395903317782E-03 4.6719092056554E-03 4.70973656703252E-03 4.74730230652095E-03 4.78451167475331E-03 4.82125487086642E-03 4.85744346724888E-03
0 0 0 0 0 0 0 0 0 0 0 0 0 0 0 0 0 0 0 0 0 0 0 0 0 0 0 0 0 0 0 4.0686446365713E-03 4.06885821031604E-03 4.07187642912617E-03 4.07684516894527E-03 4.08342160369082E-03 4.09153896003529E-03 4.10112160621816E-03 4.11224801734242E-03 4.12501469626307E-03 4.13952970178172E-03 4.15588977339402E-03 4.1741796488603E-03 4.1945199755926E-03 4.21693094828127E-03 4.24143508898247E-03 4.26798354545011E-03 4.29656855027961E-03 4.32708425402395E-03 4.35938617615083E-03 4.39328907630607E-03 4.42856823457155E-03 4.46499904793908E-03 4.50232302337377E-03 4.54031397540286E-03 4.57872011402593E-03 4.6173485387147E-03 4.65602364707495E-03 4.69459848639748E-03 4.73292153918721E-03 4.77086874079857E-03 4.80835552598723E-03 4.84527901625204E-03 4.88155040066606E-03
0 0 0 0 0 0 0 0 0 0 0 0 0 0 0 0 0 0 0 0 0 0 0 0 0 0 0 0 0 0 4.03361048615762E-03 4.05156044077873E-03 4.05317067677995E-03 4.05681917556637E-03 4.06245134639857E-03 4.06989298457394E-03 4.07907524356216E-03 4.08989595713588E-03 4.10240486662179E-03 4.11670331682095E-03 4.13289648339222E-03 4.15108053596722E-03 0.004171323560382 4.19373271735148E-03 4.21830459086763E-03 4.24503042387788E-03 4.27382827041165E-03 4.30465124775993E-03 4.33735245625016E-03 4.37174422616802E-03 4.40760470588643E-03 4.44467825303747E-03 4.48271962725468E-03 4.52145625174291E-03 4.56065821605244E-03 4.60007911304335E-03 4.63954309001401E-03 4.67889144804543E-03 4.71799590696986E-03 4.7567245823501E-03 4.79497182848179E-03 4.83265611629621E-03 4.86967573400208E-03 4.90594218357268E-03
0 0 0 0 0 0 0 0 0 0 0 0 0 0 0 0 0 0 0 0 0 0 0 0 0 0 0 0 0 0 4.03361048615762E-03 4.03452861018527E-03 4.03689549450992E-03 4.04146539091932E-03 4.04808889375336E-03 4.05663187215754E-03 4.0670357847347E-03 4.07922646629693E-03 4.0932518042595E-03 4.10921224715991E-03 4.1272041518057E-03 4.14732950389889E-03 4.16964294046158E-03 4.1942206371328E-03 4.22103665170495E-03 4.25004847325849E-03 4.28114256388678E-03 4.31422147523631E-03 4.34910323517384E-03 4.38555288241545E-03 4.42331613856567E-03 4.46210933670239E-03 4.50167197520546E-03 4.54172234792134E-03 4.58203005500477E-03 4.62236764791831E-03 4.6625711627387E-03 4.70249945858702E-03 4.74204361415264E-03 4.78109449085004E-03 4.81956069178508E-03 4.85735711082445E-03 4.89438506867143E-03 4.93055529708392E-03
0 0 0 0 0 0 0 0 0 0 0 0 0 0 0 0 0 0 0 0 0 0 0 0 0 0 0 0 0 3.9947827910404E-03 4.01479482694923E-03 4.01652200256315E-03 4.0202028787168E-03 4.02598062093753E-03 4.03384327439659E-03 4.04369873926559E-03 4.05551264732567E-03 4.06924078058882E-03 4.0849343792687E-03 4.10269667106005E-03 4.12261645400462E-03 4.14479846005896E-03 4.16928193358381E-03 4.19611368716456E-03 4.22523876159039E-03 4.25658097707143E-03 4.28999006264611E-03 4.32532238215001E-03 4.3623542986025E-03 4.40080862782619E-03 4.44039920946889E-03 4.48082142952891E-03 4.52180376667005E-03 4.56306250572841E-03 4.60437387030533E-03 4.64552845986541E-03 4.68637692268066E-03 4.72679414623259E-03 4.76668953815648E-03 4.80597565697891E-03 4.84457400452533E-03 4.88239512509185E-03 4.91933931536827E-03 4.95531751486167E-03
0 0 0 0 0 0 0 0 0 0 0 0 0 0 0 0 0 0 0 0 0 0 0 0 0 0 0 0 0 3.9947827910404E-03 3.99579259993961E-03 3.99846917668796E-03 4.00344340641621E-03 0.004010593920178 4.01988308265323E-03 4.03123706366801E-03 4.04464259902649E-03 4.06007450963915E-03 4.0775920093018E-03 4.09729957606681E-03 4.11927585725475E-03 4.14362521012926E-03 4.17036899709669E-03 4.19952553809455E-03 4.2310090998189E-03 4.26470454593332E-03 4.30042409782083E-03 4.33797816391732E-03 4.37710629508892E-03 4.41748848915395E-03 4.45881136030701E-03 4.50075722582026E-03 4.54305049200584E-03 4.58541260637092E-03 4.62762701742906E-03 4.66950354648814E-03 4.71090559128838E-03 4.75172386574885E-03 4.79188265747873E-03 4.83131690163596E-03 4.86995890488849E-03 4.90771209034936E-03 4.94447419228797E-03 4.98015797096595E-03
0 0 0 0 0 0 0 0 0 0 0 0 0 0 0 0 0 0 0 0 0 0 0 0 0 0 0 0 3.95305174959806E-03 0.003974464692481 3.97631141354436E-03 3.9803575715967E-03 3.98677380113177E-03 3.99545511205394E-03 4.00634872406763E-03 4.01938397903009E-03 4.03456367822106E-03 4.05187412286978E-03 4.07137228542698E-03 4.09316593563168E-03 4.11731993592635E-03 4.14393752959058E-03 4.17301789600978E-03 4.20455455246328E-03 4.23842732471964E-03 4.27447865657164E-03 4.31248133436479E-03 4.35220516666515E-03 4.39335505355186E-03 4.43556831217862E-03 4.47851261326444E-03 4.5218678739906E-03 4.56536029094146E-03 4.60871958218165E-03 4.6517381003005E-03 4.6942444163707E-03 4.73611312529593E-03 4.77724657888631E-03 4.81758037421126E-03 4.85707160543131E-03 4.89566354336266E-03 4.9332469984902E-03 4.96971867798554E-03 5.00499826293165E-03
0 0 0 0 0 0 0 0 0 0 0 0 0 0 0 0 0 0 0 0 0 0 0 0 0 0 0 0 3.95305174959806E-03 3.95406904767403E-03 3.9568628990305E-03 3.9623716533151E-03 3.97040960579375E-03 3.98079102777556E-03 3.99345598797479E-03 4.00833625270417E-03 4.02545170535007E-03 4.0447941937487E-03 4.06641572799159E-03 4.09042857973509E-03 4.11687037696056E-03 4.14584994318044E-03 4.17733234107309E-03 4.21128934033128E-03 4.24756481815998E-03 4.28595244947912E-03 4.32619026925306E-03 4.36800390175376E-03 4.41107933136229E-03 4.45500511414678E-03 4.49944758926338E-03 4.54409394300078E-03 4.58867382884982E-03 4.63292952571003E-03 4.67665596392754E-03 4.71970629483055E-03 4.76195712555679E-03 4.80332226452338E-03 4.84374017161385E-03 4.88319170124257E-03 4.9216327642426E-03 4.95893192567541E-03 4.9949949594481E-03 5.02975468539108E-03
0 0 0 0 0 0 0 0 0 0 0 0 0 0 0 0 0 0 0 0 0 0 0 0 0 0 0 0 3.93237736695256E-03 3.93281184660248E-03 3.93722496363823E-03 3.94461301321435E-03 3.95454034289137E-03 3.96681322025445E-03 3.98140840542445E-03 3.99828381813599E-03 4.01747757262126E-03 4.03899203533348E-03 4.06286836921405E-03 4.08921479618623E-03 4.11804683373229E-03 4.14946459840846E-03 4.18340394322659E-03 4.21980250525045E-03 4.25846722164486E-03 4.29915043937931E-03 4.34155780005026E-03 4.38537019392696E-03 4.43024234366302E-03 4.4757510071308E-03 4.52156916448445E-03 4.56739198845254E-03 4.61295135303097E-03 4.65800273290447E-03 4.70234684514152E-03 4.74585424149743E-03 4.78840111081871E-03 4.8299087914433E-03 4.87031910618382E-03 4.90962987312241E-03 4.94779651661542E-03 4.98468153606451E-03 5.02020948868557E-03 5.05433111018097E-03
0 0 0 0 0 0 0 0 0 0 0 0 0 0 0 0 0 0 0 0 0 0 0 0 0 0 0 3.86510409727437E-03 3.90554242521023E-03 3.91038136981532E-03 3.91781604431755E-03 3.92754525899324E-03 3.93956325327075E-03 3.95385548071237E-03 3.97048756954642E-03 3.98946208348271E-03 4.01083714990731E-03 4.0346283377985E-03 4.0608674901391E-03 4.08964651959641E-03 4.12095562269533E-03 4.15487182801456E-03 4.19130516547881E-03 4.23013996263856E-03 4.27115803554392E-03 4.31406921973744E-03 4.35855752847473E-03 4.40425094284209E-03 4.4507850791983E-03 4.49775946723282E-03 4.54483790431198E-03 4.59173121421053E-03 4.63816613219666E-03 4.68392183956376E-03 4.72878995223704E-03 4.77266379769067E-03 4.81540982035726E-03 4.85696065537535E-03 4.89725123841218E-03 4.93629255632778E-03 4.97405086125708E-03 5.01039022313789E-03 5.04525621132979E-03 5.07862460116683E-03
0 0 0 0 0 0 0 0 0 0 0 0 0 0 0 0 0 0 0 0 0 0 0 0 0 0 3.84013735610952E-03 3.86510409727437E-03 3.87926088205487E-03 3.8892820290122E-03 3.89969284985824E-03 3.91172220735527E-03 3.92583576910476E-03 3.94218989131968E-03 3.9609231787891E-03 3.98207390521411E-03 4.00571290533547E-03 4.03186518592563E-03 4.0605499199962E-03 4.09183721799398E-03 4.12568706761638E-03 4.16214258299076E-03 4.2010751235947E-03 4.2423240507085E-03 4.28563790487052E-03 4.3306952575545E-03 4.37715460282824E-03 4.42461002162772E-03 4.47268904628958E-03 4.52100900326388E-03 4.5692387590016E-03 4.6170948212074E-03 4.66430577936548E-03 4.71066181389191E-03 4.75595859933506E-03 4.80009395610721E-03 4.84293037289274E-03 4.88440531916671E-03 4.92445589249057E-03 4.96309883591513E-03 5.00029974906772E-03 5.03594681926895E-03 5.07002063350967E-03 5.1025254912166E-03
0 0 0 0 0 0 0 0 0 0 0 0 0 0 0 0 0 0 0 0 0 0 0 0 0 3.82825530339316E-03 3.84013735610952E-03 3.84997869606365E-03 3.86067549971001E-03 3.87155981087427E-03 3.88367091317701E-03 3.8975859800789E-03 3.91366471277764E-03 3.93206448127144E-03 3.95292923549903E-03 3.97630697344481E-03 4.00226921617708E-03 4.03084380433894E-03 4.06203656760019E-03 4.09588476793298E-03 4.13231527987295E-03 4.17132037442451E-03 4.21273339387406E-03 4.25634853151738E-03 4.30188402588889E-03 4.34899201875491E-03 4.39731198598777E-03 4.44641929729483E-03 4.49593521948424E-03 4.54549585289986E-03 4.59477487920337E-03 4.64349310096034E-03 4.69137861414727E-03 4.73822840826062E-03 4.7838422489108E-03 4.82811144409017E-03 4.87090488742652E-03 0.004912159254613 4.95182048139013E-03 4.98990195227281E-03 5.02639183474202E-03 5.06121316038639E-03 5.09437775214869E-03 5.12592468649749E-03
0 0 0 0 0 0 0 0 0 0 0 0 0 0 0 0 0 0 0 0 0 0 0 0 0 3.82825530339316E-03 3.82915173489846E-03 3.83530138174029E-03 3.84460387578701E-03 3.8559936200918E-03 3.86946177909454E-03 3.88510895659289E-03 3.90311570120688E-03 3.92358461112598E-03 3.94663153297877E-03 3.97229443889794E-03 4.00063298716743E-03 4.03167940955156E-03 4.06542223462502E-03 4.10186076969957E-03 4.14088422919897E-03 4.18242919677131E-03 4.22628482882987E-03 4.27220353064848E-03 4.31987435490848E-03 4.36893227186926E-03 4.41900295751892E-03 4.46965136377048E-03 4.52049613811826E-03 4.57119262412549E-03 4.62141904619514E-03 4.67089194176444E-03 4.71933701144636E-03 4.76655477420002E-03 4.81235151363202E-03 4.85660928195642E-03 4.89920464087354E-03 4.94007856681168E-03 4.97919240112912E-03 5.01656245015928E-03 5.05219521386241E-03 5.08606007074508E-03 5.11821101549044E-03 5.14872025784465E-03
0 0 0 0 0 0 0 0 0 0 0 0 0 0 0 0 0 0 0 0 0 0 0 0 3.78969454699211E-03 3.81009356170331E-03 3.81292233318863E-03 3.81947922631204E-03 3.82925936426977E-03 3.84172532409136E-03 3.85672337531185E-03 3.87418590655591E-03 3.89419360006126E-03 3.91681180210741E-03 3.94211744897702E-03 3.9701371585722E-03 4.00090556422679E-03 4.03446801289478E-03 4.0707924805985E-03 4.10982896866371E-03 4.15143721335592E-03 4.19548202744763E-03 4.24172226262932E-03 4.28986156149357E-03 4.33957082891648E-03 4.39047292917644E-03 4.44218559869817E-03 4.49427233763934E-03 4.54634023516886E-03 4.59807534749822E-03 4.64914405680676E-03 4.69925519568497E-03 4.74812893729679E-03 4.79556861638791E-03 4.84139202686219E-03 4.88546358462502E-03 4.92768561067102E-03 4.96799900220569E-03 5.00639779389428E-03 5.04289607743696E-03 5.07753928697509E-03 5.11034514098112E-03 5.14140423500969E-03 5.17082086024839E-03
