NongDo/Fusa 18.5h.grd
DSAA
463	323
2	464
2	324
0	10
[rows 56 to 83 of 323, columns 256 to 319 of 463]
0 0 0 0 0 0 0 0 0 0 0 0 0 0 0 0 0 0 0 0 0 0 0 0 0 0 0 0 0 0 0 0 0 0 0 0 0 0 0 0 0 0 0 0 0 0 0 0 0 0 0 0 0 0 0 0 0 0 0 0 0 0 0 0
0 0 0 0 0 0 0 0 0 0 0 0 0 0 0 0 0 0 0 0 0 0 0 0 0 0 0 0 0 0 0 0 0 0 0 0 0 0 0 0 0 0 0 0 0 0 0 0 0 0 0 0 0 0 0 0 0 0 0 0 0 0 0 0
0 0 0 0 0 0 0 0 0 0 0 0 0 0 0 0 0 0 0 0 0 0 0 0 0 0 0 0 0 0 0 0 0 0 0 0 0 0 0 0 0 0 0 0 0 0 0 0 0 0 0 0 0 0 0 0 0 0 0 0 0 0 0 0
0 0 0 0 0 0 0 0 0 0 0 0 0 0 0 0 0 0 0 0 0 0 0 0 0 0 0 0 0 0 0 0 0 0 0 0 0 0 0 0 0 0 0 0 0 0 0 0 0 0 0 0 0 0 0 0 0 0 0 0 0 0 0 0
0 0 0 0 0 0 0 0 0 0 0 0 0 0 0 0 0 0 0 0 0 0 0 0 0 0 0 0 0 0 0 0 0 0 0 0 0 0 0 0 0 0 0 0 0 0 0 0 0 0 0 0 0 0 0 0 0 0 0 0 0 0 0 0
0 0 0 0 0 0 0 0 0 0 0 0 0 0 0 0 0 0 0 0 0 0 0 0 0 0 0 0 0 0 0 0 0 0 0 0 0 0 0 0 0 0 0 0 0 0 0 0 0 0 0 0 0 0 0 0 0 0 0 0 0 0 0 0
0 0 0 0 0 0 0 0 0 0 0 0 0 0 0 0 0 0 0 0 0 0 0 0 0 0 0 0 0 0 0 0 0 0 0 0 0 0 0 0 0 0 0 0 0 0 0 0 0 0 0 0 0 0 0 0 0 0 0 0 0 0 0 0
0 0 0 0 0 0 0 0 0 0 0 0 0 0 0 0 0 0 0 0 0 0 0 0 0 0 0 0 0 0 0 0 0 0 0 0 0 0 0 0 0 0 0 0 0 0 0 0 0 0 0 0 0 0 0 0 0 0 0 0 0 0 6.98168725347749E-03 6.99094056297696E-03
0 0 0 0 0 0 0 0 0 0 0 0 0 0 0 0 0 0 0 0 0 0 0 0 0 0 0 0 0 0 0 0 0 0 0 0 0 0 0 0 0 0 0 0 0 0 0 0 0 0 0 0 0 0 0 0 0 0 6.94507848354857E-03 6.95408619444608E-03 6.96309867817007E-03 6.97220055572079E-03 6.98168725347749E-03 6.99094056297696E-03
0 0 0 0 0 0 0 0 0 0 0 0 0 0 0 0 0 0 0 0 0 0 0 0 0 0 0 0 0 0 0 0 0 0 0 0 0 0 0 0 0 0 0 0 0 0 0 0 0 0 0 0 0 0 6.90806912881826E-03 6.91746895410947E-03 6.92669835077327E-03 6.93588215772412E-03 6.94507848354857E-03 6.95408619444608E-03 6.96309867817007E-03 6.97220055572079E-03 6.98136602439166E-03 6.99053776784037E-03
0 0 0 0 0 0 0 0 0 0 0 0 0 0 0 0 0 0 0 0 0 0 0 0 0 0 0 0 0 0 0 0 0 0 0 0 0 0 0 0 0 0 0 0 0 0 0 0 0 0 0 6.87735517753639E-03 6.88787683681545E-03 6.89816777843868E-03 6.90806912881826E-03 6.91746895410947E-03 6.92669835077327E-03 6.93588215772412E-03 6.94498973666512E-03 6.95408584879458E-03 6.9630940855854E-03 6.97210868895326E-03 6.98110989347118E-03 6.99014314208023E-03
0 0 0 0 0 0 0 0 0 0 0 0 0 0 0 0 0 0 0 0 0 0 0 0 0 0 0 0 0 0 0 0 0 0 0 0 0 0 0 0 0 0 0 0 0 6.80861975909257E-03 6.82098233641984E-03 6.83283046711128E-03 6.84427786140743E-03 6.85552064887844E-03 6.86656758229967E-03 6.87735517753639E-03 6.88787683681545E-03 6.89816777843868E-03 6.90807061538045E-03 6.9176368279851E-03 6.9269630894004E-03 6.93618644439119E-03 6.9453071647558E-03 6.95441006504772E-03 6.96342150231759E-03 6.97240295980682E-03 6.98134776922723E-03 6.99030096157976E-03
0 0 0 0 0 0 0 0 0 0 0 0 0 0 0 0 0 0 0 0 0 0 0 0 0 0 0 0 0 0 0 0 0 0 0 0 0 0 0 0 0 0 0 6.78123328433587E-03 6.79503748370569E-03 6.80861975909257E-03 6.82098233641984E-03 6.83283046711128E-03 6.84427786140743E-03 6.85552064887844E-03 6.86656758229967E-03 6.87747834039991E-03 6.88812980721342E-03 6.89851040054687E-03 6.9085406189153E-03 6.91828101314715E-03 6.92777423332032E-03 6.93712664229701E-03 6.94635628540717E-03 6.95552516596349E-03 6.9646087304243E-03 6.97364721296143E-03 6.98264134213796E-03 6.99162133920629E-03
6.28479022323332E-03 6.29701442414941E-03 6.30913800432949E-03 6.32114783387832E-03 6.33304392731629E-03 6.34491906721393E-03 6.35668093423481E-03 6.36832453318552E-03 6.37986536272269E-03 6.39143217328486E-03 6.40305525282346E-03 6.41480750242221E-03 6.42652881012441E-03 6.43813524587215E-03 6.44956039147397E-03 6.4609054204299E-03 6.47216166342236E-03 6.4834241603018E-03 6.49458328101433E-03 6.50564808511509E-03 6.5166157206512E-03 6.52762871181004E-03 6.5387063660312E-03 6.54995254285775E-03 6.56122502370474E-03 6.57246656354991E-03 6.58358671811853E-03 6.59467094272821E-03 6.60565590389058E-03 6.61661489079675E-03 6.62741177810512E-03 6.63807645833816E-03 6.64863097880003E-03 6.65934170926658E-03 6.67050933130813E-03 0 0 0 0 6.7285139313475E-03 6.74034323278656E-03 6.75356361429042E-03 6.76739876587643E-03 6.78123328433587E-03 6.79503748370569E-03 6.80842664268215E-03 6.82106434269527E-03 6.83311600914936E-03 6.84474258488255E-03 6.85613048439555E-03 6.86730363149802E-03 6.87833459101314E-03 6.88913083687677E-03 6.89968094343071E-03 6.90992479488455E-03 6.91990330821397E-03 6.92964178636429E-03 6.93922138309634E-03 6.9486616041147E-03 6.95801368741064E-03 6.96727388461227E-03 6.97647659612259E-03 6.98562982716106E-03 6.99476412282667E-03
6.28479022323332E-03 6.29701442414941E-03 6.30913800432949E-03 6.32114783387832E-03 6.33304392731629E-03 6.34491906721393E-03 6.35668093423481E-03 6.36832453318552E-03 6.37986536272269E-03 6.39143217328486E-03 6.40305525282346E-03 6.41480750242221E-03 6.42652881012441E-03 6.43813524587215E-03 6.44956039147397E-03 6.4609054204299E-03 6.47216166342236E-03 6.4834241603018E-03 6.49458328101433E-03 6.50564808511509E-03 6.5166157206512E-03 6.52762871181004E-03 6.5387063660312E-03 6.54995254285775E-03 6.56122502370474E-03 6.57246656354991E-03 6.58358671811853E-03 6.59467094272821E-03 6.60565590389058E-03 6.61661489079675E-03 6.62741177810512E-03 6.63807645833816E-03 6.64863097880003E-03 6.65934170926658E-03 6.67050933130813E-03 6.68417182440579E-03 6.6955284728237E-03 6.70685816469819E-03 6.71824332360347E-03 6.7285139313475E-03 6.74034323278656E-03 6.75356361429042E-03 6.76739876587643E-03 6.78140283346996E-03 6.79525179867058E-03 6.80874833358323E-03 6.82167512931869E-03 6.83405843764764E-03 6.84601410792369E-03 6.85769519471245E-03 6.86913267949583E-03 6.88040823360985E-03 6.89145734931302E-03 6.90228009803603E-03 6.91282874242299E-03 6.92312877988129E-03 6.93319993493897E-03 6.94310659179402E-03 6.95286535499749E-03 6.96251890658843E-03 6.97207135149237E-03 6.98155417755838E-03 6.99098496227006E-03 7.00039760642438E-03
6.28536475320078E-03 6.29799370565242E-03 6.31033203198621E-03 6.32248785171358E-03 6.33450536253101E-03 6.34647960950123E-03 6.35833435982396E-03 6.37005508495924E-03 6.38167042274264E-03 6.39329357821135E-03 6.4049647612449E-03 6.41677429445416E-03 6.42855373945691E-03 6.44018900748585E-03 6.45164986076845E-03 6.46302658271627E-03 6.47432423304553E-03 6.48562009614975E-03 6.49682587473041E-03 6.50793505264898E-03 6.51895788516003E-03 6.53001286509123E-03 6.54113242564003E-03 6.55242967553849E-03 6.56376341303323E-03 6.57504770371979E-03 6.58621942396658E-03 6.5973460837158E-03 6.60837820573296E-03 6.61936302136277E-03 6.63018139638142E-03 6.64082798149386E-03 6.65131455216157E-03 6.66183428301449E-03 6.67260491825136E-03 6.68417182440579E-03 6.6955284728237E-03 6.70685816469819E-03 6.71824332360347E-03 6.72978867551586E-03 6.74205601609473E-03 6.75526961477537E-03 6.7689939158337E-03 6.78291101197906E-03 6.79676302023333E-03 6.8104184494902E-03 6.82366843862545E-03 6.83646713172889E-03 6.8488626597235E-03 6.86096099521275E-03 6.87279253243185E-03 6.88443804598303E-03 6.89585504744796E-03 6.90705122288672E-03 6.91799296754912E-03 6.92869875587694E-03 6.93918739800127E-03 6.94951246356796E-03 6.95968761331841E-03 6.96974548363456E-03 6.97969433016024E-03 6.98956545186752E-03 6.99938302343279E-03 7.00918289976509E-03
6.28702812724141E-03 6.29994658209185E-03 6.31255210802793E-03 6.32494365784948E-03 6.33717625105224E-03 6.34933282891425E-03 6.36136165382345E-03 6.37324706077659E-03 6.38502853835348E-03 6.39679398240226E-03 6.40858276263362E-03 6.42048553762789E-03 6.4323424791512E-03 6.44403843000811E-03 6.45558151048816E-03 6.46703999559109E-03 6.47842825109979E-03 6.48980128861981E-03 6.50110253962606E-03 6.51231657189863E-03 6.52346673448143E-03 6.53463849510039E-03 6.54586883896114E-03 6.55726221122306E-03 6.56868826387215E-03 6.58005414193558E-03 6.59132837755983E-03 6.60255055779482E-03 6.61368246900469E-03 6.62474196169687E-03 6.63563944868358E-03 6.6463448314553E-03 6.65687184956264E-03 6.66734629909319E-03 6.67791712923483E-03 6.68888496847147E-03 6.69999605350346E-03 6.71122465031917E-03 6.72261912830663E-03 6.73438219047207E-03 6.74668836391607E-03 6.75971779642362E-03 6.77322836270594E-03 6.78700419716726E-03 6.80084676661059E-03 6.81465312333531E-03 6.82821604322323E-03 6.84144436895556E-03 6.85432000355502E-03 6.86690186562268E-03 6.87920709531745E-03 6.89130790281945E-03 6.90317265497641E-03 6.91481438346864E-03 6.92621349307403E-03 6.93738632707159E-03 6.94835399809597E-03 6.95916244699418E-03 6.96982305675617E-03 6.98035903971823E-03 6.99078383516096E-03 7.00112553692242E-03 7.01141323326139E-03 7.02168208009845E-03
6.28959335491656E-03 6.30283036049448E-03 6.31577005473317E-03 6.32848470942048E-03 6.34102341975423E-03 6.35344702561163E-03 6.36572986673623E-03 6.3778741817038E-03 6.38991417533323E-03 6.40191486272548E-03 6.41390880202495E-03 6.42594366241146E-03 6.43790571386699E-03 6.44972620971572E-03 6.46141778352163E-03 6.47302700509563E-03 6.48457008853253E-03 6.49608337025175E-03 6.50753598871259E-03 6.51892671576995E-03 6.5302782170496E-03 6.54165048832341E-03 6.55307680236277E-03 6.56461646467073E-03 6.57617219623446E-03 6.58768436247182E-03 6.59912929584521E-03 6.61051947512188E-03 6.62182009721616E-03 6.63302753882014E-03 6.64407404553311E-03 6.65493718536639E-03 6.66562655124465E-03 6.67622545919314E-03 6.68683997702287E-03 6.69766377431543E-03 6.7086488088753E-03 6.71981410802872E-03 6.73120824362147E-03 6.74298413728564E-03 6.75523350228503E-03 6.76808104319336E-03 6.78139472598494E-03 6.79504886707615E-03 6.80888951366232E-03 6.82281630695834E-03 6.83664145298544E-03 6.85024728495081E-03 6.86357378642614E-03 6.87663378664802E-03 6.88942828910575E-03 6.90200305651967E-03 6.91433642836388E-03 6.92644358070164E-03 6.93831602232023E-03 6.94997547173471E-03 6.9614448401444E-03 6.97276134807878E-03 6.98393430752956E-03 6.99498318930023E-03 7.00592193482475E-03 7.01677845557174E-03 7.02758257235579E-03 7.03836790817762E-03
6.29306674488393E-03 6.30670462983698E-03 6.32006166229709E-03 6.33318678899731E-03 6.34612055675384E-03 6.35890679557179E-03 6.37154403402654E-03 6.38404530901616E-03 6.39643150103877E-03 6.40874859402093E-03 6.42101871795759E-03 6.43325918983772E-03 6.4454170965466E-03 6.45745677211322E-03 6.46937896359988E-03 6.48121639382874E-03 6.49298811000174E-03 6.50472121363829E-03 6.51640979603985E-03 6.52806116136895E-03 6.53968927946754E-03 6.55133511689826E-03 6.56302316763426E-03 6.5747814750237E-03 6.58656037086034E-03 6.59831748841083E-03 6.61001917286554E-03 6.62165927656751E-03 6.63320790611753E-03 6.64464968917531E-03 6.65594014213115E-03 6.66706108727277E-03 6.67801273117882E-03 6.68885200276223E-03 6.69965637027353E-03 6.71056076449686E-03 6.72160234300312E-03 6.73283774090774E-03 6.74431834754338E-03 6.75616017535231E-03 6.76843400787067E-03 6.78123491101237E-03 6.79449639605375E-03 6.80813493029092E-03 6.82202015619492E-03 6.83606059292222E-03 6.85010040325893E-03 6.86400677769154E-03 6.87769997260608E-03 6.89115910473161E-03 6.90437275800253E-03 6.91736296800776E-03 6.93012320944207E-03 6.94266082686281E-03 6.95497940726534E-03 6.9670986694384E-03 6.97904310794976E-03 6.99084372611031E-03 7.00251505906579E-03 7.01406948916027E-03 7.02552230456167E-03 7.03689867788018E-03 7.04822838336385E-03 7.05954173398372E-03
0.006297590923167 6.31172672191815E-03 6.32559475081715E-03 6.33922816151034E-03 6.35265794495729E-03 6.36592080664789E-03 6.37902344367303E-03 6.39198054683994E-03 6.40480648444322E-03 6.41753344102752E-03 6.43017439548112E-03 6.44273962741618E-03 6.4552071646281E-03 6.46756226841289E-03 6.4798054571299E-03 6.49196267411439E-03 6.50405390140318E-03 6.51610705950201E-03 6.52812911521959E-03 6.54013101760452E-03 6.5521223218935E-03 6.56413110754287E-03 6.5761732923939E-03 6.58826518933849E-03 6.60037962781673E-03 6.61248364719353E-03 0.006624537269829 6.63652254245844E-03 6.64840980598538E-03 6.66018238147621E-03 6.67180844069235E-03 6.68327302769453E-03 6.69457167212997E-03 6.70574607493703E-03 6.71685755050007E-03 6.72801283887139E-03 6.73928079962763E-03 6.75073872278195E-03 0.006762443435446 6.7744926435116E-03 6.78694769660577E-03 6.79988802096678E-03 6.81326846439784E-03 6.82702090539374E-03 6.84102741681852E-03 6.85520723705284E-03 6.86942380637491E-03 6.88355298802632E-03 6.89750894961628E-03 6.91125507805665E-03 6.92477341821104E-03 6.93807691302852E-03 6.95116412799984E-03 6.96404352265489E-03 6.97672288004618E-03 6.98922257116053E-03 7.00156755712408E-03 7.01378685679008E-03 7.02589609539589E-03 0.007037905113061 7.04982854798296E-03 7.06168915411743E-03 7.07351478612885E-03 7.08533105771525E-03
6.30331058898257E-03 6.31805846348408E-03 6.33254621517034E-03 6.34679769290704E-03 6.36083603126883E-03 6.3746926063133E-03 6.38837398808054E-03 6.40189347971679E-03 6.41526362841633E-03 6.42850778093865E-03 6.44163353940575E-03 6.45464956589363E-03 6.46754837485601E-03 6.48032830245579E-03 6.49299698688406E-03 6.50557937762161E-03 6.51809720763896E-03 6.5305810835731E-03 6.54304365861811E-03 6.55549788630323E-03 6.56795316578416E-03 6.58042968833569E-03 6.59293707598853E-03 6.60548602215466E-03 6.61805706514321E-03 6.63061776757319E-03 6.64312524331625E-03 6.65555418712674E-03 6.66787459740998E-03 6.68007018830675E-03 0.006692115557846 6.70399823385655E-03 6.71571481375662E-03 6.72730113438551E-03 6.73881213442741E-03 6.75034306655406E-03 6.76197336069053E-03 6.77378844738011E-03 6.78584942715306E-03 6.79824614998147E-03 6.81103035649538E-03 6.82426950986436E-03 6.83791239335203E-03 6.85189132257381E-03 0.006866095686763 6.8804529627013E-03 6.89483904475239E-03 6.90913607408019E-03 6.92326199444723E-03 6.93718240743978E-03 6.95088667276332E-03 6.96438646449917E-03 6.97768674432693E-03 6.99079676903781E-03 7.00372802422506E-03 7.01650397131809E-03 7.0291543591552E-03 7.04170468811532E-03 7.05417133803018E-03 7.0665599200964E-03 7.07888492990012E-03 7.09116820697752E-03 7.10343534184865E-03 7.11570439467114E-03
6.31041728426499E-03 6.32590298749379E-03 6.34113227858297E-03 6.35612233444197E-03 6.37089089569124E-03 6.38546120372503E-03 6.39983921893551E-03 6.4140377427142E-03 6.42806818974963E-03 6.44194722226965E-03 6.45567967648348E-03 6.46927301023864E-03 6.48272775059676E-03 6.4960527367882E-03 6.50926387761578E-03 6.52238773656303E-03 6.53544918806452E-03 6.54848092422028E-03 6.56149884273393E-03 6.57451840142483E-03 6.58755021069334E-03 6.60060966267284E-03 6.61370083092831E-03 6.62683176765851E-03 6.6399804793945E-03 6.65310821255839E-03 6.66616869257663E-03 6.67913318804768E-03 6.69197093037658E-03 6.70466726466086E-03 6.71720023497266E-03 6.72956009918629E-03 6.74174924560037E-03 6.75380618552995E-03 6.76578638480959E-03 6.77778239708371E-03 6.78987578930185E-03 6.80214999005296E-03 6.81466692882411E-03 6.8275117557252E-03 6.84072889378117E-03 6.85436080877142E-03 6.86833978904182E-03 6.8825986536699E-03 6.89703401771639E-03 6.91157563212697E-03 6.92610346102034E-03 6.94051389777885E-03 6.95473407336147E-03 6.96874085348837E-03 6.98253410918701E-03 6.9961291913771E-03 7.00953860035571E-03 7.0227748640864E-03 7.0358555462436E-03 7.04881153771254E-03 7.06167605918614E-03 7.07447026922589E-03 7.08720963857079E-03 7.09989827498797E-03 7.11255215383129E-03 7.12519080626651E-03 0.007137835831052 7.15049556019367E-03
6.31913523440006E-03 6.33549186277409E-03 6.35159239654874E-03 6.36744759455319E-03 6.38307065171258E-03 6.39847718181265E-03 6.41367484505803E-03 6.42867466289174E-03 6.4434862937775E-03 6.45812136647287E-03 6.47258452882808E-03 6.48688169253036E-03 6.50102014291757E-03 6.51501641228458E-03 6.52889328396225E-03 6.54268023407583E-03 6.55640610885507E-03 6.57010559115776E-03 6.58379753375903E-03 6.59749927426253E-03 6.61122288928364E-03 6.62498150423296E-03 6.63877412331808E-03 6.65260483100193E-03 6.66643949326598E-03 6.68022940553012E-03 6.6939252915993E-03 6.70749784567943E-03 6.72091517156372E-03 6.73416503309373E-03 6.74722714702808E-03 6.7600976165641E-03 6.77279051360575E-03 6.78535323949582E-03 6.7978438533262E-03 6.8103573911964E-03 6.82296937892505E-03 6.83575652648836E-03 6.84877746657615E-03 6.86211040500898E-03 6.8757827659626E-03 6.88981509898679E-03 6.90413458295485E-03 6.91866578456166E-03 6.93331343554522E-03 6.94800906982128E-03 6.96264808279013E-03 6.97712902816556E-03 6.99139454325269E-03 7.00543199177958E-03 0.007019251426831 7.03287173519971E-03 7.04631876397164E-03 7.05960756700689E-03 7.07277061308904E-03 7.08584283563569E-03 7.0988573951839E-03 7.11182823027435E-03 7.12477483984747E-03 7.13769782817218E-03 7.15061476575159E-03 7.16354461863578E-03 7.17650324176258E-03 7.18948916916541E-03
6.32976732464172E-03 6.34713444838277E-03 6.36424333567355E-03 6.38109834899442E-03 6.39770766031797E-03 6.41408100636538E-03 6.43022603617786E-03 6.44615251197612E-03 6.46186896325611E-03 6.47738362392977E-03 6.4927013043313E-03 6.50782738835863E-03 6.52277494133006E-03 6.53756820134699E-03 6.55223567608331E-03 6.56680956997492E-03 6.58132199002336E-03 6.59580749331082E-03 6.61028684126295E-03 6.62478106294008E-03 6.63930394373517E-03 6.65386656328734E-03 6.66846337607537E-03 6.68308880423922E-03 6.69769095784501E-03 6.71221163957606E-03 6.7265981556664E-03 6.74082027413289E-03 6.75484820895427E-03 6.7686711691225E-03 6.78227199589557E-03 6.79566025442553E-03 6.80886441950072E-03 6.82194242058772E-03 6.83495850053453E-03 6.84800708949611E-03 6.86115299217201E-03 6.87446632696715E-03 6.88799827620861E-03 6.90181217675993E-03 6.9159174865831E-03 6.93031173950429E-03 6.9449171442579E-03 6.95966208704047E-03 6.97446273103703E-03 6.98925231228947E-03 7.00393633209805E-03 7.01842845992304E-03 7.03268879945775E-03 7.04671083797377E-03 7.06051216146441E-03 7.07411764628871E-03 7.08756164637066E-03 7.10086713788854E-03 7.11408104019792E-03 7.12723440115918E-03 7.14035657901603E-03 7.15345870650768E-03 7.16656314711337E-03 7.1796695656473E-03 7.19279942861341E-03 7.20596439556591E-03 7.21917480592914E-03 7.23242422068535E-03
6.34267794772774E-03 6.36120416110861E-03 6.37946627954768E-03 6.39746175294277E-03 6.41519405166081E-03 6.43266754265781E-03 6.44988967673578E-03 6.46686889699882E-03 6.48361376744741E-03 6.50012983097557E-03 6.51642391842447E-03 6.5325010711147E-03 6.54838148891838E-03 6.56409638340859E-03 6.57967775964414E-03 6.59515833218803E-03 6.61057096791325E-03 6.62595044472751E-03 6.64132082826365E-03 6.65670487531933E-03 6.67211559049755E-03 6.6875619129033E-03 6.70303061000199E-03 6.7185090983256E-03 6.73392785913127E-03 6.74921229669455E-03 6.76430196665048E-03 6.77917174718515E-03 6.79379829732995E-03 6.80817637722612E-03 6.82230138081547E-03 6.8361934807427E-03 6.84989060185068E-03 6.86346338568206E-03 6.87698055571366E-03 6.89054141508373E-03 6.90420270762546E-03 6.9180178469451E-03 6.93201943585661E-03 6.94625734298737E-03 6.96073019582964E-03 6.97541009996485E-03 6.99022689623537E-03 7.00511028178388E-03 7.01999223188975E-03 7.03480785972122E-03 7.0494843187588E-03 7.06393989530253E-03 7.0781483587644E-03 0.007092116567619 7.10587828961102E-03 7.11945907097729E-03 7.13289799392421E-03 7.14622052056709E-03 7.15947327514784E-03 7.17268803256752E-03 7.18589767764159E-03 7.19910843712323E-03 7.21234063880898E-03 7.22559235167021E-03 7.23888207405128E-03 7.25222191792963E-03 7.26562442378597E-03 7.27907957828665E-03
6.35832436349854E-03 6.37816459203168E-03 6.39772971318064E-03 6.41701040719857E-03 6.43600569430553E-03 6.45471533926174E-03 6.47314613085364E-03 6.49130602066414E-03 6.50920293603551E-03 6.52684135308634E-03 6.54423069142767E-03 6.56137841295811E-03 6.57831273797179E-03 6.59507033908808E-03 6.61168336261295E-03 6.62818275759958E-03 6.6446008557974E-03 6.66097167266687E-03 6.67732026351821E-03 6.69366961824454E-03 6.71003088710281E-03 6.72641140393506E-03 6.74278988376788E-03 6.75914344395641E-03 6.7753765404975E-03 6.79140171558798E-03 6.80716059800878E-03 6.82263973913437E-03 6.83782199245762E-03 6.85271177871971E-03 6.86731635777127E-03 6.88166748946658E-03 6.89581323211958E-03 6.90983748872146E-03 6.92381198904246E-03 6.9378380933636E-03 6.95195509288111E-03 6.96619965196316E-03 6.98058884397587E-03 6.99516260397154E-03 7.00990483436881E-03 7.02477148663815E-03 7.03970313518209E-03 7.05463712976166E-03 0.007069522137413 0.007084295495834 7.09890292016656E-03 7.11326952950017E-03 7.1273905792956E-03 7.14128499526002E-03 7.15499909818985E-03 7.16855404168063E-03 7.18199196774075E-03 7.19533704739731E-03 7.20863219761287E-03 7.22190539385355E-03 7.23519175387231E-03 7.24849217539604E-03 7.26182546741638E-03 7.27518654772888E-03 7.28859431239362E-03 7.3020599149863E-03 7.31559980051096E-03 7.32920157710591E-03
6.3772532269272E-03 6.39856822410645E-03 6.41958916781998E-03 6.44030070587376E-03 6.46069858998139E-03 6.48077937435087E-03 6.50054993355861E-03 6.52001717325258E-03 6.5391879713453E-03 6.55806652393164E-03 6.57666690308884E-03 6.59500097433139E-03 6.61310468968782E-03 6.63101748648715E-03 6.64876744567199E-03 6.66638257085785E-03 6.68389343878375E-03 6.70133223090676E-03 6.7187215446604E-03 6.73608136791605E-03 6.7534194109882E-03 6.77074329450397E-03 6.78802189838222E-03 6.8052152680099E-03 6.82219676122276E-03 6.8388830934417E-03 6.85523576192708E-03 6.87125613024824E-03 6.88693081954132E-03 6.90227049096002E-03 6.91728913692069E-03 6.93203191481649E-03 6.94656051091967E-03 6.96097035395722E-03 6.97532961993822E-03 6.9897379947319E-03 7.00420743641472E-03 7.01876568073696E-03 7.0334288572783E-03 7.04822937324069E-03 7.06313835166581E-03 7.07809365810348E-03 7.09305244110005E-03 7.10796130201025E-03 7.1227883793447E-03 7.13746694428415E-03 7.15196252850862E-03 7.16620476635481E-03 7.1802215617305E-03 7.19404062759923E-03 7.20770905355155E-03 7.22123784115956E-03 7.23467470666052E-03 7.24804072987387E-03 7.26137776535156E-03 7.27470568219535E-03 7.28805561966812E-03 7.30142090482346E-03 7.31482307938611E-03 7.32825314966649E-03 7.34173548486898E-03 7.35527928495022E-03 7.36889963838422E-03 7.38258226825648E-03
6.4000926081126E-03 6.42304311763016E-03 6.44567008204025E-03 6.46795537700457E-03 6.48989172940928E-03 0.00651147552412 6.53271290127965E-03 6.55360860515941E-03 6.57416847024959E-03 6.59439961053662E-03 6.61431897614922E-03 6.63394971895342E-03 6.65333256034072E-03 6.67250027658424E-03 6.6914744470783E-03 6.71028294646793E-03 6.72895311685454E-03 6.74751299139281E-03 6.76597848794668E-03 6.7843608353585E-03 6.80266241693103E-03 6.82089097855342E-03 6.83901260515212E-03 6.85694590354679E-03 6.87455248964314E-03 6.89178744599198E-03 6.90863825898103E-03 6.92510992207467E-03 6.94119049331369E-03 6.95689599269275E-03 6.97224641554875E-03 6.98730125535169E-03 7.00213308216024E-03 7.01683837553442E-03 7.03148608025852E-03 7.04615237379517E-03 7.06082933576409E-03 7.07555839517497E-03 7.09036407294688E-03 7.10526245811947E-03 7.12020874970952E-03 7.13514533550239E-03 7.15004604721541E-03 7.16486633555367E-03 7.17958391743703E-03 7.19412982654388E-03 7.20848033924944E-03 7.22258641272468E-03 7.23650739717083E-03 7.25026012876679E-03 7.26388266911916E-03 7.27738180779323E-03 7.29081138285019E-03 7.30418688827965E-03 7.31755063191943E-03 7.33091196065248E-03 7.34429476446151E-03 7.35768913096997E-03 7.37111827205202E-03 7.38457339971294E-03 7.39808540193111E-03 7.41165463353495E-03 7.42529131098343E-03 7.43898270883484E-03
