NongDo/Fusa 19.3h.grd
DSAA
463	323
2	464
2	324
0	10
[rows 140 to 167 of 323, columns 192 to 255 of 463]
7.44904548692417E-03 7.56450031314859E-03 7.68002035762955E-03 7.79518883832952E-03 7.90955912699661E-03 8.0225932563334E-03 8.13374949129419E-03 8.24247513471673E-03 8.34823841690433E-03 8.45050162461273E-03 8.54875216064774E-03 8.64249189352618E-03 8.73128737002644E-03 8.81478207675739E-03 8.89270290464029E-03 8.9648690228079E-03 9.03120015627923E-03 9.09172779193931E-03 9.14657619263371E-03 9.1959533876362E-03 9.24013117985665E-03 9.27942955189901E-03 9.31419289047708E-03 9.34477579514679E-03 9.37152578834469E-03 9.39476493892676E-03 9.41477812395307E-03 9.43180508440788E-03 9.44608830509305E-03 9.45788569630977E-03 9.46747008796954E-03 9.47510888634272E-03 9.48105497289926E-03 9.48554862183728E-03 9.4888128348919E-03 9.49105115389344E-03 9.49243475958119E-03 9.4931039868414E-03 9.49316928480717E-03 9.49271408538355E-03 9.49180195203593E-03 9.49048199677026E-03 9.48879486159455E-03 9.48678214782089E-03 9.48449660262283E-03 9.48200300796804E-03 9.47938328118469E-03 9.47429670395196E-03 0 0 0 0 0 0 0 0 0 0 0 0 0 0 0 0
7.55537490096457E-03 7.67094313603797E-03 7.78609060584301E-03 7.90039465976295E-03 8.01340574971992E-03 8.12458505565812E-03 8.23342334891626E-03 8.33940681676859E-03 8.44204418798611E-03 8.54083500009952E-03 8.6353068885298E-03 8.72500399774866E-03 8.80954159636458E-03 8.88861298298609E-03 8.96199325255286E-03 9.02954997707424E-03 9.09125395891732E-03 9.14719021817142E-03 9.19753263545646E-03 9.24253707721843E-03 9.28251580897011E-03 9.31781833477864E-03 9.34881013855293E-03 0.00937585892209 9.39931624623486E-03 9.41950071013803E-03 9.43668975486785E-03 9.45110951973166E-03 9.46300142675118E-03 9.47263211824901E-03 9.48027206839917E-03 9.48618031124704E-03 9.49060025549458E-03 9.49376266838827E-03 9.49587766702388E-03 9.49713353940859E-03 9.49768512830651E-03 9.49765499659645E-03 9.49713493734373E-03 9.49618884813467E-03 9.49486650737061E-03 9.49320910459082E-03 9.4912501648594E-03 9.48902859271719E-03 9.4866114850042E-03 9.48410875033954E-03 9.47938328118469E-03 0 0 0 0 0 0 0 0 0 0 0 0 0 0 0 0 0
7.66073856463786E-03 7.77602980025825E-03 7.89042499646431E-03 8.00349184419187E-03 8.11477650887347E-03 8.22376037358525E-03 8.32997869617761E-03 8.43295638116472E-03 8.5322368185761E-03 8.62735256129933E-03 8.71786788761848E-03 8.80337384946899E-03 8.88353574571548E-03 8.95809568966765E-03 9.02687782514272E-03 9.08980235116876E-03 9.14689457102722E-03 9.19829252003704E-03 9.24421986499135E-03 9.28497921253286E-03 9.32091997721167E-03 9.35241595926028E-03 9.37984744047144E-03 9.40358776504795E-03 9.42398478229584E-03 9.44134729948627E-03 9.45594089201713E-03 9.46798109707331E-03 9.47771041976672E-03 9.48539864659423E-03 9.49130740144932E-03 9.49568546144023E-03 9.49876655914755E-03 9.50077207604586E-03 9.50190036446117E-03 9.50232321136342E-03 9.50217734740876E-03 9.50156829929457E-03 9.50057108293446E-03 9.49922980195773E-03 9.49757940899667E-03 9.4956580387719E-03 9.49349723969656E-03 9.49113726234167E-03 9.48866901292887E-03 9.48410875033954E-03 0 0 0 0 0 0 0 0 0 0 0 0 0 0 0 0 0 0
7.76500248128424E-03 7.87964302721064E-03 7.99292115534261E-03 8.10439223071549E-03 8.21360743018356E-03 8.32009583784991E-03 8.42342386257296E-03 8.52315312529982E-03 8.61885494663539E-03 8.7100967368126E-03 8.79647991450432E-03 8.87765081265787E-03 8.95332172262541E-03 9.02328513938259E-03 9.08741816153707E-03 9.14569910666502E-03 9.19820988068017E-03 9.24514030137759E-03 9.28676475698436E-03 9.32342938075654E-03 9.35551545478782E-03 9.38341346072108E-03 9.40751131865886E-03 9.42818002721856E-03 9.4457561541204E-03 9.46053354977357E-03 9.47276323784581E-03 9.48265361150408E-03 9.49044475712116E-03 9.49640522440934E-03 9.50078526964534E-03 9.50382225487135E-03 9.50574086598078E-03 9.50675246170881E-03 9.50704314231945E-03 9.50676743588387E-03 9.50604382768785E-03 9.50496078055882E-03 9.50357741890206E-03 9.50192145384324E-03 9.50001390123022E-03 9.49789361624515E-03 9.49559925488957E-03 9.4931875554302E-03 9.48866901292887E-03 0 0 0 0 0 0 0 0 0 0 0 0 0 0 0 0 0 0 0
7.86808985180752E-03 7.98171691596011E-03 8.09351717068011E-03 8.20304854889749E-03 8.30988336007962E-03 8.41359512083267E-03 8.51376880010021E-03 8.61000273142963E-03 8.70189650711421E-03 8.78905980284546E-03 8.87113664058909E-03 8.94782820958227E-03 9.01889372783789E-03 9.08418256269236E-03 9.14363089424133E-03 9.19727751594359E-03 9.2452611413185E-03 9.2878237871852E-03 0.009325288795212 9.35803877999233E-03 9.38647804850457E-03 9.41100663564792E-03 9.43201189850405E-03 9.44985384066889E-03 9.46485141032443E-03 9.47727992947135E-03 9.48737518491376E-03 9.4953412881961E-03 9.50141364096566E-03 9.50585271249559E-03 9.50889511697405E-03 9.51076930707704E-03 9.51169206320713E-03 9.51186272163714E-03 0.009511452257188 9.51059890259658E-03 9.50940389640866E-03 9.50793683783065E-03 9.50623926466227E-03 9.50432795191993E-03 9.50221729128821E-03 9.4999524308059E-03 9.49759508447645E-03 9.4931875554302E-03 0 0 0 0 0 0 0 0 0 0 0 0 0 0 0 0 0 0 0 0
7.96994247524501E-03 8.08220247515837E-03 8.19217972613591E-03 8.29944537890173E-03 8.40359112986538E-03 8.50422492994312E-03 8.60096416980551E-03 8.69344098046039E-03 8.78129003198709E-03 8.86416654252956E-03 8.9417624808634E-03 9.01383084859339E-03 9.0801886373865E-03 9.14074654428866E-03 9.19550457521241E-03 9.24456108702545E-03 9.28811104346392E-03 9.32644641488175E-03 9.35993268982471E-03 9.38898013671404E-03 9.41400611787045E-03 9.43541222882307E-03 9.45357534846333E-03 9.46883733145729E-03 9.48149611293136E-03 9.49180610976609E-03 9.4999871669293E-03 9.50624164986351E-03 9.5107986985867E-03 9.51390457104375E-03 9.51578594697464E-03 9.5166637236112E-03 9.51674569774509E-03 9.51621763862272E-03 9.5152349157321E-03 9.51391879744298E-03 9.51235141804998E-03 9.51058201822105E-03 9.50863689955793E-03 9.50652572449045E-03 9.50426669633127E-03 9.50192403696985E-03 9.49759508447645E-03 0 0 0 0 0 0 0 0 0 0 0 0 0 0 0 0 0 0 0 0 0
8.07034565758036E-03 8.18087875031556E-03 8.28868519166955E-03 8.39335359544721E-03 8.49449429067511E-03 8.59175060586688E-03 8.68477940580739E-03 8.77324880267626E-03 8.85683378194319E-03 8.93523701616244E-03 9.00820186107431E-03 9.07553670196783E-03 9.13712375212149E-03 9.1929387874893E-03 9.24304776079058E-03 9.28760533425562E-03 9.32685959660899E-03 9.36114824217187E-03 9.39087032681198E-03 9.41645397589651E-03 9.43831963499543E-03 9.45686037599483E-03 9.47243422541752E-03 9.48536151631978E-03 9.4959169872157E-03 9.50433356992692E-03 9.51081635915644E-03 9.51556281053467E-03 9.51879098149523E-03 9.5207358707542E-03 9.52161940373225E-03 9.52165350109486E-03 9.52103420046591E-03 9.51993397234596E-03 9.51849482080345E-03 9.5168209134393E-03 9.51497127046593E-03 0.009512970354833 9.51083454098259E-03 9.50857570874946E-03 9.50623995089906E-03 9.50192403696985E-03 0 0 0 0 0 0 0 0 0 0 0 0 0 0 0 0 0 0 0 0 0 0
8.16899946683059E-03 8.27743372206025E-03 8.38271026899834E-03 8.48443928064272E-03 8.58225741208424E-03 8.67584848475477E-03 8.76490910839995E-03 8.8491452837786E-03 8.92827553236875E-03 9.00205408646478E-03 9.07028129147636E-03 9.13282494959813E-03 9.18963377115446E-03 9.2407508904964E-03 9.28630699630587E-03 9.32650819341693E-03 9.36165066274957E-03 9.39211170238657E-03 9.41831324288208E-03 9.44069085736717E-03 9.45965865198748E-03 9.47559249774823E-03 9.4888276577554E-03 9.49966040222114E-03 9.50833936501539E-03 9.51507585181717E-03 9.52006100561209E-03 9.52348694723338E-03 9.52556353086063E-03 9.52651448503318E-03 9.52655458787242E-03 9.52588645340016E-03 9.52469392778722E-03 9.52313658631838E-03 9.52134632757836E-03 9.51941397921991E-03 9.51736776559815E-03 9.51519199505135E-03 9.51291379500278E-03 9.5105641700849E-03 9.50623995089906E-03 0 0 0 0 0 0 0 0 0 0 0 0 0 0 0 0 0 0 0 0 0 0 0
8.26555784634405E-03 8.37151812946762E-03 8.47390721069148E-03 8.57236346726622E-03 8.66655760146084E-03 8.75621664018514E-03 8.84107726586834E-03 8.92088635823602E-03 8.99541035791675E-03 9.06445846383798E-03 9.12789191685914E-03 9.18564005924113E-03 9.23771900565767E-03 9.28423773035289E-03 9.32538763654763E-03 9.36142185843763E-03 9.39267819368373E-03 9.41956309580654E-03 9.44250992397654E-03 9.46195170790951E-03 9.47828784402092E-03 9.49187206120056E-03 9.50301409677187E-03 9.51198309599436E-03 9.5190001283569E-03 9.52425625231802E-03 9.52793050570063E-03 9.53020999486586E-03 9.53129794243272E-03 9.53140795721597E-03 9.53074567586564E-03 9.52950288709596E-03 9.5278511088472E-03 9.52593892422838E-03 9.5238957583724E-03 9.52181070285894E-03 9.51966855138698E-03 9.51733985214002E-03 9.51495358597088E-03 9.5105641700849E-03 0 0 0 0 0 0 0 0 0 0 0 0 0 0 0 0 0 0 0 0 0 0 0 0
8.35965186358446E-03 8.46276762447317E-03 8.56192306039893E-03 8.65679172546779E-03 8.74708389964731E-03 8.83257167966591E-03 8.91303467068208E-03 8.9882638717096E-03 9.05807706014928E-03 9.12234129588873E-03 9.18098026493048E-03 9.23398547031225E-03 9.28143978105534E-03 9.32351413444309E-03 9.3604540202293E-03 9.39255302724783E-03 9.42018045139474E-03 9.44376153767676E-03 9.46373150620535E-03 9.48051195002939E-03 9.49448117983107E-03 9.50596699364596E-03 9.51525036853378E-03 9.52257162012999E-03 9.52812593419511E-03 9.53208616148134E-03 9.53462141723429E-03 9.53591434925111E-03 9.53616296408966E-03 9.53557134174722E-03 9.5343340867982E-03 9.53262917170328E-03 9.53061365910102E-03 9.52843113448067E-03 9.52623206432175E-03 9.52414317616369E-03 9.52211500902173E-03 9.51953506376939E-03 9.51495358597088E-03 0 0 0 0 0 0 0 0 0 0 0 0 0 0 0 0 0 0 0 0 0 0 0 0 0
8.45090395977027E-03 0.008550821421723 8.64642068659854E-03 8.73741689370533E-03 0.008823564747419 8.90468166836725E-03 8.98059253019961E-03 9.0511367671487E-03 9.11618715886654E-03 9.17566859730088E-03 9.22956706361288E-03 9.27793691388788E-03 9.32092446791038E-03 9.35875479866744E-03 9.3917189548436E-03 9.42014416196984E-03 9.44442114802216E-03 9.46498269751228E-03 9.48225710643875E-03 9.49664774021032E-03 9.50850692282777E-03 9.51813394882121E-03 9.52577924781825E-03 9.53165394659564E-03 9.53592971403526E-03 9.53876435079445E-03 9.54031931891503E-03 9.54077270482324E-03 9.54031738648272E-03 9.5391495222468E-03 9.53745137942394E-03 9.53538108636823E-03 9.53307261693895E-03 9.53066726128593E-03 9.52838662777018E-03 9.52651997103657E-03 9.52533206529682E-03 9.51953506376939E-03 0 0 0 0 0 0 0 0 0 0 0 0 0 0 0 0 0 0 0 0 0 0 0 0 0 0
8.53894648358707E-03 8.63533911073414E-03 8.7270925892682E-03 8.81396920301178E-03 8.89577223797644E-03 8.97236422169473E-03 9.04361815348468E-03 9.10942575502636E-03 9.16971622568411E-03 9.22447197086361E-03 9.27374001960586E-03 9.31763577900377E-03 9.35636050042182E-03 9.39018507243439E-03 9.41943709203703E-03 9.44446948043057E-03 9.46568347743106E-03 9.48351030219742E-03 9.49836538262293E-03 9.51062775684687E-03 9.52061995742539E-03 9.52861148033183E-03 9.53482240847387E-03 9.53943549336903E-03 9.54260233686276E-03 9.54446832023782E-03 9.5451883947244E-03 9.54493619314176E-03 9.54390118792401E-03 9.54227333503041E-03 9.5402208397878E-03 9.53787249568419E-03 9.53531240107224E-03 9.53264538561613E-03 9.53023418837139E-03 9.52864744626684E-03 9.52845688642578E-03 0 0 0 0 0 0 0 0 0 0 0 0 0 0 0 0 0 0 0 0 0 0 0 0 0 0 0
8.62344682909916E-03 8.71602702995628E-03 8.80368942525952E-03 8.88624637387187E-03 8.96355225994875E-03 9.03551714152508E-03 9.10206442556733E-03 9.16313832223633E-03 9.21872514046617E-03 9.26886499672624E-03 9.31366311694489E-03 9.35328810755875E-03 9.38798725779744E-03 9.41807008828664E-03 9.44389220630655E-03 9.46582065285515E-03 9.48425800180235E-03 9.49962904111122E-03 9.51233019817821E-03 9.52271123904882E-03 9.53106283491455E-03 9.53762406788673E-03 9.54258580402572E-03 9.5461061877122E-03 9.54832027748637E-03 9.54936246854537E-03 9.54938105765374E-03 9.5485450391275E-03 9.54704281113019E-03 9.54506348362062E-03 9.5427652056733E-03 9.54023984918938E-03 9.53745776685791E-03 9.53429299439768E-03 9.53143283587637E-03 9.52981474521823E-03 9.52845688642578E-03 0 0 0 0 0 0 0 0 0 0 0 0 0 0 0 0 0 0 0 0 0 0 0 0 0 0 0
8.70411867008137E-03 8.79264429336982E-03 8.87601802968717E-03 8.95410630361012E-03 9.02681722092293E-03 9.09410916881622E-03 9.15595457207178E-03 9.2123509942278E-03 0.009263342655043 9.3090251780533E-03 9.34955509951051E-03 9.38514500665633E-03 9.41608041999636E-03 9.44270100710135E-03 9.46538108734389E-03 9.48449161955949E-03 9.50043184520455E-03 9.51361533820591E-03 9.52441180035399E-03 9.53313850783928E-03 9.54005459743773E-03 9.54537044214491E-03 9.54925139829088E-03 9.55183454084972E-03 9.55324011539636E-03 9.55359275775141E-03 9.55303373273433E-03 9.55172553410081E-03 9.54985823317915E-03 9.54763208764946E-03 9.54521582763934E-03 9.54269921532237E-03 9.53989000577833E-03 9.53549422755558E-03 9.53143283587637E-03 9.52981474521823E-03 0 0 0 0 0 0 0 0 0 0 0 0 0 0 0 0 0 0 0 0 0 0 0 0 0 0 0 0
8.78074448478422E-03 8.86502199125388E-03 8.94396076966846E-03 9.01748457096187E-03 9.08555648226865E-03 9.14818032076723E-03 9.20537818520603E-03 9.25720259978741E-03 9.30375443558082E-03 9.34517825853052E-03 9.38167414828864E-03 9.41349044980074E-03 9.44094151436113E-03 9.46438713924135E-03 9.48421044176829E-03 9.50078257397389E-03 9.51449473084626E-03 9.5257410998682E-03 9.53485959468682E-03 9.54213557733343E-03 9.54779910472364E-03 9.55203533944473E-03 9.55498780868622E-03 9.55677520023208E-03 9.55750455836621E-03 9.55729180707486E-03 9.55627019335965E-03 9.5545912706956E-03 9.55244656749351E-03 9.55006443028667E-03 9.54767011138014E-03 9.54552976181226E-03 9.54401174685995E-03 9.53549422755558E-03 0 0 0 0 0 0 0 0 0 0 0 0 0 0 0 0 0 0 0 0 0 0 0 0 0 0 0 0 0 0
8.85316405055479E-03 0.008933050915506 9.00746147548759E-03 9.07637795998357E-03 9.1398184239469E-03 9.19782792021769E-03 9.25048178100242E-03 9.29788639849024E-03 9.34019404691938E-03 9.37758962841353E-03 9.41030978442837E-03 9.43863022329163E-03 9.46288362076123E-03 9.48344117115177E-03 9.50068574861351E-03 9.51498631354324E-03 9.52671868394209E-03 9.53625242782046E-03 9.54389467761091E-03 9.54990082549498E-03 9.55447522508235E-03 9.55778099742764E-03 9.55994246244583E-03 9.56106232126963E-03 9.56123681894372E-03 9.56057299933754E-03 9.55919274364447E-03 9.55723075897581E-03 9.55487533960065E-03 9.55238555350504E-03 9.55003468359385E-03 9.54827222373949E-03 9.54803346612419E-03 0 0 0 0 0 0 0 0 0 0 0 0 0 0 0 0 0 0 0 0 0 0 0 0 0 0 0 0 0 0 0
8.92127743663997E-03 8.99668530815418E-03 9.06653080572452E-03 9.13085041695122E-03 9.18971436380043E-03 9.24321291722271E-03 9.2914742098315E-03 9.33465153364589E-03 9.37294035053104E-03 9.40655937057067E-03 9.43577388422044E-03 9.46087879964382E-03 9.4822166257114E-03 9.50016096827028E-03 9.51508835008116E-03 9.52736252455151E-03 9.53733981209318E-03 9.54536177254112E-03 9.55170649901865E-03 9.55660376690762E-03 9.56023587911814E-03 9.5627458622711E-03 9.5642407261616E-03 9.56481032865221E-03 9.56454197274549E-03 9.56353284329702E-03 9.56188948708706E-03 9.55972216061057E-03 9.55720220756053E-03 9.5545986079955E-03 9.55213441302968E-03 9.54998730061037E-03 9.54803346612419E-03 0 0 0 0 0 0 0 0 0 0 0 0 0 0 0 0 0 0 0 0 0 0 0 0 0 0 0 0 0 0 0
8.98504594089943E-03 9.05593954542522E-03 9.12123408535188E-03 9.18101751299012E-03 9.2354119421744E-03 9.28455364488565E-03 9.32861330996865E-03 9.36778546629202E-03 9.40230137715633E-03 9.43240717501802E-03 9.45838699688804E-03 9.48054836458396E-03 9.49923687202961E-03 0.009514821664232 9.52766940983454E-03 9.53813617172527E-03 9.54655789431125E-03 9.55324524326919E-03 9.5584512157956E-03 9.56238319266377E-03 9.56520364849027E-03 9.56703740475145E-03 9.56797757748865E-03 9.56810366644738E-03 9.56749455016396E-03 9.56623576110453E-03 9.56441367310686E-03 9.56211126206748E-03 9.55948283925673E-03 9.55679529178716E-03 9.55424099824893E-03 9.54998730061037E-03 0 0 0 0 0 0 0 0 0 0 0 0 0 0 0 0 0 0 0 0 0 0 0 0 0 0 0 0 0 0 0 0
9.0445301762946E-03 9.11092405233961E-03 0.009171726844887 9.22707839440078E-03 9.27714983543213E-03 9.32211621964501E-03 9.36218400931609E-03 9.39758414779071E-03 9.42857733215355E-03 9.45542944392726E-03 9.4784362329105E-03 9.49791247837518E-03 9.51420127155961E-03 9.52766309997542E-03 9.53865163566603E-03 9.54751071255173E-03 9.55455405199034E-03 9.56006489905435E-03 9.56427482129691E-03 9.56737027370395E-03 9.56949524604065E-03 9.5707589993284E-03 9.57124385666218E-03 9.57102110434161E-03 9.57016256149236E-03 9.56874083310145E-03 9.56681182043354E-03 9.5644194926194E-03 9.56174094646492E-03 9.55905390197316E-03 9.55424099824893E-03 0 0 0 0 0 0 0 0 0 0 0 0 0 0 0 0 0 0 0 0 0 0 0 0 0 0 0 0 0 0 0 0 0
9.09984727923745E-03 9.16180059703402E-03 9.21821280598974E-03 9.26927357975644E-03 9.31519496815301E-03 9.35618322149824E-03 9.39247863760853E-03 9.42434344803231E-03 9.45206132443279E-03 9.4759099117882E-03 9.4961920436953E-03 9.51322504604929E-03 9.52734474963613E-03 9.53889968320825E-03 9.54822776674905E-03 9.55565825644391E-03 9.56148405476141E-03 9.56596328652772E-03 9.5693067231632E-03 9.57168191306878E-03 9.57321675360154E-03 9.57400722692973E-03 9.57412629593725E-03 9.5736396844103E-03 9.5726168111777E-03 9.57112511870112E-03 9.56918262179717E-03 9.56671508472629E-03 9.5640313961803E-03 9.55905390197316E-03 0 0 0 0 0 0 0 0 0 0 0 0 0 0 0 0 0 0 0 0 0 0 0 0 0 0 0 0 0 0 0 0 0 0
9.15115808985685E-03 9.20876481479018E-03 9.26091884762756E-03 9.30785222214594E-03 9.34981057521338E-03 9.38702944496366E-03 9.41977942354279E-03 9.44834704508612E-03 9.47303134679726E-03 9.49411737435966E-03 9.51191068756459E-03 9.5267262631891E-03 9.53888910082801E-03 9.54873349125174E-03 9.55658059861694E-03 9.56274342846273E-03 9.56749459939933E-03 9.5710701776031E-03 9.57366184943496E-03 9.57542030680159E-03 9.57645964745764E-03 9.57686406108722E-03 9.57669773941609E-03 9.57602356603241E-03 9.57491802126398E-03 9.57347419811927E-03 9.57170763291465E-03 9.56905507233541E-03 9.5640313961803E-03 0 0 0 0 0 0 0 0 0 0 0 0 0 0 0 0 0 0 0 0 0 0 0 0 0 0 0 0 0 0 0 0 0 0 0
9.19865278749669E-03 9.25203365326849E-03 9.30008205236626E-03 9.34306547268321E-03 9.38125964792213E-03 9.41492711607618E-03 9.44436170877033E-03 9.46986795618582E-03 9.49175350203704E-03 9.51030698943271E-03 9.52583147416429E-03 9.5386362802819E-03 9.54903380452426E-03 9.55734292254851E-03 9.5638685621024E-03 9.56890647392148E-03 9.57271028003743E-03 9.57549580692043E-03 9.57743737517043E-03 9.57867073813753E-03 9.5792979749264E-03 9.57939356692917E-03 9.57901473154153E-03 9.5782216938373E-03 9.57710440292689E-03 9.57585606091584E-03 9.57490227379128E-03 9.56905507233541E-03 0 0 0 0 0 0 0 0 0 0 0 0 0 0 0 0 0 0 0 0 0 0 0 0 0 0 0 0 0 0 0 0 0 0 0 0
9.24255247937477E-03 9.29184710210594E-03 9.33595558249398E-03 9.37517528540314E-03 9.40980806020887E-03 9.44014118523429E-03 9.46648582676485E-03 9.48915723797125E-03 9.5084656904104E-03 9.52470109899639E-03 9.53816042545039E-03 9.54914350433077E-03 9.55794927047239E-03 9.56488164813423E-03 9.5702297684737E-03 9.57427119733321E-03 9.57724109493099E-03 9.57933728855677E-03 9.58071848923784E-03 9.58150724685291E-03 9.58179558646043E-03 9.58165098612698E-03 9.58112629297291E-03 9.58027432584907E-03 9.57916391845941E-03 9.57800829535982E-03 9.57783430419765E-03 0 0 0 0 0 0 0 0 0 0 0 0 0 0 0 0 0 0 0 0 0 0 0 0 0 0 0 0 0 0 0 0 0 0 0 0 0
9.28308642556592E-03 9.32844641022494E-03 9.36878850164659E-03 9.40443498805702E-03 9.43570954220972E-03 9.46292125858452E-03 9.48639228217178E-03 9.50644305840066E-03 9.52338194404462E-03 9.53749754634577E-03 9.54907732918777E-03 9.55840957137348E-03 9.56578104294417E-03 9.57148036984036E-03 9.57578085280532E-03 9.57894117694159E-03 9.58117933444631E-03 9.58267661163053E-03 9.5835772076704E-03 9.58399210496674E-03 9.58400533551302E-03 9.58368133845468E-03 9.58307588519146E-03 9.58223969088936E-03 9.58115363034559E-03 9.57940833757751E-03 9.57783430419765E-03 0 0 0 0 0 0 0 0 0 0 0 0 0 0 0 0 0 0 0 0 0 0 0 0 0 0 0 0 0 0 0 0 0 0 0 0 0
9.32047815278697E-03 9.3620596523191E-03 9.39880913203037E-03 9.43107094043977E-03 9.45918712665329E-03 9.48348276693489E-03 9.50428576392439E-03 9.52191823244847E-03 9.53668311632434E-03 9.54886283562964E-03 9.55873335615288E-03 9.56657254160874E-03 9.57265490822606E-03 9.57725313518579E-03 9.58062408281786E-03 9.58300805614268E-03 9.58460680949891E-03 9.58558612367596E-03 9.58607700906266E-03 9.58618034662431E-03 9.58597374156688E-03 9.58552302560785E-03 9.58490236988178E-03 9.58422025525652E-03 9.58363643643587E-03 9.57940833757751E-03 0 0 0 0 0 0 0 0 0 0 0 0 0 0 0 0 0 0 0 0 0 0 0 0 0 0 0 0 0 0 0 0 0 0 0 0 0 0
9.35493539795078E-03 9.39289702008404E-03 9.42622841076761E-03 9.45529182615091E-03 9.48044339499133E-03 9.50201905036895E-03 9.52034862232096E-03 9.53575223703966E-03 9.54852408861376E-03 9.55893718504148E-03 9.56725688503256E-03 9.57375081198656E-03 9.57867924422557E-03 9.58229837662961E-03 9.58484849518322E-03 9.58655215962901E-03 9.58759508626376E-03 9.58812874397346E-03 9.58827276127229E-03 9.58811989986816E-03 9.58774326582279E-03 9.58721108293558E-03 9.58661717537703E-03 9.58613052308648E-03 9.58598883710464E-03 0 0 0 0 0 0 0 0 0 0 0 0 0 0 0 0 0 0 0 0 0 0 0 0 0 0 0 0 0 0 0 0 0 0 0 0 0 0 0
9.38663562533348E-03 9.42113633542857E-03 9.45122206226432E-03 9.47726989720931E-03 9.49964606158333E-03 9.51869255545239E-03 9.5347368718748E-03 9.54809212278308E-03 9.55904133559571E-03 9.56784791743774E-03 9.57476677526998E-03 9.58005328219531E-03 9.58395231211261E-03 9.58670399431087E-03 9.58853251336169E-03 9.5896427648942E-03 9.59020468168519E-03 9.59035704234158E-03 9.59020998251702E-03 9.58985036062635E-03 9.58934960354089E-03 9.58877831324235E-03 9.58823678971891E-03 9.58787117679385E-03 9.58598883710464E-03 0 0 0 0 0 0 0 0 0 0 0 0 0 0 0 0 0 0 0 0 0 0 0 0 0 0 0 0 0 0 0 0 0 0 0 0 0 0 0
9.41573769278147E-03 9.44693757462516E-03 9.47395036432379E-03 9.49716416616307E-03 9.51695016828794E-03 9.53365204113835E-03 9.54759075919749E-03 0.009559068698462 9.56835736099056E-03 9.57570966145772E-03 9.58136846753776E-03 9.58557507404514E-03 9.58855965697279E-03 9.59054611124884E-03 9.59174273915186E-03 9.59233707179558E-03 9.59248464110706E-03 9.59231300432536E-03 9.59192426746091E-03 9.59140116241887E-03 9.59081574362448E-03 9.59024628176289E-03 9.58981638797265E-03 9.58970036161742E-03 0 0 0 0 0 0 0 0 0 0 0 0 0 0 0 0 0 0 0 0 0 0 0 0 0 0 0 0 0 0 0 0 0 0 0 0 0 0 0 0
