NongDo/Fusa 15.6h.grd
DSAA
463	323
2	464
2	324
0	10
[rows 252 to 279 of 323, columns 0 to 63 of 463]
0 0 0 0 0 0 0 0 0 0 0 0 0 0 0 0 0 0 0 0 0 0 0 0 0 0 0 0 0 0 0 0 0 0 0 0 0 0 4.19387881292037E-03 4.20591311505864E-03 4.21197937215956E-03 4.21616350994443E-03 4.22037208632943E-03 4.22509569891618E-03 4.23055142394605E-03 4.2368581778539E-03 4.24413208125491E-03 4.25244753300154E-03 4.26189308339203E-03 4.27253911084922E-03 4.28445648348457E-03 4.29771112533881E-03 4.31234768432053E-03 4.32840649361623E-03 4.34589945644852E-03 4.36484616129927E-03 4.38522577350723E-03 4.40701809601778E-03 4.43017404377438E-03 4.45465945460109E-03 4.4803960646882E-03 4.50727292744591E-03 4.53516510934624E-03 4.56393811145306E-03
0 0 0 0 0 0 0 0 0 0 0 0 0 0 0 0 0 0 0 0 0 0 0 0 0 0 0 0 0 0 0 0 0 0 0 0 0 4.18352325206002E-03 4.19387881292037E-03 4.19891066405729E-03 4.20378130344549E-03 4.20831695453964E-03 4.21307100924019E-03 4.21837596875178E-03 4.22445354451354E-03 4.23143740756509E-03 4.23944878954282E-03 4.24856885194922E-03 4.25889018878005E-03 4.27049101191225E-03 4.28344418978037E-03 4.29781472133636E-03 4.31364281416178E-03 4.33096258860504E-03 4.3497772543597E-03 4.37009381566788E-03 4.39187884651998E-03 4.41509627077525E-03 4.43968016673767E-03 4.46557551273458E-03 4.49268697161492E-03 4.52088653881328E-03 4.55003369744843E-03 4.57998020927113E-03
0 0 0 0 0 0 0 0 0 0 0 0 0 0 0 0 0 0 0 0 0 0 0 0 0 0 0 0 0 0 0 0 0 0 0 0 4.17469584280234E-03 4.18352325206002E-03 4.18785962581335E-03 4.19215022904906E-03 4.19657352736057E-03 4.20122932435232E-03 4.20637328041195E-03 4.21220219157824E-03 4.2188925177529E-03 4.22656794348693E-03 4.23534599621478E-03 4.24531055024634E-03 4.25655597388034E-03 4.26916651079144E-03 4.28321512173201E-03 0.004298764536337 4.31584859837605E-03 4.33449279088473E-03 4.35468846834305E-03 4.37643032381823E-03 0.004399669042326 4.42434944845612E-03 4.45038601289574E-03 4.47770327696544E-03 4.5061860949851E-03 4.53568892848724E-03 4.56605617752761E-03 4.59712707544595E-03
0 0 0 0 0 0 0 0 0 0 0 0 0 0 0 0 0 0 0 0 0 0 0 0 0 0 0 0 0 0 0 0 0 0 0 4.16982956483043E-03 4.17469584280234E-03 4.17811324244893E-03 4.18163329848944E-03 4.18545896576818E-03 4.18973170698246E-03 4.19455737626907E-03 4.20009085307516E-03 4.20645211484212E-03 4.21378079606611E-03 4.22218750291208E-03 4.23178230098482E-03 4.24264991542568E-03 4.25488406510091E-03 4.26857498591963E-03 4.28379238791424E-03 4.30059532655434E-03 4.31900867561232E-03 4.33904754007576E-03 4.36068725183088E-03 4.38391011423157E-03 4.40864743253853E-03 4.43482117379356E-03 4.46232526927074E-03 4.4910631782604E-03 4.52090126728486E-03 4.55167460993869E-03 4.58321382598414E-03 4.61534697754629E-03
0 0 0 0 0 0 0 0 0 0 0 0 0 0 0 0 0 0 0 0 0 0 0 0 0 0 0 0 0 0 0 0 0 0 0 4.16982956483043E-03 4.17015451613257E-03 4.17209550092022E-03 4.17498375734409E-03 4.17859239551988E-03 4.18292839597484E-03 4.18804298500111E-03 4.19403908992933E-03 4.20099810423024E-03 4.2090300006894E-03 4.21823617828252E-03 4.22872098873203E-03 4.2405712096612E-03 4.25387854185601E-03 4.26873562120901E-03 4.28520814603115E-03 4.30334877846647E-03 4.32317156908215E-03 4.34467883794588E-03 4.36782958241623E-03 4.39258658781386E-03 4.41885873617872E-03 4.44654563579071E-03 4.47552115699918E-03 4.50566702348671E-03 4.5368290088089E-03 4.56882515134904E-03 4.60147391074624E-03 4.63459513689806E-03
0 0 0 0 0 0 0 0 0 0 0 0 0 0 0 0 0 0 0 0 0 0 0 0 0 0 0 0 0 0 0 0 0 0 4.15352924519583E-03 4.16242344408644E-03 4.16313004217645E-03 4.16491315227129E-03 4.16769764396803E-03 4.17139565978474E-03 4.17600596265533E-03 4.18155486956818E-03 4.18811603919458E-03 4.19576223246599E-03 4.20458524947572E-03 4.21468200243836E-03 4.2261484601626E-03 4.23907821364873E-03 4.25355849964401E-03 4.26968231253603E-03 4.28750853086433E-03 4.30708116080042E-03 4.32840031427538E-03 4.35145280417633E-03 4.37617993588886E-03 4.40251574155602E-03 4.43034883794862E-03 4.4595554417229E-03 4.48999070849895E-03 4.52151198725486E-03 4.55394956185764E-03 4.5871052010556E-03 4.62078691086262E-03 4.6548093292027E-03
0 0 0 0 0 0 0 0 0 0 0 0 0 0 0 0 0 0 0 0 0 0 0 0 0 0 0 0 0 0 0 0 0 0 4.15352924519583E-03 4.15394796572613E-03 4.15481020015168E-03 4.15673792844626E-03 4.15974031509853E-03 4.16377868579298E-03 4.1688562391279E-03 4.17499113051361E-03 4.18224411399216E-03 4.19068993792075E-03 4.20041413846804E-03 4.21151177818057E-03 4.22407272588984E-03 4.23819492670389E-03 4.25396185696936E-03 4.27146413674868E-03 4.29075189959426E-03 4.31185686656413E-03 4.33476170248375E-03 4.35943390642912E-03 4.3857922759945E-03 4.41374245793974E-03 4.44314953748425E-03 4.47386730815226E-03 4.50573206982705E-03 4.53858124171644E-03 4.57223021942222E-03 4.6064667485207E-03 4.64109154317573E-03 4.67591882604212E-03
0 0 0 0 0 0 0 0 0 0 0 0 0 0 0 0 0 0 0 0 0 0 0 0 0 0 0 0 0 0 0 0 0 0 4.14422182063743E-03 4.14428169572461E-03 4.14540083712269E-03 4.14769543289542E-03 4.15114792468587E-03 4.15572803518507E-03 4.16144158197799E-03 4.16830705721455E-03 4.17638605801375E-03 4.18576044342826E-03 4.19651245189203E-03 4.20873976335534E-03 4.22252330055549E-03 4.23796643697023E-03 4.25514504261399E-03 4.27414774610199E-03 4.2950120116882E-03 4.31775287129004E-03 4.34233057004103E-03 4.36868885875421E-03 4.39672209850539E-03 4.42630694727379E-03 4.45728493553709E-03 4.48948618465192E-03 4.52273095934503E-03 4.55683984764884E-03 4.59161981223335E-03 4.62684372053067E-03 4.66230989157167E-03 4.69783834997076E-03
0 0 0 0 0 0 0 0 0 0 0 0 0 0 0 0 0 0 0 0 0 0 0 0 0 0 0 0 0 0 0 0 0 0 4.13326272397376E-03 4.13337879987037E-03 4.13495596095304E-03 4.13782702572278E-03 4.14193333429681E-03 4.1472398145453E-03 4.15375353806278E-03 4.16149943154313E-03 4.17054505799269E-03 4.18098925274263E-03 4.19291057719265E-03 4.20640938680278E-03 4.22155700725619E-03 4.23846073870159E-03 4.25718339840633E-03 4.27781466520691E-03 4.30037327225631E-03 4.32485032676134E-03 4.35117894741173E-03 4.37927727583434E-03 4.40901324677121E-03 4.44023512630193E-03 4.47276099111635E-03 4.50639924252466E-03 4.54095584108389E-03 4.57624003619951E-03 4.61205499920821E-03 4.64815866137266E-03 4.68435538994118E-03 4.72047888667262E-03
0 0 0 0 0 0 0 0 0 0 0 0 0 0 0 0 0 0 0 0 0 0 0 0 0 0 0 0 0 0 0 0 0 4.10553813262221E-03 4.11994489323773E-03 4.12108291606613E-03 4.1235172565214E-03 4.12720453404314E-03 4.13215868497159E-03 4.13836026187974E-03 4.14583076484188E-03 4.15460635055876E-03 4.16476093587249E-03 4.17642466276098E-03 4.1896643122904E-03 0.004204588994436 4.22124988360819E-03 4.23976734014122E-03 4.26017226485099E-03 4.2825658336507E-03 4.30693340221087E-03 4.33323702769123E-03 4.36137997695134E-03 4.39125350513319E-03 4.42269980080168E-03 4.45553719479932E-03 4.48956603194573E-03 4.5245736151464E-03 4.56035690871119E-03 4.59671205451723E-03 4.63345227970015E-03 4.67031624500954E-03 4.70713027866006E-03 4.74374775558257E-03
0 0 0 0 0 0 0 0 0 0 0 0 0 0 0 0 0 0 0 0 0 0 0 0 0 0 0 0 0 0 0 0 0 4.10553813262221E-03 4.10621720685398E-03 4.10790332180369E-03 4.11124054075203E-03 4.11594055881144E-03 4.12191276470411E-03 4.12916168366978E-03 4.13773791425389E-03 4.14769769318659E-03 4.1591191768424E-03 4.17215258689308E-03 4.18686686117991E-03 4.20337152525396E-03 4.22170567256249E-03 4.2419875700997E-03 4.26422932390051E-03 4.28851187972615E-03 4.31478788054673E-03 4.34298861092984E-03 4.37298987195524E-03 4.40465173695689E-03 4.43779021347848E-03 4.47219822709057E-03 4.50766067950063E-03 4.54395289909284E-03 4.58086477833132E-03 4.61818304621473E-03 4.65571349696479E-03 4.69321472269483E-03 4.73054141316117E-03 4.76756165032481E-03
0 0 0 0 0 0 0 0 0 0 0 0 0 0 0 0 0 0 0 0 0 0 0 0 0 0 0 0 0 0 0 0 0 4.09138464133107E-03 4.09162291517711E-03 0.004094156970602 4.0985142930579E-03 4.10428344243912E-03 4.11136692536756E-03 4.11977295646401E-03 4.12957886963242E-03 4.14085810253019E-03 4.15370878224828E-03 4.16827464214814E-03 4.18463022275668E-03 4.20287782266151E-03 4.22305050327366E-03 4.24524773014489E-03 4.26947589121414E-03 4.29575458856161E-03 4.3240198592717E-03 4.35416540610628E-03 4.38604607794963E-03 4.41948040480313E-03 4.45426731473623E-03 4.49017453742421E-03 4.52697795282008E-03 4.56444720506778E-03 4.60236908615748E-03 4.64052643532397E-03 4.67871749708563E-03 4.71676313930173E-03 4.75451584788795E-03 4.79186100538187E-03
0 0 0 0 0 0 0 0 0 0 0 0 0 0 0 0 0 0 0 0 0 0 0 0 0 0 0 0 0 0 0 0 4.04601003637639E-03 4.07315276213106E-03 4.07576810847604E-03 4.07989101846649E-03 4.08549613044296E-03 4.09243526871296E-03 4.10070889796794E-03 4.11037095195187E-03 4.12152455826018E-03 4.13426294092486E-03 4.14869155822548E-03 4.16494993828539E-03 4.18310815402855E-03 4.20325908785868E-03 4.22542171250267E-03 4.24967469399183E-03 4.27599991345489E-03 4.30436646908597E-03 4.33467927741939E-03 4.36679847445355E-03 4.40055132546442E-03 4.43572293545141E-03 4.47209297002491E-03 4.50941226281745E-03 4.54745155373264E-03 4.58598026198489E-03 4.62478847188916E-03 4.66366323403726E-03 4.70241860834745E-03 4.74091466155295E-03 4.77900928892743E-03 4.81659690145613E-03
0 0 0 0 0 0 0 0 0 0 0 0 0 0 0 0 0 0 0 0 0 0 0 0 0 0 0 0 0 0 0 4.03570380876353E-03 4.04601003637639E-03 4.05461345858472E-03 4.06005768486445E-03 4.06574068037163E-03 4.07256246113596E-03 4.0806701370197E-03 4.09017758094073E-03 4.10117550892425E-03 4.1137843217758E-03 4.12810723254556E-03 4.14425276648643E-03 4.1623527062886E-03 4.18246605576995E-03 4.2046671515369E-03 4.22895405334029E-03 4.25537563555603E-03 4.28388292303271E-03 4.31440000685413E-03 4.34679462124786E-03 4.38088994509324E-03 4.41648563624523E-03 4.45333905020387E-03 4.49121307329441E-03 4.52984815589612E-03 4.56901363690572E-03 4.60848587783553E-03 4.64806651569803E-03 4.68755679487644E-03 4.72678724897319E-03 4.76564044134511E-03 4.80398787976835E-03 4.84172956427908E-03
0 0 0 0 0 0 0 0 0 0 0 0 0 0 0 0 0 0 0 0 0 0 0 0 0 0 0 0 0 0 0 4.03570380876353E-03 4.0363264746744E-03 4.04037829500637E-03 4.04561558592253E-03 4.05205464978428E-03 4.05990002293007E-03 4.06916986134463E-03 4.07996550460919E-03 4.09239047433977E-03 4.10656705951658E-03 4.12260062762076E-03 4.1405922201994E-03 4.16066911054064E-03 4.18287154873848E-03 4.2072481259467E-03 4.2337675688962E-03 4.26244650251518E-03 4.29319757661825E-03 4.3259016844728E-03 4.36038574546749E-03 4.39643601243813E-03 4.43382440263388E-03 4.47228596720627E-03 4.51157305282927E-03 4.55141803062724E-03 4.59159554530601E-03 4.63189570561579E-03 4.67213798155661E-03 4.71214090914632E-03 4.75175474140947E-03 4.79087674917996E-03 4.82938867050523E-03 4.86719449025923E-03
0 0 0 0 0 0 0 0 0 0 0 0 0 0 0 0 0 0 0 0 0 0 0 0 0 0 0 0 0 0 0 4.02269595049369E-03 4.02292849867497E-03 4.0261852292413E-03 4.03158153965117E-03 4.03875198692047E-03 4.04761845799115E-03 4.05809303833259E-03 4.07025620005458E-03 4.08421037067339E-03 4.10007020031472E-03 4.11793695287985E-03 4.13789688821029E-03 4.16007457143884E-03 4.18448396841695E-03 4.21113933938517E-03 4.23997582896111E-03 4.27097280805388E-03 4.3040041875775E-03 4.33890232208372E-03 4.37545653507448E-03 4.41341467567309E-03 4.45252621077205E-03 4.49250570516496E-03 4.53310386282995E-03 4.57404547694456E-03 4.61511948752261E-03 0.004656135165026 4.69693379040821E-03 4.73735284814513E-03 4.7772590384788E-03 4.81656108821048E-03 4.85514864576792E-03 4.89292586387282E-03
0 0 0 0 0 0 0 0 0 0 0 0 0 0 0 0 0 0 0 0 0 0 0 0 0 0 0 0 0 0 3.98784779851921E-03 4.00564818148505E-03 4.00740868326439E-03 4.01139932928195E-03 4.01755545087087E-03 4.0256881717031E-03 4.0357200842027E-03 4.04753920717962E-03 4.06119890625435E-03 4.07680640306005E-03 4.0944723430891E-03 4.11429672288517E-03 4.13634804895739E-03 4.16073508306498E-03 4.18744487732754E-03 4.21645722122817E-03 4.24767130336367E-03 4.28102386243554E-03 4.31634418530154E-03 4.35341843243584E-03 4.39199695844356E-03 4.4317952438159E-03 4.47254160902391E-03 0.004513936790721 4.55572867561027E-03 4.59764920386776E-03 4.63950673571754E-03 4.68112941438042E-03 4.72237908399697E-03 4.76311485570981E-03 4.80322380579015E-03 4.84261850899822E-03 4.88119041208597E-03 4.91884463170728E-03
0 0 0 0 0 0 0 0 0 0 0 0 0 0 0 0 0 0 0 0 0 0 0 0 0 0 0 0 0 0 3.98784779851921E-03 3.9887765528948E-03 3.99138427072605E-03 3.99639629916866E-03 4.00364555459319E-03 4.01298357830784E-03 4.02434500424049E-03 4.03764909161258E-03 4.05294648849254E-03 4.07034339803629E-03 4.08993996498535E-03 4.11184181835918E-03 4.13610194717342E-03 4.16279477702304E-03 4.19188249431712E-03 4.22330787038028E-03 4.25693581130259E-03 4.29264843223542E-03 4.3302378012137E-03 4.36943971035203E-03 4.40997052174673E-03 4.45151674670974E-03 4.49379167340752E-03 4.53648770214378E-03 4.5793534890723E-03 4.62214238732025E-03 4.66467632405974E-03 4.70680280282958E-03 4.74840472711737E-03 4.78936588432002E-03 4.82958913149627E-03 4.86898409241762E-03 4.90744606080581E-03 4.94488005337483E-03
0 0 0 0 0 0 0 0 0 0 0 0 0 0 0 0 0 0 0 0 0 0 0 0 0 0 0 0 0 3.94931298647829E-03 0.00396910687644 3.97098736841006E-03 3.97502235640202E-03 3.98134979385839E-03 3.98994576819639E-03 4.00070643900111E-03 4.01359271365934E-03 4.02855540165551E-03 4.04564800061168E-03 4.0649782331014E-03 4.08663705520563E-03 4.11073175178841E-03 4.13729771016828E-03 4.16637687572749E-03 4.19789968842977E-03 4.23177236511036E-03 4.26782029968154E-03 4.30587624750206E-03 4.34568807550354E-03 4.38694732145078E-03 4.4293372733045E-03 0.004472523447846 4.51620882209828E-03 4.56008520241206E-03 4.60390956482126E-03 4.64745545552981E-03 4.69056107283638E-03 4.73309138784549E-03 4.77494901570098E-03 4.81604111067721E-03 4.85628491306669E-03 4.89558634803056E-03 4.93384038903841E-03 4.97095309077291E-03
0 0 0 0 0 0 0 0 0 0 0 0 0 0 0 0 0 0 0 0 0 0 0 0 0 0 0 0 0 3.94931298647829E-03 3.95033077128149E-03 3.95325397335241E-03 3.95868932815556E-03 3.96649856200868E-03 3.97663260859633E-03 3.98900724389662E-03 4.00360582276713E-03 4.02039885478207E-03 4.03944618036697E-03 4.06085567559719E-03 4.08470574955357E-03 4.11110196625703E-03 4.14005939440767E-03 4.1715885099058E-03 4.20558642554643E-03 4.24191725300886E-03 4.28036632300227E-03 4.32071760049545E-03 4.36268072124791E-03 4.40590259541365E-03 4.45003877173633E-03 4.49474244271289E-03 4.53971388083761E-03 4.58465187790981E-03 4.62932216214744E-03 4.6735195330303E-03 4.71709629080879E-03 4.75993446536525E-03 4.80195254841609E-03 4.84308161365744E-03 4.88325107638564E-03 4.92236040054084E-03 4.96030275870306E-03 4.99698711532629E-03
0 0 0 0 0 0 0 0 0 0 0 0 0 0 0 0 0 0 0 0 0 0 0 0 0 0 0 0 3.90806011730146E-03 3.92914404737726E-03 3.93114356282241E-03 3.9355563880389E-03 3.94254831800463E-03 3.95200185251698E-03 3.96385587319036E-03 3.97803111741951E-03 3.99452806903476E-03 4.01332846309586E-03 4.03448869629916E-03 4.05811823595318E-03 4.08427905335344E-03 4.11307389266678E-03 4.14449278458391E-03 4.17851875926241E-03 4.21501169006591E-03 4.2537901923705E-03 4.2945977684935E-03 4.33717578606491E-03 4.3811981197824E-03 4.42626776508498E-03 4.47202166752076E-03 4.51811230992968E-03 4.56424347233057E-03 4.61012409305242E-03 4.65553026788544E-03 4.70027731594159E-03 4.74422987776171E-03 4.78728247991499E-03 4.82936561555473E-03 4.87043390593994E-03 4.91042915309362E-03 4.94923883351777E-03 4.98675612328229E-03 5.0228983989794E-03
0 0 0 0 0 0 0 0 0 0 0 0 0 0 0 0 0 0 0 0 0 0 0 0 0 0 0 0 3.90806011730146E-03 3.90907363838539E-03 3.91211123723476E-03 3.91809542852373E-03 3.92682351276191E-03 3.93809316041344E-03 3.95183715344653E-03 3.96797942448017E-03 3.98653828265021E-03 4.00750088430537E-03 4.03091620389674E-03 4.05689741866792E-03 4.08547536692488E-03 4.11675723486628E-03 4.15069535129972E-03 4.18724836545456E-03 4.22623751958786E-03 4.26742938130682E-03 4.31053113117712E-03 4.35523794587917E-03 4.40120517610993E-03 4.44798579633797E-03 4.49521720418118E-03 4.54256145967405E-03 4.58972743333822E-03 4.63643849326682E-03 4.68247419439289E-03 4.72767632032504E-03 4.77191210708024E-03 4.81508837755844E-03 4.85713883781903E-03 4.89804322539171E-03 4.93775748170792E-03 4.97614744693342E-03 5.01311699657694E-03 5.04859855394134E-03
0 0 0 0 0 0 0 0 0 0 0 0 0 0 0 0 0 0 0 0 0 0 0 0 0 0 0 0 3.88778763646095E-03 3.88824993560219E-03 3.89299807174998E-03 3.90097510025446E-03 3.91171094953046E-03 3.92499142164359E-03 3.94078649707778E-03 3.95904693679029E-03 3.97980981348765E-03 4.00307239280268E-03 4.02887190784514E-03 4.05731521134201E-03 4.0884079915492E-03 4.12224630048276E-03 4.15874979490436E-03 4.19783972892413E-03 4.2392973668638E-03 4.2828459478227E-03 4.3281594986003E-03 4.37488693294298E-03 4.4226514927963E-03 4.47099604568627E-03 4.51956728188215E-03 4.56803719773326E-03 4.61611807313408E-03 4.66354809544414E-03 4.71011360140903E-03 4.75567508389246E-03 4.80009984296991E-03 4.84330301643789E-03 4.88522227079181E-03 4.92585543966994E-03 4.96515901447662E-03 5.00299435049819E-03 5.03928632909358E-03 5.07398736502797E-03
0 0 0 0 0 0 0 0 0 0 0 0 0 0 0 0 0 0 0 0 0 0 0 0 0 0 0 3.82117187510943E-03 3.86121665541474E-03 3.86627833507374E-03 3.87420243972833E-03 3.88465514964246E-03 3.89760841473145E-03 3.91303180710297E-03 3.93098675190442E-03 3.9514702889488E-03 3.97453951730801E-03 4.00020547560603E-03 4.02849385789939E-03 4.05949324804757E-03 4.09318074844379E-03 4.12962609840393E-03 4.16872058598139E-03 4.2103275526643E-03 4.25420180308154E-03 4.30002210053033E-03 4.34744108188706E-03 4.39605320686884E-03 4.44546330316706E-03 4.49524038968691E-03 4.5450229854296E-03 4.59450090607116E-03 4.64338187704214E-03 4.69142972043936E-03 4.73842179692921E-03 4.7842429428435E-03 4.82875099035875E-03 4.87187352924545E-03 4.9135419097635E-03 4.95376841257174E-03 4.99252209204523E-03 5.02966774288031E-03 5.06515351336916E-03 5.09895914492363E-03
0 0 0 0 0 0 0 0 0 0 0 0 0 0 0 0 0 0 0 0 0 0 0 0 0 0 3.79648052646215E-03 3.82117187510943E-03 3.83536613529876E-03 3.84576545805374E-03 3.85681447502959E-03 3.86970344988029E-03 3.88488057619104E-03 3.90249042881492E-03 3.92266975581815E-03 3.94545228174661E-03 3.97090802408252E-03 3.99905705449266E-03 4.02991147631824E-03 4.06353533011089E-03 4.09987266695198E-03 4.13895565845333E-03 4.18063306451523E-03 4.22472025062095E-03 4.27093703207456E-03 4.31893030905189E-03 4.36832737357693E-03 4.41868887025449E-03 4.46961289423795E-03 4.52068884294646E-03 4.57156196131833E-03 4.62192891139304E-03 4.67150004714371E-03 4.72005123789969E-03 4.76736486477033E-03 4.81333101743433E-03 4.85780435712892E-03 4.90071861341664E-03 4.94200872507341E-03 4.98169409267849E-03 5.01974447098327E-03 5.05605149076447E-03 5.09060093681154E-03 5.12340313501881E-03
0 0 0 0 0 0 0 0 0 0 0 0 0 0 0 0 0 0 0 0 0 0 0 0 0 3.78489964611311E-03 3.79648052646215E-03 3.80636388673505E-03 3.81733630031153E-03 3.82876261143609E-03 3.84165437178133E-03 3.85656133543738E-03 3.8738304522068E-03 3.89361052185924E-03 3.91604448809555E-03 3.94117619426076E-03 3.96907522876207E-03 3.99976439144522E-03 4.03324072402289E-03 4.06953290455525E-03 4.10854903452608E-03 4.15026623849426E-03 4.19449283471379E-03 4.24099613611584E-03 4.28946474783344E-03 4.33951899123213E-03 4.39076798775058E-03 4.44275458912871E-03 4.49507168626414E-03 4.54732981016693E-03 4.59918029104828E-03 4.65032499219007E-03 4.70047423607219E-03 4.74941156395736E-03 4.79692451578385E-03 4.84289736800795E-03 4.88719282959087E-03 4.92974537463244E-03 4.9705009007454E-03 5.00947701322732E-03 5.04666827779426E-03 5.08200373554631E-03 5.11550251521207E-03 5.14721151489964E-03
0 0 0 0 0 0 0 0 0 0 0 0 0 0 0 0 0 0 0 0 0 0 0 0 0 3.78489964611311E-03 3.78580225981364E-03 3.79217941894476E-03 3.80194553834287E-03 3.81403437759439E-03 3.82842279474065E-03 3.84519267837702E-03 3.86451651483723E-03 3.88649071648286E-03 3.91123009291545E-03 3.93876757808908E-03 3.96915933437705E-03 4.00243194276444E-03 4.03856431846914E-03 4.07754411617814E-03 4.11923938200181E-03 4.16356775629677E-03 4.21029059673797E-03 4.25913168242244E-03 4.30974972557058E-03 4.36174866229152E-03 4.41472487674235E-03 4.46821207876819E-03 4.52180164262306E-03 4.57512532803066E-03 4.62784011535457E-03 4.67964383880868E-03 4.73024484879449E-03 4.77943106800905E-03 4.82699813388583E-03 4.8728220887994E-03 4.91677540226592E-03 4.95879906636974E-03 4.99885708036818E-03 5.03697196183787E-03 5.07315848668552E-03 5.10739457541311E-03 5.13974339988574E-03 5.17028617135483E-03
0 0 0 0 0 0 0 0 0 0 0 0 0 0 0 0 0 0 0 0 0 0 0 0 3.74701974535634E-03 3.76698866328271E-03 3.77000223980041E-03 3.77696832985165E-03 3.78738340513131E-03 3.80070125940021E-03 3.8167592625691E-03 3.83547710373169E-03 0.003856930532827 3.88118101542851E-03 3.90830318357932E-03 3.93831769998012E-03 3.97125265505873E-03 4.00714784926727E-03 4.0459598419737E-03 4.08762380357058E-03 4.13197686949124E-03 4.1788608558871E-03 4.22800602449796E-03 4.27908553402367E-03 4.33174037905443E-03 4.38556333548334E-03 4.44014408903675E-03 4.4950164424275E-03 4.54976058745674E-03 4.60404126588007E-03 4.65750367074563E-03 4.7098381097869E-03 4.76074795524148E-03 4.81002514328218E-03 4.85747899273305E-03 4.90296925650329E-03 4.94639729705637E-03 4.98770650014527E-03 5.02689682897431E-03 5.06399058524737E-03 5.09904352033608E-03 5.13208371508591E-03 5.16321201493522E-03 5.19254227132142E-03
