NongDo/Fusa 19.1h.grd
DSAA
463	323
2	464
2	324
0	10
[rows 140 to 167 of 323, columns 192 to 255 of 463]
7.44805357895092E-03 7.56275055462565E-03 7.67744894346925E-03 7.79173734891045E-03 7.90517574949403E-03 8.01723484341968E-03 8.12738283699735E-03 8.23507812859708E-03 8.33980065217078E-03 8.44102510238814E-03 8.53825142712549E-03 8.63099407515756E-03 8.71883134996747E-03 8.80141714053527E-03 8.87848703276421E-03 8.94986688545381E-03 9.01548088135077E-03 9.07536251611962E-03 9.12963585455743E-03 9.17850673847147E-03 9.22224316961298E-03 9.26116007297439E-03 9.29559595266502E-03 9.32589900895658E-03 9.35241015085914E-03 9.37544493295745E-03 9.39528207877895E-03 9.41215588078846E-03 9.42630367879507E-03 9.43797839440068E-03 9.44744814784186E-03 9.45497618240932E-03 9.46081197580307E-03 9.46519313281554E-03 9.46834083445005E-03 9.47045742855481E-03 9.47171382314202E-03 9.4722507037326E-03 9.47217918119113E-03 9.47158303688558E-03 9.47052659807108E-03 9.46906011817425E-03 9.46722586700419E-03 9.46506767372983E-03 9.46264225524872E-03 9.46002156585616E-03 9.45729907608344E-03 9.45209890522612E-03 0 0 0 0 0 0 0 0 0 0 0 0 0 0 0 0
7.55373290371296E-03 7.66848143573186E-03 7.78275147022834E-03 7.89612701215752E-03 8.0081663017949E-03 8.11834028194939E-03 8.22615023554118E-03 8.3310937127201E-03 8.43269115238938E-03 8.53045432810027E-03 8.6239229952532E-03 8.7126532002876E-03 8.79627098590399E-03 8.87447886349346E-03 8.9470593030727E-03 9.01388514198078E-03 9.0749301334856E-03 9.13027976928877E-03 9.18010628961136E-03 9.22466203804398E-03 9.26425433622789E-03 9.29922674542305E-03 9.3299382130256E-03 9.35674959790442E-03 9.38000561398831E-03 9.40001830254499E-03 9.4170590531464E-03 9.43134883129082E-03 9.44312415902382E-03 9.45264685986094E-03 9.46018303727467E-03 9.4659880378876E-03 9.47030243190254E-03 0.009473354903919 9.47535439995887E-03 9.4764886220925E-03 9.47691274344914E-03 9.47675016087944E-03 9.47609362911176E-03 9.4750073779742E-03 9.47354210415182E-03 9.47174073006394E-03 9.46963914925521E-03 9.46727993424544E-03 9.46473736012649E-03 9.46213365792154E-03 9.45729907608344E-03 0 0 0 0 0 0 0 0 0 0 0 0 0 0 0 0 0
7.6583875169852E-03 7.77280282134579E-03 7.88627146147811E-03 7.99836897795615E-03 8.10865040949793E-03 8.21660762160386E-03 8.32178661493828E-03 8.42372371480745E-03 8.5219738993523E-03 8.61608165147056E-03 8.70562281590784E-03 8.79019945000766E-03 8.8694864828973E-03 8.94323394649675E-03 9.01127194054937E-03 9.07352439180233E-03 9.13001797477267E-03 9.18088967592818E-03 9.22636012381684E-03 9.26672715643249E-03 9.30233423881418E-03 9.33354851121047E-03 9.36074324571897E-03 9.38428469032242E-03 9.40451380152574E-03 9.42173294553601E-03 9.43620187750894E-03 9.44813127756281E-03 9.45775903550136E-03 9.46535037789457E-03 9.47116299854019E-03 9.47544252889836E-03 9.47842047215386E-03 9.48031673906734E-03 9.48132916085418E-03 9.48162954277809E-03 9.48135550082955E-03 9.48061377105774E-03 9.47948052637991E-03 9.47800020228833E-03 9.47620900760772E-03 9.47414781921544E-03 9.47185208454395E-03 9.46936878315853E-03 9.46680091239314E-03 9.46213365792154E-03 0 0 0 0 0 0 0 0 0 0 0 0 0 0 0 0 0 0
7.76188813289959E-03 7.87560298006402E-03 7.98791281656881E-03 8.09838195363807E-03 8.2065713070952E-03 8.31202067799019E-03 8.41430738376481E-03 8.51300435865633E-03 8.60769429191409E-03 8.69795602395158E-03 8.78340181825943E-03 8.86368786577036E-03 8.93853485183432E-03 9.00774177652001E-03 9.07119015518421E-03 9.12886039179872E-03 9.18083415832619E-03 9.22729875857408E-03 9.26852421057773E-03 9.30485077471424E-03 9.33665296041297E-03 9.36431407891204E-03 9.38821476329958E-03 9.40871885687463E-03 9.4261561650416E-03 9.44081435094301E-03 9.45293895064822E-03 9.46273382931429E-03 9.47043480514894E-03 9.47630620057448E-03 9.48059485211845E-03 9.48353557731603E-03 9.48535146913811E-03 9.48625303572495E-03 9.48642648806222E-03 9.48602702265353E-03 9.4851744352962E-03 9.48395863685888E-03 9.4824399959897E-03 9.48064688175334E-03 9.47860225935292E-03 9.4763494278275E-03 9.4739340434536E-03 9.4714245232707E-03 9.46680091239314E-03 0 0 0 0 0 0 0 0 0 0 0 0 0 0 0 0 0 0 0
7.86416275542483E-03 7.97682153487309E-03 8.0876198126884E-03 8.19612529068594E-03 8.30192055641885E-03 8.40458991092916E-03 8.50372934574489E-03 0.008598948216251 8.68985709448908E-03 8.77607633567232E-03 8.85725986264872E-03 8.93311744403247E-03 9.00341534338906E-03 9.06800785582278E-03 9.12683391454345E-03 9.17993272362805E-03 9.22744119338207E-03 9.26959743440679E-03 9.30671921774348E-03 9.33918238943748E-03 9.36738389438181E-03 9.39171629294379E-03 9.41255958210335E-03 9.43026674176221E-03 9.44515023751349E-03 9.45747956241047E-03 9.46748540824265E-03 9.4753676830714E-03 9.4813579015443E-03 9.48571273801492E-03 9.48866596236304E-03 9.49044410151464E-03 9.49126299182496E-03 9.49132176767531E-03 9.49079215648189E-03 9.4898136857517E-03 9.48848919581354E-03 9.48688989571063E-03 9.48505874037011E-03 9.4830139622316E-03 9.48077333787892E-03 9.47838951540289E-03 9.47593596682997E-03 9.4714245232707E-03 0 0 0 0 0 0 0 0 0 0 0 0 0 0 0 0 0 0 0 0
7.96515844126493E-03 8.0764153923219E-03 8.18536548440932E-03 8.29159020989319E-03 8.39469191962963E-03 8.4942893431353E-03 8.59001066936833E-03 8.68149860954002E-03 8.76839818339791E-03 8.85037434541325E-03 8.9271278073436E-03 8.9984187853455E-03 9.06406974754805E-03 9.12399463099903E-03 9.17819445867484E-03 9.22676636618718E-03 9.26990203473933E-03 9.30788827586484E-03 9.34108401797566E-03 9.36989210442573E-03 9.39472219162508E-03 9.4159683054389E-03 9.43400009624424E-03 9.44915268394475E-03 9.46171790436045E-03 9.4719447781072E-03 0.009480048484721 9.48622749453571E-03 9.49070745849964E-03 9.49373139150365E-03 9.49552371476107E-03 9.49630402510541E-03 9.49627983362848E-03 9.49563740601544E-03 9.49453350733134E-03 9.49309124319354E-03 9.4913946021931E-03 9.48949454797474E-03 9.48741930181405E-03 9.48518148301383E-03 9.48280572963929E-03 9.48036819250279E-03 9.47593596682997E-03 0 0 0 0 0 0 0 0 0 0 0 0 0 0 0 0 0 0 0 0 0
8.06466777291603E-03 8.17417164733942E-03 8.28093486100956E-03 8.3845567300718E-03 8.48465842426365E-03 8.58089384316932E-03 8.67293016688284E-03 8.76044545627876E-03 8.84312419972674E-03 8.92067769554206E-03 8.99285670961122E-03 9.05947533538701E-03 9.12041954947201E-03 9.17566662104089E-03 9.22528178715014E-03 9.26941696793185E-03 9.30831564352064E-03 9.34230928302563E-03 9.37178963512929E-03 9.39717699443018E-03 9.41888399162356E-03 9.43729624452001E-03 9.45276485027234E-03 9.46560380181905E-03 9.47608219803677E-03 9.48442804829666E-03 9.49084222062962E-03 9.49551860953017E-03 9.49867221902761E-03 9.50053538495487E-03 9.50132836514942E-03 9.50126243285943E-03 9.5005340116601E-03 9.49931677333327E-03 9.49775477154118E-03 9.49595458629939E-03 9.49397729511917E-03 9.49184919063149E-03 9.48958979085211E-03 9.48721673673392E-03 9.48478732201912E-03 9.48036819250279E-03 0 0 0 0 0 0 0 0 0 0 0 0 0 0 0 0 0 0 0 0 0 0
8.16239933581826E-03 8.26978750271071E-03 8.37401441240735E-03 8.47470107762608E-03 8.57149489783532E-03 8.66408980227032E-03 8.75219205461024E-03 8.83551679707746E-03 8.91379102341655E-03 8.98677630311863E-03 9.05427888824226E-03 9.11617066812066E-03 9.17240236811204E-03 9.22301687051541E-03 9.26814250214569E-03 9.30798126717644E-03 9.34282360878031E-03 9.37303975778584E-03 9.39904385779111E-03 9.4212634922917E-03 9.44010505243741E-03 9.45593724654051E-03 9.46908882171855E-03 9.47985018422431E-03 9.48846484792148E-03 9.49513968521353E-03 9.50006204207888E-03 9.50342083234454E-03 9.50542330104294E-03 9.50629109746931E-03 9.50623796539877E-03 9.50546653708351E-03 9.50416170525765E-03 9.50248493191225E-03 9.50057098081007E-03 9.49851393867601E-03 9.49634418648765E-03 9.4940476989216E-03 9.49165760670967E-03 9.48921534177126E-03 9.48478732201912E-03 0 0 0 0 0 0 0 0 0 0 0 0 0 0 0 0 0 0 0 0 0 0 0
8.25801648075329E-03 8.36292357139139E-03 8.4642665093799E-03 8.56169439079446E-03 8.65488828765954E-03 8.74358465412713E-03 8.82752899842406E-03 8.90647635426057E-03 8.98020042192382E-03 9.04851630608493E-03 9.11128953812755E-03 9.16845187062057E-03 9.22001968978949E-03 9.26610005586631E-03 9.30688052126281E-03 9.34260894741726E-03 9.37361649539312E-03 0.009400301983031 9.42309076531791E-03 9.4424079456483E-03 9.45864548269764E-03 9.47215035953538E-03 9.48322629932124E-03 9.49213712293487E-03 9.4990993223009E-03 9.50429999990718E-03 9.50791480826585E-03 9.51012801030439E-03 9.51114068115089E-03 9.51116494212021E-03 9.51040603423622E-03 9.50905639710182E-03 9.5072892050198E-03 9.50525570626629E-03 9.50308948646959E-03 9.50088444648867E-03 9.49862763023139E-03 9.49618906769976E-03 9.49371043586819E-03 9.48921534177126E-03 0 0 0 0 0 0 0 0 0 0 0 0 0 0 0 0 0 0 0 0 0 0 0 0
8.35116026593494E-03 8.45322572378726E-03 8.55134839218193E-03 8.64521215825489E-03 8.73453704679446E-03 8.81910370966139E-03 8.89869957304873E-03 8.97312263867817E-03 9.04219658497674E-03 9.10579283943503E-03 9.16383771426281E-03 9.21632344697192E-03 9.2633314983196E-03 9.30502937799303E-03 9.34165745545177E-03 9.37350310440782E-03 9.40092835228635E-03 9.42435050067243E-03 9.44419677378399E-03 9.46088109028528E-03 9.47477474025918E-03 9.48619928697003E-03 9.49543025983567E-03 9.50270322142737E-03 9.50820930845269E-03 9.51211786722118E-03 9.51459501621577E-03 9.51582092585707E-03 9.51599193977619E-03 9.51531127771387E-03 9.51397376648694E-03 9.51215854583298E-03 9.51002480100979E-03 9.50771974043822E-03 9.50540029395341E-03 9.50320136074295E-03 9.5010772745842E-03 9.49840276319609E-03 9.49371043586819E-03 0 0 0 0 0 0 0 0 0 0 0 0 0 0 0 0 0 0 0 0 0 0 0 0 0
8.44146343943265E-03 8.54034340198012E-03 8.63493282026415E-03 8.72495652756864E-03 8.81017811675872E-03 8.89042254074294E-03 8.96552134410953E-03 9.03531966271524E-03 9.09969470035258E-03 9.15857413991974E-03 9.21194493312692E-03 9.25986053562656E-03 9.30246431442339E-03 9.33997662385001E-03 9.37268237698149E-03 9.40090187826356E-03 9.42501821333263E-03 9.44545616556165E-03 9.46263623828457E-03 9.47695452106895E-03 9.48875683884752E-03 9.49833682480432E-03 9.50594005877467E-03 9.51177348912164E-03 9.51600523460556E-03 9.51879000401252E-03 9.52028662651613E-03 9.52067108523094E-03 9.52013512280104E-03 9.51887472058095E-03 9.51707296545259E-03 9.51488947591028E-03 9.51246041281133E-03 9.50993157034124E-03 9.50753506341694E-03 9.50557575165591E-03 9.50433509335353E-03 9.49840276319609E-03 0 0 0 0 0 0 0 0 0 0 0 0 0 0 0 0 0 0 0 0 0 0 0 0 0 0
8.52856858847666E-03 8.62394605569457E-03 8.71472153568162E-03 8.80066613857189E-03 8.8815909809382E-03 8.95736497829808E-03 9.02786652457321E-03 9.0929916305345E-03 9.15267238813643E-03 9.20689241731612E-03 9.25569812094654E-03 9.29920248191309E-03 9.33760247765372E-03 9.37116322927604E-03 9.40020544223056E-03 9.42507465449333E-03 9.44616433733028E-03 9.46389785379169E-03 9.47868318894622E-03 9.49089261961178E-03 9.50084277342425E-03 9.50879809296238E-03 9.51497441112451E-03 9.51955085681662E-03 9.5226759381774E-03 9.52449231779171E-03 9.52515265322002E-03 9.52482885962924E-03 9.52370986038832E-03 9.52198623965999E-03 9.51982770381812E-03 9.51736463369136E-03 9.5146823870041E-03 9.5118897225963E-03 9.50936639518064E-03 9.50770555468647E-03 9.50750849650697E-03 0 0 0 0 0 0 0 0 0 0 0 0 0 0 0 0 0 0 0 0 0 0 0 0 0 0 0
8.61215281398521E-03 8.70374903902479E-03 8.79047329769594E-03 8.87214572928791E-03 8.94862733644031E-03 9.01983329806944E-03 9.08569105118815E-03 9.14614764822303E-03 9.2011907495611E-03 9.25086014267035E-03 9.29525894311125E-03 9.33455201402539E-03 9.36898129119571E-03 9.39884971568968E-03 9.42450549594907E-03 9.44630808451888E-03 9.46465236612575E-03 9.47995556409403E-03 9.49260713750906E-03 9.50295068851013E-03 9.51127161723314E-03 9.5178045730761E-03 9.52273675438084E-03 9.52622319469723E-03 9.52839627231254E-03 9.5293880057412E-03 9.52934471553994E-03 9.52843405253321E-03 9.52684454108608E-03 9.52476700004932E-03 9.52236213574797E-03 9.51972366743003E-03 9.51682055606699E-03 9.51352357251978E-03 9.51055113131768E-03 9.50886526590256E-03 9.50750849650697E-03 0 0 0 0 0 0 0 0 0 0 0 0 0 0 0 0 0 0 0 0 0 0 0 0 0 0 0
8.69193864476601E-03 8.77951940268599E-03 8.86200179902199E-03 8.93925882492792E-03 9.01120386714618E-03 9.07779909906066E-03 9.13901959875505E-03 9.19486431271001E-03 9.24537729519426E-03 9.29065239528856E-03 9.33084273810339E-03 9.36615607917995E-03 9.3968717427676E-03 9.42332225275766E-03 9.44587426285244E-03 9.46489115274475E-03 9.48076470224064E-03 9.4939013390945E-03 9.50466437499588E-03 9.51336556380901E-03 9.52025941173407E-03 9.52555246979863E-03 9.5294069784345E-03 9.53195736591101E-03 9.53332157283973E-03 9.53362217314027E-03 9.53299874780954E-03 9.53161276917109E-03 9.52965521787418E-03 9.5273296254814E-03 9.5248093182405E-03 9.52218804905119E-03 9.51926949267878E-03 9.5147209349713E-03 9.51055113131768E-03 9.50886526590256E-03 0 0 0 0 0 0 0 0 0 0 0 0 0 0 0 0 0 0 0 0 0 0 0 0 0 0 0 0
8.76771615668329E-03 8.85109475009057E-03 8.92919469536023E-03 9.00194496919587E-03 9.06931252730233E-03 9.13130364471258E-03 9.18794168890993E-03 9.23927911965585E-03 9.28541520903576E-03 9.32649147703754E-03 9.36270350146026E-03 9.39429393435082E-03 9.42157033494915E-03 9.44488503683245E-03 9.46461344569607E-03 9.48111928837364E-03 0.009494786652304 9.5060031112565E-03 9.51510081675545E-03 9.52236025425462E-03 9.52800748053111E-03 9.53222442615331E-03 9.5351520226166E-03 9.5369067346728E-03 9.53759363550184E-03 9.5373268664396E-03 9.53623823983861E-03 9.53447854546087E-03 9.53224107744507E-03 9.52975953662323E-03 9.52726732010725E-03 9.52504269506982E-03 9.52347118663813E-03 9.5147209349713E-03 0 0 0 0 0 0 0 0 0 0 0 0 0 0 0 0 0 0 0 0 0 0 0 0 0 0 0 0 0 0
8.8393315120112E-03 8.91837104925398E-03 8.99199968183832E-03 9.06020345518547E-03 9.12300285678858E-03 9.18044411609095E-03 9.23260244001086E-03 9.27958278864965E-03 9.32153456237633E-03 9.35863855663166E-03 9.39112603163663E-03 9.41926636823672E-03 9.44338509043108E-03 9.46384581457594E-03 9.48102384082418E-03 9.49528097321976E-03 9.50698637746158E-03 9.51650359864187E-03 9.5241346410119E-03 9.53013066169459E-03 9.53469263369368E-03 9.5379810151024E-03 9.54011801808765E-03 9.54120451278626E-03 9.54133506212608E-03 9.54061516314586E-03 9.53916544422867E-03 9.53712004657741E-03 9.53466982237997E-03 9.53208124985536E-03 9.52963866592533E-03 9.5278102589597E-03 9.5275647650791E-03 0 0 0 0 0 0 0 0 0 0 0 0 0 0 0 0 0 0 0 0 0 0 0 0 0 0 0 0 0 0 0
8.90668978952344E-03 8.98130624524266E-03 9.05042974524895E-03 9.11409920614506E-03 9.17238588792541E-03 9.22537994000447E-03 9.27320804804402E-03 9.31602087710615E-03 9.35400994345732E-03 9.38738898239387E-03 9.41641723998448E-03 9.44138287245085E-03 9.46262106947028E-03 9.48049791948421E-03 9.49538263529109E-03 9.50763217405811E-03 9.5175967143967E-03 9.5256124145984E-03 9.53195287524454E-03 9.53684426960545E-03 9.54046613000542E-03 9.54295937151982E-03 9.54442935354935E-03 9.5449644633818E-03 9.54465057596396E-03 9.54358350785892E-03 9.54186865463494E-03 9.53961592250331E-03 9.53700008700076E-03 9.53429902202663E-03 9.53174655792519E-03 9.52953236386547E-03 9.5275647650791E-03 0 0 0 0 0 0 0 0 0 0 0 0 0 0 0 0 0 0 0 0 0 0 0 0 0 0 0 0 0 0 0
8.96975579473329E-03 9.03991690726321E-03 9.10455111397832E-03 9.16374743897044E-03 9.21762768227738E-03 9.2663267569205E-03 9.31001278478872E-03 9.34887663569676E-03 9.38314474687086E-03 9.41305759419111E-03 9.43889282062054E-03 9.46095094360906E-03 9.47957021855264E-03 9.49511245873781E-03 9.50793736911205E-03 9.5183946497102E-03 9.52681464867543E-03 9.53350326756808E-03 9.53870964568395E-03 9.54263819308956E-03 9.54544921344329E-03 9.54726595007723E-03 9.5481803006524E-03 9.54827063534032E-03 9.54761465593749E-03 9.54629665498913E-03 9.54440184839076E-03 9.54201321842536E-03 9.53929012479379E-03 9.53651000279865E-03 9.53387653383621E-03 9.52953236386547E-03 0 0 0 0 0 0 0 0 0 0 0 0 0 0 0 0 0 0 0 0 0 0 0 0 0 0 0 0 0 0 0 0
9.02859174586907E-03 9.09431381465545E-03 0.00915451850701 9.20934540534467E-03 9.25896407764634E-03 9.30354714006502E-03 9.34329752750697E-03 9.3784416429514E-03 9.40923465247328E-03 9.4359362834767E-03 9.45883551136311E-03 9.47824000149753E-03 9.49448560843279E-03 9.50792576654954E-03 9.51890759758214E-03 9.52776907374649E-03 9.53481889333586E-03 9.54033616885921E-03 9.54454924791332E-03 9.54764224500093E-03 9.54975756479146E-03 9.5510033993276E-03 9.55146126914975E-03 9.55120169018358E-03 9.55029562480358E-03 9.54881465281486E-03 9.54681342203111E-03 9.54433602632613E-03 9.54156772981359E-03 9.53879913242217E-03 9.53387653383621E-03 0 0 0 0 0 0 0 0 0 0 0 0 0 0 0 0 0 0 0 0 0 0 0 0 0 0 0 0 0 0 0 0 0
9.08331516267066E-03 9.14465800463518E-03 9.20053388373296E-03 9.25113096832219E-03 9.29665865480823E-03 9.33731983850916E-03 9.37335043741614E-03 9.40500741504953E-03 9.43256837851513E-03 9.45630449159534E-03 9.47651166537963E-03 9.49350012541178E-03 9.50759866665196E-03 9.51914911546533E-03 9.5284833024234E-03 9.53592516640556E-03 9.54176318079285E-03 9.54625197208283E-03 9.54959972993323E-03 9.55197228436981E-03 9.55349651861659E-03 9.5542678297504E-03 9.55435878783073E-03 9.55383477020767E-03 9.55276485469972E-03 9.55121609979622E-03 9.5492052368934E-03 9.54665606315823E-03 9.54389241347916E-03 9.53879913242217E-03 0 0 0 0 0 0 0 0 0 0 0 0 0 0 0 0 0 0 0 0 0 0 0 0 0 0 0 0 0 0 0 0 0 0
9.13408622925456E-03 9.19114354025325E-03 9.24282174578091E-03 9.28935027479629E-03 9.33097117711833E-03 9.36791581376122E-03 9.40044967367028E-03 9.42885346526857E-03 9.45341979772033E-03 9.47442703714377E-03 9.49217379017031E-03 9.5069680545033E-03 9.51912806814758E-03 9.52898182091467E-03 9.53684488032282E-03 9.54302551146699E-03 9.54779251349238E-03 9.55137908641475E-03 0.009553974965884 9.55572973424427E-03 9.55675703051491E-03 9.5571409301518E-03 9.55694564938229E-03 9.55623422713146E-03 9.5550836672073E-03 9.55358851234696E-03 9.55176453952482E-03 9.54903413914424E-03 9.54389241347916E-03 0 0 0 0 0 0 0 0 0 0 0 0 0 0 0 0 0 0 0 0 0 0 0 0 0 0 0 0 0 0 0 0 0 0 0
9.18109368185056E-03 9.23398517526503E-03 9.28161637857794E-03 9.32425121407781E-03 9.36216101185822E-03 9.3956034210762E-03 9.42486660462072E-03 9.45024886098953E-03 9.47205118959923E-03 9.49055546831929E-03 9.50605786980959E-03 9.51886093774841E-03 9.52927063125705E-03 9.5375999621648E-03 9.54414877982602E-03 9.54920869508528E-03 9.55303013259255E-03 9.5558266826752E-03 9.55777133495574E-03 9.55899932245412E-03 9.55961280298462E-03 9.55968661803723E-03 9.55927844728032E-03 9.55844917648182E-03 9.55729034822634E-03 9.55600066681822E-03 9.55501954783993E-03 9.54903413914424E-03 0 0 0 0 0 0 0 0 0 0 0 0 0 0 0 0 0 0 0 0 0 0 0 0 0 0 0 0 0 0 0 0 0 0 0 0
9.22455648851055E-03 9.27342018172869E-03 9.31716778161925E-03 9.35609225397757E-03 9.39049035127565E-03 9.42064385964273E-03 9.44685784844683E-03 9.46944107815645E-03 9.48869708157522E-03 9.50490901167549E-03 9.51836709312146E-03 9.52936464457594E-03 9.53819452745281E-03 9.54515527033917E-03 9.55053147139923E-03 9.55459717333037E-03 9.55758496589646E-03 9.55969106364949E-03 9.56107344944705E-03 9.56185471793801E-03 9.56212749555742E-03 9.56196012024599E-03 9.56140638921739E-03 9.5605201385832E-03 9.5593716918276E-03 9.55818049658229E-03 9.55800240560782E-03 0 0 0 0 0 0 0 0 0 0 0 0 0 0 0 0 0 0 0 0 0 0 0 0 0 0 0 0 0 0 0 0 0 0 0 0 0
9.26470147566709E-03 9.30968695460182E-03 9.34972185709055E-03 9.38512335821388E-03 9.4162094596161E-03 9.44328327330185E-03 9.46666055055797E-03 9.48665509794039E-03 9.50356853265835E-03 9.51768278535929E-03 9.52927879232941E-03 9.5386386273676E-03 9.54604338841256E-03 9.5517768077553E-03 9.55610822510061E-03 9.55929342588183E-03 9.56154845862903E-03 9.56305360697717E-03 9.56395292081979E-03 9.56435796608975E-03 9.56435388968833E-03 9.56400655473319E-03 9.5633733690761E-03 9.56250661937125E-03 9.5613867994268E-03 9.55959499300725E-03 9.55800240560782E-03 0 0 0 0 0 0 0 0 0 0 0 0 0 0 0 0 0 0 0 0 0 0 0 0 0 0 0 0 0 0 0 0 0 0 0 0 0
9.30174966337686E-03 9.34301078047263E-03 9.37950395795974E-03 9.41156781648743E-03 9.43953826672391E-03 9.46373404213461E-03 9.48447646739859E-03 9.50208096697321E-03 9.51684382203437E-03 9.52904093778619E-03 9.53894201039549E-03 9.54681905290528E-03 9.55294135366056E-03 9.55757723048921E-03 9.56098017275842E-03 9.56338821051606E-03 9.56500177061792E-03 9.5659862185628E-03 9.5664729669246E-03 9.56656399449214E-03 9.56633852930837E-03 9.56586446445576E-03 9.5652186799413E-03 9.56451343767641E-03 9.56391351990804E-03 9.55959499300725E-03 0 0 0 0 0 0 0 0 0 0 0 0 0 0 0 0 0 0 0 0 0 0 0 0 0 0 0 0 0 0 0 0 0 0 0 0 0 0
9.33590638299839E-03 9.37359922548828E-03 9.40672224114978E-03 9.43563145673833E-03 9.46067650412285E-03 9.48218672578696E-03 9.50048528412413E-03 9.51588565394939E-03 0.00952867551192 9.53912156855362E-03 9.54748321571416E-03 9.55402263649033E-03 9.55899536359006E-03 9.56265378446826E-03 9.56523541212337E-03 9.56696114953015E-03 9.56801597762365E-03 9.56855151016312E-03 9.56868830269513E-03 9.56852070772869E-03 9.56812394898052E-03 9.56756891835691E-03 9.56695312105228E-03 9.5664509137566E-03 9.5663060239119E-03 0 0 0 0 0 0 0 0 0 0 0 0 0 0 0 0 0 0 0 0 0 0 0 0 0 0 0 0 0 0 0 0 0 0 0 0 0 0 0
9.36734692083059E-03 9.40162775792294E-03 9.43154996719592E-03 9.45748401048564E-03 0.009479789358379 9.49880128341802E-03 9.51484061456692E-03 9.52821393584418E-03 9.53919795960736E-03 9.54805006502819E-03 9.55501954616878E-03 9.56035679011058E-03 9.56430243305371E-03 9.56709336468886E-03 9.56895159534531E-03 9.57008096113268E-03 9.57065122212791E-03 9.57080183737015E-03 9.57064437088042E-03 9.57026774385679E-03 9.5697459782658E-03 9.56915289699226E-03 9.56859305856141E-03 9.56821725897365E-03 9.5663060239119E-03 0 0 0 0 0 0 0 0 0 0 0 0 0 0 0 0 0 0 0 0 0 0 0 0 0 0 0 0 0 0 0 0 0 0 0 0 0 0 0
9.39622802986975E-03 9.42725408879904E-03 9.45414503767646E-03 9.47728206143795E-03 9.49702945371743E-03 9.51372412373057E-03 9.52768046900567E-03 9.53919452599028E-03 9.54853173570983E-03 9.55593931262477E-03 9.56165491284459E-03 9.56591532670799E-03 9.5689470253808E-03 9.5709712355731E-03 9.57219467526251E-03 9.57280438178326E-03 9.57295625237089E-03 9.5727790375495E-03 9.57237675566198E-03 9.57183466044192E-03 9.57122787465784E-03 9.57063846209249E-03 9.57019501244232E-03 9.57007637406648E-03 0 0 0 0 0 0 0 0 0 0 0 0 0 0 0 0 0 0 0 0 0 0 0 0 0 0 0 0 0 0 0 0 0 0 0 0 0 0 0 0
