NongDo/Fusa 10.2h.grd
DSAA
463	323
2	464
2	324
0	10
[rows 140 to 167 of 323, columns 63 to 125 of 463]
0 0 0 0 0 0 0 0 0 0 0 0 0 0 0 0 0 0 0 0 0 0 0 0 0 0 0 0 0 0 0 0 0 0 0 0 0 9.60985731526494E-58 1.05061790960593E-57 1.58335463713092E-57 2.51873936493844E-57 4.06274625382104E-57 6.60234966348745E-57 1.07967602984603E-56 1.77540465959634E-56 2.9341198580001E-56 4.8725575752071E-56 8.12204306907946E-56 1.35785980640692E-55 2.27442097937472E-55 3.81455427781552E-55 6.39785580985741E-55 1.07181526652468E-54 1.79142004205307E-54 2.98421793500836E-54 4.94983132861504E-54 8.16581758665556E-54 1.33846090819743E-53 2.1772359465679E-53 3.51349123675185E-53 5.62261557639746E-53 8.92269138525237E-53 1.40395440665237E-52
0 0 0 0 0 0 0 0 0 0 0 0 0 0 0 0 0 0 0 0 0 0 0 0 0 0 0 0 0 0 0 0 0 0 0 0 9.06379199977148E-57 3.03767599277341E-57 4.37403613702325E-57 6.82532771101738E-57 1.08828338504633E-56 1.75307281035373E-56 2.8453383786147E-56 4.64889949382785E-56 7.6407203202582E-56 1.26251058717529E-55 2.09682399302793E-55 3.49619890619022E-55 5.84715628183624E-55 9.79728800828597E-55 1.6435134517552E-54 2.75654031643555E-54 4.61649630159113E-54 7.71139708088755E-54 1.28347166974814E-53 2.12643492754449E-53 3.50301410838763E-53 5.7326121409757E-53 9.30947324700515E-53 1.49992006292617E-52 2.39691448374345E-52 3.79926686505798E-52 5.9727411090095E-52
0 0 0 0 0 0 0 0 0 0 0 0 0 0 0 0 0 0 0 0 0 0 0 0 0 0 0 0 0 0 0 0 0 0 0 2.43790568526187E-56 9.06379199977148E-57 1.20468083148957E-56 1.85129450985816E-56 2.91847337595846E-56 4.65798883203771E-56 7.50315953343954E-56 1.21773517813799E-55 1.98938644968988E-55 3.26969444035194E-55 5.40392173345787E-55 8.97846430138221E-55 1.49754845357508E-54 2.50520150725219E-54 4.19842265260084E-54 7.04289155435954E-54 1.18086660390492E-53 1.97625666824599E-53 3.29785999094559E-53 5.48197490060846E-53 9.06909929199249E-53 1.49143679051183E-52 2.43607563767108E-52 3.94858607384911E-52 6.35133692089173E-52 1.01357039339209E-51 1.60481410390772E-51 2.5209647181484E-51
0 0 0 0 0 0 0 0 0 0 0 0 0 0 0 0 0 0 0 0 0 0 0 0 0 0 0 0 0 0 0 0 0 0 6.64193289260889E-56 2.43790568526187E-56 3.23196508591758E-56 4.96383435761176E-56 7.79182523474645E-56 1.23530287783444E-55 1.97645689584705E-55 3.18792850999714E-55 5.17849153168715E-55 8.46501691736318E-55 1.39204326798362E-54 2.30199313729654E-54 3.82648789553955E-54 6.38419126359774E-54 1.06808441834035E-53 1.78982723605791E-53 3.0011733383481E-53 5.02803229375432E-53 8.40484156473898E-53 1.40051364520788E-52 2.32410161845741E-52 3.83767614185962E-52 6.29830390004586E-52 1.02658944860046E-51 1.66078943427429E-51 2.66705307627946E-51 4.25079451131645E-51 6.72405502946736E-51 1.05567612765758E-50
0 0 0 0 0 0 0 0 0 0 0 0 0 0 0 0 0 0 0 0 0 0 0 0 0 0 0 0 0 0 0 0 0 2.18602222389975E-55 6.64193289260889E-56 8.5697256234293E-56 1.30942318765109E-55 2.05877034786524E-55 3.25889114563588E-55 5.19119807656202E-55 8.33118620337011E-55 1.34643124781296E-54 2.19027769849679E-54 3.58425270515378E-54 5.89993664543174E-54 9.7636755014615E-54 1.62364067857949E-53 2.70926494330295E-53 4.53187820359992E-53 7.59046586055879E-53 1.27155611848554E-52 2.12744326264785E-52 3.55016355622661E-52 5.90448000475439E-52 9.77770189769559E-52 1.61086695999087E-51 2.63747777441205E-51 4.28964316565048E-51 6.92696590954361E-51 1.11069503585445E-50 1.76819501009861E-50 2.79492715188706E-50 4.38654086076405E-50
0 0 0 0 0 0 0 0 0 0 0 0 0 0 0 0 0 0 0 0 0 0 0 0 0 0 0 0 0 0 0 3.20378021111786E-55 4.45738604722315E-55 2.18602222389975E-55 2.34797090494099E-55 3.47582917138875E-55 5.42928314569344E-55 8.57104836574563E-55 1.36110700380828E-54 2.17468892655302E-54 3.49847522308864E-54 5.66427821234313E-54 9.22720367634925E-54 1.51162108081815E-53 2.49028740112267E-53 4.1234333131279E-53 6.85786013351138E-53 1.14403190064517E-52 1.91244626673995E-52 3.19998257634719E-52 5.35297257683643E-52 8.93982788502538E-52 1.48875096731019E-51 2.47049792275658E-51 4.08151232015991E-51 6.70814272760512E-51 1.09582157020068E-50 1.77861339654426E-50 2.86729450853473E-50 4.59134831408389E-50 7.30196885346944E-50 1.15343337190447E-49 1.80957751345733E-49
0 0 0 0 0 0 0 0 0 0 0 0 0 0 0 0 0 0 0 0 0 0 0 0 0 0 0 0 0 0 8.88344981552693E-55 3.20378021111786E-55 4.45738604722315E-55 6.1754705806828E-55 9.31354282188119E-55 1.44455759621209E-54 2.26475913250896E-54 3.57618378348492E-54 5.68464724635896E-54 9.09554151734096E-54 1.46532672667747E-53 2.37561922393613E-53 3.87441703684574E-53 6.35289080549602E-53 1.047262862022E-52 1.73440646304053E-52 2.88356009906838E-52 4.80693615139963E-52 8.02652560514643E-52 1.34094555908621E-51 2.23868207485471E-51 3.73049694128584E-51 6.19777622552484E-51 1.02591058574831E-50 1.69059737869206E-50 2.77182603591281E-50 4.51807680699175E-50 7.31949154322333E-50 1.17823191675568E-49 1.88447212037967E-49 2.99438790948078E-49 4.72688403675845E-49 7.41232931611122E-49
0 0 0 0 0 0 0 0 0 0 0 0 0 0 0 0 0 0 0 0 0 0 0 0 0 0 0 0 0 3.07631638795873E-54 8.88344981552693E-55 1.10754073171356E-54 1.64358674610027E-54 2.51301331003836E-54 3.88221172355306E-54 6.03814459617268E-54 9.45840531271889E-54 1.4925373821895E-53 2.37265501919149E-53 3.79824123967494E-53 6.1235640153072E-53 9.93507303644756E-53 1.62138410468723E-52 2.65984207707279E-52 4.3857378845231E-52 7.26231520826523E-52 1.20662252532361E-51 2.00926218088302E-51 3.34988976677645E-51 5.58568835594886E-51 9.30379874237583E-51 1.54646410591119E-50 2.56251233388019E-50 4.23039785065552E-50 6.95320295868941E-50 1.13725227876742E-49 1.84972843794366E-49 2.99116486059309E-49 4.8078938330021E-49 7.680852180764E-49 1.21936284042231E-48 1.92348743209754E-48 3.01456684769431E-48
0 0 0 0 0 0 0 0 0 0 0 0 0 0 0 0 0 0 0 0 0 0 0 0 0 0 0 0 0 3.07631638795873E-54 3.20537348715629E-54 4.56652217671221E-54 6.89233193982511E-54 1.05517540919534E-53 1.6262247681378E-53 2.52412871698966E-53 3.94807366855753E-53 6.22443835102212E-53 9.89113512945753E-53 1.58345212468319E-52 2.55347648775057E-52 4.14372300538513E-52 6.76340377785487E-52 1.10957323458354E-51 1.82929536713237E-51 3.02749259530532E-51 5.02492695309701E-51 8.35504442178835E-51 1.39029510685144E-50 2.31292450257034E-50 3.8424643697822E-50 6.36904767222071E-50 1.05235651995293E-49 1.73250294872226E-49 2.84013230162904E-49 4.63397621074518E-49 7.52091966682916E-49 1.21399571926237E-48 1.94848447330809E-48 3.10909978502212E-48 4.9310369832073E-48 7.77217087442037E-48 1.21724980473525E-47
0 0 0 0 0 0 0 0 0 0 0 0 0 0 0 0 0 0 0 0 0 0 0 0 0 0 0 0 3.72803398664399E-53 9.72837955442595E-54 1.30499452125766E-53 1.91986913043093E-53 2.90072064818245E-53 4.42556310879929E-53 6.80046933430239E-53 1.0534363655563E-52 1.64564431144923E-52 2.59235996410849E-52 4.11748401156815E-52 6.58995083949072E-52 1.062512336519E-51 1.72383868222746E-51 2.81276622664252E-51 4.61252588679631E-51 7.59939156896118E-51 1.25642002684317E-50 2.08228495200234E-50 3.45569632666146E-50 5.73722696354879E-50 9.51978817134488E-50 1.57701030118152E-49 2.60615739211979E-49 4.29340480789989E-49 7.04819334513938E-49 1.15236788573543E-48 1.87564739667691E-48 3.03770313909448E-48 4.89444194650793E-48 7.84379912653893E-48 1.25000357141165E-47 1.98036276219556E-47 3.11845976850741E-47 4.87996033649367E-47
0 0 0 0 0 0 0 0 0 0 0 0 0 0 0 0 0 0 0 0 0 0 0 0 0 0 0 0 3.72803398664399E-53 3.86744725077356E-53 5.43982227711481E-53 8.06344365420778E-53 1.21543005418968E-52 1.84872781954209E-52 2.83519058753809E-52 4.38599025848282E-52 6.84575419513367E-52 1.07773487485938E-51 1.71100290999269E-51 2.7373021278354E-51 4.41131387319903E-51 7.15267810376635E-51 1.16624313306317E-50 1.91077891269855E-50 3.14444164187177E-50 5.19074714521201E-50 8.5857899099582E-50 1.4215820951333E-49 2.35391851654757E-49 3.89450616501684E-49 6.43150594495241E-49 1.05954628863515E-48 1.74021693971795E-48 2.84856751144396E-48 4.64492030903298E-48 7.54205000882053E-48 1.21890366735138E-47 1.96034843231883E-47 3.13672338337549E-47 4.99189728558193E-47 7.89903903211886E-47 1.24250129375763E-46 1.94241018878872E-46
0 0 0 0 0 0 0 0 0 0 0 0 0 0 0 0 0 0 0 0 0 0 0 0 0 0 0 4.56894372633395E-52 1.1874772377081E-52 1.56770689623389E-52 2.27110430531638E-52 3.37429872054092E-52 5.07439654696753E-52 7.69868885142854E-52 1.17873503120153E-51 1.82169491759743E-51 2.84161597170379E-51 4.47146802268582E-51 7.09522561829319E-51 1.13444926732741E-50 1.82677801255431E-50 2.959146477527E-50 4.819331938876E-50 7.88541805983026E-50 1.29548591284838E-49 2.13423531005062E-49 3.52176625778865E-49 5.81550475815592E-49 9.60124811931968E-49 1.5835360157908E-48 2.60670534695613E-48 4.2806744059168E-48 7.00920450400325E-48 1.14403681123918E-47 1.86051973117394E-47 3.0136498452939E-47 4.86004995611337E-47 7.80154679654271E-47 1.24622166851806E-46 1.98030110017688E-46 3.12929883657507E-46 4.91612235679003E-46 7.67637242147089E-46
0 0 0 0 0 0 0 0 0 0 0 0 0 0 0 0 0 0 0 0 0 0 0 0 0 0 0 4.56894372633395E-52 4.71981463010798E-52 6.51837096285631E-52 9.49337790001821E-52 1.40763555190367E-51 2.11028253963965E-51 3.19430998943977E-51 4.88481718380559E-51 7.54469422933334E-51 1.1764992213561E-50 1.85065635888143E-50 2.93510784461457E-50 4.68920734017213E-50 7.54246074696885E-50 1.22021876545234E-49 1.98430839323991E-49 3.24090016798609E-49 5.31286608828014E-49 8.73119905287112E-49 1.43679823714233E-48 2.36544861867154E-48 3.89274235735243E-48 6.39912311746227E-48 1.0499018591003E-47 1.7186061457545E-47 2.80553508568914E-47 4.56605936387239E-47 7.40592137021237E-47 1.19669273878739E-46 1.92567784895473E-46 3.08506452587068E-46 4.91925764911716E-46 7.80409354817831E-46 1.23134004171986E-45 1.93165940693782E-45 3.01212885784823E-45
0 0 0 0 0 0 0 0 0 0 0 0 0 0 0 0 0 0 0 0 0 0 0 0 0 0 5.61623012355853E-51 1.47171936762048E-51 1.91289917212647E-51 2.71165373975055E-51 3.95273342199243E-51 5.84503815558549E-51 8.73920316519148E-51 1.3203024439611E-50 2.01710977242879E-50 3.11406859799811E-50 4.85453753272659E-50 7.63343973179681E-50 1.20992689541753E-49 1.93127014496058E-49 3.10247602635184E-49 5.01139390987191E-49 8.1343850222337E-49 1.32572085900952E-48 2.16789904671824E-48 3.55284947984316E-48 5.82871837741791E-48 9.56497154867138E-48 1.56880088265066E-47 2.5701565531113E-47 4.2027713876171E-47 6.85754149088742E-47 1.11607197253357E-46 1.81125756765127E-46 2.92997712490693E-46 4.72279371896177E-46 7.58264072415663E-46 1.21227248782852E-45 1.92932157368701E-45 3.05528136175638E-45 4.8125497587735E-45 7.53757443920729E-45 1.17357800369697E-44
0 0 0 0 0 0 0 0 0 0 0 0 0 0 0 0 0 0 0 0 0 0 0 0 0 0 5.61623012355853E-51 5.78521553972816E-51 7.87413725885465E-51 1.1253770749471E-50 1.63789972312322E-50 2.41488537586858E-50 3.60154171543438E-50 5.43322459148655E-50 8.29636097073672E-50 1.28047888257796E-49 1.99559403832716E-49 3.13665200837638E-49 4.96819391782132E-49 7.92206738282895E-49 1.27080903657869E-48 2.04894355800969E-48 3.31846852764049E-48 5.39517891669544E-48 8.79811372361818E-48 1.43741986903137E-47 2.35038241906195E-47 3.84390141230947E-47 6.2829927525212E-47 1.02581090461564E-46 1.67183139724054E-46 2.71923586155189E-46 4.41238338170349E-46 7.1406966958763E-46 1.15206730989198E-45 1.85239130993676E-45 2.96719936921221E-45 4.73356903283558E-45 7.51816729074838E-45 1.18828121006528E-44 1.86828257243756E-44 2.92101237857577E-44 4.54028715570428E-44
0 0 0 0 0 0 0 0 0 0 0 0 0 0 0 0 0 0 0 0 0 0 0 0 0 6.93507458780149E-50 1.80786315586179E-50 2.32155853990343E-50 3.24600002915633E-50 4.64935910865895E-50 6.75133626600131E-50 9.92688315640354E-50 1.47743603377212E-49 2.22639688046785E-49 3.39850660764725E-49 5.24467913506786E-49 8.17145838006926E-49 1.28374013671721E-48 2.03141355737653E-48 3.23508379035665E-48 5.18046166969338E-48 8.3349924843377E-48 1.34658628238901E-47 2.18327768123784E-47 3.54923482577733E-47 5.77912969561625E-47 9.41675017697372E-47 1.53465499059241E-46 2.49979196134274E-46 4.06754168700967E-46 6.60781784861495E-46 1.07147208474488E-45 1.73359882695635E-45 2.79781462953582E-45 4.50215162205671E-45 7.22091358962935E-45 1.15393094547832E-44 1.8367325871054E-44 2.91091687504625E-44 4.5912691583482E-44 7.20422993175865E-44 1.12420422988219E-43 1.74420950572895E-43
0 0 0 0 0 0 0 0 0 0 0 0 0 0 0 0 0 0 0 0 0 0 0 0 0 6.93507458780149E-50 7.12622100050138E-50 9.53280950305803E-50 1.33757930628432E-49 1.91137477356607E-49 2.76745816548547E-49 4.05878287502008E-49 6.02977288737231E-49 9.0802260054789E-49 1.38593927616201E-48 2.13860314208232E-48 3.33108730818293E-48 5.22942165149828E-48 8.26518887938503E-48 1.31413660837909E-47 2.10003238111793E-47 3.37105857392696E-47 5.4318682119258E-47 8.78016413544642E-47 1.42242516192436E-46 2.3079144326284E-46 3.74721776449582E-46 6.08536667117866E-46 9.87841115371029E-46 1.60211854214133E-45 2.59471088913952E-45 4.1950319817489E-45 6.76837057755218E-45 1.08937912549399E-44 1.74844721447862E-44 2.79732437121639E-44 4.45956016201027E-44 7.08180647660304E-44 1.11978276778639E-43 1.76227065920095E-43 2.75928787678907E-43 4.29698337844747E-43 6.65371093391216E-43
0 0 0 0 0 0 0 0 0 0 0 0 0 0 0 0 0 0 0 0 0 0 0 0 7.49248531371707E-49 2.23139050452717E-49 2.8433024156498E-49 3.89426169552555E-49 5.46826697880312E-49 7.79759091231741E-49 1.12688393033578E-48 1.65015928940439E-48 2.44887993900506E-48 3.68568171573266E-48 5.62209768234352E-48 8.66907417879462E-48 1.34910161527324E-47 2.11547663101625E-47 3.33874334053698E-47 5.29913731435167E-47 8.45068909244669E-47 1.35334484249281E-46 2.17485622937804E-46 3.50491522114072E-46 5.65967031374868E-46 9.15198818894481E-46 1.4809210092787E-45 2.39689743603242E-45 3.87815125367027E-45 6.2699327863133E-45 1.01239891159789E-44 1.63208987993525E-44 2.62592948442586E-44 4.215091527288E-44 6.7475662835068E-44 1.07680903133442E-43 1.71244931493579E-43 2.71282413364457E-43 4.27938845620067E-43 6.71920328168946E-43 1.04971648809298E-42 1.63118251535063E-42 2.52058072657968E-42
0 0 0 0 0 0 0 0 0 0 0 0 0 0 0 0 0 0 0 0 0 0 0 2.27651556152774E-48 7.49248531371707E-49 8.5692604674645E-49 1.1427737410362E-48 1.57754554975889E-48 2.2148280627356E-48 3.15485491533221E-48 4.55598803889787E-48 6.66912700642292E-48 9.89560737856638E-48 1.48832787797028E-47 2.26730184093116E-47 3.49120479696333E-47 5.42485220338203E-47 8.49296026259899E-47 1.33814394520893E-46 2.11992054276575E-46 3.37374707617277E-46 5.39015507218645E-46 8.63919266867876E-46 1.38826086725549E-45 2.23495783474157E-45 3.60276840772894E-45 5.81145405800562E-45 9.37622175940097E-45 1.51233414854912E-44 2.43763817849795E-44 3.92449959317044E-44 6.30868883283268E-44 1.01221701621486E-43 1.62041782306915E-43 2.58718414764961E-43 4.11818280339593E-43 6.53269310062183E-43 1.03233050762581E-42 1.62449273533329E-42 2.54461422131118E-42 3.96620883661593E-42 6.14941687609509E-42 9.48180202993396E-42
0 0 0 0 0 0 0 0 0 0 0 0 0 0 0 0 0 0 0 0 0 0 7.04853932012004E-48 2.27651556152774E-48 2.57245562414622E-48 3.36905070514473E-48 4.5844901828412E-48 6.3430237610268E-48 8.9024804519012E-48 1.26741439734398E-47 1.82980552745632E-47 2.67804511729989E-47 3.97254914346983E-47 5.97050435163429E-47 9.08322880923779E-47 1.39634356522799E-46 2.1658335657166E-46 3.38444851985809E-46 5.32243956025238E-46 8.41513201485695E-46 1.33633937335379E-45 2.12997865903893E-45 3.40509744781381E-45 5.45674166210762E-45 8.75957407717026E-45 1.40788371378939E-44 2.26419052829234E-44 3.64206292083288E-44 5.85692780204146E-44 9.41275723501812E-44 1.51106391124951E-43 2.42222914201744E-43 3.87573223387575E-43 6.1878155073291E-43 9.85354244536452E-43 1.56439634784628E-42 2.47529400993989E-42 3.90176212662638E-42 6.12468094485191E-42 9.57051094710121E-42 1.4882105673033E-41 2.30211497634092E-41 3.54176785644347E-41
0 0 0 0 0 0 0 0 0 0 0 0 0 0 0 0 0 0 0 0 0 2.39536577100879E-47 7.04853932012004E-48 7.82106288339151E-48 1.00647564000735E-47 1.34687177387311E-47 1.83464991803621E-47 2.53544404947145E-47 3.55535189153747E-47 5.05907366054338E-47 7.30241450904743E-47 1.06857434645665E-46 1.58457691975567E-46 2.37940746437032E-46 3.6144225374079E-46 5.54600017934973E-46 8.58458153300351E-46 1.33872381565998E-45 2.10099692940668E-45 3.31468145013986E-45 5.25184026455377E-45 8.35078612231843E-45 1.33162928592459E-44 2.12828474055499E-44 3.4070521564256E-44 5.46048431725222E-44 8.75640511786276E-44 1.40444869723995E-43 2.25206021038082E-43 3.60901526608101E-43 5.77735988169332E-43 9.2354344976815E-43 1.47370717797195E-42 2.34655154927448E-42 3.72683189261043E-42 5.9015749822833E-42 9.31401386756032E-42 1.46444197215575E-41 2.29303119781638E-41 3.57432578638842E-41 5.5447235716119E-41 8.55722236259893E-41 1.31354700709248E-40
0 0 0 0 0 0 0 0 0 0 0 0 0 0 0 0 0 0 0 0 0 2.39536577100879E-47 2.43211299730525E-47 3.06012461101467E-47 4.0208532840336E-47 5.38231284136224E-47 7.31389717478049E-47 1.00875332033943E-46 1.41278889922981E-46 2.0087181214713E-46 2.89781351415022E-46 4.23808762407439E-46 6.279940330891E-46 9.41913691324417E-46 1.42844329548838E-45 2.18747520342481E-45 3.37865617753729E-45 5.25721017669193E-45 8.23209203118497E-45 1.29573247125244E-44 2.04805463614877E-44 3.24847357565882E-44 5.16680743611349E-44 8.23606323630159E-44 1.31490133814146E-43 2.10159889952822E-43 3.3607275028751E-43 5.37524586973043E-43 8.59526407075093E-43 1.37360474571639E-42 2.19282835942892E-42 3.49581874762831E-42 5.56330532121795E-42 8.83481904549817E-42 1.39948813525966E-41 2.21042378698549E-41 3.47965500640629E-41 5.45727410105992E-41 8.52378293103514E-41 1.32541582090802E-40 2.05113771136254E-40 3.15811694714226E-40 4.83657724268617E-40
0 0 0 0 0 0 0 0 0 0 0 0 0 0 0 0 0 0 0 0 2.83913346033417E-46 7.94233942915597E-47 9.52487397937322E-47 1.22298644040644E-46 1.60670878682735E-46 2.14358164918612E-46 2.90389599809326E-46 3.99648246784352E-46 5.58905174627413E-46 7.93702059179975E-46 1.14382532353343E-45 1.67122323038327E-45 2.47367971346187E-45 3.70462394104875E-45 5.60742984811731E-45 8.56856355209313E-45 1.32039212047125E-44 2.04963314900164E-44 3.20154058453697E-44 5.02654659072186E-44 7.92473627281024E-44 1.25370337381522E-43 1.98881463394709E-43 3.16181429958566E-43 5.03438626707795E-43 8.02469275351934E-43 1.27975596779569E-42 2.04130812760523E-42 3.25527024039406E-42 5.18814389053406E-42 8.26005717967576E-42 1.31330733718914E-41 2.08448448031555E-41 3.30160048747554E-41 5.21638576273824E-41 8.21794731637111E-41 1.29039614263342E-40 2.01871429370675E-40 3.14527548595192E-40 4.8788859440948E-40 7.5321983468006E-40 1.15698559612123E-39 1.76772872550003E-39
0 0 0 0 0 0 0 0 0 0 0 0 0 0 0 0 0 0 0 9.64926213167486E-46 2.83913346033417E-46 3.04007586857593E-46 3.78476533260197E-46 4.88198974054595E-46 6.39867019992078E-46 8.50946506477522E-46 1.14949150143434E-45 1.57828699718066E-45 2.20284526308738E-45 3.12274367689951E-45 4.49287592367267E-45 6.55396290437903E-45 9.68442242451393E-45 1.44758366827027E-44 2.18644557519371E-44 3.33332769941334E-44 5.12390127372324E-44 7.93337612389476E-44 1.23588089317414E-43 1.93509113932334E-43 3.04243363034186E-43 4.79995572577354E-43 7.59355964754928E-43 1.20394038334215E-42 1.91179748079068E-42 3.03918634178022E-42 4.83382063088868E-42 7.68971367042856E-42 1.2230076992889E-41 1.94403236951879E-41 3.08696767426994E-41 4.89533018565096E-41 7.7497504340797E-41 1.22432116056144E-40 1.92943826444383E-40 3.03197426484733E-40 4.7489305410909E-40 7.41088431986031E-40 1.15183604289666E-39 1.7823875258218E-39 2.74512835438245E-39 4.2066253116255E-39 6.41180702140427E-39
0 0 0 0 0 0 0 0 0 0 0 0 0 0 0 0 0 0 0 9.64926213167486E-46 9.73507692580175E-46 1.1868769688082E-45 1.50556596637777E-45 1.94221705055305E-45 2.53890275509418E-45 3.36689129126792E-45 4.53622126703709E-45 6.21261200217217E-45 8.64978931216802E-45 1.22338080985917E-44 1.75627378582104E-44 2.55626866814757E-44 3.76865347399653E-44 5.62016301876787E-44 8.46848236849501E-44 1.28780024702604E-43 1.97430161959248E-43 3.04825537095684E-43 4.73471727111714E-43 7.39150801918627E-43 1.15869744994886E-42 1.82271830531312E-42 2.87529928783843E-42 4.54601227297025E-42 7.19915050547906E-42 1.14139043486526E-41 1.81057315207304E-41 2.87270059621342E-41 4.55690729768135E-41 7.22473222202261E-41 1.14429182974677E-40 1.81001175298191E-40 2.85815791592159E-40 4.50399666317678E-40 7.08014025285045E-40 1.10981508194313E-39 1.73397048254839E-39 2.69928033762019E-39 4.18517836924829E-39 6.46073531131669E-39 9.9266753630396E-39 1.51750129030524E-38 2.30736613463649E-38
0 0 0 0 0 0 0 0 0 0 0 0 0 0 0 0 0 0 1.23320013295021E-44 3.25332532936505E-45 3.80254647437235E-45 4.71619472643186E-45 5.98784037945999E-45 7.70411132309255E-45 1.00407690456277E-44 1.32766193143599E-44 1.78381297031051E-44 2.43634319892379E-44 3.38280177390243E-44 4.77141675271457E-44 6.83112111547437E-44 9.91563915313687E-44 1.45787233667375E-43 2.16821715217819E-43 3.25809625440775E-43 4.9404649374526E-43 7.55156493126212E-43 1.1623412828559E-42 1.7996626904711E-42 2.80052754983027E-42 4.37626158941739E-42 6.86309626282846E-42 1.07944127394417E-41 1.70180372659796E-41 2.68755723262141E-41 4.2495296908146E-41 6.72317664288514E-41 1.06395887238813E-40 1.68344652748863E-40 2.66231986746427E-40 4.20620399453035E-40 6.63679195535515E-40 1.04541530695406E-39 1.64334025278037E-39 2.57689748883501E-39 4.02933898633238E-39 6.27995795077842E-39 9.75219913118506E-39 1.50839702156612E-38 2.32291675052999E-38 3.56043694770294E-38 5.42964395036149E-38 8.23551580809201E-38
0 0 0 0 0 0 0 0 0 0 0 0 0 0 0 0 0 0 1.23320013295021E-44 1.23980164095231E-44 1.50110375155908E-44 1.87449633222318E-44 2.37562696561753E-44 3.04649332844351E-44 3.95767362871391E-44 5.21703831793186E-44 6.98859523513342E-44 9.5166074311468E-44 1.31735539851674E-43 1.85228845280343E-43 2.64337926694146E-43 3.82477607351706E-43 5.60572892292301E-43 8.31127008740977E-43 1.24500562908269E-42 1.88178503684895E-42 2.86675231632369E-42 4.39750467494123E-42 6.78513339993149E-42 1.05222006054533E-41 1.63873080182936E-41 2.56173347339975E-41 4.01693718262318E-41 6.31461643232049E-41 9.94456460018537E-41 1.56814548698058E-40 2.47442320838177E-40 3.90596102980049E-40 6.1650361893084E-40 9.72599243395144E-40 1.53286595689387E-39 2.41281034587107E-39 3.79144187800376E-39 5.94553190079774E-39 9.30041576612804E-39 1.45069993936767E-38 2.25547452283126E-38 3.49406515230728E-38 5.39128462058606E-38 8.28230899264512E-38 1.26635544546639E-37 1.92644329223511E-37 2.91473314138334E-37
0 0 0 0 0 0 0 0 0 0 0 0 0 0 0 0 0 1.60898389705045E-43 4.18410592328589E-44 4.84853105854672E-44 5.95566372476799E-44 7.44376286983404E-44 9.40554531156326E-44 1.20166941483458E-43 1.55546755810019E-43 2.04345105728593E-43 2.72815565953997E-43 3.70253872266758E-43 5.10756998480154E-43 7.15631469365381E-43 1.01763562547365E-42 1.46723575627951E-42 2.14272559643156E-42 3.16551127868272E-42 4.72440648503607E-42 7.11422739641988E-42 1.07971738825137E-41 1.65002320657875E-41 2.53638285548294E-41 3.91899157874137E-41 6.08218252662187E-41 9.47645055011663E-41 1.48130874216944E-40 2.32167929159194E-40 3.6459986432714E-40 5.73378472545642E-40 9.02446365622246E-40 1.42104683974332E-39 2.23758099528241E-39 3.52165770084852E-39 5.53730566712895E-39 8.69558363362816E-39 1.36317939110479E-38 2.13258087405885E-38 3.32794461591513E-38 5.17851930244151E-38 8.03180941299561E-38 1.24123289770029E-37 1.91051136739148E-37 2.92778921216998E-37 4.46547838699077E-37 6.77625740278486E-37 1.02268635837759E-36
