NongDo/Fusa 17.4h.grd
DSAA
463	323
2	464
2	324
0	10
[rows 140 to 167 of 323, columns 189 to 251 of 463]
7.13381953754675E-03 7.23616649507547E-03 7.33903940769179E-03 7.4421232180719E-03 7.54508088959895E-03 7.64758340924949E-03 7.74930220494606E-03 7.84988649350666E-03 7.94891599800009E-03 8.04597762782191E-03 8.14065499780773E-03 8.23255283927672E-03 8.32127197077567E-03 8.40643401366528E-03 8.48767086260866E-03 8.56466544906687E-03 8.63715775818395E-03 8.70494841092998E-03 8.76790563605353E-03 8.82597229532254E-03 8.87917537096413E-03 8.92761034555105E-03 8.97143559751588E-03 9.01085706990466E-03 9.04611717043011E-03 9.07747599814366E-03 9.10520081222052E-03 9.12955197962074E-03 9.15076853421927E-03 9.16906033831633E-03 9.18460615606895E-03 9.19759743901979E-03 9.2082471502788E-03 9.21678820571663E-03 9.22345425209599E-03 9.22847094862504E-03 9.23205645098219E-03 9.23441655411874E-03 9.23574026527794E-03 9.23618943623844E-03 9.23589882879075E-03 9.23497586585226E-03 9.23350057157196E-03 9.23153816256262E-03 9.22914330250434E-03 9.22636645971125E-03 9.22326380892324E-03 9.21991378525899E-03 9.21642513038367E-03 9.21294699294885E-03 9.20661940025682E-03 0 0 0 0 0 0 0 0 0 0 0 0
7.22688087253671E-03 7.33003392447134E-03 7.4333461225539E-03 7.53648994357083E-03 7.6391189099581E-03 7.74090100332078E-03 7.84151185806704E-03 7.94060683830731E-03 8.03777282578792E-03 8.13263021297213E-03 8.2247988293434E-03 8.31391858474079E-03 8.39962089352952E-03 8.48155867027038E-03 8.55939460832007E-03 8.63284578885128E-03 8.70168568681025E-03 8.76574605645054E-03 8.8249260717378E-03 8.87920211868989E-03 8.92863756586912E-03 8.97336209599335E-03 9.01356818938195E-03 9.04949096781445E-03 9.08139434783005E-03 9.10955445728801E-03 9.13424911853041E-03 9.15574273222122E-03 0.009174273364603 9.19004785518352E-03 9.20323803128439E-03 9.21404075528903E-03 9.22268257292691E-03 9.22939957130784E-03 9.23442298186076E-03 9.23797477907795E-03 9.24026855098692E-03 9.2415019899836E-03 9.24185323767104E-03 9.24147224199365E-03 9.24047965340494E-03 9.23896691311995E-03 9.23699558375588E-03 9.2346198246682E-03 9.23189168677598E-03 9.22886036938896E-03 9.22558983742863E-03 9.22219338034109E-03 9.21885246979621E-03 9.21294699294885E-03 0 0 0 0 0 0 0 0 0 0 0 0 0
7.31970245538489E-03 7.42334005220194E-03 7.5267654112802E-03 7.6296462908373E-03 7.7316351266644E-03 7.83240231314863E-03 7.93162324596392E-03 8.02895750014304E-03 8.12401567758649E-03 8.21646001885031E-03 8.30594476338718E-03 8.39213856913763E-03 8.47469835366858E-03 8.55330381160123E-03 8.62765090042254E-03 8.69749065694868E-03 8.7626282495349E-03 8.82292665586817E-03 8.87831926018192E-03 8.9288188854372E-03 8.97452535555284E-03 9.01560362525267E-03 9.05228056452605E-03 9.08481904154276E-03 9.11350141433671E-03 9.13861575652945E-03 9.16044528585885E-03 9.17925297291086E-03 9.19527157770016E-03 9.20870212210457E-03 9.21971305267731E-03 0.009228508975247 9.23532485829475E-03 9.2403939066053E-03 9.2439430533112E-03 9.24619011825615E-03 9.24734406396215E-03 9.24759542886843E-03 9.24711000560414E-03 9.24602363959784E-03 9.24444306403535E-03 9.24244513665688E-03 9.2400726463195E-03 9.23736853951475E-03 9.23438985411296E-03 9.23119440770734E-03 9.22786615621291E-03 9.22456773842532E-03 9.21885246979621E-03 0 0 0 0 0 0 0 0 0 0 0 0 0 0
0.007412137087536 7.51595054066731E-03 7.61918301267772E-03 7.7214985072874E-03 7.82255684197116E-03 7.92203351640275E-03 8.01959996017676E-03 8.11492698156405E-03 8.2076708602949E-03 8.29752246544581E-03 8.38416723708319E-03 8.46729527871799E-03 8.54658886520063E-03 8.62175326305965E-03 8.69252345515045E-03 8.75868066022172E-03 8.8200622726098E-03 8.87656537732446E-03 8.92816229717997E-03 8.97490454532784E-03 9.01692826935133E-03 9.05443585204868E-03 9.08768737055663E-03 9.11697061152985E-03 9.14258135432713E-03 9.16481483383608E-03 9.1839539731697E-03 9.20025483106195E-03 9.21394134752178E-03 9.2252073317478E-03 9.23422134470379E-03 9.24119233876929E-03 9.24635951379981E-03 9.24995074922447E-03 9.2521873293311E-03 9.25328317072948E-03 9.25344173283119E-03 9.25284575417462E-03 9.25164822482567E-03 9.2499697953094E-03 9.24790248864571E-03 9.24550899969698E-03 9.24281893013463E-03 9.23986678118866E-03 9.23672239490024E-03 9.23346956486405E-03 9.23023383287425E-03 9.22456773842532E-03 0 0 0 0 0 0 0 0 0 0 0 0 0 0 0
7.50409309389771E-03 7.60779107822905E-03 7.71054296474345E-03 7.81201047359562E-03 7.91186300631776E-03 8.00978179877677E-03 8.10544605942043E-03 8.19855045015051E-03 8.28879241536959E-03 8.37587870910416E-03 8.45952402594223E-03 8.53943849770236E-03 8.61533441810236E-03 8.68694569653232E-03 8.75404474178636E-03 8.81644189655206E-03 8.87401173790776E-03 8.92669059344752E-03 8.9744922382381E-03 9.01750809304789E-03 9.05591248055882E-03 9.08994548601237E-03 9.11989613655182E-03 9.14607127671746E-03 9.16877553867408E-03 9.18830553379537E-03 9.20493742694203E-03 9.21891573453768E-03 9.23045320407534E-03 9.23973644977632E-03 9.24693665865698E-03 9.25226455185591E-03 9.25595697894326E-03 9.25823402883159E-03 9.25931338224665E-03 9.25940589355746E-03 9.25870748412162E-03 9.25739015382092E-03 9.25559506694444E-03 9.25342790213045E-03 9.25096351971778E-03 9.24824917186014E-03 9.24531006295871E-03 9.24218426192327E-03 9.23896671437411E-03 9.23578892103513E-03 9.23023383287425E-03 0 0 0 0 0 0 0 0 0 0 0 0 0 0 0 0
7.5955279949483E-03 7.69883232289468E-03 7.80082667177517E-03 7.9011766304827E-03 7.99956186580139E-03 8.09567383711554E-03 8.18920771906755E-03 8.27987873612297E-03 8.36741496755265E-03 8.45154885301586E-03 8.53201975835423E-03 8.60856206872069E-03 8.68091946369159E-03 8.74885757741323E-03 8.81218251726539E-03 8.87074251494198E-03 8.9244530454563E-03 8.97329418734119E-03 9.01732143236408E-03 9.05666734858922E-03 9.09154441901058E-03 9.12222647881146E-03 9.14902570573199E-03 9.17226102350438E-03 9.1922403892914E-03 9.20925414255684E-03 9.22356624662978E-03 9.23540741477661E-03 9.24497756393189E-03 9.25245558823471E-03 9.25801724381419E-03 9.26187296903031E-03 9.26425150852394E-03 9.26536824325116E-03 9.2654381528641E-03 9.2646678183253E-03 9.26324442433181E-03 9.26132878867631E-03 9.25904900976028E-03 9.25649354058837E-03 9.25371800942248E-03 9.25075874183306E-03 9.24764473817884E-03 9.24443693180327E-03 9.24127248060354E-03 9.23578892103513E-03 0 0 0 0 0 0 0 0 0 0 0 0 0 0 0 0 0
7.68632078903177E-03 7.78894853537604E-03 7.88990560249154E-03 7.98886614628937E-03 8.08552320353643E-03 8.17958206387911E-03 8.2707558729502E-03 8.35877735416369E-03 8.44340392198865E-03 8.52439793411031E-03 8.60152368302257E-03 8.67454283442188E-03 8.74323074448051E-03 8.80738642685575E-03 8.86685206736764E-03 8.92152026855554E-03 8.97135120244112E-03 9.01637157146879E-03 9.05667732059485E-03 9.09244154647739E-03 9.12391332457468E-03 9.15139473791104E-03 9.17521434235603E-03 9.19569587532831E-03 9.21314279742444E-03 9.22783249387255E-03 9.24001445129746E-03 9.24990419111152E-03 9.25768855243544E-03 9.26353968732613E-03 9.26763423778967E-03 9.27017686496541E-03 9.27139099329784E-03 9.27149228449334E-03 9.27069134941758E-03 9.26918756810487E-03 9.26715992452323E-03 9.26476074889944E-03 9.2621050113777E-03 9.2592589245588E-03 9.25625357896354E-03 9.25312440712516E-03 9.24992125632056E-03 9.24675955228882E-03 9.24127248060354E-03 0 0 0 0 0 0 0 0 0 0 0 0 0 0 0 0 0 0
7.77629301158539E-03 7.87795015287192E-03 7.97758199887635E-03 8.07487403056277E-03 8.16953523595513E-03 8.26128698748208E-03 8.34986199631484E-03 8.43501477107725E-03 8.51653430879373E-03 8.59421137959551E-03 8.66783544228128E-03 8.7371968359757E-03 8.80210497795104E-03 8.86239630922482E-03 8.91795240331311E-03 8.96871185160173E-03 9.01468265631112E-03 9.05593869582163E-03 9.09261404581647E-03 9.12492017659287E-03 9.15313962457822E-03 9.1775952421958E-03 9.19862437143906E-03 9.21654836686222E-03 9.23165927121877E-03 9.24421872521264E-03 9.2544599566148E-03 9.26258087937814E-03 9.26875500382847E-03 9.27314788773299E-03 9.27593621077951E-03 9.27732122130665E-03 9.27752033393364E-03 9.27674699825634E-03 9.27520705094527E-03 9.27309216646926E-03 9.27057370105753E-03 9.26780044011709E-03 9.26487980253519E-03 9.26184575040985E-03 9.2586848498567E-03 9.25546382495331E-03 9.25227979042036E-03 9.24675955228882E-03 0 0 0 0 0 0 0 0 0 0 0 0 0 0 0 0 0 0 0
7.86521655544828E-03 7.96560047613147E-03 8.06361346858765E-03 0.008158954651431 8.25135092480679E-03 8.34054232993581E-03 8.42628494705006E-03 8.50835965295937E-03 8.58658739200207E-03 8.66078599636606E-03 8.73077128889671E-03 8.79636488498209E-03 8.85741247826931E-03 8.91379114730456E-03 8.96542399219198E-03 9.01229730215197E-03 9.05446714971915E-03 9.09205314077448E-03 9.12522586003372E-03 9.15423181782481E-03 9.17937990617339E-03 9.20100526227317E-03 9.21944638615072E-03 9.23501563515599E-03 9.24798990384041E-03 9.25861315609559E-03 9.26709975303316E-03 9.27362848774862E-03 9.27836042674464E-03 9.28145563796093E-03 9.28309071037473E-03 9.28346466510648E-03 9.28278943290996E-03 9.2812737806381E-03 9.27911690382432E-03 9.27650252871657E-03 9.27359748048956E-03 9.27055895521409E-03 9.26750384694672E-03 9.26441789136053E-03 9.26114445522351E-03 9.25790615456467E-03 9.25227979042036E-03 0 0 0 0 0 0 0 0 0 0 0 0 0 0 0 0 0 0 0 0
7.95283068008346E-03 8.05163422359615E-03 8.14773253727832E-03 8.24084117333304E-03 8.33070701153401E-03 8.41709253357525E-03 8.49978129309683E-03 8.57858329021001E-03 8.65335126258966E-03 8.72393122205403E-03 8.79016703291342E-03 8.8519136937125E-03 8.90905536604854E-03 8.96151143989193E-03 9.00924787942802E-03 9.05229951707467E-03 9.09076910449975E-03 9.12481861463171E-03 9.15465173511463E-03 9.18054317452606E-03 9.20282082252879E-03 9.22182494492803E-03 9.23788817172947E-03 9.25130879653272E-03 9.26234555150274E-03 9.27122189338592E-03 9.2781316899284E-03 9.28323586246748E-03 9.28668436803667E-03 9.28863316895981E-03 9.28925882723691E-03 9.28875934546849E-03 9.28734146813653E-03 9.28520667427222E-03 9.28254342197206E-03 9.27952446332761E-03 9.27632045389401E-03 9.27313059837505E-03 9.27013685750517E-03 9.26729250642446E-03 9.2638068586343E-03 9.25790615456467E-03 0 0 0 0 0 0 0 0 0 0 0 0 0 0 0 0 0 0 0 0 0
8.03884284478602E-03 8.13576106949998E-03 8.22965412748678E-03 8.32025679010044E-03 8.40733903912055E-03 8.49068972224418E-03 8.57012356576932E-03 8.64548198641341E-03 8.71664826005571E-03 8.78349761893649E-03 8.84590495116719E-03 8.90376138056394E-03 8.95698960070563E-03 9.00555196275353E-03 9.0494592262365E-03 9.08879380664359E-03 9.12370055330106E-03 9.15437878656134E-03 9.18106155952962E-03 9.20404470928601E-03 9.22366656023475E-03 9.24026566005681E-03 9.25416332505814E-03 0.009265639744497 9.27493325637253E-03 9.28224497743245E-03 9.28774764761064E-03 9.29158604031023E-03 9.29390133719572E-03 9.29484691720378E-03 9.29459875396981E-03 9.29335382197259E-03 9.29131539794606E-03 9.28867577864578E-03 9.28560449199886E-03 9.28225093567375E-03 9.27879248240255E-03 9.27553967767056E-03 9.27290697594805E-03 9.27127872889678E-03 9.2638068586343E-03 0 0 0 0 0 0 0 0 0 0 0 0 0 0 0 0 0 0 0 0 0 0
8.12294663205609E-03 8.21768237366299E-03 8.30909016821655E-03 8.39692877813149E-03 8.48099407615469E-03 8.56110403548713E-03 8.63710771518298E-03 8.70887992537641E-03 8.77633307736984E-03 8.83937342804148E-03 8.89790995004373E-03 8.95187118141827E-03 9.00121858992646E-03 9.04595764902946E-03 9.08614419751145E-03 9.12190295481093E-03 9.15341588292519E-03 9.18091401692315E-03 9.20465484636602E-03 9.22494710703097E-03 9.24213245809505E-03 9.2565431424064E-03 9.26848400502812E-03 9.27821376358436E-03 9.2859490657401E-03 0.009291868527805 9.29612399568962E-03 9.2988467215389E-03 9.30017085880252E-03 0.009300247595839 9.29925217496557E-03 9.29738262568337E-03 9.29484127470863E-03 9.29180962667409E-03 9.28842556438477E-03 9.28477733247458E-03 9.28099995898654E-03 9.27761345133862E-03 9.2754029876429E-03 9.27515083576066E-03 0 0 0 0 0 0 0 0 0 0 0 0 0 0 0 0 0 0 0 0 0 0 0
8.20483469890873E-03 8.29710531469664E-03 8.38576774267208E-03 8.47060886758017E-03 8.55145235960246E-03 8.62814746658612E-03 8.70057866091025E-03 8.76865503891962E-03 8.83231941932422E-03 8.89151081024661E-03 8.94617258749229E-03 8.99627182667811E-03 9.04180997510192E-03 9.08283480079099E-03 9.11944238505006E-03 9.15179419207693E-03 9.18010528615465E-03 9.20463298181555E-03 9.22565051771842E-03 9.24347241938329E-03 9.25844018940195E-03 9.27087470665155E-03 9.28105994853326E-03 9.28923112632828E-03 9.29558227214041E-03 9.30026998664499E-03 9.30342819322541E-03 9.30517733782683E-03 9.30564509555762E-03 9.30497953301306E-03 9.30335467213079E-03 9.30097294010814E-03 9.29804365365993E-03 9.29474443620812E-03 9.29117306477432E-03 9.28726984410292E-03 9.28285851147997E-03 9.27893927782689E-03 9.2767217601932E-03 9.27515083576066E-03 0 0 0 0 0 0 0 0 0 0 0 0 0 0 0 0 0 0 0 0 0 0 0
8.28420702689115E-03 8.37375348936725E-03 8.45943995348542E-03 8.54108176303295E-03 8.61853186524445E-03 8.69167210175933E-03 8.7604245662302E-03 8.82473402431124E-03 8.88457408120186E-03 8.93991539778887E-03 8.9907369789595E-03 9.03704612206304E-03 9.07888384824633E-03 9.11633603999544E-03 9.14953296801338E-03 9.17866826566607E-03 9.20398478915832E-03 9.22575965991794E-03 9.2442738971881E-03 9.25984462446284E-03 9.27280952708304E-03 9.28347109565597E-03 9.29208925509078E-03 9.29887565509252E-03 9.30400291906773E-03 9.30760872012289E-03 9.30981170863368E-03 9.31072236508704E-03 9.31046227332844E-03 9.30917521887879E-03 9.30703149781509E-03 9.30424230360886E-03 9.30104117752053E-03 9.29763218849414E-03 9.29412458663748E-03 9.29024990645629E-03 9.28424360718468E-03 9.27893927782689E-03 9.2767217601932E-03 0 0 0 0 0 0 0 0 0 0 0 0 0 0 0 0 0 0 0 0 0 0 0 0
8.36080134585136E-03 8.44739661999177E-03 8.52990958797373E-03 8.6081846970746E-03 8.6821051489278E-03 8.75158719242496E-03 8.81659254423816E-03 8.87710228868262E-03 8.93311832608757E-03 8.98464398233232E-03 9.03169620219019E-03 9.07432285127004E-03 9.11260056039118E-03 9.14664848933441E-03 9.17662591474664E-03 9.20275241807306E-03 9.22529155889305E-03 9.24453281529386E-03 9.26076279091943E-03 9.27429768888214E-03 9.28546398707811E-03 9.29454069177972E-03 9.30176384869929E-03 9.30732348910596E-03 9.31137383371411E-03 9.31403677081099E-03 9.31541752866716E-03 9.31561721764563E-03 9.31475149386448E-03 9.31295802200154E-03 0.009310397992402 9.30729223810676E-03 9.30392176591729E-03 9.30058033856228E-03 9.29763403660309E-03 9.29559580439874E-03 9.28424360718468E-03 0 0 0 0 0 0 0 0 0 0 0 0 0 0 0 0 0 0 0 0 0 0 0 0 0 0
8.43439360826273E-03 8.51784530863326E-03 8.5970215556779E-03 8.67179837979833E-03 8.74208978807543E-03 8.80784827843976E-03 8.86907579015719E-03 8.9257897567487E-03 8.97801701661242E-03 9.02579759655984E-03 9.06918685119794E-03 9.10827040093886E-03 9.14315479746904E-03 9.17398841472676E-03 9.2009540465714E-03 9.22428950972753E-03 9.24427268660277E-03 9.26119836892145E-03 9.2753574542601E-03 9.28705840968084E-03 9.29661143277952E-03 9.30427278909988E-03 9.31025616287052E-03 9.31473292959958E-03 9.31784160359076E-03 9.31969031270205E-03 9.32037256279287E-03 9.31998150997825E-03 9.31862569669622E-03 9.31643202823822E-03 9.31354556292585E-03 9.31019146476666E-03 9.30670067368796E-03 9.30344096202132E-03 9.30102772446163E-03 9.30071308442537E-03 0 0 0 0 0 0 0 0 0 0 0 0 0 0 0 0 0 0 0 0 0 0 0 0 0 0 0
8.50479772354002E-03 8.58495030917959E-03 8.66066415273327E-03 8.73184841734878E-03 8.79845080478345E-03 8.86046154138565E-03 8.91791901593919E-03 8.97087501571152E-03 9.01938560319311E-03 9.06352860175664E-03 9.10339337116071E-03 9.13909787236372E-03 9.1707746905253E-03 9.19859635815604E-03 9.22276360901327E-03 9.24352617577837E-03 9.26116909909645E-03 9.27598761419677E-03 9.28827456198173E-03 9.29832651937041E-03 9.30643391370659E-03 9.31283176612121E-03 9.31771548534669E-03 9.32124119705471E-03 9.3235332167284E-03 9.32468710429322E-03 9.32478714650589E-03 9.32391961909995E-03 9.32218382521364E-03 9.31969046439693E-03 9.31655967899418E-03 9.31300585628035E-03 9.30938156751582E-03 9.30599328462406E-03 9.30309877597939E-03 9.30071308442537E-03 0 0 0 0 0 0 0 0 0 0 0 0 0 0 0 0 0 0 0 0 0 0 0 0 0 0 0
8.57186844800968E-03 8.64860412832638E-03 8.72076827293167E-03 8.78830450027005E-03 8.8511965681885E-03 8.90947247704896E-03 8.9632047913313E-03 9.01248042043661E-03 9.05738681748969E-03 9.09803210455128E-03 9.13453628753236E-03 9.16704481885303E-03 9.19571238826412E-03 9.22072846291633E-03 9.24230716466485E-03 9.26070493772552E-03 9.27620827629682E-03 9.28911002913943E-03 9.2997029892172E-03 9.30827095689387E-03 9.31508143251853E-03 0.009320351977066 9.32426277250323E-03 9.32695661759743E-03 9.32854515809744E-03 9.32911435288269E-03 9.32874121616112E-03 9.3275051191454E-03 9.3254931195188E-03 9.32279296793046E-03 9.31949687863329E-03 9.31581267403179E-03 9.31210162463696E-03 9.30863513181174E-03 9.30309877597939E-03 0 0 0 0 0 0 0 0 0 0 0 0 0 0 0 0 0 0 0 0 0 0 0 0 0 0 0 0
8.6355354770426E-03 8.70877692433576E-03 8.77734398997312E-03 8.84121613411389E-03 8.90041322946506E-03 8.95500041245128E-03 9.00508555049654E-03 9.05078955395646E-03 9.09222638005799E-03 9.12952978198027E-03 9.16284761420252E-03 9.19234871884969E-03 9.21820449703194E-03 9.24061610183804E-03 9.25980730955126E-03 9.27603690517414E-03 9.28958948412647E-03 9.30075286949241E-03 9.30981562708375E-03 9.31704678268061E-03 9.32269414013677E-03 9.3269614821981E-03 9.33001501279645E-03 9.33198511041068E-03 9.33297299371418E-03 9.33305791291314E-03 9.33231170091722E-03 9.3308084015372E-03 9.32862132178373E-03 9.32580163595332E-03 9.32239664583766E-03 9.31866326882933E-03 9.31498896380436E-03 9.30863513181174E-03 0 0 0 0 0 0 0 0 0 0 0 0 0 0 0 0 0 0 0 0 0 0 0 0 0 0 0 0 0
8.69578581884443E-03 8.76549363991717E-03 8.83045278670021E-03 8.89067989960951E-03 8.94623089974833E-03 8.9972075251138E-03 9.04375231985998E-03 9.08601437845331E-03 9.12412865875103E-03 9.15825418185932E-03 9.1885635406799E-03 9.2152446795379E-03 9.23847974257497E-03 9.25847863138761E-03 9.27547144310006E-03 9.28971552048609E-03 9.30149082523687E-03 9.31107752848231E-03 9.31875777719745E-03 9.32478739212224E-03 9.32939659996782E-03 9.33277577473167E-03 9.3350789262163E-03 9.33642608400444E-03 9.33690982692492E-03 9.33660390331407E-03 9.33557828625829E-03 9.33390837328846E-03 9.33166538907746E-03 9.32885329254973E-03 9.32536023655173E-03 9.32164734348097E-03 9.31498896380436E-03 0 0 0 0 0 0 0 0 0 0 0 0 0 0 0 0 0 0 0 0 0 0 0 0 0 0 0 0 0 0
8.75266302354208E-03 8.8188296216999E-03 8.88019972055962E-03 8.93682822123017E-03 8.98880817491011E-03 9.03627653215448E-03 9.07940505097593E-03 9.11836568252773E-03 9.15331389554854E-03 9.18443224757693E-03 9.21191323819958E-03 9.23595838110962E-03 9.25675779092323E-03 9.27452716418858E-03 9.28949917446008E-03 9.30192680149568E-03 9.31208340419262E-03 9.3202405252786E-03 9.32667230785443E-03 9.33162194790848E-03 9.33530500358881E-03 9.33789983678348E-03 9.33955005094446E-03 9.34036739396033E-03 9.34043688704763E-03 9.33982703962352E-03 9.33860962325248E-03 9.33687560961186E-03 9.33473967247841E-03 9.3322083362033E-03 9.32847744181651E-03 9.32164734348097E-03 0 0 0 0 0 0 0 0 0 0 0 0 0 0 0 0 0 0 0 0 0 0 0 0 0 0 0 0 0 0 0
8.80624849069228E-03 8.86889291695789E-03 8.92671800039508E-03 8.97981737478988E-03 9.02832120519335E-03 9.0723985695908E-03 9.11224535789011E-03 9.14805463430863E-03 9.18000168367948E-03 9.20828747704361E-03 9.23311999971501E-03 9.25470939575329E-03 9.27325132025881E-03 9.28896307306908E-03 9.30207739156778E-03 9.31284151565066E-03 9.32152118431456E-03 9.32837986598115E-03 9.33368273467759E-03 9.33766175097196E-03 9.34051947069486E-03 9.34242366130441E-03 9.34350910339455E-03 9.34388076449703E-03 9.34361811719288E-03 9.34278614055847E-03 9.34145830521758E-03 9.33975107568816E-03 9.33793067767832E-03 9.33659407047844E-03 9.32847744181651E-03 0 0 0 0 0 0 0 0 0 0 0 0 0 0 0 0 0 0 0 0 0 0 0 0 0 0 0 0 0 0 0 0
8.85666434204732E-03 8.91582787472173E-03 8.97017257633484E-03 9.01983031447546E-03 9.06496675501131E-03 9.10578005543418E-03 9.14248637749248E-03 9.17529772464954E-03 9.20440848268062E-03 9.23003379648995E-03 9.25239155819975E-03 9.27169602027748E-03 9.28814714973318E-03 9.30196103186661E-03 9.31336721713683E-03 9.32260662830017E-03 9.32993805145644E-03 9.33561745492954E-03 9.33990008823641E-03 9.34300712172754E-03 9.34513019076474E-03 9.34642792531977E-03 9.34702766298096E-03 9.34702941147658E-03 9.34651015220268E-03 9.34553420041927E-03 9.34416867634975E-03 9.34250318190248E-03 9.34083294748374E-03 9.34059032847742E-03 0 0 0 0 0 0 0 0 0 0 0 0 0 0 0 0 0 0 0 0 0 0 0 0 0 0 0 0 0 0 0 0 0
8.90405602306092E-03 8.9597978253894E-03 9.01074269372568E-03 9.05705852003738E-03 9.09894491889964E-03 9.13662686191716E-03 9.17033743765814E-03 9.20030495907606E-03 9.22674156451034E-03 9.24987176040693E-03 9.26991914198942E-03 9.28709865742586E-03 9.30161302442945E-03 9.31367430498855E-03 9.32350717127298E-03 9.33134790892421E-03 9.33744822946341E-03 9.34205666231039E-03 9.34541770425439E-03 9.34774293392628E-03 9.34921425382189E-03 9.34998184493824E-03 9.35016685775332E-03 9.34986640558632E-03 9.3491601270713E-03 9.34812179294533E-03 9.3468187297653E-03 9.34521359235676E-03 9.34271017605293E-03 9.34059032847742E-03 0 0 0 0 0 0 0 0 0 0 0 0 0 0 0 0 0 0 0 0 0 0 0 0 0 0 0 0 0 0 0 0 0
8.94858758028724E-03 9.00097743772017E-03 9.04861085560792E-03 9.09168998701422E-03 9.13044613301503E-03 9.16512867557797E-03 9.19598620182866E-03 9.22326137837551E-03 9.24717989194871E-03 9.26797172878847E-03 9.28586382774086E-03 9.30106928519433E-03 9.31378951954665E-03 9.32423101988338E-03 9.33261521135789E-03 9.33917411228236E-03 9.34415189268536E-03 9.34778897662818E-03 9.35031940094093E-03 9.35194585876395E-03 9.35284116362569E-03 9.3531479170401E-03 9.35298217247935E-03 9.35243965616806E-03 9.35160869705622E-03 9.35059531445105E-03 9.34955509386642E-03 9.34871112264196E-03 9.34271017605293E-03 0 0 0 0 0 0 0 0 0 0 0 0 0 0 0 0 0 0 0 0 0 0 0 0 0 0 0 0 0 0 0 0 0 0
8.99042708771813E-03 9.03953877294116E-03 9.08395135341338E-03 9.12390063438897E-03 9.15964700410654E-03 9.19146185654758E-03 9.21960670018443E-03 9.24433564811469E-03 9.26588419184436E-03 9.28448517463578E-03 9.30036635671953E-03 9.31373641177214E-03 9.32479285345832E-03 9.33373816721459E-03 9.34079134584197E-03 9.34617844197183E-03 9.35013557893336E-03 9.3528947781364E-03 9.35467987004331E-03 9.35568436678417E-03 9.35607275425535E-03 9.35598146659672E-03 9.35552323834331E-03 9.35479423773504E-03 9.35389219452764E-03 9.35295621829286E-03 9.35222849522145E-03 9.35202491592461E-03 0 0 0 0 0 0 0 0 0 0 0 0 0 0 0 0 0 0 0 0 0 0 0 0 0 0 0 0 0 0 0 0 0 0 0
9.02972837406803E-03 9.07563299578527E-03 9.11691425012427E-03 9.15383986392395E-03 9.18669569430765E-03 9.21577161018021E-03 9.24134040652136E-03 9.26366500758813E-03 9.28298730018695E-03 9.29953989075098E-03 9.31354732385769E-03 9.32521209832437E-03 9.33472836424705E-03 9.34229553683439E-03 9.34812858620443E-03 9.35244646966697E-03 9.35547761602453E-03 9.3574458740971E-03 9.35856439200802E-03 9.35901708372691E-03 9.35896134884202E-03 9.35852907323696E-03 9.35783181110105E-03 9.35696911751981E-03 9.35604704825168E-03 9.35521704031304E-03 9.35468460026186E-03 9.35202491592461E-03 0 0 0 0 0 0 0 0 0 0 0 0 0 0 0 0 0 0 0 0 0 0 0 0 0 0 0 0 0 0 0 0 0 0 0
9.06662679844857E-03 9.10939290677626E-03 9.1476319009888E-03 9.1816395817773E-03 9.21172362951182E-03 9.23818872332645E-03 9.26131665432595E-03 9.28137539302906E-03 9.29861012015218E-03 9.31324999807326E-03 9.32551341523724E-03 9.33559712501029E-03 9.34369177040704E-03 9.34999259622557E-03 9.35470892791786E-03 9.35805347366498E-03 9.3602465398973E-03 9.36150357369895E-03 9.36202673982898E-03 9.36199123051638E-03 9.36154844760366E-03 9.36082693302328E-03 9.3599387807468E-03 9.3589894894423E-03 9.35809974434264E-03 9.35745493745541E-03 9.35728650960593E-03 0 0 0 0 0 0 0 0 0 0 0 0 0 0 0 0 0 0 0 0 0 0 0 0 0 0 0 0 0 0 0 0 0 0 0 0
