NongDo/Fusa 15.1h.grd
DSAA
463	323
2	464
2	324
0	10
[rows 56 to 83 of 323, columns 256 to 319 of 463]
0 0 0 0 0 0 0 0 0 0 0 0 0 0 0 0 0 0 0 0 0 0 0 0 0 0 0 0 0 0 0 0 0 0 0 0 0 0 0 0 0 0 0 0 0 0 0 0 0 0 0 0 0 0 0 0 0 0 0 0 0 0 0 0
0 0 0 0 0 0 0 0 0 0 0 0 0 0 0 0 0 0 0 0 0 0 0 0 0 0 0 0 0 0 0 0 0 0 0 0 0 0 0 0 0 0 0 0 0 0 0 0 0 0 0 0 0 0 0 0 0 0 0 0 0 0 0 0
0 0 0 0 0 0 0 0 0 0 0 0 0 0 0 0 0 0 0 0 0 0 0 0 0 0 0 0 0 0 0 0 0 0 0 0 0 0 0 0 0 0 0 0 0 0 0 0 0 0 0 0 0 0 0 0 0 0 0 0 0 0 0 0
0 0 0 0 0 0 0 0 0 0 0 0 0 0 0 0 0 0 0 0 0 0 0 0 0 0 0 0 0 0 0 0 0 0 0 0 0 0 0 0 0 0 0 0 0 0 0 0 0 0 0 0 0 0 0 0 0 0 0 0 0 0 0 0
0 0 0 0 0 0 0 0 0 0 0 0 0 0 0 0 0 0 0 0 0 0 0 0 0 0 0 0 0 0 0 0 0 0 0 0 0 0 0 0 0 0 0 0 0 0 0 0 0 0 0 0 0 0 0 0 0 0 0 0 0 0 0 0
0 0 0 0 0 0 0 0 0 0 0 0 0 0 0 0 0 0 0 0 0 0 0 0 0 0 0 0 0 0 0 0 0 0 0 0 0 0 0 0 0 0 0 0 0 0 0 0 0 0 0 0 0 0 0 0 0 0 0 0 0 0 0 0
0 0 0 0 0 0 0 0 0 0 0 0 0 0 0 0 0 0 0 0 0 0 0 0 0 0 0 0 0 0 0 0 0 0 0 0 0 0 0 0 0 0 0 0 0 0 0 0 0 0 0 0 0 0 0 0 0 0 0 0 0 0 0 0
0 0 0 0 0 0 0 0 0 0 0 0 0 0 0 0 0 0 0 0 0 0 0 0 0 0 0 0 0 0 0 0 0 0 0 0 0 0 0 0 0 0 0 0 0 0 0 0 0 0 0 0 0 0 0 0 0 0 0 0 0 0 6.63657800455675E-03 6.64336204566942E-03
0 0 0 0 0 0 0 0 0 0 0 0 0 0 0 0 0 0 0 0 0 0 0 0 0 0 0 0 0 0 0 0 0 0 0 0 0 0 0 0 0 0 0 0 0 0 0 0 0 0 0 0 0 0 0 0 0 0 6.60966407591917E-03 6.61634434723736E-03 6.62274680281292E-03 6.62911967919446E-03 6.63657800455675E-03 6.64336204566942E-03
0 0 0 0 0 0 0 0 0 0 0 0 0 0 0 0 0 0 0 0 0 0 0 0 0 0 0 0 0 0 0 0 0 0 0 0 0 0 0 0 0 0 0 0 0 0 0 0 0 0 0 0 0 0 6.58190348867335E-03 6.58900669822942E-03 6.5956957181522E-03 6.60224693006187E-03 6.60966407591917E-03 6.61634434723736E-03 6.62274680281292E-03 6.62911967919446E-03 6.63565342528894E-03 6.64210533049644E-03
0 0 0 0 0 0 0 0 0 0 0 0 0 0 0 0 0 0 0 0 0 0 0 0 0 0 0 0 0 0 0 0 0 0 0 0 0 0 0 0 0 0 0 0 0 0 0 0 0 0 0 6.55845650859024E-03 6.56631610964528E-03 6.57382231994466E-03 6.58190348867335E-03 6.58900669822942E-03 6.5956957181522E-03 6.60224693006187E-03 6.60884612594274E-03 6.61529898067505E-03 6.62157047765852E-03 6.62777984929944E-03 6.63397542857262E-03 6.64016813025037E-03
0 0 0 0 0 0 0 0 0 0 0 0 0 0 0 0 0 0 0 0 0 0 0 0 0 0 0 0 0 0 0 0 0 0 0 0 0 0 0 0 0 0 0 0 0 6.50723255855518E-03 6.51688377916645E-03 6.5257253293991E-03 0.006534021222983 6.54202482586501E-03 6.54986467350701E-03 6.55845650859024E-03 6.56631610964528E-03 6.57382231994466E-03 6.58112566779553E-03 6.5880370525444E-03 6.59463736649044E-03 6.60107867522349E-03 6.60742011736294E-03 6.61369178517008E-03 6.61984964338646E-03 6.62594618646658E-03 6.63199601458616E-03 6.63803718621425E-03
0 0 0 0 0 0 0 0 0 0 0 0 0 0 0 0 0 0 0 0 0 0 0 0 0 0 0 0 0 0 0 0 0 0 0 0 0 0 0 0 0 0 0 6.48484624821043E-03 0.006495920769934 6.50723255855518E-03 6.51688377916645E-03 6.5257253293991E-03 0.006534021222983 6.54202482586501E-03 6.54986467350701E-03 6.55775210055781E-03 6.56537250116384E-03 6.57272240425736E-03 6.57979354489411E-03 6.58659145354962E-03 6.59314362592629E-03 6.59953823890736E-03 6.6058090092991E-03 6.61200176690602E-03 6.61810714579929E-03 6.62415661693978E-03 6.63015761015037E-03 6.63613416441509E-03
5.92660828827236E-03 5.94457668588901E-03 5.96202606211446E-03 5.97900509174499E-03 5.99556723603524E-03 6.01185914958111E-03 6.02780533809461E-03 6.04342025817683E-03 6.05873805905801E-03 6.07391277442981E-03 6.08898558833531E-03 6.10403387253106E-03 6.11888676967556E-03 6.13346045846117E-03 6.14769506901779E-03 6.16169955280707E-03 6.17546720194355E-03 6.18909061793854E-03 6.2024584121866E-03 6.21558162166963E-03 6.22846104327792E-03 6.24123065296708E-03 6.25389690256141E-03 6.26653458389976E-03 6.2789943082626E-03 6.29122304283652E-03 6.30314975096652E-03 6.31485492022719E-03 6.32628669483009E-03 6.33750678016712E-03 6.3484020376051E-03 6.35899547053794E-03 6.36927796394268E-03 6.37936142794055E-03 6.38922334554423E-03 0 0 0 0 6.43992647124495E-03 6.45061787463425E-03 6.46175091940855E-03 6.47295499405033E-03 6.48484624821043E-03 0.006495920769934 6.50640588723373E-03 6.51597318226043E-03 6.52481461053415E-03 6.53313623883382E-03 6.54114739653166E-03 6.54894043296815E-03 6.55661807826233E-03 6.56409133957053E-03 6.5713457337335E-03 6.57834829052065E-03 6.58512197089733E-03 6.59168576660208E-03 6.59809969134033E-03 6.60438619832757E-03 6.61058532659212E-03 6.61670112578321E-03 6.62276034573646E-03 6.62877098998415E-03 6.63475157390004E-03
5.92660828827236E-03 5.94457668588901E-03 5.96202606211446E-03 5.97900509174499E-03 5.99556723603524E-03 6.01185914958111E-03 6.02780533809461E-03 6.04342025817683E-03 6.05873805905801E-03 6.07391277442981E-03 6.08898558833531E-03 6.10403387253106E-03 6.11888676967556E-03 6.13346045846117E-03 6.14769506901779E-03 6.16169955280707E-03 6.17546720194355E-03 6.18909061793854E-03 6.2024584121866E-03 6.21558162166963E-03 6.22846104327792E-03 6.24123065296708E-03 6.25389690256141E-03 6.26653458389976E-03 6.2789943082626E-03 6.29122304283652E-03 6.30314975096652E-03 6.31485492022719E-03 6.32628669483009E-03 6.33750678016712E-03 6.3484020376051E-03 6.35899547053794E-03 6.36927796394268E-03 6.37936142794055E-03 6.38922334554423E-03 6.3994756017416E-03 6.40943875699797E-03 6.41940676614164E-03 6.4294507937375E-03 6.43992647124495E-03 6.45061787463425E-03 6.46175091940855E-03 6.47295499405033E-03 6.48415272218907E-03 6.49490588288212E-03 6.50511519611849E-03 6.51463695142758E-03 6.52353236296802E-03 6.5319394798425E-03 6.54001884108534E-03 6.5478425685911E-03 6.55549634240929E-03 6.56294596736364E-03 6.57019481275337E-03 6.57721662947041E-03 6.58403173766191E-03 6.59065795611482E-03 6.59714113940887E-03 6.60349760183255E-03 6.60976028106282E-03 6.61593793322462E-03 6.62205434714992E-03 6.62812147479734E-03 6.63415605056873E-03
5.92672138840143E-03 5.94486249816023E-03 5.96237715791661E-03 5.97939165325431E-03 5.9959823854018E-03 6.01229143436375E-03 6.02825372396406E-03 6.04386953081421E-03 6.0591859268724E-03 6.07434360828898E-03 6.08939660339541E-03 6.10444488314424E-03 6.11930147520154E-03 6.13384976590083E-03 6.14806692457444E-03 6.16205306540995E-03 6.17581381267955E-03 6.18942701531928E-03 6.20279823890846E-03 6.21592124930732E-03 6.22880812217956E-03 6.24157358074898E-03 6.25423839591975E-03 6.26688818757771E-03 6.27936643734405E-03 6.2915943601498E-03 6.3035253937321E-03 6.31522710304372E-03 6.32665829932615E-03 6.33786309126218E-03 6.34874311430198E-03 6.35930134737534E-03 6.36954221743717E-03 6.37957810788251E-03 6.38946788357214E-03 6.3994756017416E-03 6.40943875699797E-03 6.41940676614164E-03 6.4294507937375E-03 6.43979005438538E-03 6.45041927353307E-03 6.46139888936344E-03 6.47241200947444E-03 6.48328105235459E-03 6.49380530346566E-03 6.50390284608122E-03 6.51344939644751E-03 6.52245267507335E-03 0.006530994862179 6.53919625413509E-03 6.54711862266924E-03 6.5548412016547E-03 6.56235097127376E-03 6.56966185555552E-03 6.57676002393749E-03 6.5836637146934E-03 6.59039135303974E-03 6.59698053301831E-03 6.60344434446432E-03 6.60980856547385E-03 6.6160852602463E-03 6.62229653341507E-03 6.62845707693071E-03 6.63458276879791E-03
5.92788701038202E-03 5.94603346458969E-03 5.96357739898547E-03 5.98062453966152E-03 5.99725049283071E-03 6.01357597189177E-03 6.02955738482025E-03 6.04518864262374E-03 6.06052609501352E-03 6.07568189512233E-03 6.09071140683177E-03 6.10572412985526E-03 6.12054258726378E-03 6.13504307148588E-03 6.14923895538669E-03 6.16320623834219E-03 6.17696038144618E-03 6.1905576040767E-03 6.20393353519128E-03 6.21706955577195E-03 6.22998762015641E-03 6.2427692385044E-03 6.25544243865661E-03 6.26809217886663E-03 6.28057268991124E-03 6.29279483254789E-03 6.30473646664783E-03 6.31643928191429E-03 6.32787341779677E-03 6.33906050531578E-03 6.34992971240351E-03 6.36046855597215E-03 6.37069743525433E-03 6.38070932069587E-03 6.39058224488825E-03 6.40049781637055E-03 6.41040469353417E-03 6.42032247253168E-03 6.43030563298626E-03 6.44050808757588E-03 6.45094629066687E-03 6.46165824734291E-03 6.47241112697634E-03 6.48304203623813E-03 6.49340820329797E-03 6.50344608426935E-03 6.51303462011616E-03 6.52215447836761E-03 6.53084486391803E-03 6.53919184251523E-03 6.54724677741728E-03 6.5550816473177E-03 6.56269415232867E-03 6.57010472627619E-03 6.57731095911777E-03 6.58433073287755E-03 6.59118383088987E-03 6.59790124879627E-03 6.60449480404556E-03 6.61098366941343E-03 6.61738359616467E-03 6.6237146237244E-03 6.62999398616326E-03 6.63623558661246E-03
5.93026864080655E-03 5.94839911034859E-03 5.9659697587532E-03 5.9830577981474E-03 5.9997273384399E-03 6.01606836060996E-03 6.03206581243188E-03 6.04773063520891E-03 6.06310923929336E-03 6.07828624257003E-03 0.006093307984838 6.10824349441773E-03 6.12297527587613E-03 6.13742361813201E-03 6.15159884446186E-03 6.16555284309713E-03 6.17930231285205E-03 6.19288460858843E-03 6.20626302123229E-03 6.21942825263723E-03 6.23239549065474E-03 6.24521888575103E-03 6.25792147047625E-03 6.27055350746192E-03 6.28301255847705E-03 6.29523302128514E-03 6.30719095916111E-03 6.31890344384184E-03 6.33034543328769E-03 6.34152264276962E-03 6.35238787241771E-03 6.36293474495397E-03 6.37318337376045E-03 6.38320852677935E-03 6.39308454092727E-03 6.40294186046566E-03 6.4127777394703E-03 6.42262596303593E-03 6.43252824373303E-03 6.44258767846398E-03 6.45282309216375E-03 6.46326210318825E-03 6.4737509420971E-03 6.48416821622734E-03 6.49439351421551E-03 6.50436310916292E-03 6.51396877034245E-03 6.5231715010621E-03 6.53198445950817E-03 6.5404637962478E-03 6.54865051634115E-03 6.55660143977961E-03 6.5643254090925E-03 6.57184471608484E-03 6.57916692181668E-03 6.58631151936202E-03 6.59329806448495E-03 6.60015090697576E-03 6.6068816851687E-03 6.6135058121001E-03 6.62004015489418E-03 6.62650426741133E-03 6.63291571788474E-03 6.63928733968934E-03
5.93412717588175E-03 5.95225816088856E-03 5.96986436318323E-03 5.98699971261789E-03 6.00371790175703E-03 6.02008412604458E-03 6.0361094209743E-03 6.05181848613406E-03 6.06724311385966E-03 6.0824449227825E-03 6.09745826676561E-03 6.11231374838331E-03 6.12696108346294E-03 6.1413623025403E-03 6.15551615538612E-03 6.16945677722437E-03 6.18320185839155E-03 6.19677535777098E-03 6.21016403594463E-03 6.22336665970747E-03 6.23638792778026E-03 6.24926001165954E-03 6.26199705221445E-03 6.27461601270451E-03 6.2870619740922E-03 6.29928993823926E-03 6.31126744255822E-03 6.32299311431606E-03 6.33444694683576E-03 6.34562403520261E-03 6.35649807845892E-03 6.36706859320276E-03 6.37735084133012E-03 6.38740347782308E-03 6.39729187020876E-03 6.40711077632362E-03 6.41689172183777E-03 6.42667904455553E-03 6.43650555946007E-03 6.44644086389377E-03 6.4565044056989E-03 6.46671532324386E-03 6.47697582788544E-03 6.48719671363887E-03 6.49727451511342E-03 6.50714680298937E-03 6.51672277455308E-03 6.52595118691631E-03 6.53483170098548E-03 6.5433967811731E-03 6.55167960123256E-03 6.55972011251501E-03 6.56753801015816E-03 6.57515237396383E-03 6.5825799189341E-03 6.58983943252806E-03 6.59695064884877E-03 6.60393133224115E-03 6.61079508818803E-03 0.006617552770968 6.62422236988185E-03 6.63082194829257E-03 6.63736903225777E-03 6.64387479203757E-03
5.9397816576683E-03 5.95793194887539E-03 5.97558211468105E-03 5.9927722083369E-03 6.00954578956319E-03 6.0259577859456E-03 6.04202790714425E-03 6.05778381304666E-03 6.07325129430806E-03 6.08847593018518E-03 6.10348097039934E-03 6.11828601305951E-03 6.13287365758548E-03 6.14723177269381E-03 6.16136148938678E-03 6.17528863219816E-03 6.18902978871284E-03 6.20260629105724E-03 6.21601460852488E-03 6.22925540704496E-03 6.2423277932538E-03 6.25524890457783E-03 6.26802290133697E-03 6.28065367495591E-03 6.2931064913736E-03 6.3053477130131E-03 6.31734321362936E-03 6.32908286000865E-03 6.34054790518943E-03 6.35173247901019E-03 6.36262027825179E-03 6.37321387286191E-03 6.38352645257932E-03 6.39360605594711E-03 6.40350891443787E-03 6.41331315323478E-03 6.42306277567476E-03 6.43280616423673E-03 6.44257273014895E-03 6.45241398165437E-03 6.46234526252265E-03 6.47238234400549E-03 6.48245381139467E-03 6.49249049600669E-03 6.50240717315661E-03 6.5121500288482E-03 6.52164118540635E-03 6.53083001006218E-03 6.53970830800195E-03 6.54829497627215E-03 6.55661595120828E-03 6.56470206194455E-03 6.57257482944872E-03 6.58025331284479E-03 6.58775722872691E-03 6.59510561164153E-03 6.60231742500593E-03 6.60940692973448E-03 6.61638676716675E-03 6.6232653574444E-03 6.6300599384368E-03 6.6367872683031E-03 6.64346367107978E-03 6.65009857423704E-03
5.94749560411127E-03 5.96569346441556E-03 5.98340487826148E-03 6.00066350610229E-03 6.01750582783926E-03 6.03398067096747E-03 6.05010823993111E-03 6.06591518999415E-03 6.08142604600251E-03 6.09667632183526E-03 6.1116830916518E-03 6.12646335497942E-03 6.14101545074367E-03 6.15534204555891E-03 6.16945260755046E-03 6.1833710202732E-03 6.1971141391418E-03 6.21070348839822E-03 6.22413848016669E-03 6.23741867483544E-03 6.25054061972952E-03 6.26351135770638E-03 6.27632782926302E-03 6.28898797432306E-03 6.30146327675455E-03 6.31372239674089E-03 6.32573306402801E-03 6.33748219492634E-03 6.34895298582147E-03 6.36014112675323E-03 6.37103552977306E-03 6.3816399857163E-03 6.39196866829978E-03 6.40206398290196E-03 6.4119766136986E-03 6.42177637671279E-03 6.43150950338286E-03 6.44122269173454E-03 6.45094419522013E-03 6.46071536371192E-03 6.47054556862938E-03 6.4804457359959E-03 6.49035484648858E-03 6.50021554298177E-03 6.50995993670012E-03 6.51954464789592E-03 6.52890433496763E-03 6.53799232801407E-03 6.54679955037963E-03 6.55533966002922E-03 6.56363623801024E-03 6.57171388667439E-03 6.5795942580005E-03 6.58729473816804E-03 6.59483641387188E-03 6.60223828037162E-03 6.6095193420724E-03 6.61669019116505E-03 6.62376224086734E-03 6.63074084205483E-03 6.63764228142436E-03 6.64448182709876E-03 6.65127404903532E-03 6.65802565704879E-03
5.95753431114704E-03 5.97581089483065E-03 5.99360713391394E-03 6.01095312212338E-03 6.02788161257045E-03 6.04443316132362E-03 6.0606286042382E-03 6.07649476737742E-03 6.09205547850238E-03 6.10733906501187E-03 6.12236011748186E-03 6.13713460729252E-03 6.15167022101138E-03 6.16598063852741E-03 6.18008319671921E-03 6.19400218072317E-03 6.20775610714239E-03 6.22136626963122E-03 6.23483318943837E-03 6.24815557429039E-03 6.26132776838233E-03 6.27434952575992E-03 6.28721178766138E-03 6.29990971196174E-03 6.31241292356052E-03 6.32468795492998E-03 6.33670445526062E-03 6.34845027363371E-03 0.006359910973137 6.37108523524415E-03 6.38196563990531E-03 6.39255770049763E-03 6.4028787218167E-03 6.41296979451063E-03 6.42287860359032E-03 6.43267023584458E-03 6.44238816732309E-03 6.45207373764747E-03 6.46175370035373E-03 6.47146280018874E-03 6.48120505757252E-03 6.49097889658961E-03 6.50072953950499E-03 6.51040966580059E-03 6.51996657792344E-03 6.52936410654238E-03 6.53854874616099E-03 6.54748227074112E-03 6.55615933127841E-03 6.56459429609407E-03 6.5728098376672E-03 6.58082705073751E-03 6.58866717253965E-03 6.59634573982183E-03 6.60388472748671E-03 6.61130379354684E-03 6.61862055248625E-03 6.62584208462476E-03 6.63297798057317E-03 6.64003157909986E-03 6.64701790480656E-03 6.65394999762466E-03 6.66083964325771E-03 6.66769020472596E-03
5.97014229898508E-03 5.98852951033572E-03 6.00643612176315E-03 6.02388918465234E-03 6.04091915996323E-03 6.05755961539039E-03 6.07383451371396E-03 6.08976987155708E-03 6.10538860495813E-03 6.12071408319922E-03 6.13576137346208E-03 6.15054554640936E-03 6.16508203268265E-03 6.1793923953562E-03 6.19350000629096E-03 6.20743027198448E-03 6.22120379516634E-03 6.23484127440231E-03 6.24834410501291E-03 6.26171008595408E-03 6.27493161663776E-03 6.28800294250774E-03 6.30090934423776E-03 6.31364231874216E-03 6.32616454424276E-03 6.33843982221281E-03 6.35044050686637E-03 6.36215754275459E-03 6.37357904805955E-03 6.38470737043349E-03 6.39553873792203E-03 6.40608288262566E-03 6.41636278837422E-03 6.4264205012933E-03 6.43630114836209E-03 6.44606619589143E-03 6.45575258939027E-03 6.46539528431129E-03 6.47501839157837E-03 6.48465023550779E-03 6.49428729301151E-03 6.5039175195364E-03 6.51349516623949E-03 6.52297788750379E-03 6.53232628347542E-03 6.54150952219972E-03 6.55048876153695E-03 6.55923070133583E-03 6.56773738483609E-03 6.57602503066369E-03 6.58411686786198E-03 6.59203169721095E-03 6.59979250263077E-03 6.60741269334651E-03 6.61491670790634E-03 6.62232269129571E-03 6.62964572055222E-03 6.63688905484816E-03 6.6440620545799E-03 6.65116548823034E-03 6.65821287369139E-03 6.66521504374499E-03 6.67218036186422E-03 6.67910891996827E-03
5.98560184554049E-03 6.00412821138114E-03 6.02216946665693E-03 6.03974963358367E-03 6.05689660793209E-03 6.07363960670779E-03 6.09000419819484E-03 6.10601642834632E-03 6.1216991861565E-03 6.13707322997215E-03 6.15215466570908E-03 6.16695896292496E-03 6.18150784987955E-03 6.1958299921564E-03 6.20995304412189E-03 6.22390335368395E-03 6.23770251548986E-03 6.2513690310115E-03 6.26490465913643E-03 6.27830787012397E-03 6.29156945086819E-03 6.30467864643168E-03 6.31761540390508E-03 6.33036289044362E-03 6.34287600137818E-03 6.35511835514516E-03 6.36706557168424E-03 6.37871173374683E-03 6.39004988809998E-03 6.40108492159724E-03 6.4118187107735E-03 6.42226951378445E-03 6.43246647910556E-03 6.44245263290266E-03 6.45227175220828E-03 6.46197841334071E-03 6.47160185267738E-03 6.4811718097466E-03 6.49070810112044E-03 6.50023043836355E-03 6.50972903935611E-03 6.51918415046599E-03 6.52855696534657E-03 6.53781416942227E-03 6.54692692743512E-03 6.55586932093364E-03 6.56461251167506E-03 6.57313346221204E-03 6.58144094076955E-03 6.58955214192996E-03 6.59749069167027E-03 6.60527541586217E-03 6.61292930479228E-03 6.62046707480854E-03 6.62791368660137E-03 6.63528297317822E-03 6.64258665272036E-03 6.64982658926155E-03 6.65701120260829E-03 6.66414016406515E-03 6.67122568604069E-03 6.67827417261416E-03 6.68529091840358E-03 6.69227433384717E-03
6.00420067420539E-03 6.0228948091867E-03 6.04109405676737E-03 6.05881907980079E-03 6.07609590407334E-03 6.09295074258607E-03 6.1094109550635E-03 6.12550295259915E-03 6.14125102307423E-03 6.15667457518927E-03 6.17179261219876E-03 6.18662132158733E-03 6.20118914197418E-03 6.21553018559199E-03 6.22967396987586E-03 6.24364593570998E-03 6.25746685830111E-03 6.27115339486196E-03 6.28470860850413E-03 6.29813053206088E-03 6.31140747401106E-03 6.32452424969004E-03 6.3374541287599E-03 6.35017336236112E-03 6.36263071449139E-03 6.37478779408864E-03 6.38662275878004E-03 6.39813649110814E-03 0.006409329277291 6.42021067650051E-03 6.43079222800618E-03 6.44109854369708E-03 6.45116252451683E-03 6.46102879056843E-03 6.47073887184517E-03 6.48034220048424E-03 6.48986119723048E-03 6.49931643387838E-03 6.50872016950879E-03 6.51808584080943E-03 6.52740138325284E-03 6.53664047879613E-03 6.54577483942673E-03 6.55477741164182E-03 6.56362942060347E-03 6.57230885062055E-03 6.58079877887308E-03 6.58908142605684E-03 6.59717105713256E-03 6.60508847686317E-03 6.61286015295354E-03 6.62050307000288E-03 6.62803926596205E-03 6.63548298557844E-03 6.64285562190051E-03 6.65016915387299E-03 6.65743435361646E-03 6.6646509832834E-03 6.67182526874196E-03 6.67895588418314E-03 6.68605218594774E-03 6.69311929666047E-03 6.70016165581121E-03 6.70717589168191E-03
6.0262660855288E-03 6.04515079108418E-03 6.06352523302327E-03 6.08140692931227E-03 6.09882068181649E-03 6.11579110236685E-03 6.13234726456133E-03 6.14851709697349E-03 6.16432595382143E-03 6.17979389875887E-03 6.19494339489738E-03 6.20979387882636E-03 6.22438015493373E-03 6.23873943724318E-03 6.25289991258604E-03 6.26688436974809E-03 6.28071182656659E-03 6.29439694269275E-03 6.30794259594823E-03 6.32134587527783E-03 6.33459311275063E-03 6.34766608269702E-03 6.36053170684756E-03 6.37315805554763E-03 6.38548594905776E-03 6.39747887237293E-03 6.40912357911637E-03 6.42043033085613E-03 6.43140578834655E-03 6.4420665848823E-03 6.45243238736266E-03 6.46253369731356E-03 6.47240728523476E-03 6.48209923119196E-03 6.49164768567967E-03 6.50109548356762E-03 6.51045515049798E-03 6.51973927082397E-03 6.52895468481624E-03 6.53811076874216E-03 6.54719182116313E-03 6.55617121946656E-03 6.56503001601253E-03 6.57374882978234E-03 6.58231655713703E-03 6.59071510820384E-03 6.59893629682008E-03 6.60696810350911E-03 6.61483175136462E-03 6.6225506657509E-03 6.63015190879918E-03 6.63764914425176E-03 6.64506323793962E-03 6.65240591834356E-03 6.65969498257091E-03 6.66694004605883E-03 6.67415086814453E-03 6.68132500153546E-03 6.68846740177485E-03 6.6955752617197E-03 6.70265687928281E-03 6.70971616189374E-03 6.7167572537754E-03 6.72377508206572E-03
6.05214702555148E-03 6.07123831841741E-03 6.08979642870172E-03 0.006107836786242 6.12538464446851E-03 6.14246504128336E-03 0.006159109811537 6.17534807956919E-03 6.19120605211513E-03 6.20670538042188E-03 6.22187367783159E-03 6.23673505936055E-03 6.25132945628277E-03 6.26569408109211E-03 6.27985242757567E-03 6.29382380535066E-03 6.30762476863815E-03 6.32126759031044E-03 6.33475319221174E-03 6.34807658575602E-03 6.36122295560274E-03 6.3741737620741E-03 6.38688971643526E-03 6.39932802213577E-03 6.41142328424346E-03 6.42315160022421E-03 6.43451589891783E-03 6.44553497848783E-03 6.45621958569956E-03 6.46659074555026E-03 6.47667341214122E-03 6.48650445148995E-03 6.49612554252429E-03 6.50558297767625E-03 6.51490880613698E-03 6.52413750427252E-03 6.53327051109039E-03 6.54231765031628E-03 6.5512858489629E-03 6.56018032474697E-03 6.56898297985977E-03 6.57766645047959E-03 6.58622195195759E-03 6.59463681231727E-03 6.60290682244558E-03 6.61101481755787E-03 6.61896115823971E-03 6.62673910213188E-03 6.63437856760548E-03 6.6419027140477E-03 6.64933492927104E-03 6.65668471164355E-03 6.66397262645534E-03 6.67120759415783E-03 6.67840464390556E-03 6.68556974744313E-03 6.69271005294273E-03 6.6998211190044E-03 6.70690828346864E-03 6.71396775352577E-03 6.72100813901425E-03 6.72803174143908E-03 6.73504103662659E-03 6.74203003774029E-03
6.08218909437244E-03 6.10149096928135E-03 6.12022772149039E-03 6.13841660117762E-03 6.15608425577109E-03 6.17325924859071E-03 6.18997584047802E-03 6.20626340930711E-03 6.2221490354666E-03 6.23765847351194E-03 6.25282270801781E-03 6.26767517478722E-03 6.28225782388244E-03 6.29660025675177E-03 6.31071980822709E-03 6.32463437033495E-03 6.33835719322647E-03 6.35189689283187E-03 6.36525050983042E-03 6.37840880133588E-03 6.39135676254352E-03 6.40407784534865E-03 6.41653313630501E-03 6.42865892059646E-03 6.44039788911009E-03 6.45175486662358E-03 6.46274808870708E-03 6.47339698597239E-03 6.48371457204328E-03 6.49372461112938E-03 6.50345611611451E-03 6.51295183514085E-03 6.52225618028886E-03 6.53141177656672E-03 6.54044765136483E-03 6.54938211988235E-03 6.5582120345677E-03 6.56695427960717E-03 6.57561782871831E-03 6.58419946148508E-03 6.59267812511948E-03 6.60103418342848E-03 6.60926639140442E-03 6.61736693274374E-03 6.6253334680417E-03 6.63315028211353E-03 6.64082217030561E-03 6.64835382967927E-03 6.65578058960712E-03 6.66311739840905E-03 6.67038148639838E-03 6.67758150443826E-03 6.68473754925494E-03 6.6918556926656E-03 6.69894863319068E-03 6.70601776754412E-03 6.71306704929131E-03 6.72009211497504E-03 6.72709819964415E-03 6.73408257233559E-03 6.74105390576202E-03 6.74801048658798E-03 6.75495269326565E-03 6.76187552595163E-03
