NongDo/Fusa 10.7h.grd
DSAA
463	323
2	464
2	324
0	10
[rows 56 to 83 of 323, columns 256 to 319 of 463]
0 0 0 0 0 0 0 0 0 0 0 0 0 0 0 0 0 0 0 0 0 0 0 0 0 0 0 0 0 0 0 0 0 0 0 0 0 0 0 0 0 0 0 0 0 0 0 0 0 0 0 0 0 0 0 0 0 0 0 0 0 0 0 0
0 0 0 0 0 0 0 0 0 0 0 0 0 0 0 0 0 0 0 0 0 0 0 0 0 0 0 0 0 0 0 0 0 0 0 0 0 0 0 0 0 0 0 0 0 0 0 0 0 0 0 0 0 0 0 0 0 0 0 0 0 0 0 0
0 0 0 0 0 0 0 0 0 0 0 0 0 0 0 0 0 0 0 0 0 0 0 0 0 0 0 0 0 0 0 0 0 0 0 0 0 0 0 0 0 0 0 0 0 0 0 0 0 0 0 0 0 0 0 0 0 0 0 0 0 0 0 0
0 0 0 0 0 0 0 0 0 0 0 0 0 0 0 0 0 0 0 0 0 0 0 0 0 0 0 0 0 0 0 0 0 0 0 0 0 0 0 0 0 0 0 0 0 0 0 0 0 0 0 0 0 0 0 0 0 0 0 0 0 0 0 0
0 0 0 0 0 0 0 0 0 0 0 0 0 0 0 0 0 0 0 0 0 0 0 0 0 0 0 0 0 0 0 0 0 0 0 0 0 0 0 0 0 0 0 0 0 0 0 0 0 0 0 0 0 0 0 0 0 0 0 0 0 0 0 0
0 0 0 0 0 0 0 0 0 0 0 0 0 0 0 0 0 0 0 0 0 0 0 0 0 0 0 0 0 0 0 0 0 0 0 0 0 0 0 0 0 0 0 0 0 0 0 0 0 0 0 0 0 0 0 0 0 0 0 0 0 0 0 0
0 0 0 0 0 0 0 0 0 0 0 0 0 0 0 0 0 0 0 0 0 0 0 0 0 0 0 0 0 0 0 0 0 0 0 0 0 0 0 0 0 0 0 0 0 0 0 0 0 0 0 0 0 0 0 0 0 0 0 0 0 0 0 0
0 0 0 0 0 0 0 0 0 0 0 0 0 0 0 0 0 0 0 0 0 0 0 0 0 0 0 0 0 0 0 0 0 0 0 0 0 0 0 0 0 0 0 0 0 0 0 0 0 0 0 0 0 0 0 0 0 0 0 0 0 0 4.33613019721433E-23 2.62396188539793E-23
0 0 0 0 0 0 0 0 0 0 0 0 0 0 0 0 0 0 0 0 0 0 0 0 0 0 0 0 0 0 0 0 0 0 0 0 0 0 0 0 0 0 0 0 0 0 0 0 0 0 0 0 0 0 0 0 0 0 2.83386075416551E-22 1.77685404059468E-22 1.22173381236525E-22 8.64833290723299E-23 4.33613019721433E-23 2.62396188539793E-23
0 0 0 0 0 0 0 0 0 0 0 0 0 0 0 0 0 0 0 0 0 0 0 0 0 0 0 0 0 0 0 0 0 0 0 0 0 0 0 0 0 0 0 0 0 0 0 0 0 0 0 0 0 0 1.70378435515785E-21 1.08330672779518E-21 7.58349841479996E-22 5.48342444091073E-22 2.83386075416551E-22 1.77685404059468E-22 1.22173381236525E-22 8.64833290723299E-23 5.9194630674319E-23 4.10981076492245E-23
0 0 0 0 0 0 0 0 0 0 0 0 0 0 0 0 0 0 0 0 0 0 0 0 0 0 0 0 0 0 0 0 0 0 0 0 0 0 0 0 0 0 0 0 0 0 0 0 0 0 0 7.12910014049366E-21 4.6622584934372E-21 3.28224260519336E-21 1.70378435515785E-21 1.08330672779518E-21 7.58349841479996E-22 5.48342444091073E-22 3.84918597675256E-22 2.75111558371845E-22 2.00276613766911E-22 1.46521370334871E-22 1.06768482620251E-22 7.73306959403508E-23
0 0 0 0 0 0 0 0 0 0 0 0 0 0 0 0 0 0 0 0 0 0 0 0 0 0 0 0 0 0 0 0 0 0 0 0 0 0 0 0 0 0 0 0 0 6.49113643236306E-20 4.12355219872921E-20 2.93466715133465E-20 2.21315326711502E-20 1.70556853027109E-20 1.3123008841486E-20 7.12910014049366E-21 4.6622584934372E-21 3.28224260519336E-21 2.29612007013028E-21 1.65932728986524E-21 1.22912655405936E-21 9.18673153728673E-22 6.86296585968584E-22 5.11088676725681E-22 3.79940853464498E-22 2.81506910517304E-22 2.07847115489805E-22 1.52425860797231E-22
0 0 0 0 0 0 0 0 0 0 0 0 0 0 0 0 0 0 0 0 0 0 0 0 0 0 0 0 0 0 0 0 0 0 0 0 0 0 0 0 0 0 0 1.96928128296262E-19 1.26967115462995E-19 6.49113643236306E-20 4.12355219872921E-20 2.93466715133465E-20 2.21315326711502E-20 1.70556853027109E-20 1.3123008841486E-20 9.61874877456102E-21 7.13469598235389E-21 5.34543410792733E-21 4.01858305524126E-21 3.03236300895254E-21 2.29536842202225E-21 1.73649779372406E-21 1.31108626858984E-21 9.85666743989539E-22 7.38054066470593E-22 5.50034347140193E-22 4.08116910163164E-22 3.01161739125178E-22
2.27229879622566E-16 1.86387036641884E-16 1.65578438595898E-16 1.51315643072155E-16 1.39338410259957E-16 1.28156523310712E-16 1.17469255547203E-16 1.0720564204827E-16 9.73987154794992E-17 8.79995657198398E-17 7.90400867896548E-17 7.05071988183822E-17 6.25645744990882E-17 5.5238786086727E-17 4.85510272769095E-17 4.24462059283268E-17 3.69401189988723E-17 3.19717536122692E-17 2.75734896746504E-17 2.37076116709201E-17 2.03425374857308E-17 1.73988128303041E-17 1.4838045564779E-17 1.25992968023629E-17 1.06755207502754E-17 9.02660765814642E-18 7.62172029985485E-18 6.41493911930301E-18 5.38628901438734E-18 4.50329141711767E-18 3.75684378977696E-18 3.12864868808005E-18 2.61409713986935E-18 2.22634896207362E-18 2.06902518997679E-18 0 0 0 0 9.36754991112504E-19 6.51676595586412E-19 4.80718138033127E-19 3.6161806474573E-19 1.96928128296262E-19 1.26967115462995E-19 8.56550299138465E-20 6.17149905792408E-20 4.65258777789395E-20 3.59598548727443E-20 2.80384109217867E-20 2.1859827804577E-20 1.6887476036714E-20 1.29900575322151E-20 9.95512783247397E-21 7.61277950188445E-21 5.80872322331431E-21 4.42417369846728E-21 3.35919466641577E-21 2.54291546972149E-21 1.91717746494423E-21 1.43984729537148E-21 1.07646309416924E-21 8.0124831992209E-22 5.93496062963222E-22
2.27229879622566E-16 1.86387036641884E-16 1.65578438595898E-16 1.51315643072155E-16 1.39338410259957E-16 1.28156523310712E-16 1.17469255547203E-16 1.0720564204827E-16 9.73987154794992E-17 8.79995657198398E-17 7.90400867896548E-17 7.05071988183822E-17 6.25645744990882E-17 5.5238786086727E-17 4.85510272769095E-17 4.24462059283268E-17 3.69401189988723E-17 3.19717536122692E-17 2.75734896746504E-17 2.37076116709201E-17 2.03425374857308E-17 1.73988128303041E-17 1.4838045564779E-17 1.25992968023629E-17 1.06755207502754E-17 9.02660765814642E-18 7.62172029985485E-18 6.41493911930301E-18 5.38628901438734E-18 4.50329141711767E-18 3.75684378977696E-18 3.12864868808005E-18 2.61409713986935E-18 2.22634896207362E-18 2.06902518997679E-18 2.65395931765912E-18 2.27334357854171E-18 1.90350022074763E-18 1.56388144815144E-18 9.36754991112504E-19 6.51676595586412E-19 4.80718138033127E-19 3.6161806474573E-19 2.62188510196074E-19 1.9344234169662E-19 1.44893133581827E-19 1.1051520359913E-19 8.55485449090004E-20 6.68290765378063E-20 5.2339031827388E-20 4.09441175945928E-20 3.18637119110618E-20 2.46814278342672E-20 1.90218278506525E-20 1.46066936583793E-20 1.11776338946435E-20 8.5277739566046E-21 6.48238800440635E-21 4.91138930654865E-21 3.70685715632277E-21 2.78734933885798E-21 2.08722753071057E-21 1.5564023583589E-21 1.15538584651618E-21
3.02834725447534E-16 2.75742825330573E-16 2.54468447767983E-16 2.35854432614933E-16 2.18389293248873E-16 2.01329280856698E-16 1.84668851422471E-16 1.68577624750935E-16 1.53219606008854E-16 1.38566722773182E-16 1.24594216553907E-16 1.11216227184719E-16 9.86795129722934E-17 8.70845281812374E-17 7.64820544829722E-17 6.68399374962733E-17 5.8163247892698E-17 5.03518275850617E-17 4.34190901225825E-17 3.73349797638479E-17 3.20497722479124E-17 2.74483428307677E-17 2.3446615032065E-17 1.99401875231544E-17 1.69118284654416E-17 1.43101896223703E-17 1.20866832373394E-17 1.01789458408039E-17 8.55127193184358E-18 7.15491229593381E-18 5.969184837323E-18 4.96878975858524E-18 4.1362837211909E-18 3.4583788748204E-18 2.9543431011199E-18 2.65395931765912E-18 2.27334357854171E-18 1.90350022074763E-18 1.56388144815144E-18 1.2197618643373E-18 9.53364873962625E-19 7.44739597992773E-19 5.79946261592142E-19 4.48456767536032E-19 3.46486640191722E-19 2.67887935299533E-19 2.07997619685675E-19 1.62336953674367E-19 1.27190455557413E-19 9.9681293794353E-20 7.79836780252101E-20 6.07262888692715E-20 4.70738994511182E-20 3.63099221923316E-20 2.78930299115474E-20 2.13471896890882E-20 1.62828104880027E-20 1.23740828643883E-20 9.37217018162439E-21 7.07301232000619E-21 5.31837217190118E-21 3.98348710184897E-21 2.97172232678465E-21 2.20758547573596E-21
5.04907624258623E-16 4.73825325326671E-16 4.43300093158385E-16 4.1335926390885E-16 3.83796395022999E-16 3.54320632107052E-16 3.25194151148981E-16 2.96925859105348E-16 2.69934842207482E-16 2.44303848111758E-16 2.19955138938217E-16 1.96553930815084E-16 1.74342498323804E-16 1.53698207679604E-16 1.34838622473753E-16 1.17769032090764E-16 1.02440332804255E-16 8.86910821009037E-17 7.64837852248535E-17 6.57730424267315E-17 5.64706820042088E-17 4.84076672376987E-17 4.14166495278299E-17 3.52880970299941E-17 2.99524243856323E-17 2.53478029182002E-17 2.140391190525E-17 1.80274828837478E-17 1.5145838610406E-17 1.26800923707356E-17 1.05838734066516E-17 8.81478385688573E-18 7.33511526673247E-18 6.10666677494051E-18 5.10536376596741E-18 4.29669036340506E-18 3.59503797950968E-18 2.98595368872075E-18 2.46245870473694E-18 2.0083904057002E-18 1.62542638863147E-18 1.30234523035029E-18 1.03433679775043E-18 8.15584409903287E-19 6.40393171463706E-19 5.01198571878027E-19 3.92108852168585E-19 3.07032436742432E-19 2.40607773177977E-19 1.88373759623058E-19 1.47153305461502E-19 1.14461276480994E-19 8.86398345681459E-20 6.83142630302552E-20 5.24258752357876E-20 4.00767059355111E-20 3.05281348736822E-20 2.31708538847955E-20 1.75271220544741E-20 1.32137013124758E-20 9.92682768292381E-21 7.43002537296183E-21 5.53938528022261E-21 4.11323162781696E-21
9.00198859920058E-16 8.49646359711581E-16 7.97672251811364E-16 7.45185796075008E-16 6.92628522946663E-16 6.39911315117372E-16 5.87461273700466E-16 5.36352918535696E-16 4.87470541890554E-16 4.4103240556395E-16 3.97084460666916E-16 3.54998578928217E-16 3.14816586133143E-16 2.77394256020447E-16 2.43269780925332E-16 2.12421180236758E-16 1.84739271303391E-16 1.59959851392811E-16 1.37937840774995E-16 1.18596877174029E-16 1.01792750031391E-16 8.72375598943789E-17 7.46504924197714E-17 6.36547458691134E-17 5.40437097497663E-17 4.57316388703259E-17 3.86125330537321E-17 3.25213351289584E-17 2.73220039426E-17 2.28805967937235E-17 1.91020897008265E-17 1.59118722367301E-17 1.32409810327042E-17 1.10134162074202E-17 9.1673349513678E-18 7.63092162433664E-18 6.33460881101255E-18 5.23923888501446E-18 4.31845955418351E-18 3.54183695087135E-18 2.88811553880755E-18 2.33503691492466E-18 1.87184973331636E-18 1.48965674154242E-18 1.17932464456385E-18 9.29104486529711E-19 7.29721357508978E-19 5.72212057754082E-19 4.481464950952E-19 3.50266034048117E-19 2.73022784088975E-19 2.11945795840466E-19 1.63793530903607E-19 1.26000907683085E-19 9.65045862772819E-20 7.36225187450139E-20 5.59641049935635E-20 4.23929196736155E-20 3.20030434594636E-20 2.40832260288612E-20 1.80623827588619E-20 1.34990323386949E-20 1.00502333578113E-20 7.45337233307719E-21
1.63526774010571E-15 1.54729418468336E-15 1.45488010130675E-15 1.36010823522526E-15 1.26428261631629E-15 1.16817403547856E-15 1.07284397597549E-15 9.79625628692697E-16 8.89791181176706E-16 8.03988847806774E-16 7.2254077355938E-16 6.45305477153982E-16 5.72466708375697E-16 5.04724649842943E-16 4.42698764495382E-16 3.86489107516211E-16 3.35972325386814E-16 2.90840368111005E-16 2.50820350890594E-16 2.15628771864344E-16 1.84943206301588E-16 1.58302524764052E-16 1.35226343053686E-16 1.15195555603718E-16 9.78123673157875E-17 8.27915099083307E-17 6.98920603874658E-17 5.88427975373639E-17 4.94049043633304E-17 4.13584474131428E-17 3.45262849918898E-17 2.87547919357312E-17 2.39104824829187E-17 1.98593501768999E-17 1.6482831278632E-17 1.36657739949022E-17 1.13081855765503E-17 9.33230459815231E-18 7.68062741161273E-18 6.29822178672114E-18 5.14107180523766E-18 4.1696505596234E-18 3.35874783892687E-18 2.68709466119662E-18 2.13694755225312E-18 1.68971161020076E-18 1.3300133033562E-18 1.0434587825317E-18 8.16287954014165E-19 6.36630737193126E-19 4.94793190808995E-19 3.83037387174089E-19 2.95230838208736E-19 2.26576242933041E-19 1.73140025972701E-19 1.31777438126704E-19 9.9915666847211E-20 7.54998113565844E-20 5.68591549979063E-20 4.26926718790577E-20 3.19525675419442E-20 2.38334872200555E-20 1.77116435020957E-20 1.31125006938262E-20
3.01397801309709E-15 2.85515169170349E-15 2.68682814883823E-15 2.51273494376183E-15 2.33572430424217E-15 2.15793796507984E-15 1.98165795666015E-15 1.80894276771426E-15 1.64179065765176E-15 1.4816232896278E-15 1.32948157611692E-15 1.18594717837449E-15 1.05159956854879E-15 9.2708811038844E-16 8.13009370785469E-16 7.09510012359148E-16 6.16429850035016E-16 5.33324310651979E-16 4.59716448158012E-16 3.94978861516937E-16 3.38433151273534E-16 2.8927053731E-16 2.46675192387187E-16 2.09813453040225E-16 1.77979000005176E-16 1.50548549745553E-16 1.26993096636081E-16 1.06810556982116E-16 8.9573485419271E-17 7.48949479199984E-17 6.24521763596399E-17 5.19500540273225E-17 4.31305646874041E-17 3.57494536981048E-17 2.95918488131507E-17 2.44572016536298E-17 2.01787461900971E-17 1.66118109195671E-17 1.36422743255013E-17 1.11679670895706E-17 9.10738526499706E-18 7.38801640523383E-18 5.9587946844958E-18 4.77622175583272E-18 3.80492997365416E-18 3.01245515282152E-18 2.37202755425652E-18 1.85967917998168E-18 1.45232326344169E-18 1.12985566224435E-18 8.754605562754E-19 6.75578205332922E-19 5.190934898522E-19 3.97211531067847E-19 3.02679513506811E-19 2.29727755344438E-19 1.73686333438945E-19 1.30871005871112E-19 9.82859498830739E-20 7.36023201524081E-20 5.49493154786829E-20 4.0890694583422E-20 3.03202557405044E-20 2.23998435803062E-20
5.61314146770462E-15 5.31990046252757E-15 5.00797909800393E-15 4.68403778901576E-15 4.35356515567383E-15 4.02095655200901E-15 3.6906108884817E-15 3.36657937503264E-15 3.05261467979822E-15 2.75162012555568E-15 2.46591023125503E-15 2.19706495257447E-15 1.94630718122859E-15 1.7145802872387E-15 1.50256159928692E-15 1.31033807262185E-15 1.13753509855697E-15 9.83313583772146E-16 8.46761731466408E-16 7.26700087416184E-16 6.21818099264166E-16 5.30635884542281E-16 4.51678479909761E-16 3.83468552766913E-16 3.24729346530185E-16 2.74252381614853E-16 2.30971527909087E-16 1.9392768028718E-16 1.62325869511221E-16 1.35452614840334E-16 1.1270914244372E-16 9.35460594694389E-17 7.74729431000448E-17 6.40378240695649E-17 5.28439695975079E-17 4.35273634436918E-17 3.57896224808805E-17 2.93672706710171E-17 2.40422691116671E-17 1.96249942193573E-17 1.59635894139947E-17 1.29259715842602E-17 1.04122517277182E-17 8.33952614760106E-18 6.63958186604805E-18 5.25348588111348E-18 4.1326998573662E-18 3.2349999782473E-18 2.52068521543732E-18 1.9555533629518E-18 1.51048692810743E-18 1.16181500465235E-18 8.89803271636358E-19 6.78733921052415E-19 5.1560753833485E-19 3.90147947862698E-19 2.94081328929434E-19 2.20924264215579E-19 1.6542784102633E-19 1.23526272078746E-19 9.19657672695128E-20 6.82563926317871E-20 5.04854728394648E-20 3.72089429910261E-20
1.05373171030101E-14 9.98735282776156E-15 9.40131640097173E-15 8.79136767176502E-15 8.16804023567677E-15 7.53983656674457E-15 6.91500983409369E-15 6.30187003099863E-15 5.70789085386684E-15 5.13882669462853E-15 4.59924168132009E-15 4.09250214651021E-15 3.62087346469384E-15 3.18601863182659E-15 2.78891931239859E-15 2.42943096989928E-15 2.10660451402724E-15 1.81873039423428E-15 1.56396112639091E-15 1.34009198657203E-15 1.1446688603749E-15 9.74933609333072E-16 8.28130485653192E-16 7.01515624294578E-16 5.92719184632305E-16 4.9943638410337E-16 4.19611352392988E-16 3.51421783482744E-16 2.93367823785931E-16 2.44108620280724E-16 2.02513725533639E-16 1.67554023125052E-16 1.3830497183107E-16 1.13922941248145E-16 9.36664480170494E-17 7.68572838596713E-17 6.29451878555719E-17 5.14448315634708E-17 4.19483872161514E-17 3.41058336339514E-17 2.76370955545098E-17 2.23020281832375E-17 1.79084993480125E-17 1.43038836514782E-17 1.13596551768984E-17 8.96805942690227E-18 7.03846074108437E-18 5.49595273040112E-18 4.27062400309074E-18 3.30317238504846E-18 2.5432117830058E-18 1.94970007572734E-18 1.48826853489473E-18 1.13155105051228E-18 8.56858751656548E-19 6.46333943490034E-19 4.85678835313313E-19 3.63736991662796E-19 2.71531112655574E-19 2.02139551367376E-19 1.50051741291372E-19 1.11051731049013E-19 8.19160446378504E-20 6.02171630047971E-20
1.98740966366487E-14 1.88338366634323E-14 1.77227457508817E-14 1.65641706506024E-14 1.53782995722956E-14 1.41829819189393E-14 1.29946036155321E-14 1.18289418131781E-14 1.07001891489828E-14 9.62003156404673E-15 8.59740979488642E-15 7.6390451905914E-15 6.74901598254445E-15 5.93000634576954E-15 5.18338039808849E-15 4.50859103022417E-15 3.90345313562592E-15 3.36453000092934E-15 2.88805849298875E-15 2.46975299242674E-15 2.1049817694111E-15 1.78863417114268E-15 1.51553197436929E-15 1.28046260713153E-15 1.07887298779157E-15 9.06385355989846E-16 7.59129749601872E-16 6.33674476467389E-16 5.27173438768731E-16 4.37086476987764E-16 3.61245998403782E-16 2.97711464917824E-16 2.44743686726608E-16 2.00760496182727E-16 1.64361512745598E-16 1.34278240623283E-16 1.09476780963783E-16 8.90609538771393E-17 7.22749717215242E-17 5.84779626405231E-17 4.71517411372102E-17 3.78709153688129E-17 3.02762469613398E-17 2.40838776192635E-17 1.90537631896422E-17 1.49911112202184E-17 1.17286129272703E-17 9.13038966755472E-18 7.07304334357527E-18 5.45362318093032E-18 4.18535136056143E-18 3.19807776794692E-18 2.43312451349013E-18 1.8439024544243E-18 1.3918445716837E-18 1.04661214909025E-18 7.84032746895686E-19 5.85356903375019E-19 4.3560847932972E-19 3.23267474456735E-19 2.39218502056207E-19 1.76503405540754E-19 1.29811180420778E-19 9.5153514960049E-20
3.76046270046862E-14 3.56203952201395E-14 3.34989200545939E-14 3.12843062368864E-14 2.9016055461806E-14 2.67301889597671E-14 2.44594137146312E-14 2.2234308802116E-14 2.00820817060907E-14 1.80256301167144E-14 1.6082301752347E-14 1.42652273449781E-14 1.2581670077769E-14 1.10359058737415E-14 9.62960186353822E-15 8.36085130849623E-15 7.22493718177976E-15 6.21482865190845E-15 5.3228538458211E-15 4.54076824207007E-15 3.85976729531103E-15 3.27023672306874E-15 2.76247609173552E-15 2.3266486921896E-15 1.95377048917186E-15 1.63549817362146E-15 1.36456491335414E-15 1.13451102719057E-15 9.39922620943601E-16 7.75999329058004E-16 6.38529877063014E-16 5.23836924781915E-16 4.28634174978748E-16 3.49940032867107E-16 2.85117002752483E-16 2.31802866469231E-16 1.88045500894959E-16 1.52191913620821E-16 1.2285349616607E-16 9.88630242807154E-17 7.92732725282973E-17 6.33244839062886E-17 5.03602844604215E-17 3.98620363912961E-17 3.13910735874002E-17 2.45941869411735E-17 1.91673779023999E-17 1.48669515222906E-17 1.14772214542434E-17 8.81973722760543E-18 6.74617313626566E-18 5.13776957947293E-18 3.89604596602923E-18 2.94283304693491E-18 2.21424909044058E-18 1.65979223122617E-18 1.23946766270709E-18 9.22419306167565E-19 6.84220992114392E-19 5.06081531216141E-19 3.73261039357731E-19 2.74500537360738E-19 2.0123267851788E-19 1.47041773825018E-19
7.12344078734233E-14 6.74309076208657E-14 6.33614710116935E-14 5.91107875939602E-14 5.47565045194299E-14 5.03714731323292E-14 4.6020754750191E-14 4.17643084543997E-14 3.76542819990436E-14 3.37348224820581E-14 3.0039138015682E-14 2.65924488154429E-14 2.34077804860392E-14 2.04913745746192E-14 1.7843968404968E-14 1.5459913918825E-14 1.33288750497551E-14 1.14372467954741E-14 9.76983323861674E-15 8.3102733561596E-15 7.04140760107535E-15 5.94517564938302E-15 5.00334142202243E-15 4.19792057781608E-15 3.51130331311111E-15 2.92703655348508E-15 2.43125927240813E-15 2.01198235068607E-15 1.65891497708706E-15 1.36299007591777E-15 1.11608940290226E-15 9.11084291889055E-16 7.41695165194424E-16 6.02359684053117E-16 4.88145562863653E-16 3.94737211769874E-16 3.18494264726541E-16 2.56345437304885E-16 2.05742265312999E-16 1.64596535355368E-16 1.31199615129551E-16 1.04193083642939E-16 8.23966562254299E-17 6.48714500672925E-17 5.08286525375557E-17 3.96392078857737E-17 3.07632642278903E-17 2.37674647984027E-17 1.82793477610745E-17 1.39963361523904E-17 1.0669004264716E-17 8.09827872705509E-18 6.12120424877226E-18 4.60848719913348E-18 3.45609888632692E-18 2.58215531722395E-18 1.92197340640402E-18 1.42559980959465E-18 1.05389744673273E-18 7.76778975765459E-19 5.70844604027561E-19 4.18281432167913E-19 3.05542729578844E-19 2.22482259288537E-19
1.34890964773001E-13 1.2756203930963E-13 1.19724801761107E-13 1.11541511053689E-13 1.03165970944534E-13 9.47432527464829E-14 8.64025470288491E-14 7.82600557583007E-14 7.04151457635132E-14 6.29509582599007E-14 5.59303635148468E-14 4.940079438721E-14 4.33867198709592E-14 3.78953212083772E-14 3.29226625581624E-14 2.84537896305756E-14 2.44669320802396E-14 2.09349719571569E-14 1.7828001799585E-14 1.51138260112159E-14 1.27588931796145E-14 1.07291166690563E-14 8.99059483382927E-15 7.5100659062148E-15 6.2528125337854E-15 5.18716000241874E-15 4.2868213771959E-15 3.52930001859242E-15 2.89479231462556E-15 2.36594014363918E-15 1.92715370520533E-15 1.56477740454316E-15 1.26687852652763E-15 1.02311443489527E-15 8.24370506563154E-16 6.62786087747831E-16 5.31647517616027E-16 4.25360873083841E-16 3.39314394076505E-16 2.69789006039362E-16 2.13725115789023E-16 1.6870018268032E-16 1.32627817847044E-16 1.03834716329582E-16 8.09299787330654E-17 6.28058841391252E-17 4.85236302560646E-17 3.73310196075386E-17 2.8596922559305E-17 2.18135297687052E-17 1.6568143109414E-17 1.25323802870199E-17 9.44073071008111E-18 7.08373481498809E-18 5.29436831271561E-18 3.9419926312229E-18 2.92401133434296E-18 2.16123138467466E-18 1.59196827087566E-18 1.16899315789232E-18 8.55777821786396E-19 6.246080523785E-19 4.54476368197768E-19 3.2965272828885E-19
2.54907165286677E-13 2.40732524513679E-13 2.25598175600674E-13 2.0981865082418E-13 1.93698559762494E-13 1.77525966054705E-13 1.61556254628048E-13 1.46010482590283E-13 1.31074275290555E-13 1.1690114823475E-13 1.03608052618416E-13 9.12803943581837E-14 7.99631905463154E-14 6.96623334254775E-14 6.03591435893656E-14 5.2018211510966E-14 4.45943259085972E-14 3.80332802371522E-14 3.22755607719515E-14 2.72579478007867E-14 2.29145523030234E-14 1.9181017292329E-14 1.59942105765993E-14 1.32932414762284E-14 1.10094801785468E-14 9.08319896521059E-15 7.46503635430724E-15 6.11206897400838E-15 4.9857143762121E-15 4.05250975181293E-15 3.28262719571781E-15 2.65036991187594E-15 2.13342969490501E-15 1.712754241349E-15 1.37165290550264E-15 1.09604757815436E-15 8.73687314229847E-16 6.94576102586361E-16 5.50522620775495E-16 4.34953316366598E-16 3.42426943117589E-16 2.68635703559942E-16 2.09947718710637E-16 1.63440122024597E-16 1.26711071901727E-16 9.7845936302753E-17 7.52470539080501E-17 5.76361652026446E-17 4.39684912294987E-17 3.34069116035313E-17 2.52783692721894E-17 1.9050517114374E-17 1.42988379928543E-17 1.06902489346418E-17 7.96108836443098E-18 5.90593329286442E-18 4.36465004507476E-18 3.21389775748665E-18 2.35821854208873E-18 1.72473638235274E-18 1.25743836725708E-18 9.13922901977248E-19 6.62177063375929E-19 4.78273857547674E-19
4.79751647366958E-13 4.52278692133333E-13 4.23025223747819E-13 3.92614112107122E-13 3.61644162615681E-13 3.30673769490738E-13 3.00201862261046E-13 2.70641056948169E-13 2.42333795745457E-13 2.15561167197367E-13 1.90531671481574E-13 1.67391277302208E-13 1.46222695889312E-13 1.27016005938665E-13 1.09717628157341E-13 9.42516920789061E-14 8.05260286977362E-14 6.84305421727095E-14 5.78462029855103E-14 4.864856551954E-14 4.07084792055501E-14 3.39036596339774E-14 2.8117123219347E-14 2.32381838100452E-14 1.91334335458478E-14 1.56923846040434E-14 1.28212540058755E-14 1.04370576182764E-14 8.46479718372539E-15 6.84114141488489E-15 5.50964682632162E-15 4.42255548522648E-15 3.53872595994853E-15 2.82346649657461E-15 2.24672220489032E-15 1.783710595197E-15 1.41242040052422E-15 1.11535472270816E-15 8.78147366380652E-16 6.8930021664188E-16 5.39219126018444E-16 4.20395972809462E-16 3.26603735384065E-16 2.52812966230925E-16 1.94955295423786E-16 1.49788310502886E-16 1.14654818306109E-16 8.74229356881587E-17 6.64073380777151E-17 5.02497284599462E-17 3.78730754203328E-17 2.84300276533117E-17 2.12560396651061E-17 1.58296099724566E-17 1.17424721517673E-17 8.67692688621957E-18 6.38710070178551E-18 4.68407022087554E-18 3.42281388178607E-18 2.49265955015925E-18 1.80938704618677E-18 1.30923891916223E-18 9.44328318388554E-19 6.78944853638595E-19
