NongDo/Fusa 18.3h.grd
DSAA
463	323
2	464
2	324
0	10
[rows 56 to 83 of 323, columns 256 to 319 of 463]
0 0 0 0 0 0 0 0 0 0 0 0 0 0 0 0 0 0 0 0 0 0 0 0 0 0 0 0 0 0 0 0 0 0 0 0 0 0 0 0 0 0 0 0 0 0 0 0 0 0 0 0 0 0 0 0 0 0 0 0 0 0 0 0
0 0 0 0 0 0 0 0 0 0 0 0 0 0 0 0 0 0 0 0 0 0 0 0 0 0 0 0 0 0 0 0 0 0 0 0 0 0 0 0 0 0 0 0 0 0 0 0 0 0 0 0 0 0 0 0 0 0 0 0 0 0 0 0
0 0 0 0 0 0 0 0 0 0 0 0 0 0 0 0 0 0 0 0 0 0 0 0 0 0 0 0 0 0 0 0 0 0 0 0 0 0 0 0 0 0 0 0 0 0 0 0 0 0 0 0 0 0 0 0 0 0 0 0 0 0 0 0
0 0 0 0 0 0 0 0 0 0 0 0 0 0 0 0 0 0 0 0 0 0 0 0 0 0 0 0 0 0 0 0 0 0 0 0 0 0 0 0 0 0 0 0 0 0 0 0 0 0 0 0 0 0 0 0 0 0 0 0 0 0 0 0
0 0 0 0 0 0 0 0 0 0 0 0 0 0 0 0 0 0 0 0 0 0 0 0 0 0 0 0 0 0 0 0 0 0 0 0 0 0 0 0 0 0 0 0 0 0 0 0 0 0 0 0 0 0 0 0 0 0 0 0 0 0 0 0
0 0 0 0 0 0 0 0 0 0 0 0 0 0 0 0 0 0 0 0 0 0 0 0 0 0 0 0 0 0 0 0 0 0 0 0 0 0 0 0 0 0 0 0 0 0 0 0 0 0 0 0 0 0 0 0 0 0 0 0 0 0 0 0
0 0 0 0 0 0 0 0 0 0 0 0 0 0 0 0 0 0 0 0 0 0 0 0 0 0 0 0 0 0 0 0 0 0 0 0 0 0 0 0 0 0 0 0 0 0 0 0 0 0 0 0 0 0 0 0 0 0 0 0 0 0 0 0
0 0 0 0 0 0 0 0 0 0 0 0 0 0 0 0 0 0 0 0 0 0 0 0 0 0 0 0 0 0 0 0 0 0 0 0 0 0 0 0 0 0 0 0 0 0 0 0 0 0 0 0 0 0 0 0 0 0 0 0 0 0 6.98320927967542E-03 6.99258052881201E-03
0 0 0 0 0 0 0 0 0 0 0 0 0 0 0 0 0 0 0 0 0 0 0 0 0 0 0 0 0 0 0 0 0 0 0 0 0 0 0 0 0 0 0 0 0 0 0 0 0 0 0 0 0 0 0 0 0 0 6.94613401416235E-03 6.95525334637041E-03 6.96433228841544E-03 6.97349244567189E-03 6.98320927967542E-03 6.99258052881201E-03
0 0 0 0 0 0 0 0 0 0 0 0 0 0 0 0 0 0 0 0 0 0 0 0 0 0 0 0 0 0 0 0 0 0 0 0 0 0 0 0 0 0 0 0 0 0 0 0 0 0 0 0 0 0 6.90865314348684E-03 6.91816938499166E-03 6.92746598505009E-03 6.93670538776037E-03 6.94613401416235E-03 6.95525334637041E-03 6.96433228841544E-03 6.97349244567189E-03 6.98274324650811E-03 6.99198036476994E-03
0 0 0 0 0 0 0 0 0 0 0 0 0 0 0 0 0 0 0 0 0 0 0 0 0 0 0 0 0 0 0 0 0 0 0 0 0 0 0 0 0 0 0 0 0 0 0 0 0 0 0 6.8775182725091E-03 6.88814518296318E-03 6.89850757236089E-03 6.90865314348684E-03 6.91816938499166E-03 6.92746598505009E-03 6.93670538776037E-03 6.94589367022508E-03 6.95504754521937E-03 6.96409627348287E-03 6.9731454621508E-03 6.98218414340733E-03 6.99125023332413E-03
0 0 0 0 0 0 0 0 0 0 0 0 0 0 0 0 0 0 0 0 0 0 0 0 0 0 0 0 0 0 0 0 0 0 0 0 0 0 0 0 0 0 0 0 0 6.8082801556425E-03 6.82077869921433E-03 6.83269512175124E-03 6.84417590921415E-03 6.85543672409769E-03 6.86650654244978E-03 6.8775182725091E-03 6.88814518296318E-03 6.89850757236089E-03 6.90849809966327E-03 6.9181240183307E-03 6.92748855611145E-03 6.93674082254885E-03 6.94589064724509E-03 6.95501683537824E-03 6.96404676514226E-03 6.97304407811702E-03 0.006982004165011 6.99097158665432E-03
0 0 0 0 0 0 0 0 0 0 0 0 0 0 0 0 0 0 0 0 0 0 0 0 0 0 0 0 0 0 0 0 0 0 0 0 0 0 0 0 0 0 0 6.7804729535095E-03 6.79441877121664E-03 6.8082801556425E-03 6.82077869921433E-03 6.83269512175124E-03 6.84417590921415E-03 6.85543672409769E-03 6.86650654244978E-03 6.87747569882587E-03 6.88817024108919E-03 6.89858261333623E-03 6.90864234393662E-03 6.91840328810083E-03 6.92790864946463E-03 6.9372681052677E-03 6.94650290198806E-03 6.95567516114948E-03 6.96476119725294E-03 6.97380182648242E-03 6.98279829720085E-03 6.99178068630293E-03
6.27968724821004E-03 6.29221887153189E-03 6.30460029965531E-03 6.31683787989638E-03 6.32894148218015E-03 6.34100972623919E-03 6.35295348434653E-03 6.36476990639384E-03 6.37647612334128E-03 6.38820217534443E-03 6.39997939767851E-03 6.41188103633814E-03 6.42374745528962E-03 6.43549539268864E-03 6.4470591150197E-03 6.45853956127493E-03 6.46992786452763E-03 6.48131828631308E-03 6.49260102911867E-03 6.50378476757458E-03 6.51486644272378E-03 6.52598755474184E-03 6.53716674334552E-03 6.54850621159556E-03 6.55986386870185E-03 6.57118311911466E-03 6.58237500354597E-03 6.59352458860759E-03 6.60456924933229E-03 6.61558130491526E-03 6.62642536196924E-03 6.63712914638572E-03 6.64770924560342E-03 6.65841484743191E-03 6.66950926009283E-03 0 0 0 0 6.72733210915599E-03 6.73925382045072E-03 6.75252048774872E-03 6.76639646823791E-03 6.7804729535095E-03 6.79441877121664E-03 6.80793638027162E-03 6.82065334453325E-03 6.83274512839557E-03 0.006844386650371 6.85577615459109E-03 6.86694860589269E-03 6.87798412474687E-03 6.88878287967853E-03 6.89933248975676E-03 6.90957416139867E-03 6.91954773739089E-03 6.92927873986738E-03 6.93884915864005E-03 6.94827963393865E-03 6.95762191981193E-03 6.96687296673618E-03 6.97606756609657E-03 6.98521390696467E-03 6.9943421436767E-03
6.27968724821004E-03 6.29221887153189E-03 6.30460029965531E-03 6.31683787989638E-03 6.32894148218015E-03 6.34100972623919E-03 6.35295348434653E-03 6.36476990639384E-03 6.37647612334128E-03 6.38820217534443E-03 6.39997939767851E-03 6.41188103633814E-03 6.42374745528962E-03 6.43549539268864E-03 6.4470591150197E-03 6.45853956127493E-03 6.46992786452763E-03 6.48131828631308E-03 6.49260102911867E-03 6.50378476757458E-03 6.51486644272378E-03 6.52598755474184E-03 6.53716674334552E-03 6.54850621159556E-03 6.55986386870185E-03 6.57118311911466E-03 6.58237500354597E-03 6.59352458860759E-03 6.60456924933229E-03 6.61558130491526E-03 6.62642536196924E-03 6.63712914638572E-03 6.64770924560342E-03 6.65841484743191E-03 6.66950926009283E-03 6.68288251867462E-03 6.69419095471697E-03 6.70549132528866E-03 6.71686763582439E-03 6.72733210915599E-03 6.73925382045072E-03 6.75252048774872E-03 6.76639646823791E-03 6.78047920175816E-03 6.79439587206861E-03 6.80794683888847E-03 6.82090499259652E-03 6.83329741464099E-03 6.84524558586693E-03 6.85690893832159E-03 6.86832473832069E-03 6.8795780750975E-03 6.89060463335476E-03 6.90140451771351E-03 6.91193047429319E-03 6.92220794112835E-03 6.93225687167345E-03 6.94214174618294E-03 6.95187957228244E-03 6.96151332706074E-03 6.97104768154704E-03 6.98051435997678E-03 6.9899309873681E-03 6.99933093477357E-03
6.28012332539362E-03 6.29300636236769E-03 6.30557687953069E-03 6.31794574915033E-03 6.33016089132363E-03 6.34232107484305E-03 6.35435205728638E-03 6.36624064338885E-03 6.37801657842394E-03 6.3897944513189E-03 6.40161576321341E-03 6.41357164932361E-03 6.42549373014743E-03 6.43726854383801E-03 6.44886624046621E-03 6.46037690301304E-03 6.47180520478617E-03 6.48322808452211E-03 6.49455678715312E-03 6.50578416177879E-03 6.51691990633898E-03 6.52808185636519E-03 6.53930196433808E-03 6.55069204383942E-03 6.56211052315381E-03 6.57347233451352E-03 6.58471549956102E-03 6.59590748426312E-03 6.60699926941926E-03 6.61803787597298E-03 6.62890484177325E-03 6.63959379065312E-03 6.65011338577172E-03 6.66064750917423E-03 6.67139682786768E-03 6.68288251867462E-03 6.69419095471697E-03 6.70549132528866E-03 6.71686763582439E-03 6.72844777365891E-03 6.74074390081017E-03 6.7539734338988E-03 6.76771079753435E-03 6.78164716002045E-03 6.79551559177439E-03 6.80917887330128E-03 6.82242374414707E-03 6.83520370777572E-03 6.8475694827232E-03 6.85963102956212E-03 6.8714227362704E-03 6.88302764148704E-03 6.8944046296045E-03 6.90556193787126E-03 6.91646653984894E-03 6.92713695572568E-03 6.93759214491642E-03 6.94788550113914E-03 6.95803083976415E-03 6.96806095237347E-03 6.97798464623829E-03 6.9878332354943E-03 6.99763084011089E-03 7.00741277364547E-03
6.28152616671666E-03 6.29465965051233E-03 6.30747019497072E-03 6.32005511292117E-03 6.33247018439261E-03 6.34480047416082E-03 6.35699531994342E-03 6.36903952391087E-03 6.38097300456735E-03 6.3928846793141E-03 6.40481538278804E-03 6.41685771788518E-03 6.42885245621742E-03 6.44068431869077E-03 6.45236096545749E-03 6.46395023662646E-03 6.47546618796585E-03 6.48696370064465E-03 6.49838565457678E-03 6.50971572747612E-03 6.52097629853139E-03 6.53225206647049E-03 6.54357974437998E-03 6.55506348713293E-03 6.56657302299843E-03 6.57801597413143E-03 6.58936119497987E-03 6.60064824149806E-03 6.61183939404373E-03 6.62295276393052E-03 6.63389940706112E-03 6.64464893967705E-03 6.65521343692259E-03 6.66571415749694E-03 6.67629284193601E-03 6.68724223881388E-03 6.69833173300209E-03 6.70954147171512E-03 6.72092294567678E-03 6.73268163485801E-03 6.74498384660204E-03 6.75800459356707E-03 6.77150325428809E-03 6.78526549881634E-03 6.79909035652974E-03 6.81287178065576E-03 6.82640083210787E-03 6.83958649721954E-03 6.85241265729481E-03 6.86494073641486E-03 6.87719075566321E-03 6.88923648765702E-03 6.90104790748634E-03 6.91263871868948E-03 6.92398991481998E-03 6.93511784695582E-03 6.94604359998393E-03 6.95681268864688E-03 6.96743661776428E-03 6.97793861192762E-03 6.98833256643247E-03 6.99864658305932E-03 7.00890966614718E-03 7.01915638108134E-03
6.28376925252857E-03 6.29719209628261E-03 6.31031169815814E-03 6.32319847749384E-03 6.33590136986012E-03 6.34848259933684E-03 6.3609173879068E-03 6.37320783330992E-03 6.38538794663481E-03 6.39752346771496E-03 6.40964810451294E-03 6.42181222910917E-03 6.43390387695943E-03 6.44585334690108E-03 6.45767191018541E-03 6.46940570611276E-03 6.48107063308247E-03 6.49270304291771E-03 6.5042717473419E-03 6.51577424231774E-03 6.52723174620328E-03 6.53870340225212E-03 6.55022197993775E-03 6.56184749035069E-03 6.57348381548332E-03 6.58507091057808E-03 6.59658454191491E-03 6.60803733316048E-03 6.6193950280949E-03 6.63065457610099E-03 6.64174908871651E-03 6.65265584079165E-03 6.66338327698299E-03 6.67401252010998E-03 6.68464629432937E-03 6.69547481589221E-03 6.70645637118038E-03 6.71761324498573E-03 6.7289956331056E-03 6.74075691262162E-03 6.75298766695693E-03 6.76581080040489E-03 6.77909484108282E-03 6.79271387460411E-03 6.80651311349049E-03 6.82039145395351E-03 6.83416129781976E-03 6.84770572711456E-03 6.86096673580636E-03 6.87395913327446E-03 6.88668609141458E-03 6.89919472289137E-03 6.91146506844631E-03 6.92351272362885E-03 6.93532985158081E-03 6.94693786165188E-03 6.95835942388422E-03 6.96963122452769E-03 6.9807627574593E-03 6.99177327772762E-03 7.00267713038937E-03 7.01350217211008E-03 7.02427813630966E-03 7.03503809706215E-03
6.28690388674142E-03 6.3007011264825E-03 6.31421339548767E-03 6.32748819262718E-03 6.34056576619039E-03 6.35349061678697E-03 6.36626182637301E-03 6.37889256204012E-03 6.39140368363149E-03 6.40384169999857E-03 6.4162297338339E-03 6.42858683689862E-03 6.44086148908462E-03 6.45301793505816E-03 6.46505605378796E-03 6.47700797191066E-03 6.48889229261823E-03 6.50073577726248E-03 6.51253198456848E-03 6.52428721448381E-03 6.53601418778541E-03 6.54775291032733E-03 6.55952735144085E-03 6.57136567596318E-03 6.58321898413057E-03 6.59504506784843E-03 6.60681007677749E-03 6.61850794079965E-03 6.63010920180695E-03 6.6415989248438E-03 6.65293325483975E-03 6.66409410275237E-03 6.67508116839413E-03 6.68595018224582E-03 6.69677698659544E-03 6.70769428370179E-03 6.71874032074847E-03 6.72997255773318E-03 6.74144277023074E-03 6.75326656231978E-03 6.76551452407654E-03 6.77828076093136E-03 6.79149921850757E-03 6.80508686382688E-03 6.81891402885324E-03 6.83288962751758E-03 6.84685888774501E-03 6.86069056842722E-03 6.87430715754809E-03 6.88768950250714E-03 6.90082801804052E-03 6.91374559075672E-03 6.92643701573049E-03 6.93891005183066E-03 6.95116884975948E-03 6.96323289444021E-03 6.97512638627715E-03 6.98687954861043E-03 6.99850687601852E-03 7.01002048231534E-03 7.02143596597116E-03 7.03277844609808E-03 7.04407760133678E-03 7.05536323153422E-03
6.2910966672718E-03 6.30536605044005E-03 6.31936402017053E-03 6.33312289392273E-03 6.34667347582553E-03 6.36005288843355E-03 6.37326824281435E-03 6.3863345849922E-03 6.39926654043344E-03 6.41209678960961E-03 6.42483906247081E-03 6.43750466858903E-03 6.45007254859011E-03 6.46252827455959E-03 6.47487206915309E-03 6.48712941292771E-03 6.49931978585837E-03 6.51147054697832E-03 6.5235879123126E-03 6.53568196054196E-03 6.54776124176438E-03 6.55985291196533E-03 6.5719722392765E-03 6.58413526504658E-03 6.59631501938046E-03 6.60847885621975E-03 6.62058708807833E-03 6.63262205334935E-03 6.64455448689555E-03 6.65636803663969E-03 6.66803123220799E-03 6.67952931986243E-03 6.69085774825096E-03 6.70205757069656E-03 6.71318908796549E-03 6.72435743416036E-03 6.73563068320266E-03 6.74708551018188E-03 6.75877829674825E-03 6.77080584786143E-03 6.78322904213386E-03 6.79612652323945E-03 6.80945369461616E-03 6.82314360049523E-03 6.83708027636055E-03 6.85118424251781E-03 6.86532075084587E-03 6.87936746222082E-03 6.89324084404531E-03 6.90690593686119E-03 6.9203463080146E-03 6.93357535947743E-03 6.94659256080729E-03 6.95940656952587E-03 6.97202562076896E-03 6.98446987135524E-03 6.99676396684373E-03 7.00893600616137E-03 7.0210013784325E-03 7.03296953795971E-03 7.04485531835682E-03 7.05668142172878E-03 7.06847559434141E-03 7.08026301037588E-03
6.2965118899317E-03 6.31136713743964E-03 6.32595834251849E-03 6.34030907675688E-03 6.35444255361884E-03 6.36839061570066E-03 6.3821603229011E-03 6.39576543954593E-03 6.40921892270576E-03 6.42254463041283E-03 6.43575078435221E-03 6.44884676092821E-03 6.46182573047787E-03 6.47468638767472E-03 6.48743633446736E-03 6.50010022131555E-03 6.51269933883357E-03 6.52526370317533E-03 6.5378051613437E-03 6.55033578341475E-03 6.56286404294976E-03 6.57540924357933E-03 6.58798031777166E-03 6.60058751926897E-03 6.61321120327273E-03 6.62581919355038E-03 6.63836915986202E-03 6.65083633643491E-03 6.66319117542241E-03 6.67541772199933E-03 6.68749080066848E-03 6.6993980908742E-03 6.71113626401737E-03 6.72274073679927E-03 6.73426565496207E-03 6.74580492854897E-03 6.75743654765064E-03 0.006769244549784 6.78128913285839E-03 6.79365888563303E-03 6.80640487426497E-03 6.81959364121501E-03 6.83317498680069E-03 6.84708283013999E-03 6.8612092756831E-03 6.87548360073874E-03 6.88978406952542E-03 6.90399499705251E-03 6.91803668988108E-03 6.93187612927721E-03 6.94550374494544E-03 6.95893132329225E-03 6.97216432598006E-03 6.98521198935366E-03 6.99808612061206E-03 0.007010809855056 7.02341246245403E-03 7.03591848705941E-03 7.04834392997351E-03 7.0606939636429E-03 7.07298316400456E-03 7.08523323039237E-03 7.09746960160598E-03 7.1097100105397E-03
6.30335710215441E-03 6.31892265620552E-03 6.33422719898197E-03 6.34928808946057E-03 6.36412343852425E-03 6.37875712738917E-03 6.39319578123549E-03 6.40745275779275E-03 6.42153997653204E-03 6.43547466283001E-03 6.44926225931633E-03 6.46291081950071E-03 6.47642143820045E-03 6.48980327660632E-03 6.50307226927285E-03 6.51625479270008E-03 6.52937536582245E-03 6.54246613267372E-03 6.55554223108429E-03 6.56861820490615E-03 6.58170371041013E-03 6.59481325074921E-03 6.60795022287124E-03 6.62112216999095E-03 6.63430675185431E-03 0.006647465502831 6.66055285442763E-03 6.67354077409963E-03 6.68639903965792E-03 6.69911335623341E-03 6.71166197425514E-03 6.72403526057209E-03 6.73623564035682E-03 6.74830116846928E-03 6.76028650273298E-03 6.77228292321782E-03 6.7843703236267E-03 6.79663049781349E-03 6.8091242859902E-03 6.82193537823732E-03 6.83510735123604E-03 6.84868186259483E-03 6.86259290147313E-03 6.87677499452133E-03 6.89112773257564E-03 6.90558287091459E-03 6.9200233159662E-03 6.93434759682578E-03 6.94848522026279E-03 6.96241418449624E-03 6.97613506287778E-03 6.98966305931763E-03 7.00301084311693E-03 7.01619066246698E-03 7.02922020074723E-03 7.04212979257718E-03 7.0549519989638E-03 7.06770703857156E-03 7.08040993551412E-03 7.09306427620295E-03 7.10568593509065E-03 7.11829424705115E-03 7.13091061733639E-03 7.14354319672619E-03
6.31187136266514E-03 6.32827829558922E-03 6.34442364846837E-03 6.3603187372424E-03 6.37597742065241E-03 6.39141610705278E-03 6.40664326495292E-03 6.42167063698204E-03 6.43650853537182E-03 6.45116921685028E-03 6.46565796475272E-03 6.4799812742485E-03 6.49414698096641E-03 6.50817195975993E-03 6.52207907217294E-03 6.53589765384667E-03 6.54965625727603E-03 6.56338904841323E-03 6.57711417674036E-03 6.59084808759486E-03 6.60460186864802E-03 6.61838767954013E-03 6.63220383852117E-03 6.64605390388321E-03 6.65990351902254E-03 6.67370443077475E-03 6.68740817020117E-03 6.70098619722369E-03 6.7144072635283E-03 6.72765950987914E-03 6.7407229522746E-03 6.75359375567841E-03 6.76628582774503E-03 6.77884586647046E-03 6.79133103741999E-03 6.80383497750785E-03 6.81643160408054E-03 6.82919601036227E-03 6.84218574756456E-03 6.85547751252993E-03 6.86909813819606E-03 6.88306741544299E-03 6.89731445646949E-03 6.91176577564814E-03 6.92632910516789E-03 6.9409379140654E-03 6.95549049495187E-03 6.96988772828755E-03 6.9840744788939E-03 6.99803908938891E-03 7.01179210367523E-03 7.02535213725377E-03 7.03874482911362E-03 7.05198478756882E-03 7.06510415135727E-03 0.007078137105445 7.09111606515678E-03 7.1040541499078E-03 7.11697024135526E-03 7.12986441689501E-03 0.007142753977941 7.15565755786385E-03 7.16859080684728E-03 7.18155221991998E-03
6.32236999949571E-03 6.33975523649281E-03 6.35687566471692E-03 6.37373654328951E-03 6.39034697330743E-03 6.40671767563069E-03 6.42285726606827E-03 6.43877640006351E-03 6.45448442069895E-03 6.46999030661432E-03 6.48529957778842E-03 6.50041825575813E-03 6.51535998810197E-03 6.53014938826854E-03 6.54481509176108E-03 6.55938922592192E-03 6.57390364261808E-03 6.58839244496305E-03 6.60287577215298E-03 6.61737375402492E-03 6.6318991447608E-03 6.64646198568248E-03 6.66105599771976E-03 6.67567506473696E-03 6.69026741901823E-03 6.7047755660082E-03 6.71914776353181E-03 6.73335462659917E-03 6.74736707958746E-03 6.76117469699898E-03 6.77476076456411E-03 6.78813474362165E-03 6.80132467196845E-03 6.8143874673023E-03 6.82738628242528E-03 6.84041396964204E-03 6.85353394082533E-03 6.86681477474085E-03 6.88030668610401E-03 6.89407170397125E-03 6.90811903379854E-03 6.92244574664443E-03 6.93697613861999E-03 6.9516404838562E-03 6.96635766533635E-03 6.98106275337018E-03 6.99566402100201E-03 7.01007728998275E-03 7.02426455836024E-03 7.03822024560664E-03 7.05196230750613E-03 7.06551525614756E-03 7.07891299041121E-03 7.09217790885281E-03 7.10535607930203E-03 7.11847777890778E-03 7.13157163413853E-03 7.14464803725815E-03 7.15772857254425E-03 7.17081237255455E-03 7.1839203894773E-03 7.19706396374596E-03 7.21025323130861E-03 7.22348175504972E-03
6.33522832098086E-03 6.35373714674933E-03 6.37197403952793E-03 6.38993765755908E-03 6.40763265970844E-03 6.4250646113202E-03 6.4422421117488E-03 6.45917468261432E-03 6.47587187462563E-03 6.49234013314833E-03 6.50858710533274E-03 6.52461857767134E-03 6.54045537705173E-03 6.55612913666428E-03 6.57167207166244E-03 6.58711691937077E-03 6.60249637664501E-03 6.61784480087542E-03 6.63318566504594E-03 6.64854086036786E-03 6.66392239434428E-03 6.67933810545448E-03 6.69477404109464E-03 6.71021691108395E-03 6.7255976416654E-03 6.74084285656921E-03 6.75589343238494E-03 6.77072508109756E-03 6.78531515551224E-03 6.79965868485511E-03 6.81375140042142E-03 6.82761328857027E-03 6.84128174154647E-03 6.85482602156772E-03 6.86831359974928E-03 6.88184179086024E-03 6.8954659893055E-03 6.90923838278291E-03 6.92319106415639E-03 6.93737281633158E-03 6.95178219331453E-03 6.96639132904549E-03 6.98113201813317E-03 6.9959358405298E-03 7.0107370664114E-03 7.02547250302913E-03 7.04007155684433E-03 7.05445467398107E-03 7.06859729494663E-03 7.08250695120847E-03 7.0962173686937E-03 7.10975371537362E-03 7.12315446744883E-03 7.13644450945772E-03 7.14966950557836E-03 7.16286036342577E-03 7.17604905209534E-03 7.1892411708565E-03 7.20245623730099E-03 7.21569182041003E-03 7.22896586706291E-03 7.24229004777797E-03 7.25567651354668E-03 7.26911523339915E-03
6.35091211245918E-03 6.37069543780081E-03 6.3901943702748E-03 6.40940109344829E-03 6.42831607887729E-03 6.44694053312727E-03 6.46528260462651E-03 6.48335153220723E-03 0.006501156431075 6.51870287278684E-03 6.53600123848207E-03 6.5530598747455E-03 6.56990767432128E-03 6.58658179255883E-03 6.60311469911872E-03 6.6195374936301E-03 6.63588242991467E-03 6.65218317258105E-03 6.66846423666801E-03 6.68474779710149E-03 6.70104408673795E-03 6.71735929607535E-03 6.73367141366848E-03 6.74995672807857E-03 6.76612071611068E-03 6.7820776551261E-03 6.79777073526359E-03 6.81318719823915E-03 6.82831057309945E-03 6.84314542942511E-03 6.85769924356758E-03 6.87200344969648E-03 6.88610547558477E-03 6.90008746197658E-03 6.91401970432625E-03 6.92800116976973E-03 6.94207004430215E-03 6.95626208424942E-03 6.97059424959284E-03 6.98510554229338E-03 6.99978004389324E-03 7.01457419364573E-03 7.02943027934061E-03 7.04428741631128E-03 7.05909603386684E-03 7.07379507128114E-03 7.0883319902915E-03 7.10263403614446E-03 7.11669766591452E-03 7.13054221443738E-03 7.14421352673097E-03 7.15773244033701E-03 7.17114038258874E-03 7.18446093494786E-03 7.19773607195239E-03 7.21099296155354E-03 7.22426565802302E-03 7.23755452220979E-03 7.25087755803489E-03 7.26422923516785E-03 7.27762783597548E-03 7.29108402388269E-03 7.30461363397956E-03 7.31820418640081E-03
6.36997337214482E-03 6.39118712677509E-03 6.4120959181229E-03 6.4326861875145E-03 6.45295542018479E-03 6.47290188687369E-03 6.4925340663532E-03 6.51186039121204E-03 6.53088915637338E-03 6.5496258759347E-03 6.56808575349874E-03 6.58628170579697E-03 6.60425042779772E-03 6.62203191020841E-03 6.63965470812029E-03 6.65714710501177E-03 6.67453970359319E-03 6.69186442036867E-03 6.70914342160696E-03 6.72639599064521E-03 6.74362907901233E-03 6.76084914370509E-03 6.77802438314674E-03 6.79511400323718E-03 6.81199325859147E-03 6.82858090016877E-03 6.84483982739345E-03 6.86077180370507E-03 6.87636413579316E-03 6.89162757243407E-03 6.90657633683405E-03 6.92125508082017E-03 6.93572465250612E-03 6.95007833797028E-03 6.9643828243396E-03 6.97873497729485E-03 6.99314624376684E-03 7.00764369402248E-03 7.0222433538741E-03 7.03697667855532E-03 7.05181519930106E-03 7.06669785213887E-03 7.08158314999428E-03 7.09641929020879E-03 7.11117552725293E-03 7.12578678055498E-03 7.14021981395894E-03 7.15440650919162E-03 7.16837513616567E-03 7.18215347837548E-03 7.19578792201741E-03 7.20928938524656E-03 7.22270467821775E-03 7.23605430432448E-03 7.24937909208109E-03 7.26269824173588E-03 7.27604182278056E-03 7.28940281422461E-03 7.30280186729146E-03 7.31622965775042E-03 7.32970974620127E-03 7.34325079885269E-03 7.35686719775679E-03 7.37054454918689E-03
6.39304081480498E-03 6.41584003360943E-03 6.43830300604249E-03 6.46041371171075E-03 6.4821669352576E-03 6.50356107547757E-03 6.52460417439777E-03 6.54530277191819E-03 6.56566436958777E-03 6.58569762168954E-03 6.60542082631633E-03 6.62485830727289E-03 6.6440516431532E-03 6.66303432069012E-03 6.68182856367601E-03 6.70046260712007E-03 6.71896393359512E-03 6.7373604237373E-03 6.7556677423932E-03 6.77389664081364E-03 6.79204899664297E-03 6.81013147769759E-03 6.82810950505566E-03 6.8459013958997E-03 6.86337141637906E-03 6.88047632590028E-03 6.89720458522286E-03 6.91356142463666E-03 6.92953564205694E-03 6.94514324511679E-03 6.96040446871613E-03 6.97537806640395E-03 6.99013554761084E-03 7.00477111166017E-03 7.01935208630459E-03 7.03395187333554E-03 7.04856267192866E-03 7.06322502381373E-03 7.07796301946944E-03 7.09279186398403E-03 7.10766754197242E-03 7.12253362520619E-03 7.13736486984317E-03 7.15211812089501E-03 7.16677174310805E-03 7.18125845398347E-03 7.1955554450552E-03 7.20961578950043E-03 7.2234981915852E-03 7.23721954393525E-03 7.25081720889359E-03 7.26429808028576E-03 7.27771481836538E-03 7.29108244400987E-03 7.30444207805965E-03 7.31780254925251E-03 7.33118675115291E-03 7.34458456435631E-03 7.35801821262433E-03 7.37147867157557E-03 7.38499573821506E-03 7.39856930187742E-03 7.4122088857001E-03 7.42590162769355E-03
