NongDo/Fusa 19.9h.grd
DSAA
463	323
2	464
2	324
0	10
[rows 56 to 83 of 323, columns 256 to 319 of 463]
0 0 0 0 0 0 0 0 0 0 0 0 0 0 0 0 0 0 0 0 0 0 0 0 0 0 0 0 0 0 0 0 0 0 0 0 0 0 0 0 0 0 0 0 0 0 0 0 0 0 0 0 0 0 0 0 0 0 0 0 0 0 0 0
0 0 0 0 0 0 0 0 0 0 0 0 0 0 0 0 0 0 0 0 0 0 0 0 0 0 0 0 0 0 0 0 0 0 0 0 0 0 0 0 0 0 0 0 0 0 0 0 0 0 0 0 0 0 0 0 0 0 0 0 0 0 0 0
0 0 0 0 0 0 0 0 0 0 0 0 0 0 0 0 0 0 0 0 0 0 0 0 0 0 0 0 0 0 0 0 0 0 0 0 0 0 0 0 0 0 0 0 0 0 0 0 0 0 0 0 0 0 0 0 0 0 0 0 0 0 0 0
0 0 0 0 0 0 0 0 0 0 0 0 0 0 0 0 0 0 0 0 0 0 0 0 0 0 0 0 0 0 0 0 0 0 0 0 0 0 0 0 0 0 0 0 0 0 0 0 0 0 0 0 0 0 0 0 0 0 0 0 0 0 0 0
0 0 0 0 0 0 0 0 0 0 0 0 0 0 0 0 0 0 0 0 0 0 0 0 0 0 0 0 0 0 0 0 0 0 0 0 0 0 0 0 0 0 0 0 0 0 0 0 0 0 0 0 0 0 0 0 0 0 0 0 0 0 0 0
0 0 0 0 0 0 0 0 0 0 0 0 0 0 0 0 0 0 0 0 0 0 0 0 0 0 0 0 0 0 0 0 0 0 0 0 0 0 0 0 0 0 0 0 0 0 0 0 0 0 0 0 0 0 0 0 0 0 0 0 0 0 0 0
0 0 0 0 0 0 0 0 0 0 0 0 0 0 0 0 0 0 0 0 0 0 0 0 0 0 0 0 0 0 0 0 0 0 0 0 0 0 0 0 0 0 0 0 0 0 0 0 0 0 0 0 0 0 0 0 0 0 0 0 0 0 0 0
0 0 0 0 0 0 0 0 0 0 0 0 0 0 0 0 0 0 0 0 0 0 0 0 0 0 0 0 0 0 0 0 0 0 0 0 0 0 0 0 0 0 0 0 0 0 0 0 0 0 0 0 0 0 0 0 0 0 0 0 0 0 7.03429094892909E-03 7.04381615089163E-03
0 0 0 0 0 0 0 0 0 0 0 0 0 0 0 0 0 0 0 0 0 0 0 0 0 0 0 0 0 0 0 0 0 0 0 0 0 0 0 0 0 0 0 0 0 0 0 0 0 0 0 0 0 0 0 0 0 0 6.99653352850143E-03 7.00578978721991E-03 7.01506589566127E-03 7.02445491002572E-03 7.03429094892909E-03 7.04381615089163E-03
0 0 0 0 0 0 0 0 0 0 0 0 0 0 0 0 0 0 0 0 0 0 0 0 0 0 0 0 0 0 0 0 0 0 0 0 0 0 0 0 0 0 0 0 0 0 0 0 0 0 0 0 0 0 6.95858096623168E-03 6.96817461445796E-03 6.97760910962598E-03 6.98702923923142E-03 6.99653352850143E-03 7.00578978721991E-03 7.01506589566127E-03 7.02445491002572E-03 7.03391304346748E-03 7.04336268460662E-03
0 0 0 0 0 0 0 0 0 0 0 0 0 0 0 0 0 0 0 0 0 0 0 0 0 0 0 0 0 0 0 0 0 0 0 0 0 0 0 0 0 0 0 0 0 0 0 0 0 0 0 6.92708164794645E-03 6.93785248980113E-03 6.94838095349978E-03 6.95858096623168E-03 6.96817461445796E-03 6.97760910962598E-03 6.98702923923142E-03 6.99639332735673E-03 7.00575297380743E-03 7.01502568326978E-03 7.0243164305944E-03 7.0335957121818E-03 7.04290579881618E-03
0 0 0 0 0 0 0 0 0 0 0 0 0 0 0 0 0 0 0 0 0 0 0 0 0 0 0 0 0 0 0 0 0 0 0 0 0 0 0 0 0 0 0 0 0 6.85707364394621E-03 6.86963302101288E-03 6.88163604308571E-03 6.89324108082062E-03 6.90467400905301E-03 6.91594118882226E-03 6.92708164794645E-03 6.93785248980113E-03 6.94838095349978E-03 6.95851343558336E-03 6.96829091668816E-03 6.97783271895564E-03 6.98729173762524E-03 6.99666179701567E-03 7.00602832946363E-03 7.01530788535227E-03 0.007024565755526 7.03379020253185E-03 7.04302482541212E-03
0 0 0 0 0 0 0 0 0 0 0 0 0 0 0 0 0 0 0 0 0 0 0 0 0 0 0 0 0 0 0 0 0 0 0 0 0 0 0 0 0 0 0 6.82885224852855E-03 6.84304160672978E-03 6.85707364394621E-03 6.86963302101288E-03 6.88163604308571E-03 6.89324108082062E-03 6.90467400905301E-03 6.91594118882226E-03 6.92711434697646E-03 6.93801097222274E-03 6.94862995996927E-03 6.95889121941526E-03 6.96886135843039E-03 6.97858951410392E-03 6.98819065247685E-03 6.99768036077842E-03 7.00712123669095E-03 7.01648379026886E-03 7.02580881280082E-03 7.03509399734305E-03 7.04436842782884E-03
6.33786598640422E-03 6.34957933753084E-03 6.36117950600646E-03 6.37268724933042E-03 6.38410944745947E-03 6.39554684445792E-03 6.40689426056893E-03 6.41814529704151E-03 6.42931488040983E-03 6.44054153843998E-03 6.45185254568761E-03 6.46332417865336E-03 6.47477518651138E-03 6.48611638097108E-03 6.49727835174437E-03 6.50837701998585E-03 6.51940135577245E-03 6.53045662762702E-03 6.54141772252371E-03 6.55229553191658E-03 6.56308578581579E-03 6.57394655703456E-03 6.58489458898001E-03 6.59604408909215E-03 6.60723105010804E-03 6.61839371910705E-03 6.62943290767814E-03 6.6404499013308E-03 6.65137341003354E-03 6.6622889009353E-03 6.67304037578826E-03 6.68366152449942E-03 6.69416908704599E-03 6.70484436795258E-03 6.71596533206304E-03 0 0 0 0 6.77446204486499E-03 6.78655578734655E-03 6.8001524561794E-03 6.8143883033303E-03 6.82885224852855E-03 6.84304160672978E-03 6.85672680144639E-03 6.86956371073472E-03 6.88178329641714E-03 6.89358306826613E-03 6.90517042954237E-03 6.91656669450309E-03 6.92784485293805E-03 6.93889210754011E-03 6.94969636798365E-03 6.9601943026319E-03 6.97043072194627E-03 6.98043313687779E-03 6.99028732484922E-03 7.00001154619971E-03 7.00965753851819E-03 7.0192187509451E-03 7.02872951286324E-03 7.03819613246473E-03 7.04764913909135E-03
6.33786598640422E-03 6.34957933753084E-03 6.36117950600646E-03 6.37268724933042E-03 6.38410944745947E-03 6.39554684445792E-03 6.40689426056893E-03 6.41814529704151E-03 6.42931488040983E-03 6.44054153843998E-03 6.45185254568761E-03 6.46332417865336E-03 6.47477518651138E-03 6.48611638097108E-03 6.49727835174437E-03 6.50837701998585E-03 6.51940135577245E-03 6.53045662762702E-03 6.54141772252371E-03 6.55229553191658E-03 6.56308578581579E-03 6.57394655703456E-03 6.58489458898001E-03 6.59604408909215E-03 6.60723105010804E-03 6.61839371910705E-03 6.62943290767814E-03 6.6404499013308E-03 6.65137341003354E-03 6.6622889009353E-03 6.67304037578826E-03 6.68366152449942E-03 6.69416908704599E-03 6.70484436795258E-03 6.71596533206304E-03 6.72965652602893E-03 6.7410363620791E-03 6.75242457031025E-03 6.76391370241035E-03 6.77446204486499E-03 6.78655578734655E-03 6.8001524561794E-03 6.8143883033303E-03 6.8288096290933E-03 6.84299089451226E-03 6.85676008368637E-03 6.86991020799363E-03 6.88249798127175E-03 6.89466298612376E-03 6.90657286442509E-03 6.91825794581073E-03 6.92980097022274E-03 6.94112777691988E-03 6.95223698018284E-03 6.96307720179165E-03 6.97367514801322E-03 6.98405095215612E-03 6.99427151540517E-03 7.0043524493555E-03 7.01433673231929E-03 7.02422653013557E-03 7.03405318381848E-03 7.04383366857978E-03 7.05360291082153E-03
6.33825155983502E-03 6.35034021149842E-03 6.36214734614352E-03 6.37379979840343E-03 6.38534633251136E-03 6.39688488528576E-03 6.40833028641789E-03 6.41966530698532E-03 6.43091872724929E-03 6.44220847962675E-03 6.45357303902422E-03 6.46510461928501E-03 6.47661787471059E-03 6.48799219051567E-03 6.49919890374095E-03 6.51033745725198E-03 6.52141271621244E-03 6.53250713771725E-03 6.54352335516377E-03 6.55445437723019E-03 6.56531100153795E-03 6.5762208693833E-03 6.58721659738358E-03 6.5984192931731E-03 6.60967153443988E-03 6.62088031155361E-03 6.63197896756499E-03 6.64304458957836E-03 6.65402423233307E-03 6.6649717915573E-03 6.67575672178405E-03 6.68637408514496E-03 6.69683379637317E-03 6.70733715413779E-03 6.71809264000589E-03 6.72965652602893E-03 6.7410363620791E-03 6.75242457031025E-03 6.76391370241035E-03 6.77564992090608E-03 6.78815393315377E-03 6.80167704295867E-03 6.81573629388306E-03 6.82998977646441E-03 6.8441517313349E-03 6.85809511663117E-03 6.87161211023236E-03 6.8846698627431E-03 6.89732938966977E-03 6.90970642007153E-03 6.92183205194678E-03 6.9337893146271E-03 6.94553052137938E-03 6.95706224152519E-03 6.96834766074011E-03 6.97940495349081E-03 6.99025241176894E-03 7.00094504380301E-03 7.01149553712944E-03 7.02193644771193E-03 7.03227442575207E-03 7.04254074145664E-03 7.05275962831477E-03 7.06296867676303E-03
6.33947106433146E-03 6.35183460222671E-03 6.36390992744334E-03 6.37580360403129E-03 6.38757279607588E-03 6.39930024355207E-03 6.41092890150558E-03 6.42244036924358E-03 6.43387357435076E-03 6.44531706361342E-03 6.45680853561431E-03 6.46843871639068E-03 6.48003709890291E-03 6.49148377164707E-03 6.50278911347381E-03 6.51402544941588E-03 6.52520752787079E-03 6.53639226952242E-03 6.54751888604162E-03 6.55857065620031E-03 6.56957180028822E-03 6.58061199429121E-03 6.59172935647631E-03 6.60303363344283E-03 6.61438462326727E-03 6.62568351583522E-03 6.63689786123327E-03 6.64807160214721E-03 6.65916553392274E-03 6.67020066249879E-03 6.68108235978526E-03 6.69177915790229E-03 6.70230414082681E-03 6.71278558228302E-03 6.72336675111214E-03 6.7343507385289E-03 6.74549307552199E-03 6.75677809308852E-03 6.76826270564301E-03 6.78016678110041E-03 6.79265983780382E-03 6.80593387410521E-03 6.81972598709402E-03 6.83380404775458E-03 6.8479558791092E-03 6.86207803663916E-03 6.87595896572593E-03 6.88951035203427E-03 6.90271793008736E-03 6.91564534198599E-03 6.9283097709157E-03 6.94078585854461E-03 6.95303867532797E-03 6.96508052420364E-03 6.97688913997862E-03 6.98847992958355E-03 6.99987317374034E-03 7.01111581831482E-03 7.02221823939292E-03 7.03320321403208E-03 7.04408281894109E-03 7.0548850067668E-03 7.06563932732519E-03 7.07638303145764E-03
6.34134916960637E-03 6.35403791109701E-03 6.36645967735254E-03 6.37869028352367E-03 6.3907797072806E-03 6.4027877997404E-03 6.41468605307265E-03 6.4264740897418E-03 6.43818418051522E-03 6.44988007131228E-03 6.46159225902238E-03 6.47336725354911E-03 6.48508675394906E-03 6.49667908034421E-03 6.50815690191182E-03 6.51956806548498E-03 6.53092882617722E-03 6.54227599496061E-03 6.55357680586145E-03 6.56482900017381E-03 6.57605525973644E-03 6.58731740166196E-03 6.59864971492462E-03 6.61011422019529E-03 6.62160932923771E-03 6.63307221439759E-03 6.64447812495775E-03 6.65584111360369E-03 6.66712602664006E-03 6.67833069780829E-03 6.68938500963922E-03 6.7002652901784E-03 6.71097985553283E-03 6.72161196928727E-03 6.73226408810382E-03 6.74313012066093E-03 6.75416620190263E-03 6.76539982024245E-03 6.77688678033287E-03 6.78879044955669E-03 6.8012059808408E-03 6.81426785941992E-03 6.82783860404872E-03 6.84178627315485E-03 6.85594937077598E-03 6.8702257376391E-03 6.88442227563975E-03 6.89841827235209E-03 6.91215120898642E-03 6.92563369738726E-03 6.93886489362576E-03 6.95189145453871E-03 6.96468898308726E-03 6.97727197169394E-03 6.98962948316215E-03 7.00178249289987E-03 7.01375312989241E-03 7.02557942325567E-03 7.03726957164044E-03 7.04884264055906E-03 7.06031113282084E-03 7.07170290911824E-03 7.08304838794923E-03 7.09438339850878E-03
6.34392117411288E-03 6.35702610939859E-03 6.36988440237223E-03 6.38254635854457E-03 6.39505250330641E-03 6.40744516678427E-03 6.41972073147944E-03 6.43188997808421E-03 6.44397150889017E-03 6.45600919342434E-03 6.46802297052216E-03 6.48002835702672E-03 6.49197045211759E-03 6.50381200855905E-03 6.51555281494657E-03 6.52722532374104E-03 6.53884808541442E-03 6.5504478470403E-03 6.56201761787467E-03 6.57356388381539E-03 6.58510011959318E-03 6.59666792977313E-03 6.60829249750587E-03 6.62000327311498E-03 6.63174949482365E-03 6.64348735680148E-03 6.6551819797414E-03 6.66682747748991E-03 6.67839367361268E-03 6.68986566644087E-03 6.70119775987963E-03 6.71237053390806E-03 6.72338232274192E-03 6.73428903952518E-03 6.74516587069581E-03 6.7561479673208E-03 6.76727511993527E-03 6.7786101348293E-03 6.79021018967216E-03 6.80219963854068E-03 6.81465487716602E-03 6.82768035258677E-03 6.84121133794104E-03 6.85516373946805E-03 6.86940339433925E-03 6.88383770563153E-03 6.89830656614001E-03 0.006912671421855 6.92684648909057E-03 6.94080706790261E-03 6.9545379593973E-03 6.96806029466893E-03 6.98136508010003E-03 6.99445828398546E-03 7.0073413031096E-03 7.02003297413462E-03 7.03255717140389E-03 7.0449457713998E-03 7.05721268721961E-03 7.06936970477142E-03 7.0814307348364E-03 7.09342083758243E-03 7.10537049676609E-03 7.11731212307498E-03
6.34732919016261E-03 6.36095310560208E-03 6.37434721426263E-03 6.38754472104942E-03 6.40057580124944E-03 6.41347526519465E-03 6.42624763729088E-03 6.43890548504047E-03 6.45146095151427E-03 6.4639438582145E-03 6.47636494177405E-03 6.48873259097302E-03 6.50102338912496E-03 6.51322146935203E-03 6.52532623312955E-03 6.53736267175939E-03 6.54934979180564E-03 6.56131471983625E-03 6.57326339630117E-03 6.58520600795854E-03 6.59715151998776E-03 6.60912816611216E-03 6.62115224829383E-03 6.63324102142138E-03 6.64536727908075E-03 6.6574975607041E-03 6.66959088562844E-03 6.6816290184817E-03 6.69358175745077E-03 6.70543236061242E-03 6.71714803157698E-03 6.72871261565872E-03 6.74011967622862E-03 6.75140972124724E-03 6.76264274123069E-03 6.77392626878985E-03 6.78533158286852E-03 6.79694113449365E-03 6.80881675634126E-03 6.82106364946801E-03 6.83374935275982E-03 6.84696244268064E-03 6.86066170669799E-03 6.87478058362261E-03 6.88919857741328E-03 6.90383431038327E-03 6.91854727221117E-03 6.9332071833201E-03 6.94772069299143E-03 6.96204564790262E-03 6.97615920085648E-03 6.99007251925945E-03 7.00378149151957E-03 7.01729304867732E-03 7.03061273461537E-03 7.04376011292143E-03 7.05675974515134E-03 7.06964180440482E-03 7.08242163589342E-03 7.09510858222526E-03 7.10771599415821E-03 7.12026650945908E-03 7.13278877272334E-03 7.14531021189513E-03
6.35171567181666E-03 6.36597756512116E-03 6.38002154383361E-03 6.39387048899455E-03 6.40754608601542E-03 6.42107747996361E-03 6.43446897279531E-03 6.44773160630491E-03 6.46087560681569E-03 6.47392186283004E-03 6.48687574970271E-03 6.49974404497881E-03 6.51251783888263E-03 6.52519428094406E-03 6.5377797524071E-03 6.55029792660632E-03 6.56276928931035E-03 6.57522343202801E-03 6.58767191141946E-03 6.60012689776205E-03 6.61259722711722E-03 6.62510308690561E-03 6.63765431396464E-03 6.65026231619503E-03 0.006662907837032 6.67555820977046E-03 6.68816966784569E-03 6.7007163279033E-03 6.71316736312673E-03 6.72550604069567E-03 6.73770592644563E-03 6.74975335378398E-03 6.76164311312074E-03 6.77341007351606E-03 6.78510863112532E-03 6.7968356090633E-03 6.80867332074585E-03 6.82071226619603E-03 6.83301828683683E-03 6.84568855639835E-03 6.85878103000094E-03 6.87237228735335E-03 6.88641443655308E-03 6.90084115937994E-03 6.91553874853363E-03 6.93043377328931E-03 6.94539749722007E-03 6.96030526948212E-03 6.97506689288269E-03 6.98964225385466E-03 7.00401617505341E-03 7.01819856616068E-03 7.0321919942764E-03 7.04600426781691E-03 7.05964473119326E-03 7.07313640068605E-03 7.08650937732435E-03 7.09979048051249E-03 7.11299616974116E-03 7.12613149895719E-03 7.13920988033793E-03 7.15225325543557E-03 7.16528818729099E-03 7.17833400450356E-03
6.3572692481573E-03 6.37230005699118E-03 6.38712154225727E-03 6.40174907032119E-03 6.41619832206375E-03 6.43049010427752E-03 6.44462802917351E-03 6.45862230929212E-03 6.47248176435431E-03 6.48622050416325E-03 6.49984113819414E-03 6.51334916455224E-03 6.52674358739759E-03 6.54003180609561E-03 6.55322820505025E-03 6.56635786016301E-03 6.57944426507431E-03 6.5925190174769E-03 6.60559692047329E-03 6.61869265893152E-03 6.63181632410834E-03 6.6449832903395E-03 6.65819775501632E-03 6.67146839534362E-03 6.6847732957902E-03 6.69807328059911E-03 6.71132100921178E-03 6.7244868891046E-03 6.73753899377931E-03 6.75046193524644E-03 6.76323252158431E-03 6.77583973005343E-03 6.78828438586329E-03 6.8006045476441E-03 6.81285591345369E-03 6.82513354183864E-03 6.83752260898817E-03 6.85011175038282E-03 6.86296759786411E-03 6.87618274833641E-03 6.88980786506637E-03 6.9038937385075E-03 6.91837391463938E-03 6.93318160089947E-03 6.94820924837502E-03 6.96338481376304E-03 6.97858192128807E-03 6.99368980061392E-03 7.00862710048945E-03 7.02336544169777E-03 7.0379010060089E-03 7.05224784100439E-03 7.06641673436642E-03 7.08041920253841E-03 7.09427122444377E-03 7.10800416123073E-03 7.12165246858895E-03 7.13523863963943E-03 7.14877845504715E-03 7.16227556368792E-03 7.17574534689799E-03 7.18920762410581E-03 7.20268508564429E-03 7.21618652297528E-03
0.006364219145037 6.38015778157168E-03 6.3958931545297E-03 6.41143343243963E-03 6.42678921794955E-03 6.44197330805659E-03 6.45699071394667E-03 6.4718496282896E-03 6.48655688741667E-03 6.50112134665536E-03 6.51554528488195E-03 6.52983247260747E-03 6.54398848995727E-03 6.55802818128253E-03 6.57197253784123E-03 6.58584932812444E-03 6.59968594292432E-03 6.61351597061612E-03 6.62735725799825E-03 6.64122646983245E-03 6.65513524399596E-03 6.66909673209854E-03 6.68311000065584E-03 6.69717973677634E-03 6.71127147716282E-03 6.72533553292311E-03 0.006739321062732 6.75319753061145E-03 6.76693144334661E-03 6.78050957915014E-03 6.79391005641817E-03 6.80712758782302E-03 6.82017505844873E-03 6.83310020030334E-03 6.84596203548084E-03 6.85885927440347E-03 6.87187153769769E-03 6.88508085931701E-03 6.89855053765731E-03 6.91236632233913E-03 6.92656106496395E-03 6.94116236765305E-03 6.95609708373156E-03 6.97128837089931E-03 6.98663580118805E-03 7.00206803541714E-03 7.0174735044458E-03 7.03274233728727E-03 7.04780886958426E-03 7.06265565431873E-03 7.07728986386085E-03 7.09172936190246E-03 7.10599957300486E-03 7.12011479791155E-03 7.1341075993347E-03 7.14801430665245E-03 7.1618699563871E-03 7.17568935630205E-03 7.18949300303879E-03 7.20328091332968E-03 7.21707062037109E-03 7.23088178827514E-03 7.2447312906078E-03 7.25861717905136E-03
6.37287509598638E-03 6.38986891855583E-03 6.40666362888297E-03 6.42326042353323E-03 6.43966438997658E-03 6.45588207916751E-03 6.47191811502446E-03 6.48777911369599E-03 6.50347049163263E-03 6.51899743210239E-03 6.53436211300281E-03 6.54956747250047E-03 6.56462461486178E-03 6.57955581793015E-03 6.59438753775787E-03 6.60915012347722E-03 6.62387417970668E-03 6.6385932514495E-03 6.65332725836734E-03 6.66809671242272E-03 6.68291507020031E-03 6.69779353021487E-03 6.7127265335654E-03 6.72770898225159E-03 6.74268800634801E-03 6.75760357593063E-03 6.77240061353834E-03 6.78704709973846E-03 6.80151118787583E-03 6.81578074705882E-03 6.82983660801583E-03 6.84368707342933E-03 6.85735989611478E-03 6.87091424268887E-03 6.88441617233114E-03 6.89796490669902E-03 6.91162955702781E-03 6.92548570648172E-03 6.93958900086112E-03 6.95400983149292E-03 6.96876193965561E-03 6.98384783230002E-03 6.99918761840096E-03 7.01470702513141E-03 7.03031668459424E-03 7.04594587443119E-03 7.06149253281321E-03 7.07686164801096E-03 7.09200576692331E-03 7.10691379464803E-03 7.12160115810263E-03 7.13609214281484E-03 7.1504216733776E-03 7.16461250144764E-03 7.17871362543268E-03 7.1927577680001E-03 7.20677638178683E-03 7.22078119289909E-03 7.23479617570819E-03 7.24882037039791E-03 7.26287605021133E-03 7.27697531021054E-03 7.29112929938693E-03 7.30533056545777E-03
6.38361782152455E-03 6.40182513581569E-03 6.41983442502472E-03 6.43763949517848E-03 6.45524027667774E-03 6.47263751214996E-03 6.48983518724912E-03 6.50683818128898E-03 6.52365157152508E-03 6.54027749785784E-03 6.55671979297043E-03 6.57298063641064E-03 6.58907792704681E-03 6.60504064154935E-03 6.62089854326261E-03 6.63668241930455E-03 6.65242366346396E-03 0.006668156108639 6.68390315702334E-03 6.69968726063588E-03 6.71552122968828E-03 6.73141422754607E-03 6.74735281203052E-03 6.76332463627967E-03 6.77925824840862E-03 6.79507599481157E-03 6.81071385886537E-03 6.82614436261016E-03 6.84134165595675E-03 6.85629878732374E-03 6.87100909804563E-03 6.88549170211804E-03 6.89978409032971E-03 6.91395920326644E-03 6.92808830066585E-03 6.94227682900036E-03 6.9565861877405E-03 6.97107489780124E-03 6.98577897636338E-03 7.00075450796828E-03 7.01600351160984E-03 7.03150020617203E-03 7.04717137209757E-03 7.06294266402739E-03 7.07874078732371E-03 7.09449580507178E-03 7.11012805931506E-03 7.12554649446536E-03 7.14071791454632E-03 7.15564538756684E-03 7.17036233212096E-03 7.18489399709912E-03 7.1992807812845E-03 7.21354832786757E-03 7.22774586161753E-03 7.24190709523066E-03 7.25606781572824E-03 7.27023451317576E-03 7.28442918101085E-03 7.29864916582563E-03 7.31291374250502E-03 7.32723556495489E-03 7.34162848099488E-03 7.35608128043386E-03
6.39692853472794E-03 6.41651704630842E-03 6.43590399180627E-03 6.45507602803676E-03 6.47402814722221E-03 6.49275600631645E-03 6.51126239783766E-03 6.52955122101807E-03 6.54762647198235E-03 6.56548883195345E-03 6.58314427779996E-03 6.60059691794282E-03 6.61787220617063E-03 6.63500434813674E-03 6.6520231220259E-03 6.66895755699414E-03 6.68583856311144E-03 6.70269932021374E-03 6.71956434227023E-03 6.7364564895803E-03 6.75338681742193E-03 6.77036300509297E-03 6.78736321580593E-03 6.80436434690592E-03 6.82126721809666E-03 6.83797974482561E-03 6.85443894383338E-03 6.87062869940507E-03 6.88652885871182E-03 6.90214189593893E-03 6.91747295479581E-03 6.93255308447746E-03 6.94743035246139E-03 6.96219223625154E-03 6.97691366148434E-03 6.99170347711045E-03 7.00660509777252E-03 0.007021659543552 7.03688622333585E-03 7.05233056699995E-03 7.06797853750792E-03 7.08378540394277E-03 7.09968808457878E-03 7.11561901117532E-03 7.1315223785517E-03 7.14732945636374E-03 7.16298004970669E-03 7.17838937296492E-03 7.1935473994639E-03 7.20847034652801E-03 7.22320609006784E-03 7.23777538561636E-03 7.25222238556396E-03 7.26657176049355E-03 7.28086918687558E-03 7.29514423787694E-03 7.30943549660725E-03 7.32374364985799E-03 7.33808916419065E-03 7.35246588530052E-03 7.36689365827481E-03 7.38138404191005E-03 7.39595539082038E-03 7.41059406298553E-03
6.41338969677036E-03 6.4345363437181E-03 6.45547052523078E-03 6.47617245779848E-03 6.49663328109802E-03 6.5168448128137E-03 6.53680925794611E-03 6.55652893168608E-03 6.5760063220224E-03 6.59524141325281E-03 6.61424434847608E-03 6.63302315925669E-03 6.65161053688539E-03 6.67004319510924E-03 6.68834677766757E-03 6.70654741413497E-03 6.72467430591278E-03 6.7427588855338E-03 6.76082323893302E-03 6.7788872499543E-03 6.7969584996629E-03 6.81504505044935E-03 6.83311469292556E-03 6.85112619828482E-03 6.86894672606391E-03 6.88648698263966E-03 6.9037034654831E-03 6.92059489383959E-03 6.93714437357617E-03 6.95336043557252E-03 0.006969254706059 6.98487210742209E-03 7.00027512969112E-03 7.01556415363198E-03 7.03081087395357E-03 7.04612364027438E-03 7.06151667336188E-03 7.07702120916701E-03 7.09265553620119E-03 7.10845714862208E-03 7.12439781136089E-03 7.14041167111533E-03 7.15645228263258E-03 7.17246079062445E-03 7.18840228958265E-03 7.20420260056603E-03 7.21982254212907E-03 7.23518082872865E-03 7.25030340748898E-03 0.00726521670932 7.27997046795339E-03 7.29457437000622E-03 7.30907918778127E-03 7.32350650740322E-03 7.33790148272048E-03 7.35228496321863E-03 7.36669146820737E-03 7.38111307583542E-03 7.39557336876891E-03 7.41006156394306E-03 7.4246038001015E-03 7.43920960526563E-03 7.45389601347127E-03 7.46864723756859E-03
6.43368060317758E-03 6.45656625247245E-03 6.47921853851628E-03 6.50161424529578E-03 6.52374074558891E-03 6.54558896110364E-03 6.56715955276875E-03 6.58845211967153E-03 6.60946762612148E-03 6.63020851018569E-03 6.65068731988985E-03 6.67092304235829E-03 6.69095256759698E-03 6.71080575471044E-03 6.73050169608611E-03 6.75006646039961E-03 6.76952595209848E-03 6.78890749609835E-03 6.80822634848344E-03 6.82749336857434E-03 6.84671054166564E-03 6.86588597072214E-03 6.88498410320231E-03 6.90391940332306E-03 6.92254489092879E-03 6.94080962940943E-03 6.95869626665949E-03 6.97620685220925E-03 6.99332548910632E-03 7.01006594842502E-03 7.02644581060054E-03 7.04252511940492E-03 7.05837818565523E-03 0.007074107110524 7.08978498702516E-03 7.10549579710446E-03 7.12123183875446E-03 7.13703847527367E-03 7.15294313056846E-03 7.16896582328862E-03 7.18506045827439E-03 7.2011644303238E-03 7.21724856877885E-03 0.0072332628174 7.24918272445387E-03 7.26493080065864E-03 7.28047904857059E-03 7.29576823925938E-03 7.31085968450875E-03 7.32576898870244E-03 7.34053682067369E-03 7.35516807364022E-03 7.36972080955623E-03 7.3842106484756E-03 7.39868384749467E-03 7.41314997955306E-03 7.42763578829091E-03 7.44212939781792E-03 7.45665633515726E-03 7.47120563608938E-03 7.4858110564688E-03 7.50047266471351E-03 7.5152021472426E-03 7.52998516608189E-03
