NongDo/Fusa 12.3h.grd
DSAA
463	323
2	464
2	324
0	10
[rows 56 to 83 of 323, columns 256 to 319 of 463]
0 0 0 0 0 0 0 0 0 0 0 0 0 0 0 0 0 0 0 0 0 0 0 0 0 0 0 0 0 0 0 0 0 0 0 0 0 0 0 0 0 0 0 0 0 0 0 0 0 0 0 0 0 0 0 0 0 0 0 0 0 0 0 0
0 0 0 0 0 0 0 0 0 0 0 0 0 0 0 0 0 0 0 0 0 0 0 0 0 0 0 0 0 0 0 0 0 0 0 0 0 0 0 0 0 0 0 0 0 0 0 0 0 0 0 0 0 0 0 0 0 0 0 0 0 0 0 0
0 0 0 0 0 0 0 0 0 0 0 0 0 0 0 0 0 0 0 0 0 0 0 0 0 0 0 0 0 0 0 0 0 0 0 0 0 0 0 0 0 0 0 0 0 0 0 0 0 0 0 0 0 0 0 0 0 0 0 0 0 0 0 0
0 0 0 0 0 0 0 0 0 0 0 0 0 0 0 0 0 0 0 0 0 0 0 0 0 0 0 0 0 0 0 0 0 0 0 0 0 0 0 0 0 0 0 0 0 0 0 0 0 0 0 0 0 0 0 0 0 0 0 0 0 0 0 0
0 0 0 0 0 0 0 0 0 0 0 0 0 0 0 0 0 0 0 0 0 0 0 0 0 0 0 0 0 0 0 0 0 0 0 0 0 0 0 0 0 0 0 0 0 0 0 0 0 0 0 0 0 0 0 0 0 0 0 0 0 0 0 0
0 0 0 0 0 0 0 0 0 0 0 0 0 0 0 0 0 0 0 0 0 0 0 0 0 0 0 0 0 0 0 0 0 0 0 0 0 0 0 0 0 0 0 0 0 0 0 0 0 0 0 0 0 0 0 0 0 0 0 0 0 0 0 0
0 0 0 0 0 0 0 0 0 0 0 0 0 0 0 0 0 0 0 0 0 0 0 0 0 0 0 0 0 0 0 0 0 0 0 0 0 0 0 0 0 0 0 0 0 0 0 0 0 0 0 0 0 0 0 0 0 0 0 0 0 0 0 0
0 0 0 0 0 0 0 0 0 0 0 0 0 0 0 0 0 0 0 0 0 0 0 0 0 0 0 0 0 0 0 0 0 0 0 0 0 0 0 0 0 0 0 0 0 0 0 0 0 0 0 0 0 0 0 0 0 0 0 0 0 0 5.11472431338423E-03 5.10743173603774E-03
0 0 0 0 0 0 0 0 0 0 0 0 0 0 0 0 0 0 0 0 0 0 0 0 0 0 0 0 0 0 0 0 0 0 0 0 0 0 0 0 0 0 0 0 0 0 0 0 0 0 0 0 0 0 0 0 0 0 5.13345780782484E-03 5.13067587471251E-03 5.12910056506486E-03 5.12693240670262E-03 5.11472431338423E-03 5.10743173603774E-03
0 0 0 0 0 0 0 0 0 0 0 0 0 0 0 0 0 0 0 0 0 0 0 0 0 0 0 0 0 0 0 0 0 0 0 0 0 0 0 0 0 0 0 0 0 0 0 0 0 0 0 0 0 0 5.13798223322012E-03 5.13821261360573E-03 5.13976574213705E-03 5.14102474077411E-03 5.13345780782484E-03 5.13067587471251E-03 5.12910056506486E-03 5.12693240670262E-03 5.12246259912977E-03 5.11812485250951E-03
0 0 0 0 0 0 0 0 0 0 0 0 0 0 0 0 0 0 0 0 0 0 0 0 0 0 0 0 0 0 0 0 0 0 0 0 0 0 0 0 0 0 0 0 0 0 0 0 0 0 0 5.13576037557243E-03 5.13886068864196E-03 5.14244947790935E-03 5.13798223322012E-03 5.13821261360573E-03 5.13976574213705E-03 5.14102474077411E-03 5.14040529436517E-03 5.14012441204307E-03 5.13991966300314E-03 5.13920884061379E-03 5.13757717154356E-03 5.13540808003396E-03
0 0 0 0 0 0 0 0 0 0 0 0 0 0 0 0 0 0 0 0 0 0 0 0 0 0 0 0 0 0 0 0 0 0 0 0 0 0 0 0 0 0 0 0 0 5.09370556338767E-03 5.10113113380103E-03 5.11012800652122E-03 5.11948237835942E-03 5.12855396018561E-03 5.13656243354967E-03 5.13576037557243E-03 5.13886068864196E-03 5.14244947790935E-03 5.14454049028685E-03 5.14711307215201E-03 5.14992636873569E-03 5.15247978203874E-03 5.15437325947234E-03 5.15590734370698E-03 5.15704135555935E-03 5.15765914676067E-03 5.15766066573098E-03 5.15707305426127E-03
0 0 0 0 0 0 0 0 0 0 0 0 0 0 0 0 0 0 0 0 0 0 0 0 0 0 0 0 0 0 0 0 0 0 0 0 0 0 0 0 0 0 0 5.08085429665726E-03 5.09056174680388E-03 5.09370556338767E-03 5.10113113380103E-03 5.11012800652122E-03 5.11948237835942E-03 5.12855396018561E-03 5.13656243354967E-03 5.14233985450334E-03 5.14791264895531E-03 5.15314034993076E-03 5.15770085660111E-03 5.16198650205694E-03 5.16603606876115E-03 5.16974644924718E-03 5.17298782717197E-03 5.17577379099279E-03 5.17806889160044E-03 5.17984705207224E-03 5.18108260854562E-03 5.1817880708621E-03
4.1764584232758E-03 4.19943443763971E-03 4.22388485629266E-03 4.24886524278291E-03 4.27392298442201E-03 4.29901722042674E-03 4.32379446082999E-03 4.34819817399482E-03 4.37224843514404E-03 4.39620481477074E-03 4.42007196110344E-03 4.44394854360147E-03 4.46745290034296E-03 4.4904479847624E-03 4.51286858673679E-03 4.53499555950512E-03 4.55683743127628E-03 4.57860173946588E-03 4.60006454822019E-03 4.62127991021009E-03 4.64226754122447E-03 4.66331069610443E-03 4.6843871617477E-03 4.70562818555031E-03 4.72667406169911E-03 4.74740243821268E-03 4.76766221922758E-03 4.78765659280653E-03 4.80728856801717E-03 4.82674672900482E-03 4.84586528361369E-03 4.86489333463413E-03 4.88415861685503E-03 4.90461295890907E-03 4.92757047177788E-03 0 0 0 0 5.02787785209771E-03 5.04227504387964E-03 5.05866299003694E-03 5.07445887864286E-03 5.08085429665726E-03 5.09056174680388E-03 5.0996370971614E-03 5.1093013330209E-03 5.11931274943714E-03 5.12930050455758E-03 0.005138962414187 5.14789629467031E-03 5.15584853118626E-03 5.16310261497507E-03 5.16973960314011E-03 5.1757496971169E-03 5.18127642068943E-03 5.18637916474651E-03 5.19107284199637E-03 5.19531924566295E-03 5.19911046431283E-03 5.20241938993502E-03 5.20523751586111E-03 5.20756095485883E-03 5.20941546415574E-03
4.1764584232758E-03 4.19943443763971E-03 4.22388485629266E-03 4.24886524278291E-03 4.27392298442201E-03 4.29901722042674E-03 4.32379446082999E-03 4.34819817399482E-03 4.37224843514404E-03 4.39620481477074E-03 4.42007196110344E-03 4.44394854360147E-03 4.46745290034296E-03 4.4904479847624E-03 4.51286858673679E-03 4.53499555950512E-03 4.55683743127628E-03 4.57860173946588E-03 4.60006454822019E-03 4.62127991021009E-03 4.64226754122447E-03 4.66331069610443E-03 4.6843871617477E-03 4.70562818555031E-03 4.72667406169911E-03 4.74740243821268E-03 4.76766221922758E-03 4.78765659280653E-03 4.80728856801717E-03 4.82674672900482E-03 4.84586528361369E-03 4.86489333463413E-03 4.88415861685503E-03 4.90461295890907E-03 4.92757047177788E-03 4.95922978278051E-03 4.98007914948676E-03 4.99975674735303E-03 5.01826808606419E-03 5.02787785209771E-03 5.04227504387964E-03 5.05866299003694E-03 5.07445887864286E-03 5.0876602248792E-03 5.10017936776901E-03 5.11199837499045E-03 5.12341310997908E-03 5.13452273208876E-03 5.14530220969532E-03 5.15567448756573E-03 5.16544219934162E-03 5.17452352888919E-03 5.18289357421028E-03 5.19059675302216E-03 5.19765602680551E-03 5.20416218610289E-03 5.21017593994438E-03 5.21574723946982E-03 5.22087336194796E-03 5.22555711700596E-03 5.22978223791478E-03 5.23355291411915E-03 5.23687832158949E-03 5.2397912897663E-03
4.18332832465227E-03 4.20902085037478E-03 4.23459861805433E-03 4.2601512430568E-03 4.28558273354112E-03 4.31093595946791E-03 4.33592921346495E-03 4.36050618766652E-03 4.38473127578665E-03 4.40882263889354E-03 4.43279663926817E-03 4.45676914408094E-03 4.48034078299074E-03 4.50332202934916E-03 4.52574669036538E-03 4.54787466009422E-03 4.56974481877889E-03 4.59151292303787E-03 4.61300146565749E-03 4.63424243145917E-03 4.65529493843504E-03 4.67638565910983E-03 4.69751057299353E-03 4.71879725714175E-03 4.73988218777287E-03 4.76058997618168E-03 4.78083909441764E-03 4.80079364596095E-03 4.82038236265129E-03 4.83972541167528E-03 4.85868332275807E-03 4.87742542380233E-03 4.89621572655925E-03 4.91568372706417E-03 4.93643046689039E-03 4.95922978278051E-03 4.98007914948676E-03 4.99975674735303E-03 5.01826808606419E-03 5.03490776395864E-03 5.05197833921694E-03 5.06949249120038E-03 5.08628873568941E-03 5.1017278909256E-03 5.11607878159333E-03 5.12955861553126E-03 5.14228450431955E-03 5.15440448581908E-03 5.16600356837758E-03 5.17709867495809E-03 5.18760342082653E-03 5.19749072474865E-03 5.20669219952043E-03 5.21522913624452E-03 5.22312104076531E-03 5.23044443761498E-03 5.23726115569738E-03 5.24362895950985E-03 5.24955863414216E-03 5.25505966993741E-03 5.26012481931912E-03 5.26477262679618E-03 5.26902201216202E-03 5.27290495456914E-03
4.19767563114299E-03 4.22499164143094E-03 4.25164272614163E-03 4.27792578322968E-03 4.30390943619683E-03 4.32967509662137E-03 4.35503301408209E-03 4.37994552276524E-03 4.40451304139044E-03 4.42889766416689E-03 4.45310656289829E-03 4.47722213575925E-03 4.50085209428553E-03 4.52383645710474E-03 4.54631587491692E-03 4.56850447988476E-03 4.59045590211002E-03 4.61227353018526E-03 4.63384744721997E-03 4.65519454100109E-03 4.67640655327211E-03 4.69764289577311E-03 4.71890317155133E-03 4.74026497545212E-03 4.76137057272372E-03 4.78204708385081E-03 4.80229140125051E-03 4.82221123217115E-03 4.84175176293995E-03 4.86096798678995E-03 4.87976833295208E-03 4.89825392884308E-03 4.91664648933605E-03 4.93534042618631E-03 4.95463440244786E-03 4.97474142418669E-03 4.99453457054946E-03 5.01384574298217E-03 5.03263713768641E-03 5.05099418335289E-03 5.06926379790055E-03 5.08747848914934E-03 5.10501293194321E-03 5.12154774468407E-03 5.13707097366853E-03 5.15170919157083E-03 5.16548066070631E-03 5.17849480568984E-03 5.19084696698353E-03 5.20260897205771E-03 5.21375584796101E-03 5.22429578951418E-03 5.23416558835084E-03 5.24338279089875E-03 5.25196998777855E-03 5.25999558601335E-03 5.26752312938511E-03 5.27461075271504E-03 5.28127240786619E-03 5.28752266067758E-03 5.29336606132908E-03 5.29882388742201E-03 5.30392003869568E-03 5.30868638395266E-03
4.21700060156199E-03 4.24543325726339E-03 4.27305888962129E-03 4.30014499721294E-03 4.32680309717846E-03 4.35310315057382E-03 4.37893683016861E-03 4.40432320028032E-03 4.42935566788338E-03 4.45414440106744E-03 4.47868932499759E-03 4.50296622393321E-03 4.52667639113166E-03 4.54978115777626E-03 4.57243627462313E-03 4.59480067951654E-03 4.61693072950169E-03 0.004638889739012 4.66061809216723E-03 4.68216212034189E-03 4.70360954004931E-03 4.72506408683016E-03 4.74652292737359E-03 4.76795812201818E-03 4.78907121415803E-03 4.80976938850958E-03 4.83006599146911E-03 4.85000750707484E-03 4.86954512710634E-03 4.88869061525491E-03 4.90738374237151E-03 4.92572101226365E-03 4.94387947244633E-03 4.96212217620388E-03 4.98064871143309E-03 4.99957917981949E-03 5.0185204520209E-03 5.03736396331944E-03 5.05608373219757E-03 5.07475873238657E-03 5.09337062895718E-03 5.11184503033029E-03 5.12975901373124E-03 5.14690602155597E-03 5.16319336279596E-03 5.17863418821615E-03 5.19318410819557E-03 5.20691077326103E-03 5.21989855657447E-03 5.23222964450628E-03 5.2439207620039E-03 5.25498787732665E-03 5.26539017572412E-03 5.2751563988879E-03 5.28431341758444E-03 5.29293444379164E-03 5.3010830969998E-03 5.30880855435479E-03 5.31612329267663E-03 5.3230494878434E-03 5.32959732240838E-03 5.33579173654147E-03 5.34165694151416E-03 5.3472208320808E-03
4.23999959686667E-03 4.26945930907063E-03 4.29805947294983E-03 4.32600985258304E-03 4.35342529897034E-03 4.38037585853773E-03 4.40683220757232E-03 4.43282565073374E-03 4.45840628484622E-03 4.48364619013108E-03 4.50853436694813E-03 4.53302693592581E-03 4.55698493793443E-03 4.58040215498291E-03 4.60337575389424E-03 4.62603272669903E-03 4.64843803752923E-03 4.6706474045495E-03 4.6926551484158E-03 4.71450279007769E-03 4.73624074416879E-03 4.75793272941614E-03 4.77956436232826E-03 4.80108098787954E-03 4.82230198613307E-03 4.84313931204921E-03 4.86356184328625E-03 4.88358163073467E-03 4.9031649488023E-03 4.92231050761692E-03 4.94099796303662E-03 4.95929886579865E-03 4.97733612370748E-03 4.99530148057731E-03 5.0133520287966E-03 5.0316063467531E-03 5.04996031806937E-03 5.06838286760655E-03 5.08684934311175E-03 5.10539780210876E-03 5.12395378842921E-03 5.14241940557217E-03 5.16048734276832E-03 5.17795690456547E-03 5.19467827216373E-03 5.2106076940246E-03 5.22567886068519E-03 5.2399039661341E-03 5.2533475034031E-03 5.26608602721797E-03 5.27815892057177E-03 5.28959959583014E-03 5.30040559498486E-03 5.31060434438946E-03 5.32023271305419E-03 5.32935238010868E-03 5.33802297218643E-03 5.34629247917039E-03 5.3541816705358E-03 5.3617096131558E-03 5.36889099852579E-03 5.3757487296282E-03 5.38230574277917E-03 5.38858559690255E-03
4.26650177025216E-03 4.29699641109818E-03 4.32661705751839E-03 4.3555199731873E-03 4.38380705560883E-03 4.41155390635513E-03 4.43876361662196E-03 4.46546387655701E-03 4.49168154954824E-03 4.51746335612824E-03 4.54279836832774E-03 4.56766698166297E-03 4.59201712243148E-03 4.61586217231514E-03 4.63926803072727E-03 4.66233587071701E-03 4.68513160210371E-03 4.70771744899011E-03 4.73011127555707E-03 4.7523433095851E-03 4.77443727139526E-03 4.79642743852296E-03 4.81829379720286E-03 4.83998961737498E-03 4.86139768743551E-03 4.88243279089267E-03 4.90303298638393E-03 4.92318604454294E-03 4.94286423214698E-03 4.96207091433369E-03 4.98080466056782E-03 4.99911890488372E-03 5.01710087686546E-03 5.03489906107207E-03 5.0526515758054E-03 5.07048892497123E-03 5.08842835739014E-03 5.10648967703816E-03 5.12465897365919E-03 0.005142955070565 5.16130555604576E-03 5.17961776668161E-03 5.19763905723537E-03 5.21517084309756E-03 5.23203845328824E-03 5.24816827416199E-03 5.26347322344388E-03 5.27794315373381E-03 5.29162219994732E-03 5.30457521711101E-03 5.31685353502906E-03 5.3285072855696E-03 5.33955872605235E-03 5.35004454672678E-03 5.36000500640842E-03 0.005369494672383 5.37856734314478E-03 5.38727011880958E-03 5.39562704256101E-03 5.40365750745356E-03 5.41137754249899E-03 5.41880634043245E-03 5.42596286972742E-03 5.4328641279681E-03
4.29643454270933E-03 4.32804832099951E-03 4.35877968776111E-03 4.38874717313193E-03 4.4180350348534E-03 4.44671554439958E-03 4.47479849658948E-03 4.50230962313619E-03 4.52927143148858E-03 4.55571796302796E-03 4.58164445706867E-03 4.60705229619464E-03 4.6319324923167E-03 4.65631534033879E-03 4.68026176125597E-03 4.70385680998935E-03 4.72716329999983E-03 4.75024473104932E-03 4.77312318214628E-03 4.79582077261342E-03 4.81834871890364E-03 4.84072168791097E-03 4.86291561569134E-03 4.88489244779172E-03 4.90656299535617E-03 4.92784154151018E-03 4.94865538920763E-03 4.96897855647957E-03 4.98878654967532E-03 5.00808626468785E-03 5.02688377580896E-03 5.04522335878388E-03 5.06317684054062E-03 5.08086941368226E-03 5.09842876122083E-03 5.11599271239601E-03 5.13362752027258E-03 5.15138133797467E-03 5.16925517746581E-03 5.18726426898599E-03 5.20534065238562E-03 5.22339982466804E-03 5.24121289365946E-03 5.2585918237355E-03 5.27536574971865E-03 5.29144996245545E-03 5.30674809589669E-03 5.32122720714224E-03 5.33491780135646E-03 5.34788368536975E-03 5.36018905072615E-03 5.3718934821478E-03 5.38303635614891E-03 5.39365854635235E-03 5.40380306630699E-03 5.41352285382227E-03 5.42287062199863E-03 5.43188756222941E-03 5.44059874449125E-03 5.44902027862418E-03 5.45716865614819E-03 5.46506153353038E-03 5.47271280811296E-03 5.48013007793267E-03
4.32990716095283E-03 4.36276837347896E-03 4.39473293571672E-03 4.42589186717127E-03 4.4563153628368E-03 4.4860606633899E-03 4.51514090798906E-03 4.54358520632296E-03 4.57141738385272E-03 4.59866398923168E-03 4.62532775875553E-03 4.65142313831881E-03 4.67696594950674E-03 4.70200376825977E-03 4.72660158216846E-03 4.75083451833347E-03 4.77476227941485E-03 4.79844403708733E-03 4.82189992977776E-03 4.84514817127482E-03 4.8681935808155E-03 4.89103699492289E-03 4.91364799686036E-03 4.93599369285348E-03 4.9579900259383E-03 4.97954727039933E-03 5.00059184496972E-03 5.02109547617655E-03 5.04103628226087E-03 5.06042533897189E-03 5.07927303026418E-03 5.09762194473686E-03 5.11554305187947E-03 5.13315344232624E-03 5.15057488036231E-03 5.16794473961498E-03 5.18534429644974E-03 5.20282939358836E-03 5.2204134195559E-03 5.23811297875766E-03 5.25586766414748E-03 5.27357965254136E-03 5.2910364894424E-03 5.30807679550073E-03 5.32455032343173E-03 5.34036817427694E-03 5.35542766086763E-03 5.36969644609805E-03 5.38319858567647E-03 5.39599981967532E-03 5.4081705329185E-03 5.41977491798822E-03 5.43086223466048E-03 5.44147750325259E-03 5.45166706255228E-03 5.46148614177097E-03 5.4709839711753E-03 5.48019422172211E-03 5.48913946546786E-03 5.49783530081403E-03 5.50629978264847E-03 5.51454561207882E-03 5.52257983109938E-03 5.53039917888907E-03
4.36704375320443E-03 4.40130681676355E-03 4.43464465592511E-03 4.46712712170663E-03 4.49881291805398E-03 4.52974802142568E-03 4.55995507152562E-03 4.58946217630554E-03 4.61829291872188E-03 4.64647101219031E-03 4.67400935809746E-03 4.70092976138242E-03 4.72726723866472E-03 4.75308057134025E-03 4.77843787737458E-03 4.80340957679897E-03 4.82805367956512E-03 4.85242450125192E-03 4.87654047286904E-03 4.90041549287781E-03 4.92404987824699E-03 4.94743590257861E-03 4.97053544428546E-03 4.99331105834943E-03 5.01566619959119E-03 5.03750836843879E-03 5.05877157566646E-03 5.07943364652887E-03 5.09947620091484E-03 5.11891538815945E-03 5.13776574838515E-03 5.15607781949317E-03 5.17393387919897E-03 5.19145149845467E-03 5.20874511994685E-03 5.22594673864725E-03 5.2431294246196E-03 5.26034671627408E-03 5.27761766688656E-03 5.29495696923881E-03 5.31229883767763E-03 5.32954611431275E-03 5.34651834691118E-03 5.36306933411853E-03 5.37907370734263E-03 5.39444973670013E-03 5.40911035086506E-03 5.42301393679246E-03 5.43618773321545E-03 5.44869571549819E-03 5.46060916648791E-03 5.47199310399923E-03 5.48290808515653E-03 5.49340180318095E-03 5.50353076436093E-03 5.5133460746132E-03 5.52288885912355E-03 5.53218350161192E-03 5.54125489439739E-03 5.55011466499896E-03 5.55878107264301E-03 5.5672645049603E-03 5.57556377663345E-03 5.58366651240992E-03
4.4081481447643E-03 4.44397316683726E-03 4.47883348621372E-03 4.51278093846653E-03 4.54586429085976E-03 4.57812234620093E-03 4.60958361108447E-03 4.6402773191895E-03 4.67022875126901E-03 4.69946138230731E-03 4.72799653635571E-03 4.75586249756226E-03 4.78310849074123E-03 4.80980348028733E-03 4.83601706164491E-03 4.86181546357036E-03 4.88725466301952E-03 4.9123808108085E-03 4.93721000874319E-03 4.96175700655636E-03 4.9860193704823E-03 5.00998118332951E-03 5.03359712138648E-03 5.05681251662395E-03 5.07951159846676E-03 5.10160560515565E-03 5.12303995944721E-03 5.14380000249732E-03 5.16387767028097E-03 5.18329357201238E-03 5.2020700420863E-03 5.22027811556032E-03 5.23801507120038E-03 5.25539976143425E-03 5.27254310348018E-03 5.28956043500705E-03 5.30650561511255E-03 5.32342791469448E-03 5.3403455516453E-03 5.3572619248508E-03 5.37410727592708E-03 5.39078720573312E-03 5.40715006904972E-03 5.42308069844954E-03 5.43848026416364E-03 5.45327653184057E-03 5.46739325850404E-03 5.48080177961029E-03 5.49353619614142E-03 5.50565273884868E-03 5.51721819237481E-03 5.52829873744023E-03 5.53895809442188E-03 5.54925098945816E-03 5.55924268531711E-03 5.56897099453425E-03 5.57846546243774E-03 5.58774682531427E-03 5.59684082513354E-03 5.60575771412219E-03 5.61451878347847E-03 5.62312447109652E-03 5.63156660180841E-03 5.63982943555071E-03
4.45356791729593E-03 4.49112387475159E-03 4.52766098902598E-03 4.56321571791635E-03 4.59782967709152E-03 4.63153684303533E-03 4.66437124987911E-03 4.69636416852644E-03 4.72754517015945E-03 4.75793853076641E-03 4.7875755832859E-03 4.81648939458387E-03 4.84474284521261E-03 4.87241113304965E-03 4.89956049657403E-03 4.92624971241908E-03 4.95252930139311E-03 4.97844143944535E-03 5.00400444806487E-03 5.0292305283092E-03 5.05411152857647E-03 5.07862475602299E-03 5.10271354362994E-03 5.12631405162566E-03 5.14929741860617E-03 5.17156784832566E-03 5.19307675618623E-03 5.21382838665039E-03 5.23383192957298E-03 5.25312126558399E-03 5.27173993813254E-03 5.28976914994532E-03 5.30731195092106E-03 5.32449187980099E-03 5.34141410153783E-03 5.3581866102208E-03 5.37484708072125E-03 5.39142210022232E-03 5.40791438013087E-03 5.42432345938404E-03 5.44058520495277E-03 5.45660638622897E-03 5.47227409338668E-03 5.48749533922162E-03 5.50219883642137E-03 5.51632453418957E-03 5.5298205518726E-03 5.54265742214125E-03 5.55487341767327E-03 5.56653035493261E-03 5.57769923962412E-03 5.58843789607087E-03 5.59880774189902E-03 5.60885860227529E-03 5.61864919792911E-03 5.62821588655359E-03 5.63758699564841E-03 5.64677445868949E-03 5.65579986004131E-03 5.66466989556506E-03 5.6734024538574E-03 5.68200119667021E-03 5.69046010419026E-03 5.69875920259059E-03
4.50377142850013E-03 4.54321773473701E-03 4.58157656145027E-03 4.61887205713899E-03 4.65514110525262E-03 4.69041503659782E-03 4.72473240693867E-03 4.75812824515405E-03 4.79063503438808E-03 4.82228051717093E-03 4.8531051652447E-03 4.88315037003821E-03 4.91249085145491E-03 4.94120230158766E-03 4.96934169225875E-03 4.99695785993323E-03 5.02409560412599E-03 5.05079294240965E-03 5.07706799413167E-03 5.10293036518919E-03 5.12836813100764E-03 5.15335532921363E-03 5.1778264504074E-03 5.20170394363036E-03 5.22484107230136E-03 5.24714655622155E-03 5.26859208147131E-03 5.28920560039679E-03 5.3090104899871E-03 5.3280584189728E-03 5.34641095348438E-03 5.36415955253055E-03 5.38141308512908E-03 5.39829930548706E-03 5.41491694898752E-03 5.43136150263682E-03 5.44764623809613E-03 5.46377960485704E-03 5.4797536570363E-03 5.4955668682262E-03 5.51115384458266E-03 5.52643412187481E-03 5.54132981623563E-03 5.55577330077072E-03 5.5697163673926E-03 5.58311059354802E-03 5.59592355697207E-03 5.60813221725838E-03 5.61978719024474E-03 5.63095234861584E-03 5.64169825176534E-03 5.65206978829456E-03 5.6621233862797E-03 5.67189902677689E-03 5.68144519971122E-03 5.69079347593797E-03 5.6999715285631E-03 5.7089838869491E-03 0.005717848396802 5.72656796096744E-03 5.73516055378101E-03 5.74363152135775E-03 5.75197977679266E-03 5.76018305538726E-03
4.55929615466257E-03 4.60077893142497E-03 4.64108792227786E-03 4.68023936453268E-03 4.71826910049658E-03 4.75520940812611E-03 4.79110438386736E-03 4.82599116320845E-03 4.85990395899763E-03 4.89287456020616E-03 4.92495425781623E-03 4.95619363752144E-03 4.98667470429236E-03 5.01646786281729E-03 5.04561517743145E-03 5.07415569185554E-03 5.10212784355676E-03 5.12956490989076E-03 5.15648087488297E-03 5.1828810258612E-03 5.20875205352031E-03 5.2340715450623E-03 5.25876585459468E-03 5.28273851054183E-03 0.005305828556175 5.32797689146068E-03 5.34919489437836E-03 5.36953025862352E-03 5.38901328983025E-03 5.40770350468808E-03 5.42567190215762E-03 5.44302326891438E-03 5.45987640248327E-03 5.4763603518636E-03 5.49256049798027E-03 5.50855718717761E-03 5.52433558539301E-03 5.53990180297224E-03 5.55525398605252E-03 5.57038772307018E-03 5.58523692718166E-03 5.59972504491205E-03 5.61380911347957E-03 5.62744385297958E-03 5.64060312191662E-03 5.65324137409016E-03 5.66534698796713E-03 5.67690454056525E-03 5.68798617508989E-03 5.69865163629761E-03 5.70895855578131E-03 5.71893653389874E-03 5.72863987163506E-03 5.7380995463195E-03 5.74735593219629E-03 5.75642980504635E-03 5.76534255329744E-03 5.77409207377793E-03 5.78269735115722E-03 5.79115886005284E-03 5.79949835371413E-03 5.80772020280989E-03 5.81582319285445E-03 5.82378542852621E-03
4.62070252120034E-03 4.66434102312142E-03 4.70670055319107E-03 4.74779842490131E-03 4.78767064109828E-03 0.004826355729413 4.86390116778321E-03 4.90034375638366E-03 4.93571904088941E-03 4.97006695689216E-03 5.00344339408372E-03 5.03591628458066E-03 5.06756768873939E-03 5.09844705924932E-03 5.12858100663992E-03 5.15800520476727E-03 5.18675061910757E-03 5.2148424218269E-03 5.2422860258834E-03 5.26907740187088E-03 5.29520363395995E-03 5.3206503144579E-03 5.34535250461308E-03 5.3691742184406E-03 5.39197354238467E-03 5.41376250838822E-03 5.43458886023451E-03 5.45449931267056E-03 5.47352511789746E-03 5.49173078014826E-03 5.50919265045538E-03 5.52602749392457E-03 5.54235876607145E-03 5.55830688985829E-03 5.57395298886165E-03 5.58934523613788E-03 5.60445595681297E-03 5.61931696343568E-03 5.63393861518723E-03 5.64830227611898E-03 5.66233476716837E-03 5.67598463777947E-03 5.68923548971489E-03 5.70205696641467E-03 5.71443158806994E-03 5.72631738972755E-03 5.73771394866983E-03 5.7486286709221E-03 5.75915322541222E-03 5.76932085589987E-03 5.77916966209107E-03 5.78872225602947E-03 5.79803324593735E-03 5.8071234367792E-03 5.81602832305276E-03 5.82475465419321E-03 5.83331509245811E-03 5.84170585932767E-03 5.84994683346606E-03 5.85803969459083E-03 5.86601116786958E-03 5.87385617720135E-03 5.88157088669306E-03 5.88913775721624E-03
